,F_S_A_241023_1R_V_D,F_S_A_241023_1R_J_D,F_S_A_241023_1R_V_L,F_S_A_241023_1R_J_L
0,1.25,0.030912266666666667,1.25,0.02912306666666667
1,1.225,0.025569406666666666,1.225,0.023382046666666666
2,1.2000000000000002,0.020646653333333334,1.2000000000000002,0.017931393333333337
3,1.1750000000000003,0.01618002,1.1750000000000003,0.01278048
4,1.1500000000000004,0.0122222,1.1500000000000004,0.00794378
5,1.1250000000000004,0.008863246666666668,1.1250000000000004,0.003688902
6,1.1000000000000005,0.006334908666666667,1.1000000000000005,-0.00022820053333333335
7,1.0750000000000006,0.004193270000000001,1.0750000000000006,-0.0036155953333333333
8,1.0500000000000007,0.002742934666666667,1.0500000000000007,-0.006771139999999999
9,1.0250000000000008,0.0017852866666666668,1.0250000000000008,-0.008938626666666666
10,1.0000000000000009,0.0011657226666666669,1.0000000000000009,-0.010999526666666667
11,0.975000000000001,0.0007663206666666668,0.975000000000001,-0.012470553333333334
12,0.9500000000000011,0.0005042718,0.9500000000000011,-0.013534000000000001
13,0.9250000000000012,0.0003235908,0.9250000000000012,-0.014287180000000002
14,0.9000000000000012,0.00020818593333333334,0.9000000000000012,-0.014825133333333334
15,0.8750000000000013,0.00013221973333333334,0.8750000000000013,-0.015222726666666669
16,0.8500000000000014,8.258020000000001e-05,0.8500000000000014,-0.015519106666666668
17,0.8250000000000015,4.618560666666666e-05,0.8250000000000015,-0.015760866666666668
18,0.8000000000000016,2.8236880000000003e-05,0.8000000000000016,-0.015946786666666667
19,0.7750000000000017,1.5984113333333334e-05,0.7750000000000017,-0.016119873333333333
20,0.7500000000000018,6.731133333333334e-06,0.7500000000000018,-0.01626536666666667
21,0.7250000000000019,-2.3765926666666667e-06,0.7250000000000019,-0.016382446666666665
22,0.700000000000002,-1.2821146666666669e-05,0.700000000000002,-0.016498026666666665
23,0.675000000000002,-2.395474e-05,0.675000000000002,-0.016598606666666668
24,0.6500000000000021,-3.1065726666666674e-05,0.6500000000000021,-0.01669108
25,0.6250000000000022,-3.248154000000001e-05,0.6250000000000022,-0.016759086666666666
26,0.6000000000000023,-3.34816e-05,0.6000000000000023,-0.016836486666666668
27,0.5750000000000024,-3.42844e-05,0.5750000000000024,-0.016900813333333334
28,0.5500000000000025,-3.492798e-05,0.5500000000000025,-0.01695522
29,0.5250000000000026,-3.546898666666667e-05,0.5250000000000026,-0.0170129
30,0.5000000000000027,-3.592338666666667e-05,0.5000000000000027,-0.01706510666666667
31,0.47500000000000275,-3.631547333333334e-05,0.47500000000000275,-0.017111606666666668
32,0.45000000000000284,-3.6661139999999996e-05,0.45000000000000284,-0.017157726666666668
33,0.42500000000000293,-3.697048e-05,0.42500000000000293,-0.01720286
34,0.400000000000003,-3.725292666666667e-05,0.400000000000003,-0.017244173333333335
35,0.3750000000000031,-3.750054666666666e-05,0.3750000000000031,-0.017284126666666667
36,0.3500000000000032,-3.7754073333333334e-05,0.3500000000000032,-0.017317573333333332
37,0.3250000000000033,-3.7982666666666665e-05,0.3250000000000033,-0.017366633333333336
38,0.3000000000000034,-3.819867333333333e-05,0.3000000000000034,-0.01740032
39,0.27500000000000346,-3.840538e-05,0.27500000000000346,-0.01743554
40,0.25000000000000355,-3.860432e-05,0.25000000000000355,-0.01746892
41,0.22500000000000364,-3.8759840000000004e-05,0.22500000000000364,-0.017496866666666666
42,0.20000000000000373,-3.8974220000000005e-05,0.20000000000000373,-0.017536653333333336
43,0.17500000000000382,-3.9150120000000005e-05,0.17500000000000382,-0.017568553333333334
44,0.1500000000000039,-3.931791333333333e-05,0.1500000000000039,-0.017594953333333333
45,0.125000000000004,-3.9479446666666666e-05,0.125000000000004,-0.017631153333333337
46,0.10000000000000409,-3.963546666666667e-05,0.10000000000000409,-0.017661366666666668
47,0.07500000000000417,-3.978518666666667e-05,0.07500000000000417,-0.01769046
48,0.05000000000000426,-3.993078e-05,0.05000000000000426,-0.017719153333333335
49,0.025000000000004352,-4.007173333333333e-05,0.025000000000004352,-0.017747353333333334
50,4.440892098500626e-15,-4.020463333333334e-05,4.440892098500626e-15,-0.01777852
51,-0.02499999999999547,-4.0340800000000005e-05,-0.02499999999999547,-0.017801766666666666
52,-0.04999999999999538,-4.0469900000000004e-05,-0.04999999999999538,-0.01782624
53,-0.07499999999999529,-4.059557333333333e-05,-0.07499999999999529,-0.01785440666666667
54,-0.0999999999999952,-4.0716253333333336e-05,-0.0999999999999952,-0.017883353333333334
55,-0.12499999999999512,-4.083408e-05,-0.12499999999999512,-0.017904013333333333
56,-0.14999999999999503,-4.0947580000000006e-05,-0.14999999999999503,-0.017928713333333336
57,-0.17499999999999494,-4.106113333333333e-05,-0.17499999999999494,-0.017953013333333337
58,-0.19999999999999485,-4.115636e-05,-0.19999999999999485,-0.017973433333333334
59,-0.22499999999999476,-4.127684666666666e-05,-0.22499999999999476,-0.017999873333333336
