,4pac_control_A_6R_V_D,4pac_control_A_6R_J_D,4pac_control_A_6R_V_L,4pac_control_A_6R_J_L
0,1.25,0.1989784,1.25,0.2255496
1,1.225,0.207511,1.225,0.2042524666666667
2,1.2000000000000002,0.18936746666666668,1.2000000000000002,0.1843272
3,1.1750000000000003,0.17124686666666666,1.1750000000000003,0.16610146666666667
4,1.1500000000000004,0.15423240000000002,1.1500000000000004,0.14929673333333335
5,1.1250000000000004,0.13857386666666666,1.1250000000000004,0.13352406666666666
6,1.1000000000000005,0.12394380000000002,1.1000000000000005,0.1186672
7,1.0750000000000006,0.1103788,1.0750000000000006,0.1047564
8,1.0500000000000007,0.0977602,1.0500000000000007,0.09169253333333334
9,1.0250000000000008,0.08623133333333334,1.0250000000000008,0.07949873333333334
10,1.0000000000000009,0.075403,1.0000000000000009,0.06817646666666667
11,0.975000000000001,0.06593332666666667,0.975000000000001,0.058000800000000005
12,0.9500000000000011,0.05652845333333333,0.9500000000000011,0.04774018000000001
13,0.9250000000000012,0.04851959333333333,0.9250000000000012,0.038777773333333335
14,0.9000000000000012,0.04143764666666667,0.9000000000000012,0.03079188
15,0.8750000000000013,0.03532902,0.8750000000000013,0.023794186666666668
16,0.8500000000000014,0.030117000000000005,0.8500000000000014,0.017607
17,0.8250000000000015,0.025859393333333335,0.8250000000000015,0.012308133333333334
18,0.8000000000000016,0.022299740000000002,0.8000000000000016,0.007702393333333333
19,0.7750000000000017,0.019443873333333334,0.7750000000000017,0.0048283273333333335
20,0.7500000000000018,0.017160093333333334,0.7500000000000018,0.0011979673333333332
21,0.7250000000000019,0.015326553333333335,0.7250000000000019,-0.0014832893333333334
22,0.700000000000002,0.013798686666666666,0.700000000000002,-0.0035684086666666667
23,0.675000000000002,0.012646053333333334,0.675000000000002,-0.005262276666666667
24,0.6500000000000021,0.01169294,0.6500000000000021,-0.006637504666666667
25,0.6250000000000022,0.010956913333333334,0.6250000000000022,-0.00735908
26,0.6000000000000023,0.01034166,0.6000000000000023,-0.008515273333333333
27,0.5750000000000024,0.009801386666666667,0.5750000000000024,-0.009265953333333334
28,0.5500000000000025,0.00932254,0.5500000000000025,-0.00993822
29,0.5250000000000026,0.008861166666666666,0.5250000000000026,-0.010551600000000001
30,0.5000000000000027,0.008438166666666668,0.5000000000000027,-0.011072626666666667
31,0.47500000000000275,0.00796082,0.47500000000000275,-0.011531546666666668
32,0.45000000000000284,0.007553866666666667,0.45000000000000284,-0.01200914
33,0.42500000000000293,0.007104833333333334,0.42500000000000293,-0.012422793333333335
34,0.400000000000003,0.006670566666666667,0.400000000000003,-0.01281206
35,0.3750000000000031,0.006310172666666667,0.3750000000000031,-0.013209966666666666
36,0.3500000000000032,0.005863242666666667,0.3500000000000032,-0.013641606666666667
37,0.3250000000000033,0.005433088666666667,0.3250000000000033,-0.014061466666666668
38,0.3000000000000034,0.005029447333333333,0.3000000000000034,-0.014500473333333335
39,0.27500000000000346,0.004575375333333334,0.27500000000000346,-0.01490326
40,0.25000000000000355,0.004111914666666667,0.25000000000000355,-0.015330300000000002
41,0.22500000000000364,0.0036745980000000003,0.22500000000000364,-0.015734846666666667
42,0.20000000000000373,0.0032446673333333333,0.20000000000000373,-0.0161614
43,0.17500000000000382,0.0027841053333333334,0.17500000000000382,-0.016587966666666665
44,0.1500000000000039,0.002334010666666667,0.1500000000000039,-0.017008966666666667
45,0.125000000000004,0.0018755226666666667,0.125000000000004,-0.01743208666666667
46,0.10000000000000409,0.001421898,0.10000000000000409,-0.017854906666666667
47,0.07500000000000417,0.0009608593333333334,0.07500000000000417,-0.018294473333333335
48,0.05000000000000426,0.0005013438666666667,0.05000000000000426,-0.01872208
49,0.025000000000004352,2.650622e-05,0.025000000000004352,-0.01915806
50,4.440892098500626e-15,-0.0010098913333333333,4.440892098500626e-15,-0.019604186666666665
51,-0.02499999999999547,-0.0021365493333333333,-0.02499999999999547,-0.020064426666666666
52,-0.04999999999999538,-0.0032725493333333336,-0.04999999999999538,-0.020534160000000003
53,-0.07499999999999529,-0.004456676,-0.07499999999999529,-0.021015473333333333
54,-0.0999999999999952,-0.005618342,-0.0999999999999952,-0.021522906666666668
55,-0.12499999999999512,-0.006790346666666667,-0.12499999999999512,-0.02205268
56,-0.14999999999999503,-0.008012186666666667,-0.14999999999999503,-0.022610453333333336
57,-0.17499999999999494,-0.009269066666666667,-0.17499999999999494,-0.023190886666666667
58,-0.19999999999999485,-0.010830953333333334,-0.19999999999999485,-0.023805666666666666
59,-0.22499999999999476,-0.011927426666666668,-0.22499999999999476,-0.024474366666666667
