,2E_Fapi2_PEACL_4R_V_D,2E_Fapi2_PEACL_4R_J_D,2E_Fapi2_PEACL_4R_V_L,2E_Fapi2_PEACL_4R_J_L
0,1.25,0.007576926666666667,1.25,0.008368673333333333
1,1.225,0.006767646666666668,1.225,0.00740394
2,1.2000000000000002,0.0060028013333333335,1.2000000000000002,0.0064531300000000005
3,1.1750000000000003,0.005153469333333334,1.1750000000000003,0.005551332666666667
4,1.1500000000000004,0.004328077333333334,1.1500000000000004,0.004684256
5,1.1250000000000004,0.00357002,1.1250000000000004,0.003864321333333333
6,1.1000000000000005,0.0028851653333333335,1.1000000000000005,0.0030677553333333337
7,1.0750000000000006,0.0022793213333333335,1.0750000000000006,0.0023216733333333334
8,1.0500000000000007,0.0017626886666666669,1.0500000000000007,0.0015995833333333333
9,1.0250000000000008,0.0013329793333333334,1.0250000000000008,0.0009105373333333335
10,1.0000000000000009,0.0009846286666666667,1.0000000000000009,0.0003111246666666667
11,0.975000000000001,0.000714296,0.975000000000001,-0.0003327923333333333
12,0.9500000000000011,0.0005067288000000001,0.9500000000000011,-0.0008379786666666668
13,0.9250000000000012,0.0003574814,0.9250000000000012,-0.0014350953333333333
14,0.9000000000000012,0.00024797393333333333,0.9000000000000012,-0.0019887093333333336
15,0.8750000000000013,0.00017022606666666667,0.8750000000000013,-0.002515938
16,0.8500000000000014,0.00011566799999999999,0.8500000000000014,-0.00301912
17,0.8250000000000015,7.796693333333334e-05,0.8250000000000015,-0.0034882240000000003
18,0.8000000000000016,5.382065333333334e-05,0.8000000000000016,-0.003940954
19,0.7750000000000017,3.5128233333333334e-05,0.7750000000000017,-0.004366202
20,0.7500000000000018,2.2188166666666665e-05,0.7500000000000018,-0.004766411333333333
21,0.7250000000000019,1.3051846666666668e-05,0.7250000000000019,-0.005149398
22,0.700000000000002,1.0004006666666667e-05,0.700000000000002,-0.005507374666666667
23,0.675000000000002,4.890726666666667e-06,0.675000000000002,-0.005863686
24,0.6500000000000021,1.2297713333333334e-08,0.6500000000000021,-0.006185262
25,0.6250000000000022,-3.3211060000000004e-06,0.6250000000000022,-0.0064975373333333334
26,0.6000000000000023,-5.762758666666667e-06,0.6000000000000023,-0.006778106666666667
27,0.5750000000000024,-5.825844666666667e-06,0.5750000000000024,-0.006998573333333334
28,0.5500000000000025,-7.93344e-06,0.5500000000000025,-0.007080166666666668
29,0.5250000000000026,-9.187373333333334e-06,0.5250000000000026,-0.00733666
30,0.5000000000000027,-1.0032486666666667e-05,0.5000000000000027,-0.007572573333333334
31,0.47500000000000275,-1.062152e-05,0.47500000000000275,-0.007799193333333333
32,0.45000000000000284,-1.1039180000000001e-05,0.45000000000000284,-0.008009460000000001
33,0.42500000000000293,-1.13485e-05,0.42500000000000293,-0.008198253333333334
34,0.400000000000003,-1.1582353333333334e-05,0.400000000000003,-0.008367013333333334
35,0.3750000000000031,-1.1770933333333333e-05,0.3750000000000031,-0.008529486666666667
36,0.3500000000000032,-1.192784e-05,0.3500000000000032,-0.008687846666666667
37,0.3250000000000033,-1.206552e-05,0.3250000000000033,-0.008838753333333333
38,0.3000000000000034,-1.2187013333333334e-05,0.3000000000000034,-0.00897602
39,0.27500000000000346,-1.2299826666666668e-05,0.27500000000000346,-0.00912054
40,0.25000000000000355,-1.2404206666666667e-05,0.25000000000000355,-0.009258413333333333
41,0.22500000000000364,-1.244198e-05,0.22500000000000364,-0.009379226666666667
42,0.20000000000000373,-1.25842e-05,0.20000000000000373,-0.009508586666666667
43,0.17500000000000382,-1.2681533333333334e-05,0.17500000000000382,-0.009643346666666667
44,0.1500000000000039,-1.2774513333333333e-05,0.1500000000000039,-0.0097679
45,0.125000000000004,-1.2864333333333333e-05,0.125000000000004,-0.009892033333333333
46,0.10000000000000409,-1.2952426666666667e-05,0.10000000000000409,-0.010014926666666667
47,0.07500000000000417,-1.3038406666666666e-05,0.07500000000000417,-0.010143973333333334
48,0.05000000000000426,-1.3125960000000002e-05,0.05000000000000426,-0.010261046666666667
49,0.025000000000004352,-1.3213313333333333e-05,0.025000000000004352,-0.010389473333333333
50,4.440892098500626e-15,-1.3286786666666666e-05,4.440892098500626e-15,-0.010510693333333333
51,-0.02499999999999547,-1.3383860000000001e-05,-0.02499999999999547,-0.01063702
52,-0.04999999999999538,-1.3473593333333333e-05,-0.04999999999999538,-0.010745553333333335
53,-0.07499999999999529,-1.3564866666666668e-05,-0.07499999999999529,-0.010869473333333334
54,-0.0999999999999952,-1.3658606666666668e-05,-0.0999999999999952,-0.010988393333333334
55,-0.12499999999999512,-1.3752766666666666e-05,-0.12499999999999512,-0.011112746666666668
56,-0.14999999999999503,-1.3852453333333335e-05,-0.14999999999999503,-0.011233940000000001
57,-0.17499999999999494,-1.3956273333333333e-05,-0.17499999999999494,-0.011357446666666667
58,-0.19999999999999485,-1.4037746666666667e-05,-0.19999999999999485,-0.011477386666666667
59,-0.22499999999999476,-1.4172553333333333e-05,-0.22499999999999476,-0.011582553333333334
