,2E_Fapi2_PEACL_4R_V_D,2E_Fapi2_PEACL_4R_J_D,2E_Fapi2_PEACL_4R_V_L,2E_Fapi2_PEACL_4R_J_L
0,1.2,0.004545394,1.2,0.014193873333333334
1,1.175,0.004560326666666667,1.175,0.012157
2,1.1500000000000001,0.004042952,1.1500000000000001,0.010138840000000001
3,1.1250000000000002,0.003358789333333333,1.1250000000000002,0.008231713333333333
4,1.1000000000000003,0.002673312666666667,1.1000000000000003,0.006452426
5,1.0750000000000004,0.0020611973333333334,1.0750000000000004,0.00482063
6,1.0500000000000005,0.001551308,1.0500000000000005,0.003358484
7,1.0250000000000006,0.0011453093333333333,1.0250000000000006,0.0020562393333333337
8,1.0000000000000007,0.0008304106666666666,1.0000000000000007,0.0008951946666666666
9,0.9750000000000008,0.0005908601333333333,0.9750000000000008,0.00020957033333333334
10,0.9500000000000008,0.0004223854666666667,0.9500000000000008,-0.0006018075333333333
11,0.9250000000000009,0.000296776,0.9250000000000009,-0.0015308633333333333
12,0.900000000000001,0.00020646813333333332,0.900000000000001,-0.0023239433333333333
13,0.8750000000000011,0.0001423414,0.8750000000000011,-0.0030239006666666667
14,0.8500000000000012,9.711673333333333e-05,0.8500000000000012,-0.003649876
15,0.8250000000000013,6.578412e-05,0.8250000000000013,-0.004203071333333334
16,0.8000000000000014,4.3952213333333334e-05,0.8000000000000014,-0.004696430666666667
17,0.7750000000000015,2.826636e-05,0.7750000000000015,-0.0051403333333333336
18,0.7500000000000016,1.7163266666666665e-05,0.7500000000000016,-0.005532037333333333
19,0.7250000000000016,9.248506666666667e-06,0.7250000000000016,-0.005884378
20,0.7000000000000017,5.1527133333333335e-06,0.7000000000000017,-0.0061938720000000004
21,0.6750000000000018,2.7246280000000004e-07,0.6750000000000018,-0.0064738393333333335
22,0.6500000000000019,-3.1224993333333335e-06,0.6500000000000019,-0.006722046666666667
23,0.625000000000002,-5.625756666666667e-06,0.625000000000002,-0.0069475733333333334
24,0.6000000000000021,-6.997473333333334e-06,0.6000000000000021,-0.006998613333333333
25,0.5750000000000022,-7.3762133333333335e-06,0.5750000000000022,-0.00699996
26,0.5500000000000023,-8.936413333333333e-06,0.5500000000000023,-0.007228853333333334
27,0.5250000000000024,-9.818993333333334e-06,0.5250000000000024,-0.007428666666666667
28,0.5000000000000024,-1.0497393333333333e-05,0.5000000000000024,-0.007613293333333333
29,0.47500000000000253,-1.0966073333333334e-05,0.47500000000000253,-0.00778642
30,0.4500000000000026,-1.1328413333333334e-05,0.4500000000000026,-0.007953566666666667
31,0.4250000000000027,-1.1619153333333333e-05,0.4250000000000027,-0.00811242
32,0.4000000000000028,-1.1866786666666668e-05,0.4000000000000028,-0.008270060000000001
33,0.3750000000000029,-1.2081973333333335e-05,0.3750000000000029,-0.00842386
34,0.350000000000003,-1.2277599999999999e-05,0.350000000000003,-0.00857826
35,0.32500000000000306,-1.246162e-05,0.32500000000000306,-0.008721553333333333
36,0.30000000000000315,-1.2636660000000001e-05,0.30000000000000315,-0.008869326666666667
37,0.27500000000000324,-1.2802706666666668e-05,0.27500000000000324,-0.009012486666666666
38,0.25000000000000333,-1.2960593333333335e-05,0.25000000000000333,-0.009161826666666668
39,0.22500000000000342,-1.3029720000000001e-05,0.22500000000000342,-0.00929102
40,0.2000000000000035,-1.3247020000000002e-05,0.2000000000000035,-0.009435133333333333
41,0.1750000000000036,-1.3404993333333334e-05,0.1750000000000036,-0.009578633333333334
42,0.15000000000000369,-1.3555493333333333e-05,0.15000000000000369,-0.009718386666666667
43,0.12500000000000377,-1.3703773333333335e-05,0.12500000000000377,-0.009862000000000001
44,0.10000000000000386,-1.3850406666666666e-05,0.10000000000000386,-0.010003166666666667
45,0.07500000000000395,-1.3995113333333335e-05,0.07500000000000395,-0.010144626666666668
46,0.05000000000000404,-1.4138333333333333e-05,0.05000000000000404,-0.010285806666666666
47,0.02500000000000413,-1.4283346666666666e-05,0.02500000000000413,-0.010430926666666668
48,4.218847493575595e-15,-1.4409813333333334e-05,4.218847493575595e-15,-0.010570606666666666
49,-0.024999999999995692,-1.4565026666666666e-05,-0.024999999999995692,-0.010711026666666667
50,-0.049999999999995604,-1.471216e-05,-0.049999999999995604,-0.0108561
51,-0.07499999999999551,-1.4862640000000002e-05,-0.07499999999999551,-0.010999086666666666
52,-0.09999999999999543,-1.501382e-05,-0.09999999999999543,-0.011142526666666666
53,-0.12499999999999534,-1.5167166666666668e-05,-0.12499999999999534,-0.01128256
54,-0.14999999999999525,-1.5324793333333333e-05,-0.14999999999999525,-0.011423426666666667
55,-0.17499999999999516,-1.5487026666666667e-05,-0.17499999999999516,-0.011566633333333335
56,-0.19999999999999507,-1.5610473333333335e-05,-0.19999999999999507,-0.011704473333333335
57,-0.22499999999999498,-1.581542666666667e-05,-0.22499999999999498,-0.01185058
