,2E_Fapi2_PEACL_4F_V_D,2E_Fapi2_PEACL_4F_J_D,2E_Fapi2_PEACL_4F_V_L,2E_Fapi2_PEACL_4F_J_L
0,-0.25,-1.3929873333333335e-05,-0.25,-0.01723076
1,-0.225,-1.2341806666666667e-05,-0.225,-0.015885200000000002
2,-0.2,-1.144828e-05,-0.2,-0.014653666666666667
3,-0.17500000000000002,-1.0669440000000001e-05,-0.17500000000000002,-0.01361998
4,-0.15000000000000002,-1.0081913333333333e-05,-0.15000000000000002,-0.012729866666666667
5,-0.12500000000000003,-9.544066666666667e-06,-0.12500000000000003,-0.011950853333333334
6,-0.10000000000000003,-9.080646666666666e-06,-0.10000000000000003,-0.011265806666666666
7,-0.07500000000000004,-8.661393333333334e-06,-0.07500000000000004,-0.010658806666666668
8,-0.050000000000000044,-8.278646666666668e-06,-0.050000000000000044,-0.010116346666666668
9,-0.02500000000000005,-7.920606666666668e-06,-0.02500000000000005,-0.009627213333333334
10,-5.551115123125783e-17,-7.595633333333334e-06,-5.551115123125783e-17,-0.009181980000000001
11,0.02499999999999991,-7.267113333333334e-06,0.02499999999999991,-0.008774460000000001
12,0.04999999999999993,-6.962646666666667e-06,0.04999999999999993,-0.008403546666666668
13,0.07499999999999996,-6.671733333333333e-06,0.07499999999999996,-0.008061033333333334
14,0.09999999999999992,-7.516553333333333e-06,0.09999999999999992,-0.007742113333333334
15,0.12499999999999989,-6.668293333333333e-06,0.12499999999999989,-0.007446406666666667
16,0.1499999999999999,-6.828333333333334e-06,0.1499999999999999,-0.00716642
17,0.17499999999999993,-6.104801333333334e-06,0.17499999999999993,-0.006904786666666667
18,0.1999999999999999,-5.710974000000001e-06,0.1999999999999999,-0.006866266666666667
19,0.22499999999999987,-5.392462000000001e-06,0.22499999999999987,-0.006555992
20,0.2499999999999999,-5.067701333333333e-06,0.2499999999999999,-0.006295190666666667
21,0.2749999999999999,-4.762598e-06,0.2749999999999999,-0.0060544886666666665
22,0.2999999999999998,-4.462592666666666e-06,0.2999999999999998,-0.0058304513333333335
23,0.32499999999999984,-4.164249333333333e-06,0.32499999999999984,-0.0056178113333333335
24,0.34999999999999987,-3.859054e-06,0.34999999999999987,-0.005417340666666667
25,0.3749999999999999,-3.5538840000000004e-06,0.3749999999999999,-0.005224284666666667
26,0.3999999999999999,-3.1937860000000003e-06,0.3999999999999999,-0.005035114
27,0.4249999999999998,-2.8010940000000004e-06,0.4249999999999998,-0.004848321333333333
28,0.44999999999999984,-2.3361146666666666e-06,0.44999999999999984,-0.004667798
29,0.47499999999999987,-1.7590600000000002e-06,0.47499999999999987,-0.0044887780000000006
30,0.4999999999999998,-1.0002353333333334e-06,0.4999999999999998,-0.00431034
31,0.5249999999999998,2.8632100000000003e-08,0.5249999999999998,-0.004127688
32,0.5499999999999998,1.4404613333333336e-06,0.5499999999999998,-0.00394223
33,0.5749999999999998,3.359887333333333e-06,0.5749999999999998,-0.0037515253333333335
34,0.5999999999999999,5.913323333333333e-06,0.5999999999999999,-0.0035516146666666666
35,0.6249999999999998,8.410786666666667e-06,0.6249999999999998,-0.003337168
36,0.6499999999999998,1.289346e-05,0.6499999999999998,-0.003104574
37,0.6749999999999998,1.814912666666667e-05,0.6749999999999998,-0.002851756
38,0.6999999999999997,2.4474186666666665e-05,0.6999999999999997,-0.00257181
39,0.7249999999999998,3.218632e-05,0.7249999999999998,-0.002258613333333333
40,0.7499999999999998,4.170384e-05,0.7499999999999998,-0.0019068239999999999
41,0.7749999999999997,5.3693600000000004e-05,0.7749999999999997,-0.0015198226666666666
42,0.7999999999999998,7.079646666666667e-05,0.7999999999999998,-0.0010893366666666667
43,0.8249999999999997,9.161813333333334e-05,0.8249999999999997,-0.0010399753333333334
44,0.8499999999999996,0.0001199036,0.8499999999999996,-0.0005428218666666667
45,0.8749999999999998,0.00015880726666666668,0.8749999999999998,0.00014133033333333332
46,0.8999999999999997,0.0002132476,0.8999999999999997,0.00047837140000000003
47,0.9249999999999998,0.0002906744666666667,0.9249999999999998,0.001300886
48,0.9499999999999997,0.0004017599333333333,0.9499999999999997,0.0021409000000000003
49,0.9749999999999996,0.0005620474666666667,0.9749999999999996,0.0030285586666666665
50,0.9999999999999998,0.0008920573333333334,0.9999999999999998,0.003992312666666667
51,1.0249999999999997,0.0012256866666666667,1.0249999999999997,0.0050401460000000006
52,1.0499999999999998,0.0017093446666666665,1.0499999999999998,0.006200362
53,1.0749999999999997,0.0023783619999999998,1.0749999999999997,0.007259380000000001
54,1.0999999999999996,0.003278708,1.0999999999999996,0.008765853333333334
55,1.1249999999999998,0.004457392,1.1249999999999998,0.010414393333333334
56,1.1499999999999997,0.005950096,1.1499999999999997,0.012242786666666667
57,1.1749999999999996,0.008308826666666668,1.1749999999999996,0.014279260000000002
