,4E_Fapi5_3R_V_D,4E_Fapi5_3R_J_D,4E_Fapi5_3R_V_L,4E_Fapi5_3R_J_L
0,1.25,0.13604576,1.25,0.13886706
1,1.225,0.11685914,1.225,0.11418431999999999
2,1.2000000000000002,0.09521539999999999,1.2000000000000002,0.09041634
3,1.1750000000000003,0.07482062,1.1750000000000003,0.06852978
4,1.1500000000000004,0.05673486,1.1500000000000004,0.04889237999999999
5,1.1250000000000004,0.04153328,1.1250000000000004,0.0318791
6,1.1000000000000005,0.029276419999999997,1.1000000000000005,0.018878994
7,1.0750000000000006,0.021290459999999997,1.0750000000000006,0.006513041999999999
8,1.0500000000000007,0.01416753,1.0500000000000007,-0.0027077459999999996
9,1.0250000000000008,0.008712636,1.0250000000000008,-0.009529478
10,1.0000000000000009,0.005355822,1.0000000000000009,-0.014459814
11,0.975000000000001,0.003263842,0.975000000000001,-0.017891484
12,0.9500000000000011,0.002272154,0.9500000000000011,-0.020236459999999998
13,0.9250000000000012,0.0012925362,0.9250000000000012,-0.02091204
14,0.9000000000000012,0.0006761682,0.9000000000000012,-0.02248836
15,0.8750000000000013,0.00036660079999999997,0.8750000000000013,-0.02330818
16,0.8500000000000014,0.00020830380000000002,0.8500000000000014,-0.02378606
17,0.8250000000000015,0.00010113035999999999,0.8250000000000015,-0.02406356
18,0.8000000000000016,4.26124e-05,0.8000000000000016,-0.02422636
19,0.7750000000000017,1.5341595999999998e-05,0.7750000000000017,-0.024315859999999998
20,0.7500000000000018,-2.4533879999999998e-06,0.7500000000000018,-0.02437598
21,0.7250000000000019,-1.2008345999999999e-05,0.7250000000000019,-0.02441482
22,0.700000000000002,-1.7552974e-05,0.700000000000002,-0.02444536
23,0.675000000000002,-2.099226e-05,0.675000000000002,-0.024471419999999997
24,0.6500000000000021,-2.344184e-05,0.6500000000000021,-0.02449428
25,0.6250000000000022,-2.606124e-05,0.6250000000000022,-0.024507460000000002
26,0.6000000000000023,-2.7849319999999996e-05,0.6000000000000023,-0.024545499999999998
27,0.5750000000000024,-2.937388e-05,0.5750000000000024,-0.02454232
28,0.5500000000000025,-3.068556e-05,0.5500000000000025,-0.02455768
29,0.5250000000000026,-3.18019e-05,0.5250000000000026,-0.02456572
30,0.5000000000000027,-3.287412e-05,0.5000000000000027,-0.024570699999999997
31,0.47500000000000275,-3.395844e-05,0.47500000000000275,-0.024589899999999998
32,0.45000000000000284,-3.497104e-05,0.45000000000000284,-0.024601599999999998
33,0.42500000000000293,-3.588164e-05,0.42500000000000293,-0.024614340000000002
34,0.400000000000003,-3.675652e-05,0.400000000000003,-0.02462354
35,0.3750000000000031,-3.7585619999999996e-05,0.3750000000000031,-0.024631079999999996
36,0.3500000000000032,-3.837336e-05,0.3500000000000032,-0.02464028
37,0.3250000000000033,-3.9092919999999994e-05,0.3250000000000033,-0.0246504
38,0.3000000000000034,-3.9773e-05,0.3000000000000034,-0.024660799999999997
39,0.27500000000000346,-4.0416999999999996e-05,0.27500000000000346,-0.024683959999999998
40,0.25000000000000355,-4.102078e-05,0.25000000000000355,-0.02468202
41,0.22500000000000364,-4.152682e-05,0.22500000000000364,-0.0246591
42,0.20000000000000373,-4.2149899999999994e-05,0.20000000000000373,-0.024701419999999998
43,0.17500000000000382,-4.26673e-05,0.17500000000000382,-0.0247088
44,0.1500000000000039,-4.3142579999999994e-05,0.1500000000000039,-0.0247224
45,0.125000000000004,-4.3618119999999996e-05,0.125000000000004,-0.024735299999999998
46,0.10000000000000409,-4.404763999999999e-05,0.10000000000000409,-0.024745859999999998
47,0.07500000000000417,-4.4451919999999995e-05,0.07500000000000417,-0.024756379999999998
48,0.05000000000000426,-4.4838419999999995e-05,0.05000000000000426,-0.02476566
49,0.025000000000004352,-4.52027e-05,0.025000000000004352,-0.024774939999999995
50,4.440892098500626e-15,-4.553484e-05,4.440892098500626e-15,-0.024791679999999996
51,-0.02499999999999547,-4.589834e-05,-0.02499999999999547,-0.02480108
52,-0.04999999999999538,-4.6265159999999996e-05,-0.04999999999999538,-0.0248319
53,-0.07499999999999529,-4.6691919999999994e-05,-0.07499999999999529,-0.024820739999999997
54,-0.0999999999999952,-4.724488e-05,-0.0999999999999952,-0.024832299999999998
55,-0.12499999999999512,-4.808247999999999e-05,-0.12499999999999512,-0.0248538
56,-0.14999999999999503,-4.9523239999999996e-05,-0.14999999999999503,-0.02487846
57,-0.17499999999999494,-5.2253739999999993e-05,-0.17499999999999494,-0.0248721
58,-0.19999999999999485,-5.750972e-05,-0.19999999999999485,-0.02487804
59,-0.22499999999999476,-6.6833e-05,-0.22499999999999476,-0.02490552
