,4E_Fapi2_PEACL_4F_V_D,4E_Fapi2_PEACL_4F_J_D,4E_Fapi2_PEACL_4F_V_L,4E_Fapi2_PEACL_4F_J_L
0,-0.25,-1.3502646666666666e-05,-0.25,-0.017246033333333334
1,-0.225,-1.1889206666666667e-05,-0.225,-0.015838893333333333
2,-0.2,-1.0976773333333334e-05,-0.2,-0.014577046666666668
3,-0.17500000000000002,-1.0195986666666668e-05,-0.17500000000000002,-0.013508073333333334
4,-0.15000000000000002,-9.58774e-06,-0.15000000000000002,-0.012588446666666666
5,-0.12500000000000003,-9.063680000000001e-06,-0.12500000000000003,-0.011788786666666667
6,-0.10000000000000003,-8.599366666666668e-06,-0.10000000000000003,-0.011090286666666668
7,-0.07500000000000004,-8.181666666666667e-06,-0.07500000000000004,-0.01047314
8,-0.050000000000000044,-7.797493333333333e-06,-0.050000000000000044,-0.009921353333333334
9,-0.02500000000000005,-7.4419066666666675e-06,-0.02500000000000005,-0.0094266
10,-5.551115123125783e-17,-7.145026666666668e-06,-5.551115123125783e-17,-0.00897562
11,0.02499999999999991,-6.799533333333333e-06,0.02499999999999991,-0.008567713333333334
12,0.04999999999999993,-7.569226666666667e-06,0.04999999999999993,-0.008194366666666668
13,0.07499999999999996,-6.71202e-06,0.07499999999999996,-0.0078502
14,0.09999999999999992,-6.837966666666667e-06,0.09999999999999992,-0.00753202
15,0.12499999999999989,-6.122257333333334e-06,0.12499999999999989,-0.00723546
16,0.1499999999999999,-5.734328e-06,0.1499999999999999,-0.006958973333333333
17,0.17499999999999993,-5.405466666666667e-06,0.17499999999999993,-0.006698580000000001
18,0.1999999999999999,-5.1015120000000005e-06,0.1999999999999999,-0.006671560000000001
19,0.22499999999999987,-4.830734000000001e-06,0.22499999999999987,-0.006361866000000001
20,0.2499999999999999,-4.539195333333333e-06,0.2499999999999999,-0.0061010940000000005
21,0.2749999999999999,-4.257426e-06,0.2749999999999999,-0.005863915333333334
22,0.2999999999999998,-3.975516666666667e-06,0.2999999999999998,-0.0056440353333333335
23,0.32499999999999984,-3.6888833333333337e-06,0.32499999999999984,-0.005435118666666667
24,0.34999999999999987,-3.3917466666666668e-06,0.34999999999999987,-0.005238051333333334
25,0.3749999999999999,-3.076952e-06,0.3749999999999999,-0.005047312666666667
26,0.3999999999999999,-2.7248086666666666e-06,0.3999999999999999,-0.004862052666666667
27,0.4249999999999998,-2.3227853333333334e-06,0.4249999999999998,-0.0046821173333333336
28,0.44999999999999984,-1.8455740000000003e-06,0.44999999999999984,-0.0045046339999999995
29,0.47499999999999987,-1.2374066666666669e-06,0.47499999999999987,-0.004329808666666666
30,0.4999999999999998,-4.3135326666666665e-07,0.4999999999999998,-0.004154246
31,0.5249999999999998,6.945340000000001e-07,0.5249999999999998,-0.003974469333333334
32,0.5499999999999998,2.2384613333333334e-06,0.5499999999999998,-0.003795558
33,0.5749999999999998,4.337209333333334e-06,0.5749999999999998,-0.003610274
34,0.5999999999999999,6.99716e-06,0.5999999999999999,-0.0034136466666666665
35,0.6249999999999998,9.977593333333333e-06,0.6249999999999998,-0.0032010759999999997
36,0.6499999999999998,1.4767733333333334e-05,0.6499999999999998,-0.0029754593333333333
37,0.6749999999999998,2.040046666666667e-05,0.6749999999999998,-0.0027236153333333336
38,0.6999999999999997,2.712784666666667e-05,0.6999999999999997,-0.0024444933333333334
39,0.7249999999999998,3.522670666666667e-05,0.7249999999999998,-0.002131674
40,0.7499999999999998,4.5044566666666666e-05,0.7499999999999998,-0.001778438666666667
41,0.7749999999999997,5.714004666666667e-05,0.7749999999999997,-0.0013832806666666667
42,0.7999999999999998,7.364373333333335e-05,0.7999999999999998,-0.0009410193333333333
43,0.8249999999999997,9.38016e-05,0.8249999999999997,-0.0008710693333333334
44,0.8499999999999996,0.00012052133333333333,0.8499999999999996,-0.00035913493333333336
45,0.8749999999999998,0.00015661686666666667,0.8749999999999998,0.00034814273333333336
46,0.8999999999999997,0.00020624960000000003,0.8999999999999997,0.0007998686666666667
47,0.9249999999999998,0.0002766484666666667,0.9249999999999998,0.00164003
48,0.9499999999999997,0.0003773962666666667,0.9499999999999997,0.0025049060000000003
49,0.9749999999999996,0.0005227266,0.9749999999999996,0.00343139
50,0.9999999999999998,0.000833924,0.9999999999999998,0.004441186666666667
51,1.0249999999999997,0.0011409886666666666,1.0249999999999997,0.005549974666666667
52,1.0499999999999998,0.0015931180000000001,1.0499999999999998,0.006783173333333334
53,1.0749999999999997,0.002228208,1.0749999999999997,0.007946920000000001
54,1.0999999999999996,0.0031117333333333334,1.0999999999999996,0.009584086666666667
55,1.1249999999999998,0.004301010666666667,1.1249999999999998,0.011401673333333334
56,1.1499999999999997,0.005859710000000001,1.1499999999999997,0.013455033333333335
57,1.1749999999999996,0.008530833333333333,1.1749999999999996,0.01578686666666667
