,E_Fapi2_PEACL_6F_V_D,E_Fapi2_PEACL_6F_J_D,E_Fapi2_PEACL_6F_V_L,E_Fapi2_PEACL_6F_J_L
0,-0.25,7.714033333333333e-10,-0.25,6.468607333333334e-10
1,-0.225,9.805433333333335e-10,-0.225,8.20416e-10
2,-0.2,9.4026e-10,-0.2,6.774086666666667e-10
3,-0.17500000000000002,1.1295933333333333e-09,-0.17500000000000002,8.751346666666666e-10
4,-0.15000000000000002,1.0926666666666666e-09,-0.15000000000000002,9.063546666666666e-10
5,-0.12500000000000003,9.64094e-10,-0.12500000000000003,8.62378e-10
6,-0.10000000000000003,1.0903166666666667e-09,-0.10000000000000003,9.919566666666667e-10
7,-0.07500000000000004,1.115494e-09,-0.07500000000000004,1.0235126666666667e-09
8,-0.050000000000000044,1.0278773333333334e-09,-0.050000000000000044,1.049026e-09
9,-0.02500000000000005,1.1212006666666666e-09,-0.02500000000000005,1.1601413333333334e-09
10,-5.551115123125783e-17,1.3534993333333334e-09,-5.551115123125783e-17,1.1238866666666666e-09
11,0.02499999999999991,1.1587986666666667e-09,0.02499999999999991,1.0758813333333333e-09
12,0.04999999999999993,1.3397400000000002e-09,0.04999999999999993,1.1181793333333334e-09
13,0.07499999999999996,1.2135173333333334e-09,0.07499999999999996,1.0789026666666666e-09
14,0.09999999999999992,1.2346666666666667e-09,0.09999999999999992,1.1782693333333334e-09
15,0.12499999999999989,1.208482e-09,0.12499999999999989,1.2655506666666668e-09
16,0.1499999999999999,1.1745766666666668e-09,0.1499999999999999,1.1745766666666668e-09
17,0.17499999999999993,1.2098246666666668e-09,0.17499999999999993,1.3034846666666667e-09
18,0.1999999999999999,1.230974e-09,0.1999999999999999,1.2360093333333334e-09
19,0.22499999999999987,1.310534e-09,0.22499999999999987,1.3253046666666667e-09
20,0.2499999999999999,1.3491366666666667e-09,0.2499999999999999,1.3185906666666666e-09
21,0.2749999999999999,1.2477586666666668e-09,0.2749999999999999,1.3031486666666667e-09
22,0.2999999999999998,1.2756213333333333e-09,0.2999999999999998,1.3867226666666667e-09
23,0.32499999999999984,1.2870353333333334e-09,0.32499999999999984,1.3924280000000001e-09
24,0.34999999999999987,1.2252666666666668e-09,0.34999999999999987,1.3887366666666668e-09
25,0.3749999999999999,1.3229546666666666e-09,0.3749999999999999,1.4712920000000002e-09
26,0.3999999999999999,1.3206046666666667e-09,0.3999999999999999,1.443438e-09
27,0.4249999999999998,1.2712573333333335e-09,0.4249999999999998,1.3605466666666667e-09
28,0.44999999999999984,1.4377326666666667e-09,0.44999999999999984,1.5118986666666666e-09
29,0.47499999999999987,1.312884e-09,0.47499999999999987,1.4867293333333334e-09
30,0.4999999999999998,1.3420893333333333e-09,0.4999999999999998,1.5454580000000001e-09
31,0.5249999999999998,1.359204e-09,0.5249999999999998,1.6290200000000002e-09
32,0.5499999999999998,1.3622246666666666e-09,0.5499999999999998,1.6119053333333335e-09
33,0.5749999999999998,1.3427606666666668e-09,0.5749999999999998,1.6216373333333334e-09
34,0.5999999999999999,1.422296e-09,0.5999999999999999,1.6562033333333334e-09
35,0.6249999999999998,1.4635733333333332e-09,0.6249999999999998,1.6414373333333333e-09
36,0.6499999999999998,1.449814e-09,0.6499999999999998,1.6260000000000002e-09
37,0.6749999999999998,1.5048513333333333e-09,0.6749999999999998,1.6478133333333334e-09
38,0.6999999999999997,1.4739766666666666e-09,0.6999999999999997,1.7481553333333335e-09
39,0.7249999999999998,1.4649160000000001e-09,0.7249999999999998,1.7917826666666667e-09
40,0.7499999999999998,1.456862e-09,0.7499999999999998,1.7830573333333333e-09
41,0.7749999999999997,1.4524986666666666e-09,0.7749999999999997,1.9082333333333334e-09
42,0.7999999999999998,1.5118986666666666e-09,0.7999999999999998,1.91226e-09
43,0.8249999999999997,1.5867360000000002e-09,0.8249999999999997,1.869304666666667e-09
44,0.8499999999999996,1.6478133333333334e-09,0.8499999999999996,1.9213213333333332e-09
45,0.8749999999999998,1.4860580000000001e-09,0.8749999999999998,1.9062193333333333e-09
46,0.8999999999999997,1.3353753333333332e-09,0.8999999999999997,1.900514666666667e-09
47,0.9249999999999998,1.5454580000000001e-09,0.9249999999999998,2.0105886666666667e-09
48,0.9499999999999997,1.5783460000000002e-09,0.9499999999999997,2.0525373333333335e-09
49,0.9749999999999996,1.5575393333333332e-09,0.9749999999999996,2.0347513333333333e-09
50,0.9999999999999998,1.6051933333333334e-09,0.9999999999999998,2.208588e-09
51,1.0249999999999997,1.474648e-09,1.0249999999999997,2.1220046666666667e-09
52,1.0499999999999998,1.5773393333333335e-09,1.0499999999999998,2.1387846666666667e-09
53,1.0749999999999997,1.6437866666666667e-09,1.0749999999999997,2.1793913333333333e-09
54,1.0999999999999996,1.6729833333333332e-09,1.0999999999999996,2.193486e-09
55,1.1249999999999998,1.6155966666666668e-09,1.1249999999999998,2.2226833333333333e-09
56,1.1499999999999997,1.7387586666666668e-09,1.1499999999999997,2.3089300000000002e-09
57,1.1749999999999996,1.663922e-09,1.1749999999999996,2.327722e-09
