,E_Fapi2_PEACL_5F_V_D,E_Fapi2_PEACL_5F_J_D,E_Fapi2_PEACL_5F_V_L,E_Fapi2_PEACL_5F_J_L
0,-0.25,-1.0709020000000001e-09,-0.25,-1.9518806666666667e-08
1,-0.225,-8.714986666666667e-10,-0.225,-1.8614446666666668e-08
2,-0.2,-3.7768806666666665e-10,-0.2,-1.7879266666666668e-08
3,-0.17500000000000002,-8.392713333333334e-10,-0.17500000000000002,-1.7166233333333333e-08
4,-0.15000000000000002,-4.2569153333333335e-10,-0.15000000000000002,-1.6487473333333335e-08
5,-0.12500000000000003,-5.334488666666666e-10,-0.12500000000000003,-1.5836893333333333e-08
6,-0.10000000000000003,-4.2132853333333335e-10,-0.10000000000000003,-1.518864666666667e-08
7,-0.07500000000000004,-3.0819753333333334e-10,-0.07500000000000004,-1.460086e-08
8,-0.050000000000000044,-1.977540666666667e-10,-0.050000000000000044,-1.39553e-08
9,-0.02500000000000005,-1.1953633333333334e-10,-0.02500000000000005,-1.3430606666666668e-08
10,-5.551115123125783e-17,5.939018e-11,-5.551115123125783e-17,-1.2532273333333333e-08
11,0.02499999999999991,-2.6885066666666666e-11,0.02499999999999991,-1.2187866666666666e-08
12,0.04999999999999993,6.778273333333333e-11,0.04999999999999993,-1.155876e-08
13,0.07499999999999996,1.6446426666666667e-10,0.07499999999999996,-1.099344e-08
14,0.09999999999999992,2.5375846666666667e-10,0.09999999999999992,-1.04382e-08
15,0.12499999999999989,2.9337160000000004e-10,0.12499999999999989,-9.991713333333333e-09
16,0.1499999999999999,4.870689333333333e-10,0.1499999999999999,-9.465686666666667e-09
17,0.17499999999999993,4.1590159999999997e-10,0.17499999999999993,-8.975566666666667e-09
18,0.1999999999999999,4.773338e-10,0.1999999999999999,-8.554266666666667e-09
19,0.22499999999999987,5.800569333333334e-10,0.22499999999999987,-7.953706666666667e-09
20,0.2499999999999999,5.706572e-10,0.2499999999999999,-7.507893333333333e-09
21,0.2749999999999999,7.14336e-10,0.2749999999999999,-6.980853333333334e-09
22,0.2999999999999998,7.881893333333333e-10,0.2999999999999998,-6.602186e-09
23,0.32499999999999984,9.181033333333334e-10,0.32499999999999984,-6.18223e-09
24,0.34999999999999987,8.667420000000001e-10,0.34999999999999987,-5.736758666666667e-09
25,0.3749999999999999,9.22468e-10,0.3749999999999999,-5.2825546666666665e-09
26,0.3999999999999999,9.818866666666667e-10,0.3999999999999999,-4.916986e-09
27,0.4249999999999998,1.0651393333333334e-09,0.4249999999999998,-4.409748e-09
28,0.44999999999999984,1.0943453333333335e-09,0.44999999999999984,-4.042828666666667e-09
29,0.47499999999999987,1.1604773333333334e-09,0.47499999999999987,-3.604072e-09
30,0.4999999999999998,1.25078e-09,0.4999999999999998,-3.132420666666667e-09
31,0.5249999999999998,1.2756213333333333e-09,0.5249999999999998,-2.67889e-09
32,0.5499999999999998,1.3269833333333334e-09,0.5499999999999998,-2.328088666666667e-09
33,0.5749999999999998,1.3541706666666666e-09,0.5749999999999998,-1.8930233333333334e-09
34,0.5999999999999999,1.4028313333333335e-09,0.5999999999999999,-1.397872e-09
35,0.6249999999999998,1.3967906666666668e-09,0.6249999999999998,-1.0500893333333335e-09
36,0.6499999999999998,1.5031733333333334e-09,0.6499999999999998,-5.059238e-10
37,0.6749999999999998,1.4427666666666667e-09,0.6749999999999998,-2.8562706666666668e-11
38,0.6999999999999997,1.606536e-09,0.6999999999999997,4.2496380000000007e-10
39,0.7249999999999998,1.5900913333333333e-09,0.7249999999999998,9.610726666666666e-10
40,0.7499999999999998,1.61157e-09,0.7499999999999998,1.4561906666666669e-09
41,0.7749999999999997,1.7088913333333336e-09,0.7749999999999997,1.927026666666667e-09
42,0.7999999999999998,1.7048639999999999e-09,0.7999999999999998,2.4448446666666668e-09
43,0.8249999999999997,1.787084e-09,0.8249999999999997,2.936152e-09
44,0.8499999999999996,1.8028566666666668e-09,0.8499999999999996,3.3502719999999997e-09
45,0.8749999999999998,1.83004e-09,0.8749999999999998,3.917085333333334e-09
46,0.8999999999999997,1.86964e-09,0.8999999999999997,4.413424666666667e-09
47,0.9249999999999998,1.9740093333333336e-09,0.9249999999999998,4.9547353333333334e-09
48,0.9499999999999997,2.0062260000000004e-09,0.9499999999999997,5.547727333333333e-09
49,0.9749999999999996,2.0371000000000003e-09,0.9749999999999996,6.020242666666667e-09
50,0.9999999999999998,2.140462666666667e-09,0.9999999999999998,6.53974e-09
51,1.0249999999999997,2.0646186666666668e-09,1.0249999999999997,7.03742e-09
52,1.0499999999999998,2.16429e-09,1.0499999999999998,7.5294e-09
53,1.0749999999999997,2.228724e-09,1.0749999999999997,8.021046666666667e-09
54,1.0999999999999996,2.2914793333333337e-09,1.0999999999999996,8.539866666666667e-09
55,1.1249999999999998,2.263289333333333e-09,1.1249999999999998,9.102653333333335e-09
56,1.1499999999999997,2.4136346666666664e-09,1.1499999999999997,9.63994e-09
57,1.1749999999999996,2.436790666666667e-09,1.1749999999999996,1.01742e-08
