,E_Fapi3_DPPP_2R_V_D,E_Fapi3_DPPP_2R_J_D,E_Fapi3_DPPP_2R_V_L,E_Fapi3_DPPP_2R_J_L
0,1.25,7.375373333333334e-09,1.25,1.2349886666666666e-08
1,1.225,6.404517333333334e-09,1.225,9.251020000000001e-09
2,1.2000000000000002,6.032670666666667e-09,1.2000000000000002,8.47478e-09
3,1.1750000000000003,5.2403360000000005e-09,1.1750000000000003,7.443840000000001e-09
4,1.1500000000000004,5.12288e-09,1.1500000000000004,6.78206e-09
5,1.1250000000000004,4.66513e-09,1.1250000000000004,5.9138766666666666e-09
6,1.1000000000000005,4.309403333333333e-09,1.1000000000000005,6.053143333333334e-09
7,1.0750000000000006,4.0412646666666665e-09,1.0750000000000006,5.152416e-09
8,1.0500000000000007,3.815074666666667e-09,1.0500000000000007,4.776548e-09
9,1.0250000000000008,3.6362040000000004e-09,1.0250000000000008,4.228864e-09
10,1.0000000000000009,3.491898666666667e-09,1.0000000000000009,3.2928926666666667e-09
11,0.975000000000001,3.269735333333333e-09,0.975000000000001,3.404642666666667e-09
12,0.9500000000000011,3.047908666666667e-09,0.9500000000000011,2.614994e-09
13,0.9250000000000012,2.498208e-09,0.9250000000000012,1.6179460000000002e-09
14,0.9000000000000012,2.5126373333333336e-09,0.9000000000000012,2.810308666666667e-09
15,0.8750000000000013,2.6277453333333334e-09,0.8750000000000013,1.409208e-09
16,0.8500000000000014,2.427396666666667e-09,0.8500000000000014,1.9800513333333335e-09
17,0.8250000000000015,2.2206733333333332e-09,0.8250000000000015,1.3904146666666667e-09
18,0.8000000000000016,2.184428e-09,0.8000000000000016,4.984789333333334e-10
19,0.7750000000000017,1.9263573333333334e-09,0.7750000000000017,-4.3001433333333334e-11
20,0.7500000000000018,1.587408e-09,0.7500000000000018,-4.616181333333334e-10
21,0.7250000000000019,1.6421093333333335e-09,0.7250000000000019,-7.624026666666667e-10
22,0.700000000000002,1.5716346666666669e-09,0.700000000000002,-1.494898e-09
23,0.675000000000002,1.2826706666666668e-09,0.675000000000002,-1.4210460000000001e-09
24,0.6500000000000021,1.083602e-09,0.6500000000000021,-1.915862e-09
25,0.6250000000000022,9.711433333333335e-10,0.6250000000000022,-2.35965e-09
26,0.6000000000000023,7.727453333333334e-10,0.6000000000000023,-2.8934193333333334e-09
27,0.5750000000000024,6.703566666666667e-10,0.5750000000000024,-2.996135333333333e-09
28,0.5500000000000025,5.773692666666666e-10,0.5500000000000025,-3.576225333333334e-09
29,0.5250000000000026,4.5316026666666673e-10,0.5250000000000026,-3.816251333333334e-09
30,0.5000000000000027,3.360024e-10,0.5000000000000027,-4.163699333333333e-09
31,0.47500000000000275,1.5808133333333334e-10,0.47500000000000275,-4.581978666666667e-09
32,0.45000000000000284,1.0034226666666667e-10,0.45000000000000284,-5.020068666666667e-09
33,0.42500000000000293,-5.139435333333334e-11,0.42500000000000293,-5.224168666666666e-09
34,0.400000000000003,-1.7929433333333334e-10,0.400000000000003,-5.748194e-09
35,0.3750000000000031,-2.3703593333333335e-10,0.3750000000000031,-6.083895333333334e-09
36,0.3500000000000032,-4.0690099999999997e-10,0.3500000000000032,-6.534739333333333e-09
37,0.3250000000000033,-4.532254e-10,0.3250000000000033,-7.106766666666667e-09
38,0.3000000000000034,-2.330066e-10,0.3000000000000034,-7.3961400000000005e-09
39,0.27500000000000346,-7.26484e-10,0.27500000000000346,-7.799640000000001e-09
40,0.25000000000000355,-8.288726666666667e-10,0.25000000000000355,-8.14038e-09
41,0.22500000000000364,-8.057086666666666e-10,0.22500000000000364,-8.823520000000001e-09
42,0.20000000000000373,-1.003774e-09,0.20000000000000373,-9.332446666666667e-09
43,0.17500000000000382,-1.065872e-09,0.17500000000000382,-9.751726666666667e-09
44,0.1500000000000039,-1.2263380000000001e-09,0.1500000000000039,-1.0178080000000001e-08
45,0.125000000000004,-1.348866e-09,0.125000000000004,-1.05225e-08
46,0.10000000000000409,-1.3471926666666667e-09,0.10000000000000409,-1.1515493333333333e-08
47,0.07500000000000417,-1.5835213333333334e-09,0.07500000000000417,-1.0979373333333334e-08
48,0.05000000000000426,-1.6728146666666665e-09,0.05000000000000426,-1.1581273333333333e-08
49,0.025000000000004352,-1.7711773333333335e-09,0.025000000000004352,-1.225772e-08
50,4.440892098500626e-15,-2.0494666666666667e-09,4.440892098500626e-15,-1.3055346666666668e-08
51,-0.02499999999999547,-1.9561453333333333e-09,-0.02499999999999547,-1.3157746666666666e-08
52,-0.04999999999999538,-2.08438e-09,-0.04999999999999538,-1.3180546666666668e-08
53,-0.07499999999999529,-2.1290313333333335e-09,-0.07499999999999529,-1.3295026666666666e-08
54,-0.0999999999999952,-2.1894613333333335e-09,-0.0999999999999952,-1.6995433333333336e-08
55,-0.12499999999999512,-2.36805e-09,-0.12499999999999512,-1.500606e-08
56,-0.14999999999999503,-2.4711053333333334e-09,-0.14999999999999503,-1.534884666666667e-08
57,-0.17499999999999494,-2.5899446666666666e-09,-0.17499999999999494,-1.7489253333333336e-08
58,-0.19999999999999485,-2.7077733333333338e-09,-0.19999999999999485,-1.6668133333333332e-08
59,-0.22499999999999476,-2.906844e-09,-0.22499999999999476,-1.689774e-08
