,E_Fapi_PEACL_2R_V_D,E_Fapi_PEACL_2R_J_D,E_Fapi_PEACL_2R_V_L,E_Fapi_PEACL_2R_J_L
0,1.25,1.5179393333333333e-09,1.25,1.5377393333333334e-09
1,1.225,1.3380613333333333e-09,1.225,1.4182686666666666e-09
2,1.2000000000000002,1.2783073333333333e-09,1.2000000000000002,1.3300046666666667e-09
3,1.1750000000000003,1.2346666666666667e-09,1.1750000000000003,1.2893853333333335e-09
4,1.1500000000000004,1.25783e-09,1.1500000000000004,1.235002e-09
5,1.1250000000000004,1.2175460000000002e-09,1.1250000000000004,1.2467513333333333e-09
6,1.1000000000000005,1.2366806666666667e-09,1.1000000000000005,1.232988e-09
7,1.0750000000000006,1.2400380000000002e-09,1.0750000000000006,1.1869980000000001e-09
8,1.0500000000000007,1.199754e-09,1.0500000000000007,1.1853193333333335e-09
9,1.0250000000000008,1.0953526666666667e-09,1.0250000000000008,1.1742413333333333e-09
10,1.0000000000000009,1.2041180000000002e-09,1.0000000000000009,1.1645060000000001e-09
11,0.975000000000001,1.1544353333333334e-09,0.975000000000001,1.1809553333333332e-09
12,0.9500000000000011,1.107102e-09,0.9500000000000011,1.1013946666666666e-09
13,0.9250000000000012,1.1497353333333334e-09,0.9250000000000012,2.1270380000000003e-09
14,0.9000000000000012,1.1185153333333334e-09,0.9000000000000012,2.0820693333333333e-09
15,0.8750000000000013,1.1584633333333334e-09,0.8750000000000013,9.335466666666667e-10
16,0.8500000000000014,1.2162033333333333e-09,0.8500000000000014,8.690926666666667e-10
17,0.8250000000000015,1.0836033333333334e-09,0.8250000000000015,8.76814e-10
18,0.8000000000000016,1.1165013333333333e-09,0.8000000000000016,9.711446666666668e-10
19,0.7750000000000017,1.0993806666666667e-09,0.7750000000000017,1.129258e-09
20,0.7500000000000018,1.0322413333333334e-09,0.7500000000000018,1.1658486666666666e-09
21,0.7250000000000019,1.073868e-09,0.7250000000000019,5.364169333333334e-10
22,0.700000000000002,1.03157e-09,0.700000000000002,6.132922e-10
23,0.675000000000002,1.1212006666666666e-09,0.675000000000002,8.778213333333335e-10
24,0.6500000000000021,1.137314e-09,0.6500000000000021,1.17122e-09
25,0.6250000000000022,1.0241846666666669e-09,0.6250000000000022,1.2091533333333334e-09
26,0.6000000000000023,1.0651393333333334e-09,0.6000000000000023,1.047348e-09
27,0.5750000000000024,1.0557406666666667e-09,0.5750000000000024,1.0960240000000001e-09
28,0.5500000000000025,1.0456693333333334e-09,0.5500000000000025,1.0872953333333334e-09
29,0.5250000000000026,1.0476833333333333e-09,0.5250000000000026,1.0530546666666668e-09
30,0.5000000000000027,1.0429833333333333e-09,0.5000000000000027,1.1165013333333333e-09
31,0.47500000000000275,1.027206e-09,0.47500000000000275,1.0866240000000002e-09
32,0.45000000000000284,1.0480186666666668e-09,0.45000000000000284,9.82894e-10
33,0.42500000000000293,1.1057593333333334e-09,0.42500000000000293,1.0876313333333334e-09
34,0.400000000000003,1.0500333333333332e-09,0.400000000000003,1.1017306666666668e-09
35,0.3750000000000031,1.0997166666666667e-09,0.3750000000000031,1.0520473333333333e-09
36,0.3500000000000032,1.0742033333333334e-09,0.3500000000000032,1.0399626666666668e-09
37,0.3250000000000033,1.0124353333333333e-09,0.3250000000000033,9.755086666666668e-10
38,0.3000000000000034,1.047348e-09,0.3000000000000034,9.839006666666666e-10
39,0.27500000000000346,1.0520473333333333e-09,0.27500000000000346,1.0057213333333334e-09
40,0.25000000000000355,9.701380000000001e-10,0.25000000000000355,1.025192e-09
41,0.22500000000000364,1.0265346666666667e-09,0.22500000000000364,1.0439906666666668e-09
42,0.20000000000000373,1.0302273333333333e-09,0.20000000000000373,1.0154566666666668e-09
43,0.17500000000000382,9.10048e-10,0.17500000000000382,9.781946666666667e-10
44,0.1500000000000039,1.020828e-09,0.1500000000000039,9.768513333333335e-10
45,0.125000000000004,1.0000146666666667e-09,0.125000000000004,9.593953333333334e-10
46,0.10000000000000409,1.0376126666666667e-09,0.10000000000000409,1.0020286666666666e-09
47,0.07500000000000417,1.0305633333333335e-09,0.07500000000000417,1.0486906666666668e-09
48,0.05000000000000426,1.0000146666666667e-09,0.05000000000000426,9.80544e-10
49,0.025000000000004352,1.002364e-09,0.025000000000004352,1.0372766666666667e-09
50,4.440892098500626e-15,8.892346666666668e-10,4.440892098500626e-15,8.87892e-10
51,-0.02499999999999547,1.0077353333333333e-09,-0.02499999999999547,1.006728e-09
52,-0.04999999999999538,9.459673333333334e-10,-0.04999999999999538,9.8088e-10
53,-0.07499999999999529,9.72152e-10,-0.07499999999999529,9.7618e-10
54,-0.0999999999999952,9.583873333333333e-10,-0.0999999999999952,1.0027006666666666e-09
55,-0.12499999999999512,9.5671e-10,-0.12499999999999512,9.523453333333334e-10
56,-0.14999999999999503,9.748373333333334e-10,-0.14999999999999503,9.5671e-10
57,-0.17499999999999494,9.855793333333333e-10,-0.17499999999999494,9.869226666666667e-10
58,-0.19999999999999485,1.0557406666666667e-09,-0.19999999999999485,1.016128e-09
59,-0.22499999999999476,9.379106666666669e-10,-0.22499999999999476,9.788653333333334e-10
