,E_Fapi5_1F_V_D,E_Fapi5_1F_J_D,E_Fapi5_1F_V_L,E_Fapi5_1F_J_L
0,-0.25,-4.0135999999999997e-05,-0.25,-0.02327526
1,-0.225,-3.91787e-05,-0.225,-0.023169879999999997
2,-0.2,-3.852504e-05,-0.2,-0.02312324
3,-0.17500000000000002,-3.792612e-05,-0.17500000000000002,-0.0230861
4,-0.15000000000000002,-3.7466e-05,-0.15000000000000002,-0.02305972
5,-0.12500000000000003,-3.7195039999999995e-05,-0.12500000000000003,-0.0230384
6,-0.10000000000000003,-3.704014e-05,-0.10000000000000003,-0.0230164
7,-0.07500000000000004,-3.687602e-05,-0.07500000000000004,-0.02299746
8,-0.050000000000000044,-3.6717279999999993e-05,-0.050000000000000044,-0.0229799
9,-0.02500000000000005,-3.6608e-05,-0.02500000000000005,-0.02296306
10,-5.551115123125783e-17,-3.649882e-05,-5.551115123125783e-17,-0.022949419999999998
11,0.02499999999999991,-3.620298e-05,0.02499999999999991,-0.022931339999999998
12,0.04999999999999993,-3.5939079999999995e-05,0.04999999999999993,-0.0229136
13,0.07499999999999996,-3.56722e-05,0.07499999999999996,-0.02289724
14,0.09999999999999992,-3.539638e-05,0.09999999999999992,-0.022881339999999997
15,0.12499999999999989,-3.51157e-05,0.12499999999999989,-0.022861899999999998
16,0.1499999999999999,-3.482642e-05,0.1499999999999999,-0.02284812
17,0.17499999999999993,-3.452896e-05,0.17499999999999993,-0.02283142
18,0.1999999999999999,-3.4218959999999996e-05,0.1999999999999999,-0.02281144
19,0.22499999999999987,-3.3899479999999995e-05,0.22499999999999987,-0.022795559999999996
20,0.2499999999999999,-3.3571899999999996e-05,0.2499999999999999,-0.022771699999999995
21,0.2749999999999999,-3.3231699999999996e-05,0.2749999999999999,-0.0227485
22,0.2999999999999998,-3.2878719999999995e-05,0.2999999999999998,-0.022723479999999997
23,0.32499999999999984,-3.250888e-05,0.32499999999999984,-0.02269642
24,0.34999999999999987,-3.21298e-05,0.34999999999999987,-0.0226683
25,0.3749999999999999,-3.172746e-05,0.3749999999999999,-0.022636299999999998
26,0.3999999999999999,-3.131234e-05,0.3999999999999999,-0.022603599999999998
27,0.4249999999999998,-3.087208e-05,0.4249999999999998,-0.022569119999999998
28,0.44999999999999984,-3.041246e-05,0.44999999999999984,-0.0225206
29,0.47499999999999987,-2.9923439999999998e-05,0.47499999999999987,-0.02248756
30,0.4999999999999998,-2.9406159999999997e-05,0.4999999999999998,-0.022437379999999996
31,0.5249999999999998,-2.8846819999999998e-05,0.5249999999999998,-0.02237912
32,0.5499999999999998,-2.823772e-05,0.5499999999999998,-0.02230684
33,0.5749999999999998,-2.7557639999999998e-05,0.5749999999999998,-0.02223262
34,0.5999999999999999,-2.677852e-05,0.5999999999999999,-0.02213664
35,0.6249999999999998,-2.5839619999999997e-05,0.6249999999999998,-0.0220162
36,0.6499999999999998,-2.4635779999999997e-05,0.6499999999999998,-0.02186214
37,0.6749999999999998,-2.296614e-05,0.6749999999999998,-0.0216694
38,0.6999999999999997,-2.044728e-05,0.6999999999999997,-0.021428819999999998
39,0.7249999999999998,-1.7168598e-05,0.7249999999999998,-0.021131439999999998
40,0.7499999999999998,-9.084834e-06,0.7499999999999998,-0.02076636
41,0.7749999999999997,4.026352e-06,0.7749999999999997,-0.02030576
42,0.7999999999999998,2.357362e-05,0.7999999999999998,-0.02028192
43,0.8249999999999997,6.731514e-05,0.8249999999999997,-0.019119358
44,0.8499999999999996,0.00013424434,0.8499999999999996,-0.018165017999999998
45,0.8749999999999998,0.0002192374,0.8749999999999998,-0.017030712
46,0.8999999999999997,0.0004077526,0.8999999999999997,-0.015668282
47,0.9249999999999998,0.00067227,0.9249999999999998,-0.014040234
48,0.9499999999999997,0.0010691092,0.9499999999999997,-0.012116932
49,0.9749999999999996,0.0016530914,0.9749999999999996,-0.00990049
50,0.9999999999999998,0.002373812,0.9999999999999998,-0.007404378
51,1.0249999999999997,0.003636978,1.0249999999999997,-0.004650944
52,1.0499999999999998,0.005240394,1.0499999999999998,-0.001977624
53,1.0749999999999997,0.007305358,1.0749999999999997,0.0015011578
54,1.0999999999999996,0.009898202,1.0999999999999996,0.004900612
55,1.1249999999999998,0.013044815999999999,1.1249999999999998,0.008939872
56,1.1499999999999997,0.016795051999999998,1.1499999999999997,0.013306112
57,1.1749999999999996,0.02123638,1.1749999999999996,0.018170566
58,1.1999999999999997,0.026332539999999998,1.1999999999999997,0.02382542
59,1.2249999999999996,0.03222078,1.2249999999999996,0.030077279999999998
