,E_Fapi_2R_V_D,E_Fapi_2R_J_D,E_Fapi_2R_V_L,E_Fapi_2R_J_L
0,1.25,0.008403264,1.25,0.007026792799999999
1,1.225,0.0074662304,1.225,0.0059377024
2,1.2000000000000002,0.006507888000000001,1.2000000000000002,0.0048589048
3,1.1750000000000003,0.0055933896,1.1750000000000003,0.003791476
4,1.1500000000000004,0.0047235544,1.1500000000000004,0.0027310208
5,1.1250000000000004,0.0039068848000000005,1.1250000000000004,0.0016813432
6,1.1000000000000005,0.0031477984,1.1000000000000005,0.0006456148
7,1.0750000000000006,0.0024600664,1.0750000000000006,-0.00039041096
8,1.0500000000000007,0.001851888,1.0500000000000007,-0.0013990688
9,1.0250000000000008,0.0013341759999999999,1.0250000000000008,-0.0024161968
10,1.0000000000000009,0.0009145383999999999,1.0000000000000009,-0.0034169343999999996
11,0.975000000000001,0.00063259576,0.975000000000001,-0.0043969592
12,0.9500000000000011,0.00038119584,0.9500000000000011,-0.0053647543999999995
13,0.9250000000000012,0.00022425792,0.9250000000000012,-0.006312224
14,0.9000000000000012,0.00012742016,0.9000000000000012,-0.0072421072
15,0.8750000000000013,8.993248e-05,0.8750000000000013,-0.008151752
16,0.8500000000000014,4.5529752e-05,0.8500000000000014,-0.009001696
17,0.8250000000000015,1.62392e-05,0.8250000000000015,-0.009882504
18,0.8000000000000016,4.7624968e-06,0.8000000000000016,-0.010733224
19,0.7750000000000017,-5.3387968e-06,0.7750000000000017,-0.011554528
20,0.7500000000000018,-9.34748e-06,0.7500000000000018,-0.012347976
21,0.7250000000000019,-1.2753192e-05,0.7250000000000019,-0.013112936
22,0.700000000000002,-1.4478648e-05,0.700000000000002,-0.013847608
23,0.675000000000002,-1.5771616e-05,0.675000000000002,-0.014552288
24,0.6500000000000021,-1.6643592e-05,0.6500000000000021,-0.015222247999999999
25,0.6250000000000022,-1.7386376e-05,0.6250000000000022,-0.015857592
26,0.6000000000000023,-1.7889752e-05,0.6000000000000023,-0.016455152
27,0.5750000000000024,-1.8375904e-05,0.5750000000000024,-0.017015848
28,0.5500000000000025,-1.8731767999999998e-05,0.5500000000000025,-0.017533399999999998
29,0.5250000000000026,-1.908436e-05,0.5250000000000026,-0.018005864
30,0.5000000000000027,-1.9343336e-05,0.5000000000000027,-0.01843312
31,0.47500000000000275,-1.9727608e-05,0.47500000000000275,-0.018813272
32,0.45000000000000284,-1.9988648e-05,0.45000000000000284,-0.01914728
33,0.42500000000000293,-2.0295784e-05,0.42500000000000293,-0.019433159999999998
34,0.400000000000003,-2.0591136e-05,0.400000000000003,-0.019674448
35,0.3750000000000031,-2.0883576e-05,0.3750000000000031,-0.019877951999999997
36,0.3500000000000032,-2.1110696e-05,0.3500000000000032,-0.020045504
37,0.3250000000000033,-2.1455224e-05,0.3250000000000033,-0.020185504
38,0.3000000000000034,-2.1722336e-05,0.3000000000000034,-0.020299223999999998
39,0.27500000000000346,-2.1944688e-05,0.27500000000000346,-0.020391896
40,0.25000000000000355,-2.2165136e-05,0.25000000000000355,-0.020466456
41,0.22500000000000364,-2.237772e-05,0.22500000000000364,-0.020516696
42,0.20000000000000373,-2.2628232000000002e-05,0.20000000000000373,-0.020563368000000002
43,0.17500000000000382,-2.2827056e-05,0.17500000000000382,-0.020596384000000002
44,0.1500000000000039,-2.3026968e-05,0.1500000000000039,-0.020621448
45,0.125000000000004,-2.321504e-05,0.125000000000004,-0.020640304
46,0.10000000000000409,-2.341936e-05,0.10000000000000409,-0.02064984
47,0.07500000000000417,-2.3626752e-05,0.07500000000000417,-0.020659296
48,0.05000000000000426,-2.3847344e-05,0.05000000000000426,-0.020663456
49,0.025000000000004352,-2.4067504e-05,0.025000000000004352,-0.020670456
50,4.440892098500626e-15,-2.4274056e-05,4.440892098500626e-15,-0.020672056
51,-0.02499999999999547,-2.4474448000000002e-05,-0.02499999999999547,-0.020674152
52,-0.04999999999999538,-2.466788e-05,-0.04999999999999538,-0.020676832
53,-0.07499999999999529,-2.4845608e-05,-0.07499999999999529,-0.020677584
54,-0.0999999999999952,-2.5074008e-05,-0.0999999999999952,-0.020678184
55,-0.12499999999999512,-2.5300432e-05,-0.12499999999999512,-0.020679408
56,-0.14999999999999503,-2.5531464000000003e-05,-0.14999999999999503,-0.020681791999999997
57,-0.17499999999999494,-2.5768463999999997e-05,-0.17499999999999494,-0.020683064
58,-0.19999999999999485,-2.5995576000000003e-05,-0.19999999999999485,-0.020684544
59,-0.22499999999999476,-2.6224224e-05,-0.22499999999999476,-0.020686368
