,E_Fapi4_DPPP_2R_V_D,E_Fapi4_DPPP_2R_J_D,E_Fapi4_DPPP_2R_V_L,E_Fapi4_DPPP_2R_J_L
0,1.25,1.2299906666666667e-08,1.25,9.495e-09
1,1.225,1.0970953333333333e-08,1.225,7.97174e-09
2,1.2000000000000002,1.0111500000000001e-08,1.2000000000000002,6.969326666666667e-09
3,1.1750000000000003,9.388633333333333e-09,1.1750000000000003,6.202496e-09
4,1.1500000000000004,8.657706666666666e-09,1.1500000000000004,5.3903573333333334e-09
5,1.1250000000000004,8.119733333333334e-09,1.1250000000000004,4.723199333333333e-09
6,1.1000000000000005,7.188133333333334e-09,1.1000000000000005,4.0885933333333335e-09
7,1.0750000000000006,7.199213333333334e-09,1.0750000000000006,3.39861e-09
8,1.0500000000000007,6.505542e-09,1.0500000000000007,2.871054e-09
9,1.0250000000000008,5.810193333333333e-09,1.0250000000000008,2.312962e-09
10,1.0000000000000009,5.3155233333333336e-09,1.0000000000000009,1.6501646666666666e-09
11,0.975000000000001,4.762460666666667e-09,0.975000000000001,1.2276160000000001e-09
12,0.9500000000000011,4.360755333333334e-09,0.9500000000000011,6.85462e-10
13,0.9250000000000012,4.027848e-09,0.9250000000000012,1.2585133333333334e-10
14,0.9000000000000012,3.619094666666667e-09,0.9000000000000012,-2.964578666666667e-10
15,0.8750000000000013,3.0083133333333332e-09,0.8750000000000013,-8.715126666666667e-10
16,0.8500000000000014,2.669698e-09,0.8500000000000014,-1.4515986666666668e-09
17,0.8250000000000015,2.043816e-09,0.8250000000000015,-1.9423906666666667e-09
18,0.8000000000000016,1.8693073333333335e-09,0.8000000000000016,-2.456348e-09
19,0.7750000000000017,1.4471300000000002e-09,0.7750000000000017,-3.009578e-09
20,0.7500000000000018,1.0228393333333334e-09,0.7500000000000018,-3.5550953333333335e-09
21,0.7250000000000019,6.965400000000001e-10,0.7250000000000019,-4.146588666666667e-09
22,0.700000000000002,3.6050493333333333e-10,0.700000000000002,-4.674978666666667e-09
23,0.675000000000002,1.7085313333333332e-11,0.675000000000002,-5.200349333333334e-09
24,0.6500000000000021,-3.280142666666667e-10,0.6500000000000021,-5.804943333333334e-09
25,0.6250000000000022,-7.869146666666667e-10,0.6250000000000022,-6.35449e-09
26,0.6000000000000023,-1.1219413333333332e-09,0.6000000000000023,-6.93726e-09
27,0.5750000000000024,-1.492892e-09,0.5750000000000024,-7.486806666666667e-09
28,0.5500000000000025,-1.9501146666666668e-09,0.5500000000000025,-8.08502e-09
29,0.5250000000000026,-2.2717100000000002e-09,0.5250000000000026,-8.735273333333333e-09
30,0.5000000000000027,-2.643662e-09,0.5000000000000027,-9.312666666666668e-09
31,0.47500000000000275,-3.061278666666667e-09,0.47500000000000275,-9.929353333333333e-09
32,0.45000000000000284,-3.4127473333333333e-09,0.45000000000000284,-1.0592686666666668e-08
33,0.42500000000000293,-3.872329333333334e-09,0.42500000000000293,-1.1152966666666666e-08
34,0.400000000000003,-4.338946666666667e-09,0.400000000000003,-1.1755553333333335e-08
35,0.3750000000000031,-4.67498e-09,0.3750000000000031,-1.2440366666666668e-08
36,0.3500000000000032,-5.126502666666667e-09,0.3500000000000032,-1.3034893333333335e-08
37,0.3250000000000033,-5.552835333333334e-09,0.3250000000000033,-1.3685813333333333e-08
38,0.3000000000000034,-5.948619333333333e-09,0.3000000000000034,-1.438608e-08
39,0.27500000000000346,-6.4300240000000005e-09,0.27500000000000346,-1.488696e-08
40,0.25000000000000355,-6.846613333333334e-09,0.25000000000000355,-1.568088e-08
41,0.22500000000000364,-7.23234e-09,0.22500000000000364,-1.6201206666666668e-08
42,0.20000000000000373,-7.736893333333333e-09,0.20000000000000373,-1.699546666666667e-08
43,0.17500000000000382,-8.170953333333335e-09,0.17500000000000382,-1.7683666666666665e-08
44,0.1500000000000039,-8.706726666666666e-09,0.1500000000000039,-1.8349006666666668e-08
45,0.125000000000004,-9.153206666666667e-09,0.125000000000004,-1.9052973333333336e-08
46,0.10000000000000409,-9.593320000000001e-09,0.10000000000000409,-1.9844193333333333e-08
47,0.07500000000000417,-1.0221753333333333e-08,0.07500000000000417,-2.0444786666666668e-08
48,0.05000000000000426,-1.0611833333333333e-08,0.05000000000000426,-2.11971e-08
49,0.025000000000004352,-1.1151293333333333e-08,0.025000000000004352,-2.1954106666666668e-08
50,4.440892098500626e-15,-1.1925733333333334e-08,4.440892098500626e-15,-2.3067266666666667e-08
51,-0.02499999999999547,-1.2226866666666666e-08,-0.02499999999999547,-2.3601340000000003e-08
52,-0.04999999999999538,-1.2706913333333334e-08,-0.04999999999999538,-2.4298953333333335e-08
53,-0.07499999999999529,-1.3210480000000001e-08,-0.07499999999999529,-2.515398e-08
54,-0.0999999999999952,-1.3708646666666667e-08,-0.0999999999999952,-2.5812606666666666e-08
55,-0.12499999999999512,-1.4313233333333333e-08,-0.12499999999999512,-2.6568946666666665e-08
56,-0.14999999999999503,-1.4780193333333333e-08,-0.14999999999999503,-2.7476993333333332e-08
57,-0.17499999999999494,-1.5363306666666666e-08,-0.17499999999999494,-2.827126666666667e-08
58,-0.19999999999999485,-1.5864513333333336e-08,-0.19999999999999485,-2.895678e-08
59,-0.22499999999999476,-1.6443246666666667e-08,-0.22499999999999476,-2.9852413333333337e-08
