,Fapi5_2R_V_D,Fapi5_2R_J_D,Fapi5_2R_V_L,Fapi5_2R_J_L
0,1.25,0.006171839199999999,1.25,0.004485452
1,1.225,0.0055991552,1.225,0.0038826800000000003
2,1.2000000000000002,0.0050499568,1.2000000000000002,0.0032916952
3,1.1750000000000003,0.0045342248,1.1750000000000003,0.0027079344
4,1.1500000000000004,0.0040446632000000005,1.1500000000000004,0.0021276567999999997
5,1.1250000000000004,0.0035827864000000003,1.1250000000000004,0.0015517168
6,1.1000000000000005,0.003142,1.1000000000000005,0.0009773832
7,1.0750000000000006,0.0027271072,1.0750000000000006,0.00041879072000000004
8,1.0500000000000007,0.0023385704,1.0500000000000007,-0.00015450416
9,1.0250000000000008,0.0019787488,1.0250000000000008,-0.00072103376
10,1.0000000000000009,0.001648976,1.0000000000000009,-0.001269472
11,0.975000000000001,0.0013556576000000001,0.975000000000001,-0.0018360064
12,0.9500000000000011,0.0010975936,0.9500000000000011,-0.0023976824
13,0.9250000000000012,0.0008833424,0.9250000000000012,-0.0029541464
14,0.9000000000000012,0.00073986592,0.9000000000000012,-0.0035061575999999995
15,0.8750000000000013,0.000583918,0.8750000000000013,-0.0040549912
16,0.8500000000000014,0.00047927264,0.8500000000000014,-0.004601676
17,0.8250000000000015,0.00040355112000000005,0.8250000000000015,-0.005143184
18,0.8000000000000016,0.00035070383999999996,0.8000000000000016,-0.00568166
19,0.7750000000000017,0.00031144471999999996,0.7750000000000017,-0.0062156312
20,0.7500000000000018,0.00028525192,0.7500000000000018,-0.006745599200000001
21,0.7250000000000019,0.00026101472,0.7250000000000019,-0.0072727087999999995
22,0.700000000000002,0.00024174968000000003,0.700000000000002,-0.0077943232
23,0.675000000000002,0.00022631696,0.675000000000002,-0.008313512
24,0.6500000000000021,0.00021342568,0.6500000000000021,-0.008804104
25,0.6250000000000022,0.00019940616,0.6250000000000022,-0.009319824
26,0.6000000000000023,0.00018761992,0.6000000000000023,-0.009827544
27,0.5750000000000024,0.00017645888,0.5750000000000024,-0.010329504
28,0.5500000000000025,0.00016626664,0.5500000000000025,-0.010822488
29,0.5250000000000026,0.00015529008,0.5250000000000026,-0.011309735999999999
30,0.5000000000000027,0.00014529928,0.5000000000000027,-0.01178868
31,0.47500000000000275,0.00013854712,0.47500000000000275,-0.012260176000000001
32,0.45000000000000284,0.00012850488,0.45000000000000284,-0.012724296
33,0.42500000000000293,0.00011777568,0.42500000000000293,-0.013182712
34,0.400000000000003,0.00010756304,0.400000000000003,-0.013629856000000001
35,0.3750000000000031,9.741128e-05,0.3750000000000031,-0.0140692
36,0.3500000000000032,8.908672e-05,0.3500000000000032,-0.014498608
37,0.3250000000000033,7.734384e-05,0.3250000000000033,-0.014919344000000001
38,0.3000000000000034,6.8104064e-05,0.3000000000000034,-0.01532524
39,0.27500000000000346,5.9354855999999996e-05,0.27500000000000346,-0.015721216
40,0.25000000000000355,4.9257887999999995e-05,0.25000000000000355,-0.016102232
41,0.22500000000000364,4.0974336e-05,0.22500000000000364,-0.016465712
42,0.20000000000000373,3.1797648e-05,0.20000000000000373,-0.016820856000000002
43,0.17500000000000382,2.3636112e-05,0.17500000000000382,-0.017156256
44,0.1500000000000039,1.5197760000000001e-05,0.1500000000000039,-0.017473632
45,0.125000000000004,7.57718e-06,0.125000000000004,-0.017773088
46,0.10000000000000409,-3.417084e-07,0.10000000000000409,-0.018049056
47,0.07500000000000417,-8.344592e-06,0.07500000000000417,-0.01830404
48,0.05000000000000426,-1.6735952e-05,0.05000000000000426,-0.01853768
49,0.025000000000004352,-2.5335416000000002e-05,0.025000000000004352,-0.0187458
50,4.440892098500626e-15,-3.4196968000000004e-05,4.440892098500626e-15,-0.0189362
51,-0.02499999999999547,-4.345004e-05,-0.02499999999999547,-0.019098472
52,-0.04999999999999538,-5.321103999999999e-05,-0.04999999999999538,-0.01924024
53,-0.07499999999999529,-6.339404e-05,-0.07499999999999529,-0.019364312
54,-0.0999999999999952,-7.3890696e-05,-0.0999999999999952,-0.019470928000000002
55,-0.12499999999999512,-0.00029888936,-0.12499999999999512,-0.019555944
56,-0.14999999999999503,-0.00035442296000000003,-0.14999999999999503,-0.019627159999999998
57,-0.17499999999999494,-0.00042877392,-0.17499999999999494,-0.019687312000000002
58,-0.19999999999999485,-0.00058107408,-0.19999999999999485,-0.019730048
59,-0.22499999999999476,-0.00073440424,-0.22499999999999476,-0.019777168
