,U_Fapi_DPPP_5F_V_D,U_Fapi_DPPP_5F_J_D,U_Fapi_DPPP_5F_V_L,U_Fapi_DPPP_5F_J_L
0,-0.25,-2.098142666666667e-05,-0.25,-0.0120651
1,-0.225,-2.026962e-05,-0.225,-0.010338253333333334
2,-0.2,-2.0136906666666666e-05,-0.2,-0.009507020000000001
3,-0.17500000000000002,-1.998350666666667e-05,-0.17500000000000002,-0.008998313333333334
4,-0.15000000000000002,-1.9915400000000002e-05,-0.15000000000000002,-0.008652433333333334
5,-0.12500000000000003,-1.986336e-05,-0.12500000000000003,-0.008390513333333334
6,-0.10000000000000003,-1.982152e-05,-0.10000000000000003,-0.008185873333333333
7,-0.07500000000000004,-1.9776893333333334e-05,-0.07500000000000004,-0.0080142
8,-0.050000000000000044,-1.9782006666666667e-05,-0.050000000000000044,-0.007866773333333334
9,-0.02500000000000005,-1.9707826666666665e-05,-0.02500000000000005,-0.007735626666666667
10,-5.551115123125783e-17,-1.9730426666666667e-05,-5.551115123125783e-17,-0.007614586666666667
11,0.02499999999999991,-1.965772e-05,0.02499999999999991,-0.007495706666666667
12,0.04999999999999993,-1.9623546666666668e-05,0.04999999999999993,-0.0073821
13,0.07499999999999996,-1.9575200000000002e-05,0.07499999999999996,-0.007267133333333334
14,0.09999999999999992,-1.952476e-05,0.09999999999999992,-0.007143206666666667
15,0.12499999999999989,-1.947754e-05,0.12499999999999989,-0.007006040000000001
16,0.1499999999999999,-1.941710666666667e-05,0.1499999999999999,-0.0068660399999999995
17,0.17499999999999993,-1.9340366666666665e-05,0.17499999999999993,-0.00670384
18,0.1999999999999999,-1.9242873333333334e-05,0.1999999999999999,-0.00673858
19,0.22499999999999987,-1.9114773333333335e-05,0.22499999999999987,-0.006346882666666667
20,0.2499999999999999,-1.8938220000000002e-05,0.2499999999999999,-0.006108838
21,0.2749999999999999,-1.8689606666666667e-05,0.2749999999999999,-0.005848014
22,0.2999999999999998,-1.8344653333333332e-05,0.2999999999999998,-0.005560857333333334
23,0.32499999999999984,-1.7873146666666665e-05,0.32499999999999984,-0.005241256
24,0.34999999999999987,-1.7256153333333334e-05,0.34999999999999987,-0.004892209333333334
25,0.3749999999999999,-1.6473153333333335e-05,0.3749999999999999,-0.004505214666666667
26,0.3999999999999999,-1.551792e-05,0.3999999999999999,-0.004081823333333334
27,0.4249999999999998,-1.436928e-05,0.4249999999999998,-0.003621438666666667
28,0.44999999999999984,-1.3036539999999999e-05,0.44999999999999984,-0.003154808
29,0.47499999999999987,-1.150612e-05,0.47499999999999987,-0.002679088666666667
30,0.4999999999999998,-9.79786e-06,0.4999999999999998,-0.0022137460000000004
31,0.5249999999999998,-7.891806666666667e-06,0.5249999999999998,-0.0017760220000000001
32,0.5499999999999998,-9.05594e-06,0.5499999999999998,-0.0013911886666666668
33,0.5749999999999998,-6.239467333333333e-06,0.5749999999999998,-0.001038398
34,0.5999999999999999,-1.5718353333333334e-06,0.5999999999999999,-0.0007240626666666667
35,0.6249999999999998,3.950007333333333e-06,0.6249999999999998,-0.0010511146666666667
36,0.6499999999999998,1.0220246666666666e-05,0.6499999999999998,-0.0009585246666666667
37,0.6749999999999998,2.728734666666667e-05,0.6749999999999998,-0.0006005426666666667
38,0.6999999999999997,5.9355673333333334e-05,0.6999999999999997,-0.00010435733333333332
39,0.7249999999999998,0.00010505026666666666,0.7249999999999998,0.00031293306666666665
40,0.7499999999999998,0.0002208788,0.7499999999999998,0.000699934
41,0.7749999999999997,0.000430234,0.7749999999999997,0.0008809613333333332
42,0.7999999999999998,0.00066718,0.7999999999999998,0.0017330840000000002
43,0.8249999999999997,0.0012394586666666667,0.8249999999999997,0.002746104666666667
44,0.8499999999999996,0.0020956066666666666,0.8499999999999996,0.004022894666666667
45,0.8749999999999998,0.0032868460000000004,0.8749999999999998,0.005600076666666667
46,0.8999999999999997,0.004841150666666667,0.8999999999999997,0.006204102
47,0.9249999999999998,0.006754893333333334,0.9249999999999998,0.008541773333333334
48,0.9499999999999997,0.008123346666666666,0.9499999999999997,0.011105046666666667
49,0.9749999999999996,0.010793433333333333,0.9749999999999996,0.013901546666666665
50,0.9999999999999998,0.013723140000000002,0.9999999999999998,0.016943953333333334
51,1.0249999999999997,0.016882753333333334,1.0249999999999997,0.020188140000000004
52,1.0499999999999998,0.020258579999999998,1.0499999999999998,0.023636673333333334
53,1.0749999999999997,0.02383194,1.0749999999999997,0.027265113333333337
54,1.0999999999999996,0.027594846666666666,1.0999999999999996,0.031060366666666665
55,1.1249999999999998,0.031518206666666666,1.1249999999999998,0.03498847333333333
56,1.1499999999999997,0.03558538,1.1499999999999997,0.039051426666666667
57,1.1749999999999996,0.03977678666666667,1.1749999999999996,0.04322459333333333
58,1.1999999999999997,0.0441007,1.1999999999999997,0.04756394666666667
59,1.2249999999999996,0.048545686666666664,1.2249999999999996,0.0519965
