,U_Fapi_PEACL_3F_V_D,U_Fapi_PEACL_3F_J_D,U_Fapi_PEACL_3F_V_L,U_Fapi_PEACL_3F_J_L
0,-0.25,-2.1581380000000002e-05,-0.25,-0.0184502
1,-0.225,-2.089002e-05,-0.225,-0.01774848
2,-0.2,-2.0737440000000002e-05,-0.2,-0.017345926666666667
3,-0.17500000000000002,-2.0558586666666668e-05,-0.17500000000000002,-0.017064506666666666
4,-0.15000000000000002,-2.0479933333333334e-05,-0.15000000000000002,-0.01684582
5,-0.12500000000000003,-2.0401713333333334e-05,-0.12500000000000003,-0.01666402
6,-0.10000000000000003,-2.033476e-05,-0.10000000000000003,-0.01650874
7,-0.07500000000000004,-2.0270106666666667e-05,-0.07500000000000004,-0.016367073333333336
8,-0.050000000000000044,-2.0240306666666666e-05,-0.050000000000000044,-0.0162374
9,-0.02500000000000005,-2.0135373333333333e-05,-0.02500000000000005,-0.016117733333333332
10,-5.551115123125783e-17,-2.0074893333333334e-05,-5.551115123125783e-17,-0.01600608
11,0.02499999999999991,-1.9990513333333333e-05,0.02499999999999991,-0.015894113333333335
12,0.04999999999999993,-1.9914973333333334e-05,0.04999999999999993,-0.015789273333333336
13,0.07499999999999996,-1.984092666666667e-05,0.07499999999999996,-0.015686966666666666
14,0.09999999999999992,-1.9761860000000002e-05,0.09999999999999992,-0.01558304
15,0.12499999999999989,-1.9681486666666666e-05,0.12499999999999989,-0.01547852
16,0.1499999999999999,-1.9597000000000002e-05,0.1499999999999999,-0.015380526666666668
17,0.17499999999999993,-1.9502126666666668e-05,0.17499999999999993,-0.01528314
18,0.1999999999999999,-1.9397933333333333e-05,0.1999999999999999,-0.015169880000000002
19,0.22499999999999987,-1.9284113333333333e-05,0.22499999999999987,-0.015063293333333333
20,0.2499999999999999,-1.9148346666666666e-05,0.2499999999999999,-0.014939460000000002
21,0.2749999999999999,-1.8984133333333337e-05,0.2749999999999999,-0.014808240000000002
22,0.2999999999999998,-1.878874e-05,0.2999999999999998,-0.014661786666666666
23,0.32499999999999984,-1.8545693333333335e-05,0.32499999999999984,-0.014492846666666667
24,0.34999999999999987,-1.824646e-05,0.34999999999999987,-0.014302533333333334
25,0.3749999999999999,-1.7864586666666666e-05,0.3749999999999999,-0.014076600000000002
26,0.3999999999999999,-1.7380173333333336e-05,0.3999999999999999,-0.0138141
27,0.4249999999999998,-1.676272e-05,0.4249999999999998,-0.01350542
28,0.44999999999999984,-1.597758e-05,0.44999999999999984,-0.013144226666666666
29,0.47499999999999987,-1.4983406666666669e-05,0.47499999999999987,-0.01273264
30,0.4999999999999998,-1.37465e-05,0.4999999999999998,-0.012256533333333333
31,0.5249999999999998,-1.2222473333333333e-05,0.5249999999999998,-0.011707153333333333
32,0.5499999999999998,-1.038792e-05,0.5499999999999998,-0.011090966666666667
33,0.5749999999999998,-8.182153333333334e-06,0.5749999999999998,-0.01039136
34,0.5999999999999999,-9.44804e-06,0.5999999999999999,-0.009622653333333333
35,0.6249999999999998,-8.158066666666667e-06,0.6249999999999998,-0.008785880000000001
36,0.6499999999999998,-4.991154e-06,0.6499999999999998,-0.007848586666666667
37,0.6749999999999998,9.896466666666667e-07,0.6749999999999998,-0.006908446666666667
38,0.6999999999999997,6.999146666666667e-06,0.6999999999999997,-0.006483254666666667
39,0.7249999999999998,1.352388e-05,0.7249999999999998,-0.005293196666666666
40,0.7499999999999998,3.097226666666667e-05,0.7499999999999998,-0.004229984
41,0.7749999999999997,5.8587913333333334e-05,0.7749999999999997,-0.0031712566666666667
42,0.7999999999999998,9.377626666666667e-05,0.7999999999999998,-0.002161136
43,0.8249999999999997,0.00017722926666666666,0.8249999999999997,-0.0011662106666666667
44,0.8499999999999996,0.0003229494666666667,0.8499999999999996,-0.0017321153333333336
45,0.8749999999999998,0.0005706026666666667,0.8749999999999998,-0.0015412593333333333
46,0.8999999999999997,0.0009130120000000002,0.8999999999999997,-0.0009846886666666668
47,0.9249999999999998,0.0015291913333333334,0.9249999999999998,0.0007278293333333333
48,0.9499999999999997,0.0024444273333333335,0.9499999999999997,0.002339216
49,0.9749999999999996,0.0037104733333333333,0.9749999999999996,0.004058155333333334
50,0.9999999999999998,0.005385199333333333,0.9999999999999998,0.006007149333333333
51,1.0249999999999997,0.00723654,1.0249999999999997,0.007502933333333333
52,1.0499999999999998,0.009772213333333333,1.0499999999999998,0.010245160000000001
53,1.0749999999999997,0.01274962,1.0749999999999997,0.013283773333333334
54,1.0999999999999996,0.016144060000000002,1.0999999999999996,0.01666927333333333
55,1.1249999999999998,0.01990922666666667,1.1249999999999998,0.020379473333333335
56,1.1499999999999997,0.02403024,1.1499999999999997,0.024426733333333336
57,1.1749999999999996,0.02846274,1.1749999999999996,0.028777180000000003
58,1.1999999999999997,0.03319453333333333,1.1999999999999997,0.033422440000000005
59,1.2249999999999996,0.03818388,1.2249999999999996,0.038329793333333334
