,U_Fapi3_DPPP_6R_V_D,U_Fapi3_DPPP_6R_J_D,U_Fapi3_DPPP_6R_V_L,U_Fapi3_DPPP_6R_J_L
0,1.25,1.3759140000000001e-08,1.25,2.556538e-08
1,1.225,1.1896193333333334e-08,1.225,2.223684e-08
2,1.2000000000000002,1.10545e-08,1.2000000000000002,1.9833933333333335e-08
3,1.1750000000000003,1.0339653333333334e-08,1.1750000000000003,1.8147826666666667e-08
4,1.1500000000000004,9.585220000000002e-09,1.1500000000000004,1.6577873333333333e-08
5,1.1250000000000004,9.200273333333335e-09,1.1250000000000004,1.508712e-08
6,1.1000000000000005,8.50188e-09,1.1000000000000005,1.3745373333333334e-08
7,1.0750000000000006,8.003166666666667e-09,1.0750000000000006,1.2342873333333333e-08
8,1.0500000000000007,7.547426666666666e-09,1.0500000000000007,1.096722e-08
9,1.0250000000000008,7.174226666666667e-09,1.0250000000000008,9.794973333333335e-09
10,1.0000000000000009,6.807746666666667e-09,1.0000000000000009,8.5482e-09
11,0.975000000000001,6.300314666666667e-09,0.975000000000001,7.4443866666666665e-09
12,0.9500000000000011,5.9435706666666675e-09,0.9500000000000011,6.328176666666667e-09
13,0.9250000000000012,5.697568666666667e-09,0.9250000000000012,5.057906e-09
14,0.9000000000000012,5.134086666666666e-09,0.9000000000000012,4.006788e-09
15,0.8750000000000013,4.981051333333334e-09,0.8750000000000013,2.9962846666666667e-09
16,0.8500000000000014,4.259500666666666e-09,0.8500000000000014,1.7589106666666666e-09
17,0.8250000000000015,3.854088666666667e-09,0.8250000000000015,7.055826666666667e-10
18,0.8000000000000016,3.826571333333333e-09,0.8000000000000016,-3.1833280000000004e-10
19,0.7750000000000017,3.440292e-09,0.7750000000000017,-1.4372533333333335e-09
20,0.7500000000000018,2.9546693333333334e-09,0.7500000000000018,-2.396042666666667e-09
21,0.7250000000000019,2.8117026666666667e-09,0.7250000000000019,-3.5035493333333332e-09
22,0.700000000000002,2.1663346666666667e-09,0.700000000000002,-4.600648e-09
23,0.675000000000002,2.2005666666666667e-09,0.675000000000002,-5.545338e-09
24,0.6500000000000021,1.4833786666666668e-09,0.6500000000000021,-6.694133333333334e-09
25,0.6250000000000022,1.0446506666666666e-09,0.6250000000000022,-7.667373333333334e-09
26,0.6000000000000023,1.0879573333333333e-09,0.6000000000000023,-8.720146666666668e-09
27,0.5750000000000024,9.3823e-10,0.5750000000000024,-9.790726666666668e-09
28,0.5500000000000025,2.3256726666666667e-10,0.5500000000000025,-1.0875073333333334e-08
29,0.5250000000000026,4.9606340000000004e-11,0.5250000000000026,-1.187246e-08
30,0.5000000000000027,-3.502248666666667e-10,0.5000000000000027,-1.2942033333333332e-08
31,0.47500000000000275,-7.97726e-10,0.47500000000000275,-1.4026386666666668e-08
32,0.45000000000000284,-9.360393333333333e-10,0.45000000000000284,-1.5086553333333333e-08
33,0.42500000000000293,-1.4288613333333334e-09,0.42500000000000293,-1.6194393333333334e-08
34,0.400000000000003,-1.58866e-09,0.400000000000003,-1.7286126666666665e-08
35,0.3750000000000031,-1.981776e-09,0.3750000000000031,-1.8422180000000002e-08
36,0.3500000000000032,-2.4124913333333333e-09,0.3500000000000032,-1.9381633333333332e-08
37,0.3250000000000033,-2.584036666666667e-09,0.3250000000000033,-2.0402533333333336e-08
38,0.3000000000000034,-2.6736766666666665e-09,0.3000000000000034,-2.1494586666666667e-08
39,0.27500000000000346,-2.783454e-09,0.27500000000000346,-2.2585966666666668e-08
40,0.25000000000000355,-2.0667113333333333e-09,0.25000000000000355,-2.3608226666666666e-08
41,0.22500000000000364,-2.6726646666666665e-09,0.22500000000000364,-2.4757013333333334e-08
42,0.20000000000000373,-2.6545386666666667e-09,0.20000000000000373,-2.5913546666666665e-08
43,0.17500000000000382,-3.042954666666667e-09,0.17500000000000382,-2.710566e-08
44,0.1500000000000039,-3.1997333333333334e-09,0.1500000000000039,-2.8240333333333336e-08
45,0.125000000000004,-3.118156e-09,0.125000000000004,-2.9335433333333336e-08
46,0.10000000000000409,-3.5344346666666665e-09,0.10000000000000409,-3.0551373333333336e-08
47,0.07500000000000417,-4.269304e-09,0.07500000000000417,-3.1579326666666664e-08
48,0.05000000000000426,-4.9323340000000005e-09,0.05000000000000426,-3.2632793333333334e-08
49,0.025000000000004352,-5.717893333333333e-09,0.025000000000004352,-3.383864666666667e-08
50,4.440892098500626e-15,-6.45243e-09,4.440892098500626e-15,-3.520330666666667e-08
51,-0.02499999999999547,-5.917306e-09,-0.02499999999999547,-3.606877333333333e-08
52,-0.04999999999999538,-6.296660666666666e-09,-0.04999999999999538,-3.7428400000000004e-08
53,-0.07499999999999529,-7.159766666666667e-09,-0.07499999999999529,-3.860842e-08
54,-0.0999999999999952,-7.82078e-09,-0.0999999999999952,-3.9909986666666665e-08
55,-0.12499999999999512,-8.31528e-09,-0.12499999999999512,-4.113930666666667e-08
56,-0.14999999999999503,-8.735586666666668e-09,-0.14999999999999503,-4.229751333333334e-08
57,-0.17499999999999494,-9.057866666666666e-09,-0.17499999999999494,-4.3595646666666666e-08
58,-0.19999999999999485,-9.227066666666668e-09,-0.19999999999999485,-4.468340666666667e-08
59,-0.22499999999999476,-9.57018e-09,-0.22499999999999476,-4.606752e-08
