,U_Fapi3_DPPP_1F_V_D,U_Fapi3_DPPP_1F_J_D,U_Fapi3_DPPP_1F_V_L,U_Fapi3_DPPP_1F_J_L
0,-0.25,-1.3339386666666668e-05,-0.25,-0.010098146666666667
1,-0.225,-1.0754453333333335e-05,-0.225,-0.010034846666666668
2,-0.2,-9.683893333333335e-06,-0.2,-0.009936513333333334
3,-0.17500000000000002,-8.727613333333333e-06,-0.17500000000000002,-0.00980928
4,-0.15000000000000002,-8.012793333333333e-06,-0.15000000000000002,-0.009669713333333335
5,-0.12500000000000003,-7.519073333333334e-06,-0.12500000000000003,-0.00952114
6,-0.10000000000000003,-7.013033333333334e-06,-0.10000000000000003,-0.009365046666666666
7,-0.07500000000000004,-6.764706666666667e-06,-0.07500000000000004,-0.009205653333333334
8,-0.050000000000000044,-8.700746666666667e-06,-0.050000000000000044,-0.009038773333333333
9,-0.02500000000000005,-7.71898e-06,-0.02500000000000005,-0.008867426666666667
10,-5.551115123125783e-17,-7.34728e-06,-5.551115123125783e-17,-0.008693753333333333
11,0.02499999999999991,-7.013593333333334e-06,0.02499999999999991,-0.008512666666666668
12,0.04999999999999993,-6.79058e-06,0.04999999999999993,-0.008330133333333335
13,0.07499999999999996,-8.28986e-06,0.07499999999999996,-0.00814454
14,0.09999999999999992,-1.1089526666666667e-05,0.09999999999999992,-0.00795342
15,0.12499999999999989,-1.0295e-05,0.12499999999999989,-0.007761566666666667
16,0.1499999999999999,-8.03488e-06,0.1499999999999999,-0.007566133333333333
17,0.17499999999999993,-7.280626666666667e-06,0.17499999999999993,-0.0073674000000000005
18,0.1999999999999999,-6.699913333333334e-06,0.1999999999999999,-0.007166013333333334
19,0.22499999999999987,-5.995157333333334e-06,0.22499999999999987,-0.00695896
20,0.2499999999999999,-5.720218666666666e-06,0.2499999999999999,-0.006750393333333333
21,0.2749999999999999,-4.800669333333333e-06,0.2749999999999999,-0.006539416
22,0.2999999999999998,-4.409933333333333e-06,0.2999999999999998,-0.0063073673333333335
23,0.32499999999999984,-3.5796593333333337e-06,0.32499999999999984,-0.006097970666666667
24,0.34999999999999987,-3.114012e-06,0.34999999999999987,-0.005884242666666667
25,0.3749999999999999,-2.434886666666667e-06,0.3749999999999999,-0.005667634666666667
26,0.3999999999999999,-1.7384606666666666e-06,0.3999999999999999,-0.005449829333333334
27,0.4249999999999998,-9.617386666666667e-07,0.4249999999999998,-0.005229401333333334
28,0.44999999999999984,-1.4527033333333332e-07,0.44999999999999984,-0.005009349333333334
29,0.47499999999999987,2.8126820000000003e-08,0.47499999999999987,-0.0047892460000000005
30,0.4999999999999998,2.593230666666667e-09,0.4999999999999998,-0.004568576
31,0.5249999999999998,2.344882e-09,0.5249999999999998,-0.00434624
32,0.5499999999999998,2.547588e-09,0.5499999999999998,-0.004126568666666667
33,0.5749999999999998,2.9144053333333337e-09,0.5749999999999998,-0.00390693
34,0.5999999999999999,3.2201453333333335e-09,0.5999999999999999,-0.0036894853333333333
35,0.6249999999999998,3.5238680000000003e-09,0.6249999999999998,-0.0034734400000000004
36,0.6499999999999998,3.974920666666667e-09,0.6499999999999998,-0.0032597846666666667
37,0.6749999999999998,4.311202e-09,0.6749999999999998,-0.0030483786666666668
38,0.6999999999999997,4.847500666666667e-09,0.6999999999999997,-0.002839317333333333
39,0.7249999999999998,5.225058e-09,0.7249999999999998,-0.002633002
40,0.7499999999999998,7.993533333333333e-05,0.7499999999999998,-0.0024295280000000002
41,0.7749999999999997,9.71256e-05,0.7749999999999997,-0.002229
42,0.7999999999999998,0.000117279,0.7999999999999998,-0.0020305153333333333
43,0.8249999999999997,0.00013728613333333333,0.8249999999999997,-0.0018349506666666669
44,0.8499999999999996,0.0001688866,0.8499999999999996,-0.0016402893333333334
45,0.8749999999999998,0.00020142506666666666,0.8749999999999998,-0.0014495993333333334
46,0.8999999999999997,0.0002446628666666667,0.8999999999999997,-0.0012580453333333333
47,0.9249999999999998,0.0002953977333333333,0.9249999999999998,-0.001065866
48,0.9499999999999997,0.00035879433333333333,0.9499999999999997,-0.000869576
49,0.9749999999999996,0.00044432446666666664,0.9749999999999996,-0.0006712773333333333
50,0.9999999999999998,0.0005082290666666667,0.9999999999999998,-0.00045022220000000003
51,1.0249999999999997,0.0005784926,1.0249999999999997,-0.00022953720000000002
52,1.0499999999999998,0.0006509430666666667,1.0499999999999998,0.0001251252
53,1.0749999999999997,0.0006999420000000001,1.0749999999999997,0.0003910303333333334
54,1.0999999999999996,0.0005620006,1.0999999999999996,0.0009119800000000001
55,1.1249999999999998,0.0005824824000000001,1.1249999999999998,0.0012720093333333333
56,1.1499999999999997,0.0013802546666666668,1.1499999999999997,0.0016538640000000001
57,1.1749999999999996,0.0014794266666666668,1.1749999999999996,0.00206893
58,1.1999999999999997,0.0015813673333333333,1.1999999999999997,0.0025157213333333334
59,1.2249999999999996,0.0017023566666666667,1.2249999999999996,0.003038069333333333
