,U_Fapi1_PEACL_1F_V_D,U_Fapi1_PEACL_1F_J_D,U_Fapi1_PEACL_1F_V_L,U_Fapi1_PEACL_1F_J_L
0,-0.25,8.915840000000001e-10,-0.25,7.448833333333333e-10
1,-0.225,9.50666e-10,-0.225,6.005335333333333e-10
2,-0.2,9.92964e-10,-0.2,3.9307260000000007e-10
3,-0.17500000000000002,1.1087793333333334e-09,-0.17500000000000002,1.0896446666666667e-09
4,-0.15000000000000002,9.875933333333334e-10,-0.15000000000000002,8.482786666666667e-10
5,-0.12500000000000003,1.0282126666666667e-09,-0.12500000000000003,8.993046666666667e-10
6,-0.10000000000000003,1.0970306666666668e-09,-0.10000000000000003,9.24146e-10
7,-0.07500000000000004,1.0661466666666666e-09,-0.07500000000000004,1.088638e-09
8,-0.050000000000000044,1.0785673333333334e-09,-0.050000000000000044,9.009833333333333e-10
9,-0.02500000000000005,1.2027753333333333e-09,-0.02500000000000005,9.95314e-10
10,-5.551115123125783e-17,1.3575266666666667e-09,-5.551115123125783e-17,1.1692053333333334e-09
11,0.02499999999999991,1.1960613333333334e-09,0.02499999999999991,8.7782e-10
12,0.04999999999999993,1.1339573333333333e-09,0.04999999999999993,9.26496e-10
13,0.07499999999999996,1.1984113333333335e-09,0.07499999999999996,9.855793333333333e-10
14,0.09999999999999992,1.1369780000000001e-09,0.09999999999999992,1.0114273333333333e-09
15,0.12499999999999989,1.1225433333333334e-09,0.12499999999999989,1.0003493333333334e-09
16,0.1499999999999999,9.644300000000002e-10,0.1499999999999999,1.1121366666666668e-09
17,0.17499999999999993,1.0859520000000002e-09,0.17499999999999993,1.0416406666666667e-09
18,0.1999999999999999,1.0825953333333334e-09,0.1999999999999999,1.01512e-09
19,0.22499999999999987,1.2353380000000002e-09,0.22499999999999987,1.0285480000000001e-09
20,0.2499999999999999,1.1269073333333332e-09,0.2499999999999999,1.0141126666666667e-09
21,0.2749999999999999,1.14e-09,0.2749999999999999,1.05574e-09
22,0.2999999999999998,1.1947186666666667e-09,0.2999999999999998,1.097366e-09
23,0.32499999999999984,1.1755833333333335e-09,0.32499999999999984,1.102066e-09
24,0.34999999999999987,1.0557393333333334e-09,0.34999999999999987,1.1353e-09
25,0.3749999999999999,1.10408e-09,0.3749999999999999,1.1188506666666667e-09
26,0.3999999999999999,1.1430206666666666e-09,0.3999999999999999,1.1359713333333334e-09
27,0.4249999999999998,9.39924e-10,0.4249999999999998,1.0231766666666667e-09
28,0.44999999999999984,1.264208e-09,0.44999999999999984,7.086286666666667e-10
29,0.47499999999999987,1.1551060000000001e-09,0.47499999999999987,8.120233333333335e-10
30,0.4999999999999998,1.226274e-09,0.4999999999999998,1.0601040000000001e-09
31,0.5249999999999998,1.2339953333333333e-09,0.5249999999999998,1.1037446666666667e-09
32,0.5499999999999998,1.152756e-09,0.5499999999999998,1.1584633333333334e-09
33,0.5749999999999998,1.1010586666666668e-09,0.5749999999999998,1.2433946666666666e-09
34,0.5999999999999999,1.2111673333333333e-09,0.5999999999999999,1.1809546666666667e-09
35,0.6249999999999998,1.2004253333333334e-09,0.6249999999999998,1.18599e-09
36,0.6499999999999998,1.2343306666666668e-09,0.6499999999999998,1.2145246666666668e-09
37,0.6749999999999998,1.3682653333333333e-09,0.6749999999999998,1.1201933333333333e-09
38,0.6999999999999997,1.38236e-09,0.6999999999999997,1.257494e-09
39,0.7249999999999998,1.272936e-09,0.7249999999999998,1.173234e-09
40,0.7499999999999998,1.2440660000000002e-09,0.7499999999999998,1.2423873333333333e-09
41,0.7749999999999997,1.259844e-09,0.7749999999999997,1.2390306666666668e-09
42,0.7999999999999998,1.3021413333333333e-09,0.7999999999999998,1.2924066666666668e-09
43,0.8249999999999997,1.2538013333333332e-09,0.8249999999999997,1.2679006666666667e-09
44,0.8499999999999996,1.3101986666666668e-09,0.8499999999999996,1.3071773333333335e-09
45,0.8749999999999998,1.2940846666666667e-09,0.8749999999999998,1.2504440000000001e-09
46,0.8999999999999997,1.3833666666666667e-09,0.8999999999999997,1.1994180000000002e-09
47,0.9249999999999998,1.3206046666666667e-09,0.9249999999999998,1.2920706666666668e-09
48,0.9499999999999997,1.2893853333333335e-09,0.9499999999999997,1.3165766666666667e-09
49,0.9749999999999996,1.3162406666666667e-09,0.9749999999999996,1.3038200000000002e-09
50,0.9999999999999998,1.3175833333333334e-09,0.9999999999999998,1.3313473333333334e-09
51,1.0249999999999997,1.2554793333333334e-09,1.0249999999999997,1.3722926666666668e-09
52,1.0499999999999998,1.3182553333333334e-09,1.0499999999999998,1.3528280000000002e-09
53,1.0749999999999997,1.3407466666666669e-09,1.0749999999999997,1.2531293333333333e-09
54,1.0999999999999996,1.292742e-09,1.0999999999999996,1.2517866666666668e-09
55,1.1249999999999998,1.3884006666666666e-09,1.1249999999999998,1.2695786666666668e-09
56,1.1499999999999997,1.34813e-09,1.1499999999999997,1.3145626666666666e-09
57,1.1749999999999996,1.359204e-09,1.1749999999999996,1.3575266666666667e-09
