,NiOx_C2_56d_new_5R_V_D,NiOx_C2_56d_new_5R_J_D,NiOx_C2_56d_new_5R_V_L,NiOx_C2_56d_new_5R_J_L
0,1.25,0.035227586666666665,1.25,0.03674984
1,1.225,0.029531093333333334,1.225,0.029478393333333335
2,1.2000000000000002,0.023616606666666668,1.2000000000000002,0.022430106666666668
3,1.1750000000000003,0.018135966666666666,1.1750000000000003,0.015838993333333336
4,1.1500000000000004,0.0133018,1.1500000000000004,0.009763713333333333
5,1.1250000000000004,0.009259826666666667,1.1250000000000004,0.004571726666666667
6,1.1000000000000005,0.006119804,1.1000000000000005,0.00027970333333333334
7,1.0750000000000006,0.003786416666666667,1.0750000000000006,-0.00372916
8,1.0500000000000007,0.0022160033333333334,1.0500000000000007,-0.0068646666666666665
9,1.0250000000000008,0.001244414,1.0250000000000008,-0.010061326666666667
10,1.0000000000000009,0.0006792446666666667,1.0000000000000009,-0.012315113333333334
11,0.975000000000001,0.00042098386666666665,0.975000000000001,-0.013951253333333335
12,0.9500000000000011,0.0002071752,0.9500000000000011,-0.015146966666666666
13,0.9250000000000012,0.00010633360000000001,0.9250000000000012,-0.01598708
14,0.9000000000000012,9.19062e-05,0.9000000000000012,-0.016587126666666667
15,0.8750000000000013,5.732056e-05,0.8750000000000013,-0.017011206666666667
16,0.8500000000000014,2.6423853333333338e-05,0.8500000000000014,-0.01732394
17,0.8250000000000015,1.3149086666666667e-05,0.8250000000000015,-0.017599466666666667
18,0.8000000000000016,1.5598006666666668e-05,0.8000000000000016,-0.017845633333333336
19,0.7750000000000017,9.00898e-06,0.7750000000000017,-0.01808834
20,0.7500000000000018,1.3248146666666669e-06,0.7500000000000018,-0.018345040000000003
21,0.7250000000000019,-6.997420000000001e-06,0.7250000000000019,-0.018603913333333336
22,0.700000000000002,-1.2982673333333335e-05,0.700000000000002,-0.018879433333333334
23,0.675000000000002,-2.2737366666666667e-05,0.675000000000002,-0.019120166666666667
24,0.6500000000000021,-2.8957793333333333e-05,0.6500000000000021,-0.01935738
25,0.6250000000000022,-3.465246666666667e-05,0.6250000000000022,-0.01958798
26,0.6000000000000023,-3.9805033333333336e-05,0.6000000000000023,-0.019808206666666668
27,0.5750000000000024,-4.439190666666667e-05,0.5750000000000024,-0.019986200000000003
28,0.5500000000000025,-4.8357553333333334e-05,0.5500000000000025,-0.02015496
29,0.5250000000000026,-5.172980000000001e-05,0.5250000000000026,-0.020307173333333334
30,0.5000000000000027,-5.453224666666667e-05,0.5000000000000027,-0.020436086666666665
31,0.47500000000000275,-5.682414e-05,0.47500000000000275,-0.02055488
32,0.45000000000000284,-5.866546666666667e-05,0.45000000000000284,-0.020658080000000002
33,0.42500000000000293,-6.013062666666667e-05,0.42500000000000293,-0.020745573333333336
34,0.400000000000003,-6.128613333333333e-05,0.400000000000003,-0.020826706666666667
35,0.3750000000000031,-6.220320666666666e-05,0.3750000000000031,-0.020904706666666665
36,0.3500000000000032,-6.292856666666667e-05,0.3500000000000032,-0.020963020000000002
37,0.3250000000000033,-6.351198000000001e-05,0.3250000000000033,-0.021020726666666666
38,0.3000000000000034,-6.398125333333334e-05,0.3000000000000034,-0.021076746666666667
39,0.27500000000000346,-6.436820666666667e-05,0.27500000000000346,-0.02113086
40,0.25000000000000355,-6.468875333333334e-05,0.25000000000000355,-0.021171573333333336
41,0.22500000000000364,-6.490715333333333e-05,0.22500000000000364,-0.02120572
42,0.20000000000000373,-6.519398666666667e-05,0.20000000000000373,-0.02125586
43,0.17500000000000382,-6.540212e-05,0.17500000000000382,-0.021293106666666665
44,0.1500000000000039,-6.558863333333334e-05,0.1500000000000039,-0.02132984666666667
45,0.125000000000004,-6.575708666666667e-05,0.125000000000004,-0.021362246666666668
46,0.10000000000000409,-6.591487333333334e-05,0.10000000000000409,-0.02140202
47,0.07500000000000417,-6.606219333333333e-05,0.07500000000000417,-0.021431146666666668
48,0.05000000000000426,-6.620397333333334e-05,0.05000000000000426,-0.02146534
49,0.025000000000004352,-6.633454666666668e-05,0.025000000000004352,-0.021487
50,4.440892098500626e-15,-6.64596e-05,4.440892098500626e-15,-0.021523253333333332
51,-0.02499999999999547,-6.658637333333334e-05,-0.02499999999999547,-0.021551526666666668
52,-0.04999999999999538,-6.66976e-05,-0.04999999999999538,-0.021581553333333333
53,-0.07499999999999529,-6.681893333333333e-05,-0.07499999999999529,-0.021600353333333336
54,-0.0999999999999952,-6.692426666666667e-05,-0.0999999999999952,-0.021626620000000003
55,-0.12499999999999512,-6.702946666666667e-05,-0.12499999999999512,-0.02164832
56,-0.14999999999999503,-6.7127e-05,-0.14999999999999503,-0.02167482
57,-0.17499999999999494,-6.72242e-05,-0.17499999999999494,-0.021692773333333335
58,-0.19999999999999485,-6.728833333333334e-05,-0.19999999999999485,-0.02171072666666667
59,-0.22499999999999476,-6.740866666666667e-05,-0.22499999999999476,-0.021736913333333333
