,NiOx_D2_56d_5R_V_D,NiOx_D2_56d_5R_J_D,NiOx_D2_56d_5R_V_L,NiOx_D2_56d_5R_J_L
0,1.25,0.023217826666666667,1.25,0.022518906666666668
1,1.225,0.01867072666666667,1.225,0.017293173333333335
2,1.2000000000000002,0.014635986666666666,1.2000000000000002,0.012575213333333333
3,1.1750000000000003,0.011193933333333335,1.1750000000000003,0.008320280000000001
4,1.1500000000000004,0.008346253333333333,1.1500000000000004,0.004887226666666667
5,1.1250000000000004,0.006221156,1.1250000000000004,0.001273814
6,1.1000000000000005,0.004383666666666667,1.1000000000000005,-0.0016782286666666667
7,1.0750000000000006,0.0031098126666666667,1.0750000000000006,-0.004135168
8,1.0500000000000007,0.002216724,1.0500000000000007,-0.006169778666666666
9,1.0250000000000008,0.00159118,1.0250000000000008,-0.0072412
10,1.0000000000000009,0.0011574353333333334,1.0000000000000009,-0.00899204
11,0.975000000000001,0.0008697646666666667,0.975000000000001,-0.010200206666666668
12,0.9500000000000011,0.0007515986666666667,0.9500000000000011,-0.011184686666666667
13,0.9250000000000012,0.0005849575333333333,0.9250000000000012,-0.01200582
14,0.9000000000000012,0.0004321252666666667,0.9000000000000012,-0.012713219999999999
15,0.8750000000000013,0.0003440676666666667,0.8750000000000013,-0.013332626666666667
16,0.8500000000000014,0.00027309286666666666,0.8500000000000014,-0.013879586666666669
17,0.8250000000000015,0.0002192576,0.8250000000000015,-0.014373753333333334
18,0.8000000000000016,0.00017077406666666668,0.8000000000000016,-0.014814546666666668
19,0.7750000000000017,0.0001296062,0.7750000000000017,-0.015213073333333334
20,0.7500000000000018,9.31014e-05,0.7500000000000018,-0.015577133333333335
21,0.7250000000000019,7.231160000000001e-05,0.7250000000000019,-0.015911893333333333
22,0.700000000000002,4.4470933333333335e-05,0.700000000000002,-0.0161949
23,0.675000000000002,1.833994666666667e-05,0.675000000000002,-0.016456006666666665
24,0.6500000000000021,3.7659460000000002e-06,0.6500000000000021,-0.016688746666666667
25,0.6250000000000022,-1.0431813333333333e-05,0.6250000000000022,-0.01689860666666667
26,0.6000000000000023,-2.283494666666667e-05,0.6000000000000023,-0.017073520000000002
27,0.5750000000000024,-3.114916666666667e-05,0.5750000000000024,-0.017227966666666667
28,0.5500000000000025,-3.7268099999999996e-05,0.5500000000000025,-0.01736828666666667
29,0.5250000000000026,-4.1834533333333334e-05,0.5250000000000026,-0.0174937
30,0.5000000000000027,-4.521738666666667e-05,0.5000000000000027,-0.017603573333333334
31,0.47500000000000275,-4.771365333333333e-05,0.47500000000000275,-0.017701793333333334
32,0.45000000000000284,-4.9549766666666664e-05,0.45000000000000284,-0.017787786666666666
33,0.42500000000000293,-5.0903266666666664e-05,0.42500000000000293,-0.01787208
34,0.400000000000003,-5.189906e-05,0.400000000000003,-0.017946913333333335
35,0.3750000000000031,-5.264459333333334e-05,0.3750000000000031,-0.018015660000000003
36,0.3500000000000032,-5.321266666666667e-05,0.3500000000000032,-0.01807824666666667
37,0.3250000000000033,-5.36575e-05,0.3250000000000033,-0.01813732
38,0.3000000000000034,-5.40161e-05,0.3000000000000034,-0.01819674
39,0.27500000000000346,-5.432083333333333e-05,0.27500000000000346,-0.018244153333333336
40,0.25000000000000355,-5.458523333333334e-05,0.25000000000000355,-0.01829406
41,0.22500000000000364,-5.479229333333334e-05,0.22500000000000364,-0.018336266666666667
42,0.20000000000000373,-5.5043440000000005e-05,0.20000000000000373,-0.018385426666666666
43,0.17500000000000382,-5.5252406666666676e-05,0.17500000000000382,-0.01842814
44,0.1500000000000039,-5.545149333333334e-05,0.1500000000000039,-0.018467853333333333
45,0.125000000000004,-5.5643220000000004e-05,0.125000000000004,-0.01850932666666667
46,0.10000000000000409,-5.5825213333333334e-05,0.10000000000000409,-0.018545166666666665
47,0.07500000000000417,-5.5997660000000005e-05,0.07500000000000417,-0.01858238666666667
48,0.05000000000000426,-5.6167660000000005e-05,0.05000000000000426,-0.018616233333333333
49,0.025000000000004352,-5.633486666666667e-05,0.025000000000004352,-0.018650613333333333
50,4.440892098500626e-15,-5.64918e-05,4.440892098500626e-15,-0.018683493333333332
51,-0.02499999999999547,-5.6651026666666674e-05,-0.02499999999999547,-0.018717733333333333
52,-0.04999999999999538,-5.680254666666667e-05,-0.04999999999999538,-0.018744900000000002
53,-0.07499999999999529,-5.695411333333333e-05,-0.07499999999999529,-0.01877654
54,-0.0999999999999952,-5.7097553333333335e-05,-0.0999999999999952,-0.018804500000000002
55,-0.12499999999999512,-5.723763333333333e-05,-0.12499999999999512,-0.01883796
56,-0.14999999999999503,-5.737195333333334e-05,-0.14999999999999503,-0.01886432
57,-0.17499999999999494,-5.750764666666667e-05,-0.17499999999999494,-0.018890353333333335
58,-0.19999999999999485,-5.7624313333333335e-05,-0.19999999999999485,-0.01891496
59,-0.22499999999999476,-5.777016666666667e-05,-0.22499999999999476,-0.018941273333333335
