,NiOx_D3_56d_6R_V_D,NiOx_D3_56d_6R_J_D,NiOx_D3_56d_6R_V_L,NiOx_D3_56d_6R_J_L
0,1.25,0.00794794,1.25,0.008815753333333334
1,1.225,0.006278102,1.225,0.006557812666666668
2,1.2000000000000002,0.0048567666666666665,1.2000000000000002,0.004532543333333333
3,1.1750000000000003,0.0036163273333333335,1.1750000000000003,0.0027064180000000004
4,1.1500000000000004,0.0026321666666666668,1.1500000000000004,0.0010847673333333333
5,1.1250000000000004,0.001889492,1.1250000000000004,-0.00022057946666666667
6,1.1000000000000005,0.001339956,1.1000000000000005,-0.0014933273333333334
7,1.0750000000000006,0.0009442553333333333,1.0750000000000006,-0.0029158586666666667
8,1.0500000000000007,0.0006814173333333334,1.0500000000000007,-0.004180868
9,1.0250000000000008,0.0004817076666666667,1.0250000000000008,-0.0053395586666666675
10,1.0000000000000009,0.00034528226666666665,1.0000000000000009,-0.006448132666666667
11,0.975000000000001,0.0002505290666666667,0.975000000000001,-0.007213666666666667
12,0.9500000000000011,0.00018554853333333334,0.9500000000000011,-0.008272013333333335
13,0.9250000000000012,0.00013914559999999998,0.9250000000000012,-0.00915478
14,0.9000000000000012,0.00010527293333333334,0.9000000000000012,-0.00995116
15,0.8750000000000013,7.960866666666667e-05,0.8750000000000013,-0.010687799999999999
16,0.8500000000000014,6.562507333333334e-05,0.8500000000000014,-0.01130888
17,0.8250000000000015,4.6632766666666665e-05,0.8250000000000015,-0.011914753333333333
18,0.8000000000000016,3.431406e-05,0.8000000000000016,-0.01248044
19,0.7750000000000017,2.3904446666666666e-05,0.7750000000000017,-0.013003500000000001
20,0.7500000000000018,1.3858860000000001e-05,0.7500000000000018,-0.0135039
21,0.7250000000000019,6.586916666666667e-06,0.7250000000000019,-0.013985286666666668
22,0.700000000000002,1.6701313333333335e-06,0.700000000000002,-0.014434859999999999
23,0.675000000000002,-6.901953333333334e-06,0.675000000000002,-0.014869746666666666
24,0.6500000000000021,-1.5976493333333333e-05,0.6500000000000021,-0.015272833333333334
25,0.6250000000000022,-2.1976633333333336e-05,0.6250000000000022,-0.015644853333333337
26,0.6000000000000023,-2.7277713333333333e-05,0.6000000000000023,-0.015983493333333335
27,0.5750000000000024,-3.175926666666667e-05,0.5750000000000024,-0.016299613333333334
28,0.5500000000000025,-3.6132660000000004e-05,0.5500000000000025,-0.01658472
29,0.5250000000000026,-3.978444666666667e-05,0.5250000000000026,-0.01683106666666667
30,0.5000000000000027,-4.272920666666667e-05,0.5000000000000027,-0.017061033333333333
31,0.47500000000000275,-4.5991406666666664e-05,0.47500000000000275,-0.01726690666666667
32,0.45000000000000284,-4.8311639999999996e-05,0.45000000000000284,-0.017454673333333334
33,0.42500000000000293,-5.034056666666667e-05,0.42500000000000293,-0.017612400000000004
34,0.400000000000003,-5.200058e-05,0.400000000000003,-0.01776432
35,0.3750000000000031,-5.340673333333334e-05,0.3750000000000031,-0.017898
36,0.3500000000000032,-5.508757333333334e-05,0.3500000000000032,-0.01802322
37,0.3250000000000033,-5.5858846666666673e-05,0.3250000000000033,-0.018135773333333334
38,0.3000000000000034,-5.7387700000000006e-05,0.3000000000000034,-0.0182415
39,0.27500000000000346,-5.832651333333333e-05,0.27500000000000346,-0.0183395
40,0.25000000000000355,-5.97854e-05,0.25000000000000355,-0.018429553333333334
41,0.22500000000000364,-6.0647880000000005e-05,0.22500000000000364,-0.018508693333333333
42,0.20000000000000373,-6.127024666666668e-05,0.20000000000000373,-0.018591660000000003
43,0.17500000000000382,-6.209728666666667e-05,0.17500000000000382,-0.018666340000000003
44,0.1500000000000039,-6.286611333333334e-05,0.1500000000000039,-0.01873468
45,0.125000000000004,-6.358797333333334e-05,0.125000000000004,-0.018804373333333332
46,0.10000000000000409,-6.421771333333335e-05,0.10000000000000409,-0.018862273333333335
47,0.07500000000000417,-6.475806666666667e-05,0.07500000000000417,-0.018918993333333335
48,0.05000000000000426,-6.526208666666667e-05,0.05000000000000426,-0.018974113333333334
49,0.025000000000004352,-6.572530666666667e-05,0.025000000000004352,-0.019022593333333334
50,4.440892098500626e-15,-6.619052e-05,4.440892098500626e-15,-0.019073213333333335
51,-0.02499999999999547,-6.658649333333333e-05,-0.02499999999999547,-0.019116340000000002
52,-0.04999999999999538,-6.702360000000001e-05,-0.04999999999999538,-0.01915982
53,-0.07499999999999529,-6.74534e-05,-0.07499999999999529,-0.01920178
54,-0.0999999999999952,-6.81442e-05,-0.0999999999999952,-0.01924116
55,-0.12499999999999512,-6.91366e-05,-0.12499999999999512,-0.019276840000000003
56,-0.14999999999999503,-6.99106e-05,-0.14999999999999503,-0.019312606666666666
57,-0.17499999999999494,-7.81036e-05,-0.17499999999999494,-0.01934632
58,-0.19999999999999485,-8.107866666666667e-05,-0.19999999999999485,-0.019377866666666667
59,-0.22499999999999476,-8.282373333333334e-05,-0.22499999999999476,-0.019410406666666668
