,FAPI_SA_BFP1_ENC_D__3F_V_D,FAPI_SA_BFP1_ENC_D__3F_J_D,FAPI_SA_BFP1_ENC_D__3F_V_L,FAPI_SA_BFP1_ENC_D__3F_J_L
0,-0.25,-7.884646666666666e-05,-0.25,-0.04518665333333334
1,-0.225,-6.91946e-05,-0.225,-0.04113224666666667
2,-0.2,-5.799986666666667e-05,-0.2,-0.037087426666666666
3,-0.17500000000000002,-4.957880666666666e-05,-0.17500000000000002,-0.03305092666666667
4,-0.15000000000000002,-4.219065333333334e-05,-0.15000000000000002,-0.02901898
5,-0.12500000000000003,-3.464668666666667e-05,-0.12500000000000003,-0.02498774
6,-0.10000000000000003,-2.6972873333333337e-05,-0.10000000000000003,-0.020959146666666668
7,-0.07500000000000004,-1.8832126666666666e-05,-0.07500000000000004,-0.016926093333333336
8,-0.050000000000000044,-1.221582e-05,-0.050000000000000044,-0.012895693333333335
9,-0.02500000000000005,-5.482431333333334e-06,-0.02500000000000005,-0.008860573333333333
10,-5.551115123125783e-17,1.016542e-06,-5.551115123125783e-17,-0.004839934666666667
11,0.02499999999999991,7.492040000000001e-06,0.02499999999999991,-0.0007928693333333333
12,0.04999999999999993,1.4129006666666667e-05,0.04999999999999993,0.003245674
13,0.07499999999999996,2.170884666666667e-05,0.07499999999999996,0.007266733333333333
14,0.09999999999999992,2.964108666666667e-05,0.09999999999999992,0.011317806666666668
15,0.12499999999999989,3.810234e-05,0.12499999999999989,0.01536256
16,0.1499999999999999,4.6464640000000005e-05,0.1499999999999999,0.019407753333333333
17,0.17499999999999993,5.7916940000000004e-05,0.17499999999999993,0.023456233333333333
18,0.1999999999999999,6.67784e-05,0.1999999999999999,0.02750566
19,0.22499999999999987,0.021024626666666667,0.22499999999999987,0.03155766
20,0.2499999999999999,0.022946200000000003,0.2499999999999999,0.035608386666666665
21,0.2749999999999999,0.024878733333333333,0.2749999999999999,0.039673353333333335
22,0.2999999999999998,0.026749420000000003,0.2999999999999998,0.04372053333333333
23,0.32499999999999984,0.028629093333333334,0.32499999999999984,0.047786720000000005
24,0.34999999999999987,0.03050886,0.34999999999999987,0.05183718
25,0.3749999999999999,0.032215280000000006,0.3749999999999999,0.05588978000000001
26,0.3999999999999999,0.03381110666666667,0.3999999999999999,0.05993478
27,0.4249999999999998,0.03533930666666667,0.4249999999999998,0.06399138
28,0.44999999999999984,0.036014333333333336,0.44999999999999984,0.06802386666666667
29,0.47499999999999987,0.03530918,0.47499999999999987,0.07194446666666666
30,0.4999999999999998,0.023239866666666668,0.4999999999999998,0.07592546666666666
31,0.5249999999999998,0.0021445333333333337,0.5249999999999998,0.07994726666666667
32,0.5499999999999998,0.022184653333333335,0.5499999999999998,0.08391526666666667
33,0.5749999999999998,0.0032321173333333337,0.5749999999999998,0.0878748
34,0.5999999999999999,0.0032395386666666665,0.5999999999999999,0.0918814
35,0.6249999999999998,0.002912192666666667,0.6249999999999998,0.09589106666666666
36,0.6499999999999998,0.0025195313333333334,0.6499999999999998,0.09986946666666667
37,0.6749999999999998,0.0024871733333333337,0.6749999999999998,0.1038392
38,0.6999999999999997,0.06724226666666666,0.6999999999999997,0.1076978
39,0.7249999999999998,0.02221326666666667,0.7249999999999998,0.11137713333333334
40,0.7499999999999998,0.02039028,0.7499999999999998,0.11529993333333334
41,0.7749999999999997,0.013827793333333333,0.7749999999999997,0.11908606666666667
42,0.7999999999999998,0.04704847333333334,0.7999999999999998,0.12258633333333334
43,0.8249999999999997,0.08511120000000001,0.8249999999999997,0.12316220000000001
44,0.8499999999999996,0.06447119999999999,0.8499999999999996,0.1257854
45,0.8749999999999998,0.06505375333333334,0.8749999999999998,0.12801613333333334
46,0.8999999999999997,0.0936686,0.8999999999999997,0.13143786666666668
47,0.9249999999999998,0.1008338,0.9249999999999998,0.13660173333333334
48,0.9499999999999997,0.11099553333333334,0.9499999999999997,0.14005553333333334
49,0.9749999999999996,0.11505446666666667,0.9749999999999996,0.14352966666666667
50,0.9999999999999998,0.11782426666666668,0.9999999999999998,0.1477184666666667
51,1.0249999999999997,0.12172626666666668,1.0249999999999997,0.1515822666666667
52,1.0499999999999998,0.12931586666666667,1.0499999999999998,0.15554126666666668
53,1.0749999999999997,0.13276053333333335,1.0749999999999997,0.15961726666666667
54,1.0999999999999996,0.13851380000000002,1.0999999999999996,0.16307153333333335
55,1.1249999999999998,0.13328826666666665,1.1249999999999998,0.1668088666666667
56,1.1499999999999997,0.14266993333333336,1.1499999999999997,0.17054566666666668
57,1.1749999999999996,0.13114893333333333,1.1749999999999996,0.1730622666666667
58,1.1999999999999997,0.14120886666666668,1.1999999999999997,0.1760652
59,1.2249999999999996,0.13679646666666667,1.2249999999999996,0.180328
