,FAPI_LA_5_2F_V_D,FAPI_LA_5_2F_J_D,FAPI_LA_5_2F_V_L,FAPI_LA_5_2F_J_L
0,-0.25,-5.9735903999999996e-05,-0.25,-0.018083368
1,-0.225,-5.2975319999999995e-05,-0.225,-0.017403672000000002
2,-0.2,-5.136794400000001e-05,-0.2,-0.016583648
3,-0.17500000000000002,-5.0682048e-05,-0.17500000000000002,-0.01600664
4,-0.15000000000000002,-5.025222399999999e-05,-0.15000000000000002,-0.01562556
5,-0.12500000000000003,-4.9994112e-05,-0.12500000000000003,-0.015360776000000001
6,-0.10000000000000003,-4.9750336e-05,-0.10000000000000003,-0.015161896
7,-0.07500000000000004,-4.954068799999999e-05,-0.07500000000000004,-0.015001608
8,-0.050000000000000044,-4.9351064e-05,-0.050000000000000044,-0.014867272
9,-0.02500000000000005,-4.9138535999999996e-05,-0.02500000000000005,-0.01474656
10,-5.551115123125783e-17,-4.8978664e-05,-5.551115123125783e-17,-0.014644592000000001
11,0.02499999999999991,-4.874708e-05,0.02499999999999991,-0.014535936
12,0.04999999999999993,-4.8561383999999995e-05,0.04999999999999993,-0.014433640000000001
13,0.07499999999999996,-4.8340528e-05,0.07499999999999996,-0.014334264
14,0.09999999999999992,-4.8124912000000004e-05,0.09999999999999992,-0.014226655999999999
15,0.12499999999999989,-4.7901552e-05,0.12499999999999989,-0.014118743999999999
16,0.1499999999999999,-4.7684344e-05,0.1499999999999999,-0.013998095999999998
17,0.17499999999999993,-4.7372288e-05,0.17499999999999993,-0.013887608000000001
18,0.1999999999999999,-4.714852e-05,0.1999999999999999,-0.013761696
19,0.22499999999999987,-4.6798264000000004e-05,0.22499999999999987,-0.013628128
20,0.2499999999999999,-4.6502504e-05,0.2499999999999999,-0.013487672000000001
21,0.2749999999999999,-4.6080672000000004e-05,0.2749999999999999,-0.013348592000000001
22,0.2999999999999998,-4.5703224e-05,0.2999999999999998,-0.013199791999999998
23,0.32499999999999984,-4.5219224e-05,0.32499999999999984,-0.013036328
24,0.34999999999999987,-4.4671608e-05,0.34999999999999987,-0.012870864000000001
25,0.3749999999999999,-4.403668e-05,0.3749999999999999,-0.012690024
26,0.3999999999999999,-4.3292504000000004e-05,0.3999999999999999,-0.012507344
27,0.4249999999999998,-4.242112e-05,0.4249999999999998,-0.012305952
28,0.44999999999999984,-4.137588e-05,0.44999999999999984,-0.012098152
29,0.47499999999999987,-4.0148048e-05,0.47499999999999987,-0.01187536
30,0.4999999999999998,-3.8645911999999995e-05,0.4999999999999998,-0.011642336
31,0.5249999999999998,-3.68546e-05,0.5249999999999998,-0.01138872
32,0.5499999999999998,-3.4629304e-05,0.5499999999999998,-0.011119976
33,0.5749999999999998,-3.1879864e-05,0.5749999999999998,-0.010825472
34,0.5999999999999999,-2.8408231999999998e-05,0.5999999999999999,-0.010527584
35,0.6249999999999998,-2.4272e-05,0.6249999999999998,-0.010198712
36,0.6499999999999998,-1.8999920000000002e-05,0.6499999999999998,-0.009841168
37,0.6749999999999998,-1.2271455999999999e-05,0.6749999999999998,-0.009445720000000001
38,0.6999999999999997,-1.5256944e-05,0.6999999999999997,-0.009028256
39,0.7249999999999998,-9.585528e-06,0.7249999999999998,-0.008567888
40,0.7499999999999998,9.53392e-06,0.7499999999999998,-0.008062792000000001
41,0.7749999999999997,3.1721024e-05,0.7749999999999997,-0.008007816
42,0.7999999999999998,6.3610056e-05,0.7999999999999998,-0.0071648576
43,0.8249999999999997,9.459208e-05,0.8249999999999997,-0.006406404
44,0.8499999999999996,0.00017441992,0.8499999999999996,-0.0056135064
45,0.8749999999999998,0.00028743544000000003,0.8749999999999998,-0.0047621328
46,0.8999999999999997,0.00045523127999999997,0.8999999999999997,-0.0038546728000000002
47,0.9249999999999998,0.00069849008,0.9249999999999998,-0.0028750328
48,0.9499999999999997,0.0010435487999999999,0.9499999999999997,-0.0018090384000000001
49,0.9749999999999996,0.0015121256,0.9749999999999996,-0.0011738383999999999
50,0.9999999999999998,0.0021170448,0.9999999999999998,0.00011771232000000001
51,1.0249999999999997,0.0028677416000000002,1.0249999999999997,0.0014434384
52,1.0499999999999998,0.003772828,1.0499999999999998,0.0030371855999999997
53,1.0749999999999997,0.0048323360000000004,1.0749999999999997,0.0046693152
54,1.0999999999999996,0.0060458144,1.0999999999999996,0.006380764799999999
55,1.1249999999999998,0.007408451200000001,1.1249999999999998,0.008179224
56,1.1499999999999997,0.00919152,1.1499999999999997,0.010139752
57,1.1749999999999996,0.010770416,1.1749999999999996,0.012165216
58,1.1999999999999997,0.012540751999999999,1.1999999999999997,0.014302192
59,1.2249999999999996,0.014456807999999998,1.2249999999999996,0.016546816
