,NiOx_C2_112023_2d_6F_V_D,NiOx_C2_112023_2d_6F_J_D,NiOx_C2_112023_2d_6F_V_L,NiOx_C2_112023_2d_6F_J_L
0,-0.25,-7.104146666666667e-05,-0.25,-0.023171033333333334
1,-0.225,-6.90128e-05,-0.225,-0.023169406666666666
2,-0.2,-6.857806666666667e-05,-0.2,-0.02311764666666667
3,-0.17500000000000002,-6.833373333333333e-05,-0.17500000000000002,-0.023046826666666666
4,-0.15000000000000002,-6.817840000000001e-05,-0.15000000000000002,-0.022970833333333333
5,-0.12500000000000003,-6.805453333333334e-05,-0.12500000000000003,-0.022896446666666667
6,-0.10000000000000003,-6.794980000000001e-05,-0.10000000000000003,-0.02282540666666667
7,-0.07500000000000004,-6.785446666666667e-05,-0.07500000000000004,-0.02276069333333333
8,-0.050000000000000044,-6.774906666666667e-05,-0.050000000000000044,-0.022703433333333335
9,-0.02500000000000005,-6.76344e-05,-0.02500000000000005,-0.02264782
10,-5.551115123125783e-17,-6.750666666666667e-05,-5.551115123125783e-17,-0.02259820666666667
11,0.02499999999999991,-6.732600000000001e-05,0.02499999999999991,-0.022546899999999998
12,0.04999999999999993,-6.712306666666668e-05,0.04999999999999993,-0.022498973333333335
13,0.07499999999999996,-6.691126666666666e-05,0.07499999999999996,-0.022448966666666667
14,0.09999999999999992,-6.719993333333333e-05,0.09999999999999992,-0.0223979
15,0.12499999999999989,-6.647133333333333e-05,0.12499999999999989,-0.022344700000000002
16,0.1499999999999999,-6.601013333333333e-05,0.1499999999999999,-0.022282
17,0.17499999999999993,-6.551040666666666e-05,0.17499999999999993,-0.022216720000000002
18,0.1999999999999999,-6.492176e-05,0.1999999999999999,-0.022142793333333334
19,0.22499999999999987,-6.423248e-05,0.22499999999999987,-0.022055913333333333
20,0.2499999999999999,-6.337994666666668e-05,0.2499999999999999,-0.021956046666666666
21,0.2749999999999999,-6.236772666666667e-05,0.2749999999999999,-0.02183810666666667
22,0.2999999999999998,-6.117462e-05,0.2999999999999998,-0.021702073333333332
23,0.32499999999999984,-5.978572e-05,0.32499999999999984,-0.021540173333333336
24,0.34999999999999987,-5.820984e-05,0.34999999999999987,-0.02134714
25,0.3749999999999999,-5.646051333333334e-05,0.3749999999999999,-0.0211315
26,0.3999999999999999,-5.456716e-05,0.3999999999999999,-0.020875693333333334
27,0.4249999999999998,-5.254638666666667e-05,0.4249999999999998,-0.020578233333333334
28,0.44999999999999984,-5.044712666666667e-05,0.44999999999999984,-0.020242326666666668
29,0.47499999999999987,-4.8263966666666664e-05,0.47499999999999987,-0.019878566666666667
30,0.4999999999999998,-4.6000133333333334e-05,0.4999999999999998,-0.01948152
31,0.5249999999999998,-4.3576673333333335e-05,0.5249999999999998,-0.019062093333333335
32,0.5499999999999998,-4.0930986666666666e-05,0.5499999999999998,-0.01861804
33,0.5749999999999998,-3.7879233333333335e-05,0.5749999999999998,-0.018167213333333335
34,0.5999999999999999,-3.424714666666667e-05,0.5999999999999999,-0.017720246666666665
35,0.6249999999999998,-2.964008666666667e-05,0.6249999999999998,-0.017282573333333332
36,0.6499999999999998,-2.3557933333333334e-05,0.6499999999999998,-0.01685012666666667
37,0.6749999999999998,-1.5174253333333333e-05,0.6749999999999998,-0.016414573333333335
38,0.6999999999999997,-1.971762e-05,0.6999999999999997,-0.016025280000000003
39,0.7249999999999998,-1.0951566666666667e-05,0.7249999999999998,-0.015627913333333337
40,0.7499999999999998,1.8140680000000003e-05,0.7499999999999998,-0.015206899999999999
41,0.7749999999999997,5.528586000000001e-05,0.7749999999999997,-0.014731906666666668
42,0.7999999999999998,8.056300000000001e-05,0.7999999999999998,-0.014238153333333333
43,0.8249999999999997,0.00017366133333333335,0.8249999999999997,-0.013634160000000001
44,0.8499999999999996,0.0003059718,0.8499999999999996,-0.012896266666666666
45,0.8749999999999998,0.0005076238000000001,0.8749999999999998,-0.012017926666666666
46,0.8999999999999997,0.0006744126666666666,0.8999999999999997,-0.010938020000000001
47,0.9249999999999998,0.0011653506666666669,0.9249999999999998,-0.0096062
48,0.9499999999999997,0.0018711506666666666,0.9499999999999997,-0.00795904
49,0.9749999999999996,0.002901962,0.9749999999999996,-0.008592286666666667
50,0.9999999999999998,0.004412801333333334,0.9999999999999998,-0.006024204666666667
51,1.0249999999999997,0.006556774666666668,1.0249999999999997,-0.0019957213333333334
52,1.0499999999999998,0.008918733333333335,1.0499999999999998,0.002520388666666667
53,1.0749999999999997,0.013066693333333334,1.0749999999999997,0.006087376
54,1.0999999999999996,0.018316926666666667,1.0999999999999996,0.01306858
55,1.1249999999999998,0.024793393333333334,1.1249999999999998,0.02089764666666667
56,1.1499999999999997,0.03256686666666667,1.1499999999999997,0.029796020000000003
57,1.1749999999999996,0.04159582666666667,1.1749999999999996,0.03976202
58,1.1999999999999997,0.05185153333333334,1.1999999999999997,0.05081538
59,1.2249999999999996,0.06322694666666667,1.2249999999999996,0.06285280666666668
