,NiOx_D2_112023_2d_1F_V_D,NiOx_D2_112023_2d_1F_J_D,NiOx_D2_112023_2d_1F_V_L,NiOx_D2_112023_2d_1F_J_L
0,-0.25,-6.295216e-05,-0.25,-0.020814460000000003
1,-0.225,-6.267871333333333e-05,-0.225,-0.020674106666666667
2,-0.2,-6.259462666666667e-05,-0.2,-0.020589373333333334
3,-0.17500000000000002,-6.248184e-05,-0.17500000000000002,-0.02053102
4,-0.15000000000000002,-6.240126666666667e-05,-0.15000000000000002,-0.02048384
5,-0.12500000000000003,-6.231923333333334e-05,-0.12500000000000003,-0.02044506
6,-0.10000000000000003,-6.223769333333334e-05,-0.10000000000000003,-0.020411253333333334
7,-0.07500000000000004,-6.215532000000001e-05,-0.07500000000000004,-0.020380953333333333
8,-0.050000000000000044,-6.206781333333333e-05,-0.050000000000000044,-0.020357686666666666
9,-0.02500000000000005,-6.198093333333333e-05,-0.02500000000000005,-0.020327426666666665
10,-5.551115123125783e-17,-6.189458666666668e-05,-5.551115123125783e-17,-0.02030076
11,0.02499999999999991,-6.179293333333333e-05,0.02499999999999991,-0.02027728
12,0.04999999999999993,-6.168289333333333e-05,0.04999999999999993,-0.02024704
13,0.07499999999999996,-6.156444e-05,0.07499999999999996,-0.02022124
14,0.09999999999999992,-6.143420666666667e-05,0.09999999999999992,-0.020194253333333332
15,0.12499999999999989,-6.128735333333333e-05,0.12499999999999989,-0.02016998
16,0.1499999999999999,-6.111524666666668e-05,0.1499999999999999,-0.020140013333333335
17,0.17499999999999993,-6.093103333333334e-05,0.17499999999999993,-0.020108133333333333
18,0.1999999999999999,-6.0698019999999995e-05,0.1999999999999999,-0.020067706666666667
19,0.22499999999999987,-6.042298666666667e-05,0.22499999999999987,-0.020031946666666668
20,0.2499999999999999,-6.009121333333334e-05,0.2499999999999999,-0.019987913333333333
21,0.2749999999999999,-5.966306666666667e-05,0.2749999999999999,-0.01994212
22,0.2999999999999998,-5.91464e-05,0.2999999999999998,-0.01988624
23,0.32499999999999984,-5.854935333333334e-05,0.32499999999999984,-0.019828873333333337
24,0.34999999999999987,-5.7787253333333336e-05,0.34999999999999987,-0.019760133333333332
25,0.3749999999999999,-5.68454e-05,0.3749999999999999,-0.019678013333333334
26,0.3999999999999999,-5.571064e-05,0.3999999999999999,-0.01958946
27,0.4249999999999998,-5.4332360000000006e-05,0.4249999999999998,-0.019487200000000003
28,0.44999999999999984,-5.268111333333334e-05,0.44999999999999984,-0.019373386666666666
29,0.47499999999999987,-5.071872666666667e-05,0.47499999999999987,-0.019243220000000002
30,0.4999999999999998,-4.8504533333333336e-05,0.4999999999999998,-0.019100793333333334
31,0.5249999999999998,-4.5695600000000003e-05,0.5249999999999998,-0.018944060000000002
32,0.5499999999999998,-4.255608666666667e-05,0.5499999999999998,-0.018769026666666667
33,0.5749999999999998,-3.893454666666667e-05,0.5749999999999998,-0.018574533333333334
34,0.5999999999999999,-3.483338666666667e-05,0.5999999999999999,-0.01838620666666667
35,0.6249999999999998,-3.0140313333333332e-05,0.6249999999999998,-0.018181213333333335
36,0.6499999999999998,-2.48114e-05,0.6499999999999998,-0.017960546666666667
37,0.6749999999999998,-1.8650493333333334e-05,0.6749999999999998,-0.017721666666666667
38,0.6999999999999997,-1.1453593333333334e-05,0.6999999999999997,-0.017507580000000002
39,0.7249999999999998,-1.2283093333333333e-05,0.7249999999999998,-0.01726286
40,0.7499999999999998,-3.5475166666666666e-06,0.7499999999999998,-0.017000953333333332
41,0.7749999999999997,4.778033333333333e-06,0.7749999999999997,-0.016726766666666667
42,0.7999999999999998,2.7503046666666666e-05,0.7999999999999998,-0.016428166666666667
43,0.8249999999999997,5.2188606666666666e-05,0.8249999999999997,-0.016092933333333333
44,0.8499999999999996,7.059973333333334e-05,0.8499999999999996,-0.015711326666666667
45,0.8749999999999998,0.00012899813333333335,0.8749999999999998,-0.0152454
46,0.8999999999999997,0.00020290486666666666,0.8999999999999997,-0.01470238
47,0.9249999999999998,0.00031392340000000005,0.9249999999999998,-0.014029186666666667
48,0.9499999999999997,0.0004882660666666667,0.9499999999999997,-0.013206326666666667
49,0.9749999999999996,0.0007034873333333334,0.9749999999999996,-0.012150113333333334
50,0.9999999999999998,0.0011492846666666667,0.9999999999999998,-0.010767753333333333
51,1.0249999999999997,0.0017941773333333335,1.0249999999999997,-0.009084766666666667
52,1.0499999999999998,0.0027669273333333333,1.0499999999999998,-0.006903480000000001
53,1.0749999999999997,0.004228848,1.0749999999999997,-0.0048668846666666665
54,1.0999999999999996,0.006360452,1.0999999999999996,-0.0008141426666666667
55,1.1249999999999998,0.009247493333333334,1.1249999999999998,0.00358997
56,1.1499999999999997,0.013322340000000002,1.1499999999999997,0.00842308
57,1.1749999999999996,0.01843822666666667,1.1749999999999996,0.01498966
58,1.1999999999999997,0.024689813333333335,1.1999999999999997,0.0223024
59,1.2249999999999996,0.032068813333333335,1.2249999999999996,0.030527446666666666
