,NiOx_C2_112023_2d_5F_V_D,NiOx_C2_112023_2d_5F_J_D,NiOx_C2_112023_2d_5F_V_L,NiOx_C2_112023_2d_5F_J_L
0,-0.25,-7.10058e-05,-0.25,-0.023044333333333333
1,-0.225,-6.89498e-05,-0.225,-0.023105253333333336
2,-0.2,-6.854473333333333e-05,-0.2,-0.023071086666666667
3,-0.17500000000000002,-6.829433333333334e-05,-0.17500000000000002,-0.023003453333333333
4,-0.15000000000000002,-6.81062e-05,-0.15000000000000002,-0.022924886666666665
5,-0.12500000000000003,-6.795460000000001e-05,-0.12500000000000003,-0.022840293333333334
6,-0.10000000000000003,-6.778793333333333e-05,-0.10000000000000003,-0.022760473333333333
7,-0.07500000000000004,-6.76054e-05,-0.07500000000000004,-0.02268286666666667
8,-0.050000000000000044,-6.738613333333334e-05,-0.050000000000000044,-0.022604373333333334
9,-0.02500000000000005,-6.711286666666667e-05,-0.02500000000000005,-0.02252712
10,-5.551115123125783e-17,-6.678413333333334e-05,-5.551115123125783e-17,-0.022444686666666668
11,0.02499999999999991,-6.687926666666668e-05,0.02499999999999991,-0.022353606666666668
12,0.04999999999999993,-6.600864666666666e-05,0.04999999999999993,-0.022256126666666667
13,0.07499999999999996,-6.527443333333334e-05,0.07499999999999996,-0.022142733333333334
14,0.09999999999999992,-6.443800666666667e-05,0.09999999999999992,-0.02201336
15,0.12499999999999989,-6.347603333333334e-05,0.12499999999999989,-0.021858813333333334
16,0.1499999999999999,-6.239551333333333e-05,0.1499999999999999,-0.021679473333333334
17,0.17499999999999993,-6.122296e-05,0.17499999999999993,-0.02147184
18,0.1999999999999999,-6.000347333333334e-05,0.1999999999999999,-0.02123402
19,0.22499999999999987,-5.881979333333334e-05,0.22499999999999987,-0.020961713333333337
20,0.2499999999999999,-5.764912666666667e-05,0.2499999999999999,-0.020660513333333335
21,0.2749999999999999,-5.656968666666667e-05,0.2749999999999999,-0.020327426666666665
22,0.2999999999999998,-5.5625559999999995e-05,0.2999999999999998,-0.019975160000000002
23,0.32499999999999984,-5.480722666666666e-05,0.32499999999999984,-0.0196098
24,0.34999999999999987,-5.412536666666667e-05,0.34999999999999987,-0.01922864
25,0.3749999999999999,-5.35347e-05,0.3749999999999999,-0.01886076
26,0.3999999999999999,-5.3007306666666666e-05,0.3999999999999999,-0.018501820000000002
27,0.4249999999999998,-5.2474353333333335e-05,0.4249999999999998,-0.018152333333333336
28,0.44999999999999984,-5.1869840000000005e-05,0.44999999999999984,-0.017814966666666668
29,0.47499999999999987,-5.108762e-05,0.47499999999999987,-0.017515126666666665
30,0.4999999999999998,-4.99827e-05,0.4999999999999998,-0.017224013333333333
31,0.5249999999999998,-4.831226e-05,0.5249999999999998,-0.016940993333333335
32,0.5499999999999998,-4.5710126666666665e-05,0.5499999999999998,-0.01664688666666667
33,0.5749999999999998,-4.156458666666667e-05,0.5749999999999998,-0.01633908
34,0.5999999999999999,-3.496915333333334e-05,0.5999999999999999,-0.0160082
35,0.6249999999999998,-2.441312666666667e-05,0.6249999999999998,-0.0156447
36,0.6499999999999998,-7.689866666666667e-06,0.6499999999999998,-0.015234346666666667
37,0.6749999999999998,1.8560486666666668e-05,0.6749999999999998,-0.014773813333333333
38,0.6999999999999997,5.8775159999999996e-05,0.6999999999999997,-0.014267233333333334
39,0.7249999999999998,8.112613333333333e-05,0.7249999999999998,-0.013703266666666668
40,0.7499999999999998,0.00017496553333333332,0.7499999999999998,-0.01307482
41,0.7749999999999997,0.0003040404666666667,0.7749999999999997,-0.012358326666666667
42,0.7999999999999998,0.0004885819333333333,0.7999999999999998,-0.011580713333333334
43,0.8249999999999997,0.0006999706666666667,0.8249999999999997,-0.010697633333333335
44,0.8499999999999996,0.0008739926666666666,0.8499999999999996,-0.009665126666666668
45,0.8749999999999998,0.001388972,0.8749999999999998,-0.008509966666666667
46,0.8999999999999997,0.0020567853333333334,0.8999999999999997,-0.0071431333333333335
47,0.9249999999999998,0.0029385373333333333,0.9249999999999998,-0.008078913333333333
48,0.9499999999999997,0.004095952,0.9499999999999997,-0.006398171333333334
49,0.9749999999999996,0.005577514666666667,0.9749999999999996,-0.003667549333333333
50,0.9999999999999998,0.006999886666666667,0.9999999999999998,-0.000857218
51,1.0249999999999997,0.008525393333333332,1.0249999999999997,0.002233084
52,1.0499999999999998,0.011513106666666667,1.0499999999999998,0.005700598666666667
53,1.0749999999999997,0.014930660000000002,1.0749999999999997,0.0080138
54,1.0999999999999996,0.01889294,1.0999999999999996,0.012797806666666666
55,1.1249999999999998,0.02338938,1.1249999999999998,0.017891013333333334
56,1.1499999999999997,0.028438940000000003,1.1499999999999997,0.023440680000000002
57,1.1749999999999996,0.03400206666666667,1.1749999999999996,0.02945540666666667
58,1.1999999999999997,0.04008090666666667,1.1999999999999997,0.03594712666666667
59,1.2249999999999996,0.04662454666666667,1.2249999999999996,0.042875680000000006
