,Fapi_DP_old_A_3R_V_D,Fapi_DP_old_A_3R_J_D,Fapi_DP_old_A_3R_V_L,Fapi_DP_old_A_3R_J_L
0,1.25,0.06003619298245614,1.25,0.07812331578947368
1,1.225,0.058028859649122806,1.225,0.06882721052631578
2,1.2000000000000002,0.05297473684210526,1.2000000000000002,0.05990352631578947
3,1.1750000000000003,0.04703947368421053,1.1750000000000003,0.051277929824561405
4,1.1500000000000004,0.040814087719298245,1.1500000000000004,0.042894842105263155
5,1.1250000000000004,0.034604842105263156,1.1250000000000004,0.03479356140350877
6,1.1000000000000005,0.02855498245614035,1.1000000000000005,0.02696540350877193
7,1.0750000000000006,0.02283794736842105,1.0750000000000006,0.0195139298245614
8,1.0500000000000007,0.017555877192982457,1.0500000000000007,0.01274511052631579
9,1.0250000000000008,0.013033350877192982,1.0250000000000008,0.006088449122807017
10,1.0000000000000009,0.008937033333333334,1.0000000000000009,0.0008186021052631579
11,0.975000000000001,0.005739080701754386,0.975000000000001,-0.004314157894736842
12,0.9500000000000011,0.0034166210526315787,0.9500000000000011,-0.009051819298245613
13,0.9250000000000012,0.0018997877192982455,0.9250000000000012,-0.01274518947368421
14,0.9000000000000012,0.0010998929824561402,0.9000000000000012,-0.015473705263157894
15,0.8750000000000013,0.0005342975438596491,0.8750000000000013,-0.017358580701754386
16,0.8500000000000014,0.00025171596491228073,0.8500000000000014,-0.018417122807017544
17,0.8250000000000015,0.00013186142105263158,0.8250000000000015,-0.01898542105263158
18,0.8000000000000016,4.692766666666667e-05,0.8000000000000016,-0.01961070175438596
19,0.7750000000000017,1.351226140350877e-05,0.7750000000000017,-0.019971087719298244
20,0.7500000000000018,-8.856540350877193e-06,0.7500000000000018,-0.020195368421052632
21,0.7250000000000019,-1.836761403508772e-05,0.7250000000000019,-0.02033919298245614
22,0.700000000000002,-2.1817087719298244e-05,0.700000000000002,-0.020433912280701755
23,0.675000000000002,-2.4762649122807017e-05,0.675000000000002,-0.020476210526315788
24,0.6500000000000021,-2.5966701754385967e-05,0.6500000000000021,-0.02049210526315789
25,0.6250000000000022,-2.6553087719298247e-05,0.6250000000000022,-0.020479578947368418
26,0.6000000000000023,-2.6857701754385962e-05,0.6000000000000023,-0.020448947368421053
27,0.5750000000000024,-2.7027421052631577e-05,0.5750000000000024,-0.020398017543859646
28,0.5500000000000025,-2.7124e-05,0.5500000000000025,-0.020334947368421053
29,0.5250000000000026,-2.7185807017543857e-05,0.5250000000000026,-0.02026694736842105
30,0.5000000000000027,-2.7227754385964912e-05,0.5000000000000027,-0.020203473684210525
31,0.47500000000000275,-2.7259789473684212e-05,0.47500000000000275,-0.020151543859649124
32,0.45000000000000284,-2.728536842105263e-05,0.45000000000000284,-0.020112947368421053
33,0.42500000000000293,-2.7305508771929822e-05,0.42500000000000293,-0.020085684210526318
34,0.400000000000003,-2.732094736842105e-05,0.400000000000003,-0.02007121052631579
35,0.3750000000000031,-2.732942105263158e-05,0.3750000000000031,-0.020073087719298246
36,0.3500000000000032,-2.7340666666666667e-05,0.3500000000000032,-0.020063087719298246
37,0.3250000000000033,-2.736042105263158e-05,0.3250000000000033,-0.020065438596491226
38,0.3000000000000034,-2.7379614035087716e-05,0.3000000000000034,-0.020069210526315787
39,0.27500000000000346,-2.7399789473684207e-05,0.27500000000000346,-0.020085842105263155
40,0.25000000000000355,-2.7416210526315788e-05,0.25000000000000355,-0.020086280701754385
41,0.22500000000000364,-2.7372456140350878e-05,0.22500000000000364,-0.02008098245614035
42,0.20000000000000373,-2.744878947368421e-05,0.20000000000000373,-0.020102912280701754
43,0.17500000000000382,-2.747163157894737e-05,0.17500000000000382,-0.020118754385964912
44,0.1500000000000039,-2.7493315789473685e-05,0.1500000000000039,-0.020131807017543857
45,0.125000000000004,-2.751275438596491e-05,0.125000000000004,-0.02014959649122807
46,0.10000000000000409,-2.753412280701754e-05,0.10000000000000409,-0.020164298245614037
47,0.07500000000000417,-2.755917543859649e-05,0.07500000000000417,-0.02017635087719298
48,0.05000000000000426,-2.7578491228070176e-05,0.05000000000000426,-0.020196701754385964
49,0.025000000000004352,-2.7590807017543858e-05,0.025000000000004352,-0.020196701754385964
50,4.440892098500626e-15,-2.7587298245614032e-05,4.440892098500626e-15,-0.020220438596491225
51,-0.02499999999999547,-2.7595631578947367e-05,-0.02499999999999547,-0.02023178947368421
52,-0.04999999999999538,-2.7596614035087717e-05,-0.04999999999999538,-0.020253087719298245
53,-0.07499999999999529,-2.760036842105263e-05,-0.07499999999999529,-0.020257421052631577
54,-0.0999999999999952,-2.7579122807017544e-05,-0.0999999999999952,-0.020271210526315787
55,-0.12499999999999512,-2.755842105263158e-05,-0.12499999999999512,-0.020285894736842103
56,-0.14999999999999503,-2.7558070175438593e-05,-0.14999999999999503,-0.020298701754385966
57,-0.17499999999999494,-2.7567771929824558e-05,-0.17499999999999494,-0.020313035087719297
58,-0.19999999999999485,-2.7538473684210525e-05,-0.19999999999999485,-0.020320684210526314
59,-0.22499999999999476,-2.7602877192982454e-05,-0.22499999999999476,-0.02033780701754386
