,f1_1F_V_D,f1_1F_J_D,f1_1F_V_L,f1_1F_J_L
0,-0.25,-1.5574446666666667e-05,-0.25,-0.01732866
1,-0.225,-1.4948366666666667e-05,-0.225,-0.01699316666666667
2,-0.2,-1.4826380000000001e-05,-0.2,-0.016916026666666667
3,-0.17500000000000002,-1.4667286666666667e-05,-0.17500000000000002,-0.016860013333333333
4,-0.15000000000000002,-1.4587873333333336e-05,-0.15000000000000002,-0.01680794
5,-0.12500000000000003,-1.4518106666666667e-05,-0.12500000000000003,-0.016759713333333332
6,-0.10000000000000003,-1.4462073333333333e-05,-0.10000000000000003,-0.016716033333333335
7,-0.07500000000000004,-1.4418380000000001e-05,-0.07500000000000004,-0.016667333333333333
8,-0.050000000000000044,-1.4358433333333335e-05,-0.050000000000000044,-0.016619073333333335
9,-0.02500000000000005,-1.4289173333333333e-05,-0.02500000000000005,-0.016569753333333333
10,-5.551115123125783e-17,-1.4225466666666666e-05,-5.551115123125783e-17,-0.016520200000000002
11,0.02499999999999991,-1.4144140000000002e-05,0.02499999999999991,-0.016448926666666665
12,0.04999999999999993,-1.4090326666666667e-05,0.04999999999999993,-0.01639776
13,0.07499999999999996,-1.404472e-05,0.07499999999999996,-0.01633412
14,0.09999999999999992,-1.4002966666666668e-05,0.09999999999999992,-0.0162658
15,0.12499999999999989,-1.3972146666666668e-05,0.12499999999999989,-0.016190386666666667
16,0.1499999999999999,-1.3966113333333334e-05,0.1499999999999999,-0.016128700000000003
17,0.17499999999999993,-1.3933319999999999e-05,0.17499999999999993,-0.016054333333333334
18,0.1999999999999999,-1.3885386666666667e-05,0.1999999999999999,-0.015972466666666667
19,0.22499999999999987,-1.3835466666666667e-05,0.22499999999999987,-0.015882646666666667
20,0.2499999999999999,-1.3770286666666667e-05,0.2499999999999999,-0.015802606666666667
21,0.2749999999999999,-1.3702506666666667e-05,0.2749999999999999,-0.015710833333333337
22,0.2999999999999998,-1.3629253333333333e-05,0.2999999999999998,-0.015614933333333336
23,0.32499999999999984,-1.3543753333333335e-05,0.32499999999999984,-0.015508006666666668
24,0.34999999999999987,-1.3449406666666668e-05,0.34999999999999987,-0.0153874
25,0.3749999999999999,-1.3337133333333333e-05,0.3749999999999999,-0.015274546666666668
26,0.3999999999999999,-1.3203526666666667e-05,0.3999999999999999,-0.015145633333333335
27,0.4249999999999998,-1.3034813333333335e-05,0.4249999999999998,-0.015003513333333334
28,0.44999999999999984,-1.2824113333333333e-05,0.44999999999999984,-0.014836746666666666
29,0.47499999999999987,-1.2539333333333334e-05,0.47499999999999987,-0.014669779999999999
30,0.4999999999999998,-1.2144233333333333e-05,0.4999999999999998,-0.014469173333333333
31,0.5249999999999998,-1.15809e-05,0.5249999999999998,-0.014240086666666667
32,0.5499999999999998,-1.078276e-05,0.5499999999999998,-0.013983226666666668
33,0.5749999999999998,-9.63706e-06,0.5749999999999998,-0.013692046666666667
34,0.5999999999999999,-8.00544e-06,0.5999999999999999,-0.01336804
35,0.6249999999999998,-6.718973333333333e-06,0.6249999999999998,-0.013006686666666666
36,0.6499999999999998,-2.8025653333333333e-06,0.6499999999999998,-0.012609033333333334
37,0.6749999999999998,2.453650666666667e-06,0.6749999999999998,-0.012161333333333333
38,0.6999999999999997,7.797153333333335e-06,0.6999999999999997,-0.011661653333333332
39,0.7249999999999998,2.0228873333333335e-05,0.7249999999999998,-0.011096846666666667
40,0.7499999999999998,3.913291333333333e-05,0.7499999999999998,-0.010462193333333333
41,0.7749999999999997,6.89532e-05,0.7749999999999997,-0.009741193333333334
42,0.7999999999999998,0.00010976613333333334,0.7999999999999998,-0.008940320000000002
43,0.8249999999999997,0.000184061,0.8249999999999997,-0.008036613333333335
44,0.8499999999999996,0.00030176540000000004,0.8499999999999996,-0.007016040000000001
45,0.8749999999999998,0.00048434386666666674,0.8749999999999998,-0.006035812000000001
46,0.8999999999999997,0.0007565166666666667,0.8999999999999997,-0.004687302000000001
47,0.9249999999999998,0.0011514460000000002,0.9249999999999998,-0.0032581313333333336
48,0.9499999999999997,0.001710056,0.9499999999999997,-0.0016901239999999999
49,0.9749999999999996,0.002443732666666667,0.9749999999999996,-8.579133333333333e-05
50,0.9999999999999998,0.003365522,0.9999999999999998,0.0017402106666666666
51,1.0249999999999997,0.004460091333333333,1.0249999999999997,0.0036731346666666665
52,1.0499999999999998,0.005716880000000001,1.0499999999999998,0.005670312666666667
53,1.0749999999999997,0.007108886666666667,1.0749999999999997,0.007741153333333333
54,1.0999999999999996,0.008569553333333334,1.0999999999999996,0.009861920000000001
55,1.1249999999999998,0.010171066666666667,1.1249999999999998,0.01201778
56,1.1499999999999997,0.011854206666666667,1.1499999999999997,0.014219113333333335
57,1.1749999999999996,0.013604573333333333,1.1749999999999996,0.016458906666666665
58,1.1999999999999997,0.015411993333333332,1.1999999999999997,0.018745633333333334
59,1.2249999999999996,0.017269846666666668,1.2249999999999996,0.021069086666666667
