,f2_3F_V_D,f2_3F_J_D,f2_3F_V_L,f2_3F_J_L
0,-0.25,-2.35302e-05,-0.25,-0.015454973333333333
1,-0.225,-2.3296360000000003e-05,-0.225,-0.01545854
2,-0.2,-2.3086933333333334e-05,-0.2,-0.015440786666666666
3,-0.17500000000000002,-2.272844e-05,-0.17500000000000002,-0.01539876
4,-0.15000000000000002,-2.2390173333333334e-05,-0.15000000000000002,-0.015344053333333335
5,-0.12500000000000003,-2.2044199999999998e-05,-0.12500000000000003,-0.015280053333333333
6,-0.10000000000000003,-2.1765126666666667e-05,-0.10000000000000003,-0.01521076
7,-0.07500000000000004,-2.1785853333333332e-05,-0.07500000000000004,-0.015134220000000002
8,-0.050000000000000044,-2.212342e-05,-0.050000000000000044,-0.015054020000000001
9,-0.02500000000000005,-2.2583206666666667e-05,-0.02500000000000005,-0.014966626666666668
10,-5.551115123125783e-17,-2.3066413333333335e-05,-5.551115123125783e-17,-0.014878740000000001
11,0.02499999999999991,-2.3186026666666665e-05,0.02499999999999991,-0.014781673333333334
12,0.04999999999999993,-2.3145873333333334e-05,0.04999999999999993,-0.01468188
13,0.07499999999999996,-2.3087286666666666e-05,0.07499999999999996,-0.014576993333333333
14,0.09999999999999992,-2.3021573333333333e-05,0.09999999999999992,-0.014467206666666666
15,0.12499999999999989,-2.2947786666666665e-05,0.12499999999999989,-0.014347626666666667
16,0.1499999999999999,-2.2870566666666667e-05,0.1499999999999999,-0.014231579999999999
17,0.17499999999999993,-2.2790786666666667e-05,0.17499999999999993,-0.014111133333333335
18,0.1999999999999999,-2.2652813333333333e-05,0.1999999999999999,-0.013972866666666669
19,0.22499999999999987,-2.238122e-05,0.22499999999999987,-0.013840739999999999
20,0.2499999999999999,-2.203388e-05,0.2499999999999999,-0.013693393333333333
21,0.2749999999999999,-2.1690593333333333e-05,0.2749999999999999,-0.013540106666666668
22,0.2999999999999998,-2.1304813333333335e-05,0.2999999999999998,-0.013378900000000003
23,0.32499999999999984,-2.084218e-05,0.32499999999999984,-0.013206980000000002
24,0.34999999999999987,-2.0368466666666666e-05,0.34999999999999987,-0.013027173333333333
25,0.3749999999999999,-1.9917893333333335e-05,0.3749999999999999,-0.012836393333333335
26,0.3999999999999999,-1.9460573333333334e-05,0.3999999999999999,-0.012636013333333335
27,0.4249999999999998,-1.8992726666666666e-05,0.4249999999999998,-0.012419153333333334
28,0.44999999999999984,-1.8554126666666667e-05,0.44999999999999984,-0.012188866666666668
29,0.47499999999999987,-1.81203e-05,0.47499999999999987,-0.011945733333333333
30,0.4999999999999998,-1.7648053333333336e-05,0.4999999999999998,-0.011684133333333334
31,0.5249999999999998,-1.712170666666667e-05,0.5249999999999998,-0.011399
32,0.5499999999999998,-1.6416853333333333e-05,0.5499999999999998,-0.011089773333333334
33,0.5749999999999998,-1.5375833333333333e-05,0.5749999999999998,-0.01075808
34,0.5999999999999999,-1.3817033333333335e-05,0.5999999999999999,-0.01039432
35,0.6249999999999998,-1.1445693333333334e-05,0.6249999999999998,-0.009998573333333333
36,0.6499999999999998,-7.836546666666667e-06,0.6499999999999998,-0.00957028
37,0.6749999999999998,-3.3300713333333335e-06,0.6749999999999998,-0.009105446666666668
38,0.6999999999999997,5.374094e-06,0.6999999999999997,-0.008603446666666667
39,0.7249999999999998,1.6916293333333333e-05,0.7249999999999998,-0.0080584
40,0.7499999999999998,3.650476666666667e-05,0.7499999999999998,-0.007466386666666667
41,0.7749999999999997,6.627458666666667e-05,0.7749999999999997,-0.00682078
42,0.7999999999999998,0.00011916406666666668,0.7999999999999998,-0.006165100000000001
43,0.8249999999999997,0.00019216686666666667,0.8249999999999997,-0.005372500666666667
44,0.8499999999999996,0.0003096098666666667,0.8499999999999996,-0.004524044666666667
45,0.8749999999999998,0.0004927487333333334,0.8749999999999998,-0.003586090666666667
46,0.8999999999999997,0.0008191926666666667,0.8999999999999997,-0.0025453106666666666
47,0.9249999999999998,0.0011857706666666666,0.9249999999999998,-0.001391796
48,0.9499999999999997,0.00171831,0.9499999999999997,-0.00013338926666666667
49,0.9749999999999996,0.002415832,0.9749999999999996,0.0012802426666666668
50,0.9999999999999998,0.0032898533333333333,0.9999999999999998,0.0028156446666666667
51,1.0249999999999997,0.004331268666666666,1.0249999999999997,0.004457774666666667
52,1.0499999999999998,0.005530826666666667,1.0499999999999998,0.00621436
53,1.0749999999999997,0.0068675333333333335,1.0749999999999997,0.008144146666666666
54,1.0999999999999996,0.00843874,1.0999999999999996,0.010074893333333333
55,1.1249999999999998,0.009908206666666667,1.1249999999999998,0.012091320000000001
56,1.1499999999999997,0.011545006666666666,1.1499999999999997,0.014185906666666666
57,1.1749999999999996,0.013263313333333332,1.1749999999999996,0.016343893333333335
58,1.1999999999999997,0.015054253333333333,1.1999999999999997,0.01856600666666667
59,1.2249999999999996,0.016898226666666665,1.2249999999999996,0.020835726666666665
