,f2_4R_V_D,f2_4R_J_D,f2_4R_V_L,f2_4R_J_L
0,1.25,0.01554324,1.25,0.020333
1,1.225,0.014048853333333333,1.225,0.018290753333333336
2,1.2000000000000002,0.01234254,1.2000000000000002,0.01623462
3,1.1750000000000003,0.010663353333333334,1.1750000000000003,0.014221313333333332
4,1.1500000000000004,0.009103693333333333,1.1500000000000004,0.012263506666666667
5,1.1250000000000004,0.007664413333333334,1.1250000000000004,0.010375486666666668
6,1.1000000000000005,0.006204362000000001,1.1000000000000005,0.008560833333333333
7,1.0750000000000006,0.005158515333333334,1.0750000000000006,0.006838846666666667
8,1.0500000000000007,0.004129812,1.0500000000000007,0.005206288000000001
9,1.0250000000000008,0.0032367666666666666,1.0250000000000008,0.0036940186666666666
10,1.0000000000000009,0.0024822333333333335,1.0000000000000009,0.002301278
11,0.975000000000001,0.0018498746666666668,0.975000000000001,0.0010431960000000001
12,0.9500000000000011,0.0013437866666666668,0.9500000000000011,-9.1957e-05
13,0.9250000000000012,0.0009500486666666666,0.9250000000000012,-0.0011381186666666668
14,0.9000000000000012,0.0006340703333333334,0.9000000000000012,-0.0020533453333333334
15,0.8750000000000013,0.00043242473333333334,0.8750000000000013,-0.0028618106666666665
16,0.8500000000000014,0.0002819310666666667,0.8500000000000014,-0.003593876666666667
17,0.8250000000000015,0.00017879286666666667,0.8250000000000015,-0.004259165333333334
18,0.8000000000000016,0.00010996393333333333,0.8000000000000016,-0.004874834
19,0.7750000000000017,6.519025333333333e-05,0.7750000000000017,-0.005447535333333334
20,0.7500000000000018,3.630952e-05,0.7500000000000018,-0.005981886666666667
21,0.7250000000000019,1.834822666666667e-05,0.7250000000000019,-0.006481789333333334
22,0.700000000000002,7.1752e-06,0.700000000000002,-0.00694996
23,0.675000000000002,7.44066e-07,0.675000000000002,-0.007351433333333333
24,0.6500000000000021,-4.202882e-06,0.6500000000000021,-0.007798973333333334
25,0.6250000000000022,-6.988486666666667e-06,0.6250000000000022,-0.008187173333333334
26,0.6000000000000023,-8.791226666666667e-06,0.6000000000000023,-0.008547646666666667
27,0.5750000000000024,-1.0383e-05,0.5750000000000024,-0.008886286666666668
28,0.5500000000000025,-1.1265486666666667e-05,0.5500000000000025,-0.009203746666666667
29,0.5250000000000026,-1.1899166666666668e-05,0.5250000000000026,-0.009502493333333334
30,0.5000000000000027,-1.2387500000000001e-05,0.5000000000000027,-0.009783673333333335
31,0.47500000000000275,-1.2792080000000001e-05,0.47500000000000275,-0.01005084
32,0.45000000000000284,-1.3152486666666668e-05,0.45000000000000284,-0.010305420000000001
33,0.42500000000000293,-1.3483453333333335e-05,0.42500000000000293,-0.010545033333333334
34,0.400000000000003,-1.378874e-05,0.400000000000003,-0.010775513333333334
35,0.3750000000000031,-1.4085273333333333e-05,0.3750000000000031,-0.010995106666666667
36,0.3500000000000032,-1.437954e-05,0.3500000000000032,-0.011206933333333334
37,0.3250000000000033,-1.4672166666666666e-05,0.3250000000000033,-0.011405586666666667
38,0.3000000000000034,-1.4945166666666665e-05,0.3000000000000034,-0.01159832
39,0.27500000000000346,-1.5212793333333333e-05,0.27500000000000346,-0.011782553333333334
40,0.25000000000000355,-1.5475960000000003e-05,0.25000000000000355,-0.01196076
41,0.22500000000000364,-1.5663053333333334e-05,0.22500000000000364,-0.01212766
42,0.20000000000000373,-1.5998313333333334e-05,0.20000000000000373,-0.01229566
43,0.17500000000000382,-1.6251153333333332e-05,0.17500000000000382,-0.012455820000000001
44,0.1500000000000039,-1.6500120000000003e-05,0.1500000000000039,-0.012610206666666667
45,0.125000000000004,-1.674846e-05,0.125000000000004,-0.012763
46,0.10000000000000409,-1.6997413333333333e-05,0.10000000000000409,-0.012905986666666666
47,0.07500000000000417,-1.7246426666666665e-05,0.07500000000000417,-0.013048126666666668
48,0.05000000000000426,-1.7499053333333334e-05,0.05000000000000426,-0.01318774
49,0.025000000000004352,-1.7751673333333334e-05,0.025000000000004352,-0.013325526666666669
50,4.440892098500626e-15,-1.8007400000000003e-05,4.440892098500626e-15,-0.01345732
51,-0.02499999999999547,-1.8269213333333333e-05,-0.02499999999999547,-0.013589120000000001
52,-0.04999999999999538,-1.8534933333333334e-05,-0.04999999999999538,-0.013718253333333333
53,-0.07499999999999529,-1.880194e-05,-0.07499999999999529,-0.01384578
54,-0.0999999999999952,-1.907288e-05,-0.0999999999999952,-0.013974240000000002
55,-0.12499999999999512,-1.9343873333333336e-05,-0.12499999999999512,-0.014100060000000001
56,-0.14999999999999503,-1.961806e-05,-0.14999999999999503,-0.014226193333333335
57,-0.17499999999999494,-1.9889633333333334e-05,-0.17499999999999494,-0.01435266
58,-0.19999999999999485,-2.0131846666666668e-05,-0.19999999999999485,-0.014475960000000001
59,-0.22499999999999476,-2.0452206666666666e-05,-0.22499999999999476,-0.014603513333333333
