,f4_2R_V_D,f4_2R_J_D,f4_2R_V_L,f4_2R_J_L
0,1.25,0.016127473333333336,1.25,0.01874966
1,1.225,0.014909166666666668,1.225,0.016612913333333333
2,1.2000000000000002,0.01339242,1.2000000000000002,0.0145028
3,1.1750000000000003,0.0117856,1.1750000000000003,0.012378966666666666
4,1.1500000000000004,0.010215466666666667,1.1500000000000004,0.010282773333333333
5,1.1250000000000004,0.008673133333333334,1.1250000000000004,0.00824672
6,1.1000000000000005,0.0072414666666666665,1.1000000000000005,0.006235275333333333
7,1.0750000000000006,0.005884706666666667,1.0750000000000006,0.004239972666666667
8,1.0500000000000007,0.004716149333333333,1.0500000000000007,0.002306452
9,1.0250000000000008,0.0037299133333333337,1.0250000000000008,0.0005564666
10,1.0000000000000009,0.0029102433333333334,1.0000000000000009,-0.0011691286666666667
11,0.975000000000001,0.002250264,0.975000000000001,-0.002920087333333333
12,0.9500000000000011,0.0017547373333333333,0.9500000000000011,-0.004519472666666667
13,0.9250000000000012,0.0013806193333333334,0.9250000000000012,-0.005954408666666667
14,0.9000000000000012,0.0010931326666666669,0.9000000000000012,-0.007017960000000001
15,0.8750000000000013,0.0008963146666666668,0.8750000000000013,-0.008269653333333333
16,0.8500000000000014,0.0007597833333333334,0.8500000000000014,-0.009285993333333334
17,0.8250000000000015,0.0006493246666666667,0.8250000000000015,-0.010132473333333333
18,0.8000000000000016,0.0005734847333333334,0.8000000000000016,-0.010838653333333333
19,0.7750000000000017,0.0005000194,0.7750000000000017,-0.011448233333333334
20,0.7500000000000018,0.0004440220000000001,0.7500000000000018,-0.011943686666666667
21,0.7250000000000019,0.00040284213333333335,0.7250000000000019,-0.012375046666666667
22,0.700000000000002,0.00037733626666666665,0.700000000000002,-0.012761746666666667
23,0.675000000000002,0.000336849,0.675000000000002,-0.013115353333333335
24,0.6500000000000021,0.0003194044666666667,0.6500000000000021,-0.013417400000000001
25,0.6250000000000022,0.00029549346666666665,0.6250000000000022,-0.013703766666666667
26,0.6000000000000023,0.00027406393333333337,0.6000000000000023,-0.013968166666666667
27,0.5750000000000024,0.00024777493333333334,0.5750000000000024,-0.014235533333333333
28,0.5500000000000025,0.00022352313333333335,0.5500000000000025,-0.014485606666666668
29,0.5250000000000026,0.00020109406666666668,0.5250000000000026,-0.014724166666666668
30,0.5000000000000027,0.00017960333333333334,0.5000000000000027,-0.014947986666666666
31,0.47500000000000275,0.00016363986666666666,0.47500000000000275,-0.015179393333333334
32,0.45000000000000284,0.00015499086666666666,0.45000000000000284,-0.015392173333333333
33,0.42500000000000293,0.0001379272,0.42500000000000293,-0.015596933333333335
34,0.400000000000003,0.00013020393333333335,0.400000000000003,-0.01580810666666667
35,0.3750000000000031,0.00011527853333333335,0.3750000000000031,-0.016002153333333335
36,0.3500000000000032,0.00010245826666666667,0.3500000000000032,-0.016190926666666668
37,0.3250000000000033,8.752853333333334e-05,0.3250000000000033,-0.016364553333333334
38,0.3000000000000034,7.5536e-05,0.3000000000000034,-0.016536366666666667
39,0.27500000000000346,6.442783333333334e-05,0.27500000000000346,-0.016711513333333334
40,0.25000000000000355,5.395179333333334e-05,0.25000000000000355,-0.016863946666666668
41,0.22500000000000364,4.429524666666667e-05,0.22500000000000364,-0.017008973333333333
42,0.20000000000000373,3.453875333333334e-05,0.20000000000000373,-0.017162846666666665
43,0.17500000000000382,2.6123066666666664e-05,0.17500000000000382,-0.01730518
44,0.1500000000000039,1.8705106666666668e-05,0.1500000000000039,-0.017442186666666665
45,0.125000000000004,1.0103493333333333e-05,0.125000000000004,-0.01757182666666667
46,0.10000000000000409,1.0481693333333333e-06,0.10000000000000409,-0.017693413333333335
47,0.07500000000000417,-6.6147533333333335e-06,0.07500000000000417,-0.01781226
48,0.05000000000000426,-1.4456820000000002e-05,0.05000000000000426,-0.017924446666666666
49,0.025000000000004352,-2.2134586666666668e-05,0.025000000000004352,-0.01803696
50,4.440892098500626e-15,-3.0352573333333334e-05,4.440892098500626e-15,-0.018136886666666668
51,-0.02499999999999547,-3.9307226666666666e-05,-0.02499999999999547,-0.01823896
52,-0.04999999999999538,-4.916298e-05,-0.04999999999999538,-0.01833458666666667
53,-0.07499999999999529,-6.333339333333334e-05,-0.07499999999999529,-0.018431173333333335
54,-0.0999999999999952,-0.002197952,-0.0999999999999952,-0.018517326666666667
55,-0.12499999999999512,-0.002898480666666667,-0.12499999999999512,-0.018603453333333336
56,-0.14999999999999503,-0.003984133333333333,-0.14999999999999503,-0.018691
57,-0.17499999999999494,-0.0023382106666666666,-0.17499999999999494,-0.0187748
58,-0.19999999999999485,-0.007392393333333334,-0.19999999999999485,-0.0188551
59,-0.22499999999999476,-0.00814392,-0.22499999999999476,-0.01893812
