,F_S_C_102423_1F_V_D,F_S_C_102423_1F_J_D,F_S_C_102423_1F_V_L,F_S_C_102423_1F_J_L
0,-0.25,-4.9656560000000006e-05,-0.25,-0.020148466666666667
1,-0.225,-4.7528420000000005e-05,-0.225,-0.01963652
2,-0.2,-4.629242666666667e-05,-0.2,-0.01928672
3,-0.17500000000000002,-4.5125780000000006e-05,-0.17500000000000002,-0.0189956
4,-0.15000000000000002,-4.4238953333333336e-05,-0.15000000000000002,-0.018752233333333333
5,-0.12500000000000003,-4.346909333333334e-05,-0.12500000000000003,-0.018530480000000002
6,-0.10000000000000003,-4.280148666666667e-05,-0.10000000000000003,-0.01833014
7,-0.07500000000000004,-4.220887333333333e-05,-0.07500000000000004,-0.018141673333333334
8,-0.050000000000000044,-4.1678593333333335e-05,-0.050000000000000044,-0.017968533333333335
9,-0.02500000000000005,-4.120242e-05,-0.02500000000000005,-0.017801153333333333
10,-5.551115123125783e-17,-4.088018666666667e-05,-5.551115123125783e-17,-0.01765028
11,0.02499999999999991,-4.0337293333333335e-05,0.02499999999999991,-0.017478033333333337
12,0.04999999999999993,-3.9914446666666664e-05,0.04999999999999993,-0.017344033333333335
13,0.07499999999999996,-3.950730000000001e-05,0.07499999999999996,-0.017205333333333333
14,0.09999999999999992,-3.909998666666667e-05,0.09999999999999992,-0.017068813333333332
15,0.12499999999999989,-3.869094e-05,0.12499999999999989,-0.01692260666666667
16,0.1499999999999999,-3.827538e-05,0.1499999999999999,-0.016803133333333335
17,0.17499999999999993,-3.784754e-05,0.17499999999999993,-0.016679806666666668
18,0.1999999999999999,-3.7426493333333336e-05,0.1999999999999999,-0.01654914
19,0.22499999999999987,-3.705218666666667e-05,0.22499999999999987,-0.016415353333333334
20,0.2499999999999999,-3.660212e-05,0.2499999999999999,-0.016303586666666668
21,0.2749999999999999,-3.618373333333334e-05,0.2749999999999999,-0.016179113333333335
22,0.2999999999999998,-3.575851333333333e-05,0.2999999999999998,-0.016061493333333336
23,0.32499999999999984,-3.53242e-05,0.32499999999999984,-0.015935233333333333
24,0.34999999999999987,-3.4896946666666673e-05,0.34999999999999987,-0.01579944
25,0.3749999999999999,-3.444334666666667e-05,0.3749999999999999,-0.01568868
26,0.3999999999999999,-3.4045700000000005e-05,0.3999999999999999,-0.015566386666666666
27,0.4249999999999998,-3.349532e-05,0.4249999999999998,-0.015442966666666667
28,0.44999999999999984,-3.297452e-05,0.44999999999999984,-0.01529372
29,0.47499999999999987,-3.2409513333333334e-05,0.47499999999999987,-0.015178813333333334
30,0.4999999999999998,-3.1769760000000006e-05,0.4999999999999998,-0.015038933333333332
31,0.5249999999999998,-3.102515333333333e-05,0.5249999999999998,-0.014897720000000001
32,0.5499999999999998,-3.0147300000000002e-05,0.5499999999999998,-0.014741146666666666
33,0.5749999999999998,-2.906030666666667e-05,0.5749999999999998,-0.01457740666666667
34,0.5999999999999999,-2.771956666666667e-05,0.5999999999999999,-0.014411280000000002
35,0.6249999999999998,-2.6001453333333333e-05,0.6249999999999998,-0.014216133333333334
36,0.6499999999999998,-2.383288e-05,0.6499999999999998,-0.01400156
37,0.6749999999999998,-2.1024993333333333e-05,0.6749999999999998,-0.013745693333333335
38,0.6999999999999997,-1.740896666666667e-05,0.6999999999999997,-0.013493993333333334
39,0.7249999999999998,-1.252984e-05,0.7249999999999998,-0.013192353333333334
40,0.7499999999999998,-1.1897140000000001e-05,0.7499999999999998,-0.012859393333333333
41,0.7749999999999997,-1.6500793333333333e-06,0.7749999999999997,-0.012471366666666667
42,0.7999999999999998,1.4632433333333334e-05,0.7999999999999998,-0.01208356
43,0.8249999999999997,4.610135333333333e-05,0.8249999999999997,-0.011636613333333334
44,0.8499999999999996,8.934686666666668e-05,0.8499999999999996,-0.011124873333333334
45,0.8749999999999998,0.0001696408,0.8749999999999998,-0.010548226666666667
46,0.8999999999999997,0.0002943826666666667,0.8999999999999997,-0.009836413333333334
47,0.9249999999999998,0.0004953352666666667,0.9249999999999998,-0.008947626666666667
48,0.9499999999999997,0.0007872073333333334,0.9499999999999997,-0.007793606666666667
49,0.9749999999999996,0.00130779,0.9749999999999996,-0.006789113333333334
50,0.9999999999999998,0.0020843893333333335,0.9999999999999998,-0.004639345333333334
51,1.0249999999999997,0.003216838,1.0249999999999997,-0.00234284
52,1.0499999999999998,0.004781342666666667,1.0499999999999998,-0.0003225668666666667
53,1.0749999999999997,0.006805573333333334,1.0749999999999997,0.002911368666666667
54,1.0999999999999996,0.00921544,1.0999999999999996,0.006811106666666667
55,1.1249999999999998,0.01216116,1.1249999999999998,0.010729146666666666
56,1.1499999999999997,0.015470366666666669,1.1499999999999997,0.015230186666666668
57,1.1749999999999996,0.01908186666666667,1.1749999999999996,0.01994128666666667
58,1.1999999999999997,0.02297922,1.1999999999999997,0.024880566666666666
59,1.2249999999999996,0.02708684666666667,1.2249999999999996,0.030014100000000002
