,encap4_3F_V_D,encap4_3F_J_D,encap4_3F_V_L,encap4_3F_J_L
0,-0.25,-2.631772e-05,-0.25,-0.02427578
1,-0.225,-2.5201159999999996e-05,-0.225,-0.023537259999999997
2,-0.2,-2.3898859999999996e-05,-0.2,-0.02298356
3,-0.17500000000000002,-2.256264e-05,-0.17500000000000002,-0.02253792
4,-0.15000000000000002,-2.1919239999999998e-05,-0.15000000000000002,-0.02217628
5,-0.12500000000000003,-2.29462e-05,-0.12500000000000003,-0.02186934
6,-0.10000000000000003,-2.4945239999999996e-05,-0.10000000000000003,-0.02159756
7,-0.07500000000000004,-2.623198e-05,-0.07500000000000004,-0.02135786
8,-0.050000000000000044,-2.6470079999999998e-05,-0.050000000000000044,-0.0211347
9,-0.02500000000000005,-2.64004e-05,-0.02500000000000005,-0.020915939999999997
10,-5.551115123125783e-17,-2.6381639999999998e-05,-5.551115123125783e-17,-0.02069982
11,0.02499999999999991,-2.6324579999999997e-05,0.02499999999999991,-0.02048494
12,0.04999999999999993,-2.628204e-05,0.04999999999999993,-0.02026792
13,0.07499999999999996,-2.6209079999999998e-05,0.07499999999999996,-0.02004588
14,0.09999999999999992,-2.61602e-05,0.09999999999999992,-0.020409019999999996
15,0.12499999999999989,-2.6068039999999998e-05,0.12499999999999989,-0.019686894
16,0.1499999999999999,-2.598528e-05,0.1499999999999999,-0.019347462
17,0.17499999999999993,-2.5891299999999997e-05,0.17499999999999993,-0.019038023999999997
18,0.1999999999999999,-2.5786359999999998e-05,0.1999999999999999,-0.018727824
19,0.22499999999999987,-2.5675399999999998e-05,0.22499999999999987,-0.01842181
20,0.2499999999999999,-2.555458e-05,0.2499999999999999,-0.01809005
21,0.2749999999999999,-2.542222e-05,0.2749999999999999,-0.017719486
22,0.2999999999999998,-2.5282799999999998e-05,0.2999999999999998,-0.017326592
23,0.32499999999999984,-2.513282e-05,0.32499999999999984,-0.016900552
24,0.34999999999999987,-2.497422e-05,0.34999999999999987,-0.016445054
25,0.3749999999999999,-2.47997e-05,0.3749999999999999,-0.015949186
26,0.3999999999999999,-2.4608499999999997e-05,0.3999999999999999,-0.015410815999999999
27,0.4249999999999998,-2.439134e-05,0.4249999999999998,-0.014832505999999999
28,0.44999999999999984,-2.4141819999999998e-05,0.44999999999999984,-0.014223364
29,0.47499999999999987,-2.384476e-05,0.47499999999999987,-0.013578494
30,0.4999999999999998,-2.349506e-05,0.4999999999999998,-0.012908556
31,0.5249999999999998,-2.306496e-05,0.5249999999999998,-0.012227917999999999
32,0.5499999999999998,-2.252898e-05,0.5499999999999998,-0.011516647999999999
33,0.5749999999999998,-2.1840239999999997e-05,0.5749999999999998,-0.010795972
34,0.5999999999999999,-2.092324e-05,0.5999999999999999,-0.010081353999999999
35,0.6249999999999998,-2.1649999999999998e-05,0.6249999999999998,-0.009366946
36,0.6499999999999998,-1.9922387999999998e-05,0.6499999999999998,-0.008666113999999999
37,0.6749999999999998,-1.6047329999999997e-05,0.6749999999999998,-0.007956868
38,0.6999999999999997,-1.0815108e-05,0.6999999999999997,-0.007260941999999999
39,0.7249999999999998,-2.3366599999999997e-06,0.7249999999999998,-0.006594002
40,0.7499999999999998,1.1627836e-05,0.7499999999999998,-0.005935626
41,0.7749999999999997,2.776472e-05,0.7749999999999997,-0.005291146
42,0.7999999999999998,6.873472e-05,0.7999999999999998,-0.004657964
43,0.8249999999999997,0.0001343008,0.8249999999999997,-0.004043904
44,0.8499999999999996,0.0002201832,0.8499999999999996,-0.0034277759999999996
45,0.8749999999999998,0.0003976712,0.8749999999999998,-0.002827446
46,0.8999999999999997,0.0006522144,0.8999999999999997,-0.0022301639999999998
47,0.9249999999999998,0.0009965305999999998,0.9249999999999998,-0.0016678647999999999
48,0.9499999999999997,0.0014329543999999999,0.9499999999999997,-0.0010694665999999998
49,0.9749999999999996,0.0019526784,0.9749999999999996,-0.0004805386
50,0.9999999999999998,0.0017530972,0.9999999999999998,8.493623999999999e-05
51,1.0249999999999997,0.0021711739999999997,1.0249999999999997,0.0006433998
52,1.0499999999999998,0.002604652,1.0499999999999998,0.0012354432
53,1.0749999999999997,0.003065592,1.0749999999999997,0.0018217126
54,1.0999999999999996,0.0035726239999999995,1.0999999999999996,0.0037839299999999996
55,1.1249999999999998,0.004121206,1.1249999999999998,0.004722133999999999
56,1.1499999999999997,0.0047700799999999995,1.1499999999999997,0.005619196
57,1.1749999999999996,0.0055173159999999995,1.1749999999999996,0.006037173999999999
58,1.1999999999999997,0.006410043999999999,1.1999999999999997,0.006951433999999999
59,1.2249999999999996,0.007599511999999999,1.2249999999999996,0.00974098
