,Enfap2_3R_V_D,Enfap2_3R_J_D,Enfap2_3R_V_L,Enfap2_3R_J_L
0,1.25,7.294284e-09,1.25,7.136218e-09
1,1.225,5.4337519999999996e-09,1.225,4.81458e-09
2,1.2000000000000002,4.844782e-09,1.2000000000000002,4.460192e-09
3,1.1750000000000003,4.192386e-09,1.1750000000000003,4.410857999999999e-09
4,1.1500000000000004,3.466322e-09,1.1500000000000004,4.276955999999999e-09
5,1.1250000000000004,-5.558296e-09,1.1250000000000004,3.33842e-09
6,1.1000000000000005,4.442068e-09,1.1000000000000005,2.7462459999999997e-09
7,1.0750000000000006,6.002583999999999e-09,1.0750000000000006,2.617336e-09
8,1.0500000000000007,3.9779279999999995e-09,1.0500000000000007,2.1963679999999997e-09
9,1.0250000000000008,2.539788e-09,1.0250000000000008,2.396782e-09
10,1.0000000000000009,3.7593879999999996e-09,1.0000000000000009,2.6374799999999995e-09
11,0.975000000000001,4.156142e-09,0.975000000000001,2.6404999999999997e-09
12,0.9500000000000011,4.897134e-09,0.9500000000000011,2.82077e-09
13,0.9250000000000012,3.537826e-09,0.9250000000000012,2.798616e-09
14,0.9000000000000012,5.007882e-09,0.9000000000000012,2.760346e-09
15,0.8750000000000013,3.7664379999999994e-09,0.8750000000000013,3.031254e-09
16,0.8500000000000014,-1.6598140000000001e-09,0.8500000000000014,2.5317319999999997e-09
17,0.8250000000000015,4.42596e-09,0.8250000000000015,2.75833e-09
18,0.8000000000000016,3.881246e-09,0.8000000000000016,2.571008e-09
19,0.7750000000000017,2.951694e-09,0.7750000000000017,2.419944e-09
20,0.7500000000000018,2.7955939999999995e-09,0.7500000000000018,2.8963039999999996e-09
21,0.7250000000000019,2.560938e-09,0.7250000000000019,2.91141e-09
22,0.700000000000002,2.6767559999999997e-09,0.700000000000002,2.2265819999999998e-09
23,0.675000000000002,2.363548e-09,0.675000000000002,2.6122999999999998e-09
24,0.6500000000000021,2.636472e-09,0.6500000000000021,2.4592239999999997e-09
25,0.6250000000000022,2.7049559999999997e-09,0.6250000000000022,2.207446e-09
26,0.6000000000000023,8.468576e-10,0.6000000000000023,2.7099899999999997e-09
27,0.5750000000000024,2.9214799999999997e-09,0.5750000000000024,2.042284e-09
28,0.5500000000000025,1.8892041999999997e-09,0.5500000000000025,2.438072e-09
29,0.5250000000000026,2.3746259999999997e-09,0.5250000000000026,2.2497439999999998e-09
30,0.5000000000000027,2.679776e-09,0.5000000000000027,2.483392e-09
31,0.47500000000000275,2.792572e-09,0.47500000000000275,2.163136e-09
32,0.45000000000000284,2.5327399999999997e-09,0.45000000000000284,2.339376e-09
33,0.42500000000000293,2.52267e-09,0.42500000000000293,2.171194e-09
34,0.400000000000003,-3.4756059999999997e-10,0.400000000000003,2.333334e-09
35,0.3750000000000031,1.7834592e-09,0.3750000000000031,2.292044e-09
36,0.3500000000000032,8.033268e-09,0.3500000000000032,2.10573e-09
37,0.3250000000000033,2.4854059999999996e-09,0.3250000000000033,2.2255759999999996e-09
38,0.3000000000000034,2.450158e-09,0.3000000000000034,2.1077439999999996e-09
39,0.27500000000000346,9.948997999999999e-10,0.27500000000000346,1.9959569999999997e-09
40,0.25000000000000355,8.508875999999999e-10,0.25000000000000355,1.9586914e-09
41,0.22500000000000364,2.1067359999999997e-09,0.22500000000000364,2.16112e-09
42,0.20000000000000373,5.105538e-09,0.20000000000000373,2.223562e-09
43,0.17500000000000382,1.6587902e-08,0.17500000000000382,2.0453039999999996e-09
44,0.1500000000000039,-4.8382159999999994e-09,0.1500000000000039,1.8761127999999997e-09
45,0.125000000000004,-6.637918e-10,0.125000000000004,1.8479111999999998e-09
46,0.10000000000000409,1.0512947999999999e-09,0.10000000000000409,1.6082223999999998e-09
47,0.07500000000000417,1.9879001999999998e-09,0.07500000000000417,1.8831612e-09
48,0.05000000000000426,2.000992e-09,0.05000000000000426,1.9868933999999998e-09
49,0.025000000000004352,2.477348e-09,0.025000000000004352,1.5105348e-09
50,4.440892098500626e-15,2.6958919999999997e-09,4.440892098500626e-15,1.3493971999999998e-09
51,-0.02499999999999547,2.44613e-09,-0.02499999999999547,1.5135552e-09
52,-0.04999999999999538,1.748209e-09,-0.04999999999999538,1.4742787999999998e-09
53,-0.07499999999999529,1.3685343999999998e-09,-0.07499999999999529,1.6918106e-09
54,-0.0999999999999952,1.6344102e-09,-0.0999999999999952,1.4078102e-09
55,-0.12499999999999512,2.0322119999999998e-09,-0.12499999999999512,1.2547322e-09
56,-0.14999999999999503,1.892227e-09,-0.14999999999999503,1.4440653999999997e-09
57,-0.17499999999999494,2.103718e-09,-0.17499999999999494,1.0895662e-09
58,-0.19999999999999485,1.9677578e-09,-0.19999999999999485,1.8247504e-09
59,-0.22499999999999476,1.9788364e-09,-0.22499999999999476,1.23761e-09
