,fp2_3R_V_D,fp2_3R_J_D,fp2_3R_V_L,fp2_3R_J_L
0,1.25,0.0020266079999999996,1.25,0.002996372
1,1.225,0.0017979667999999999,1.225,0.002833498
2,1.2000000000000002,0.0016370812,1.2000000000000002,0.0026385799999999997
3,1.1750000000000003,0.0014871514,1.1750000000000003,0.002427548
4,1.1500000000000004,0.0013426508,1.1500000000000004,0.002201556
5,1.1250000000000004,0.0012030284,1.1250000000000004,0.0019684807999999997
6,1.1000000000000005,0.0010681129999999999,1.1000000000000005,0.0017124318
7,1.0750000000000006,0.0009382946,1.0750000000000006,0.0014189019999999999
8,1.0500000000000007,0.000813578,1.0500000000000007,0.0010791298
9,1.0250000000000008,0.0006932329999999999,1.0250000000000008,0.0006782762
10,1.0000000000000009,0.0005773638,1.0000000000000009,0.0002001486
11,0.975000000000001,0.0004668336,0.975000000000001,-0.00036209559999999993
12,0.9500000000000011,0.0003620836,0.9500000000000011,-0.0010133784
13,0.9250000000000012,0.000266518,0.9250000000000012,-0.001744542
14,0.9000000000000012,0.00018469797999999998,0.9000000000000012,-0.0025670899999999997
15,0.8750000000000013,0.00011814849999999999,0.8750000000000013,-0.00339846
16,0.8500000000000014,7.001257999999999e-05,0.8500000000000014,-0.004268744
17,0.8250000000000015,3.80202e-05,0.8250000000000015,-0.005149831999999999
18,0.8000000000000016,1.838498e-05,0.8000000000000016,-0.006019116
19,0.7750000000000017,5.921643999999999e-06,0.7750000000000017,-0.00686362
20,0.7500000000000018,-1.3049794e-06,0.7500000000000018,-0.007656788
21,0.7250000000000019,-5.636505999999999e-06,0.7250000000000019,-0.008400864
22,0.700000000000002,-8.299187999999999e-06,0.700000000000002,-0.009077437999999998
23,0.675000000000002,-1.0016126e-05,0.675000000000002,-0.009695386
24,0.6500000000000021,-1.1183462e-05,0.6500000000000021,-0.010241014
25,0.6250000000000022,-1.2016766e-05,0.6250000000000022,-0.010739904
26,0.6000000000000023,-1.27018e-05,0.6000000000000023,-0.011174004
27,0.5750000000000024,-1.3249152e-05,0.5750000000000024,-0.011569823999999998
28,0.5500000000000025,-1.3714013999999998e-05,0.5500000000000025,-0.011929951999999999
29,0.5250000000000026,-1.4117424e-05,0.5250000000000026,-0.012261647999999998
30,0.5000000000000027,-1.4467634e-05,0.5000000000000027,-0.012555008
31,0.47500000000000275,-1.4776196e-05,0.47500000000000275,-0.012827462
32,0.45000000000000284,-1.5046331999999998e-05,0.45000000000000284,-0.013082493999999998
33,0.42500000000000293,-1.5288667999999997e-05,0.42500000000000293,-0.01331572
34,0.400000000000003,-1.5503857999999997e-05,0.400000000000003,-0.013530732
35,0.3750000000000031,-1.5701707999999998e-05,0.3750000000000031,-0.013732034
36,0.3500000000000032,-1.5885563999999997e-05,0.3500000000000032,-0.013921342
37,0.3250000000000033,-1.6062403999999998e-05,0.3250000000000033,-0.01409656
38,0.3000000000000034,-1.6230952e-05,0.3000000000000034,-0.014261803999999998
39,0.27500000000000346,-1.6384607999999997e-05,0.27500000000000346,-0.01441605
40,0.25000000000000355,-1.6565891999999998e-05,0.25000000000000355,-0.014564389999999998
41,0.22500000000000364,-1.6719254e-05,0.22500000000000364,-0.014700959999999999
42,0.20000000000000373,-1.6916696e-05,0.20000000000000373,-0.014843466
43,0.17500000000000382,-1.7101868e-05,0.17500000000000382,-0.014973806
44,0.1500000000000039,-1.729169e-05,0.1500000000000039,-0.015104695999999999
45,0.125000000000004,-1.7483946e-05,0.125000000000004,-0.015234194
46,0.10000000000000409,-1.7676748e-05,0.10000000000000409,-0.015365694
47,0.07500000000000417,-1.7867536e-05,0.07500000000000417,-0.015495477999999998
48,0.05000000000000426,-1.8054125999999998e-05,0.05000000000000426,-0.015624873999999999
49,0.025000000000004352,-1.8230446e-05,0.025000000000004352,-0.015755158
50,4.440892098500626e-15,-1.8399838e-05,4.440892098500626e-15,-0.015884264
51,-0.02499999999999547,-1.8567296e-05,-0.02499999999999547,-0.016010749999999997
52,-0.04999999999999538,-1.8732135999999998e-05,-0.04999999999999538,-0.016133542
53,-0.07499999999999529,-1.8891993999999998e-05,-0.07499999999999529,-0.01625073
54,-0.0999999999999952,-1.9049205999999997e-05,-0.0999999999999952,-0.016361164
55,-0.12499999999999512,-1.9207168e-05,-0.12499999999999512,-0.016462524
56,-0.14999999999999503,-1.9363206e-05,-0.14999999999999503,-0.016557518
57,-0.17499999999999494,-1.9519143999999998e-05,-0.17499999999999494,-0.016643846
58,-0.19999999999999485,-1.9672363999999996e-05,-0.19999999999999485,-0.016723888
59,-0.22499999999999476,-1.9835421999999997e-05,-0.22499999999999476,-0.016801436
