,Sfp2_2R_V_D,Sfp2_2R_J_D,Sfp2_2R_V_L,Sfp2_2R_J_L
0,1.25,0.00075208944,1.25,0.00067341824
1,1.225,0.00068303232,1.225,0.00059255032
2,1.2000000000000002,0.00061532856,1.2000000000000002,0.00051344424
3,1.1750000000000003,0.0005502492,1.1750000000000003,0.00043745536
4,1.1500000000000004,0.00048830688,1.1500000000000004,0.00036391888000000003
5,1.1250000000000004,0.00043002872,1.1250000000000004,0.00029163224
6,1.1000000000000005,0.0003756676,1.1000000000000005,0.00021773527999999998
7,1.0750000000000006,0.00032570856,1.0750000000000006,0.00013807343999999998
8,1.0500000000000007,0.00027998096,1.0500000000000007,4.417176e-05
9,1.0250000000000008,0.00023843775999999998,1.0250000000000008,-7.2050744e-05
10,1.0000000000000009,0.00020066944,1.0000000000000009,-0.00022756888
11,0.975000000000001,0.00016659888000000001,0.975000000000001,-0.0004291392
12,0.9500000000000011,0.00013557792,0.9500000000000011,-0.0006908536800000001
13,0.9250000000000012,0.00010752424,0.9250000000000012,-0.0010202968
14,0.9000000000000012,8.218312e-05,0.9000000000000012,-0.0014035552
15,0.8750000000000013,5.9976088000000004e-05,0.8750000000000013,-0.0018445808
16,0.8500000000000014,4.0094656e-05,0.8500000000000014,-0.0023356528
17,0.8250000000000015,2.4030024e-05,0.8250000000000015,-0.0028657648
18,0.8000000000000016,1.1531408000000001e-05,0.8000000000000016,-0.003429492
19,0.7750000000000017,2.5215608000000002e-06,0.7750000000000017,-0.0040175919999999995
20,0.7500000000000018,-3.9946192e-06,0.7500000000000018,-0.0046260264
21,0.7250000000000019,-8.303448e-06,0.7250000000000019,-0.0052468639999999995
22,0.700000000000002,-1.1176928e-05,0.700000000000002,-0.005875728
23,0.675000000000002,-1.3096320000000002e-05,0.675000000000002,-0.0065101887999999995
24,0.6500000000000021,-1.4382888000000001e-05,0.6500000000000021,-0.0071425256000000005
25,0.6250000000000022,-1.5290264e-05,0.6250000000000022,-0.0077673608
26,0.6000000000000023,-1.5972608e-05,0.6000000000000023,-0.008385088
27,0.5750000000000024,-1.6461224e-05,0.5750000000000024,-0.009028096
28,0.5500000000000025,-1.6853272e-05,0.5500000000000025,-0.009584544
29,0.5250000000000026,-1.7163816e-05,0.5250000000000026,-0.010152551999999999
30,0.5000000000000027,-1.7429752e-05,0.5000000000000027,-0.010695920000000001
31,0.47500000000000275,-1.76302e-05,0.47500000000000275,-0.011217304
32,0.45000000000000284,-1.7820039999999998e-05,0.45000000000000284,-0.011705952
33,0.42500000000000293,-1.7984568e-05,0.42500000000000293,-0.012166192000000001
34,0.400000000000003,-1.8130368e-05,0.400000000000003,-0.012594584
35,0.3750000000000031,-1.8264592e-05,0.3750000000000031,-0.012988327999999999
36,0.3500000000000032,-1.8389080000000002e-05,0.3500000000000032,-0.013347432000000001
37,0.3250000000000033,-1.8505408000000003e-05,0.3250000000000033,-0.013677008
38,0.3000000000000034,-1.861008e-05,0.3000000000000034,-0.013971448000000001
39,0.27500000000000346,-1.8713008e-05,0.27500000000000346,-0.014232136000000001
40,0.25000000000000355,-1.8807624e-05,0.25000000000000355,-0.014466112
41,0.22500000000000364,-1.8891832e-05,0.22500000000000364,-0.014667664
42,0.20000000000000373,-1.8975136e-05,0.20000000000000373,-0.01485628
43,0.17500000000000382,-1.9051568e-05,0.17500000000000382,-0.015016656
44,0.1500000000000039,-1.9116984e-05,0.1500000000000039,-0.015161984
45,0.125000000000004,-1.9185672000000002e-05,0.125000000000004,-0.015284296
46,0.10000000000000409,-1.9248976e-05,0.10000000000000409,-0.015394215999999999
47,0.07500000000000417,-1.9311712e-05,0.07500000000000417,-0.015491231999999999
48,0.05000000000000426,-1.9369767999999998e-05,0.05000000000000426,-0.015580463999999999
49,0.025000000000004352,-1.9434752e-05,0.025000000000004352,-0.015654312
50,4.440892098500626e-15,-1.9505296e-05,4.440892098500626e-15,-0.015721831999999998
51,-0.02499999999999547,-1.9572272e-05,-0.02499999999999547,-0.015782624000000002
52,-0.04999999999999538,-1.9642936e-05,-0.04999999999999538,-0.015838904
53,-0.07499999999999529,-1.971896e-05,-0.07499999999999529,-0.015887976
54,-0.0999999999999952,-1.9799448e-05,-0.0999999999999952,-0.01593356
55,-0.12499999999999512,-1.988196e-05,-0.12499999999999512,-0.015975136
56,-0.14999999999999503,-1.996656e-05,-0.14999999999999503,-0.016014016
57,-0.17499999999999494,-2.0052623999999997e-05,-0.17499999999999494,-0.016048896
58,-0.19999999999999485,-2.0147216e-05,-0.19999999999999485,-0.016080736
59,-0.22499999999999476,-2.0245424e-05,-0.22499999999999476,-0.016113072
