,NiOx_4PacZ_DPPP_DMF_Washed_B_2F_V_D,NiOx_4PacZ_DPPP_DMF_Washed_B_2F_J_D,NiOx_4PacZ_DPPP_DMF_Washed_B_2F_V_L,NiOx_4PacZ_DPPP_DMF_Washed_B_2F_J_L
0,-0.25,-6.86526e-05,-0.25,-0.023282186666666666
1,-0.225,-6.71788e-05,-0.225,-0.02320154
2,-0.2,-6.689366666666667e-05,-0.2,-0.023104553333333333
3,-0.17500000000000002,-6.674333333333334e-05,-0.17500000000000002,-0.023004573333333334
4,-0.15000000000000002,-6.678686666666668e-05,-0.15000000000000002,-0.022918466666666668
5,-0.12500000000000003,-6.665448000000001e-05,-0.12500000000000003,-0.02284656666666667
6,-0.10000000000000003,-6.660248666666667e-05,-0.10000000000000003,-0.0227872
7,-0.07500000000000004,-6.655051333333334e-05,-0.07500000000000004,-0.02273562
8,-0.050000000000000044,-6.652296666666667e-05,-0.050000000000000044,-0.022688906666666668
9,-0.02500000000000005,-6.646561333333333e-05,-0.02500000000000005,-0.02264584
10,-5.551115123125783e-17,-6.643614666666667e-05,-5.551115123125783e-17,-0.02260814
11,0.02499999999999991,-6.638132e-05,0.02499999999999991,-0.022567426666666668
12,0.04999999999999993,-6.634270666666668e-05,0.04999999999999993,-0.02253316
13,0.07499999999999996,-6.629994e-05,0.07499999999999996,-0.022505186666666666
14,0.09999999999999992,-6.625463333333333e-05,0.09999999999999992,-0.022470086666666667
15,0.12499999999999989,-6.620632666666668e-05,0.12499999999999989,-0.0224291
16,0.1499999999999999,-6.615953333333334e-05,0.1499999999999999,-0.022404613333333337
17,0.17499999999999993,-6.610826e-05,0.17499999999999993,-0.022366913333333335
18,0.1999999999999999,-6.606024666666668e-05,0.1999999999999999,-0.022340306666666667
19,0.22499999999999987,-6.6008e-05,0.22499999999999987,-0.0223046
20,0.2499999999999999,-6.595158e-05,0.2499999999999999,-0.022273513333333335
21,0.2749999999999999,-6.588949333333334e-05,0.2749999999999999,-0.022237633333333333
22,0.2999999999999998,-6.582165333333333e-05,0.2999999999999998,-0.022204726666666667
23,0.32499999999999984,-6.574410666666667e-05,0.32499999999999984,-0.022166953333333336
24,0.34999999999999987,-6.565410000000001e-05,0.34999999999999987,-0.022125573333333332
25,0.3749999999999999,-6.554694666666667e-05,0.3749999999999999,-0.02209136
26,0.3999999999999999,-6.541170666666667e-05,0.3999999999999999,-0.022048533333333335
27,0.4249999999999998,-6.522893333333334e-05,0.4249999999999998,-0.02200475333333333
28,0.44999999999999984,-6.498098e-05,0.44999999999999984,-0.021950666666666667
29,0.47499999999999987,-6.462697333333334e-05,0.47499999999999987,-0.021901586666666667
30,0.4999999999999998,-6.411244e-05,0.4999999999999998,-0.021840273333333333
31,0.5249999999999998,-6.335778666666666e-05,0.5249999999999998,-0.021774953333333333
32,0.5499999999999998,-6.224337333333333e-05,0.5499999999999998,-0.02169738666666667
33,0.5749999999999998,-6.060368666666667e-05,0.5749999999999998,-0.021606106666666666
34,0.5999999999999999,-5.825172e-05,0.5999999999999999,-0.021498193333333335
35,0.6249999999999998,-5.477048666666666e-05,0.6249999999999998,-0.021371573333333335
36,0.6499999999999998,-4.979348666666667e-05,0.6499999999999998,-0.021218353333333335
37,0.6749999999999998,-4.2602393333333335e-05,0.6749999999999998,-0.021032286666666667
38,0.6999999999999997,-3.22146e-05,0.6999999999999997,-0.020803666666666668
39,0.7249999999999998,-1.6871613333333335e-05,0.7249999999999998,-0.02051586
40,0.7499999999999998,-1.8805066666666667e-06,0.7499999999999998,-0.020147106666666668
41,0.7749999999999997,2.6581513333333335e-05,0.7749999999999997,-0.01965556
42,0.7999999999999998,7.88148e-05,0.7999999999999998,-0.0190079
43,0.8249999999999997,0.00018623053333333335,0.8249999999999997,-0.018113333333333332
44,0.8499999999999996,0.00035804259999999997,0.8499999999999996,-0.016892726666666667
45,0.8749999999999998,0.0006395266,0.8749999999999998,-0.015312786666666666
46,0.8999999999999997,0.0010425806666666667,0.8999999999999997,-0.013403720000000001
47,0.9249999999999998,0.0017252686666666668,0.9249999999999998,-0.011173426666666667
48,0.9499999999999997,0.0026277653333333334,0.9499999999999997,-0.00863616
49,0.9749999999999996,0.003830736,0.9749999999999996,-0.006408734
50,0.9999999999999998,0.0054400966666666665,0.9999999999999998,-0.0028163533333333333
51,1.0249999999999997,0.0074945866666666664,1.0249999999999997,0.0008683493333333334
52,1.0499999999999998,0.010297993333333335,1.0499999999999998,0.004947236666666667
53,1.0749999999999997,0.013690160000000002,1.0749999999999997,0.009171753333333333
54,1.0999999999999996,0.017777046666666668,1.0999999999999996,0.014481266666666668
55,1.1249999999999998,0.02254548,1.1249999999999998,0.020137273333333334
56,1.1499999999999997,0.02798432,1.1499999999999997,0.02628316
57,1.1749999999999996,0.03403659333333334,1.1749999999999996,0.03290357333333333
58,1.1999999999999997,0.040672606666666666,1.1999999999999997,0.040006853333333335
59,1.2249999999999996,0.04782082,1.2249999999999996,0.04754121333333333
