,NiOx_LA_7_1R_V_D,NiOx_LA_7_1R_J_D,NiOx_LA_7_1R_V_L,NiOx_LA_7_1R_J_L
0,1.25,0.050612312000000007,1.25,0.055692823999999995
1,1.225,0.046323104,1.225,0.045790328000000005
2,1.2000000000000002,0.038658112,1.2000000000000002,0.036064
3,1.1750000000000003,0.031141047999999998,1.1750000000000003,0.026844192
4,1.1500000000000004,0.0242062,1.1500000000000004,0.018231984
5,1.1250000000000004,0.018084064,1.1250000000000004,0.010372648
6,1.1000000000000005,0.012890728,1.1000000000000005,0.0035246472
7,1.0750000000000006,0.008741864,1.0750000000000006,-0.0026413272000000002
8,1.0500000000000007,0.0056846528,1.0500000000000007,-0.007765236
9,1.0250000000000008,0.0034606328,1.0250000000000008,-0.011424216
10,1.0000000000000009,0.0020204704,1.0000000000000009,-0.01481584
11,0.975000000000001,0.0011396592,0.975000000000001,-0.01727124
12,0.9500000000000011,0.00066565968,0.9500000000000011,-0.019040912
13,0.9250000000000012,0.0003404684,0.9250000000000012,-0.020271056000000003
14,0.9000000000000012,0.00016512952,0.9000000000000012,-0.021128559999999998
15,0.8750000000000013,0.00010130856,0.8750000000000013,-0.021720655999999998
16,0.8500000000000014,4.0059784e-05,0.8500000000000014,-0.022133152
17,0.8250000000000015,5.102088e-06,0.8250000000000015,-0.022417944000000002
18,0.8000000000000016,-1.5784272e-05,0.8000000000000016,-0.022617096
19,0.7750000000000017,-3.4353216e-05,0.7750000000000017,-0.022741136000000002
20,0.7500000000000018,-4.4772656e-05,0.7500000000000018,-0.022805664
21,0.7250000000000019,-5.1265464e-05,0.7250000000000019,-0.022826688
22,0.700000000000002,-5.5282568e-05,0.700000000000002,-0.022820448
23,0.675000000000002,-5.772368e-05,0.675000000000002,-0.022794112
24,0.6500000000000021,-5.9197712e-05,0.6500000000000021,-0.022767744
25,0.6250000000000022,-6.0077016000000005e-05,0.6250000000000022,-0.022742592
26,0.6000000000000023,-6.0671664000000005e-05,0.6000000000000023,-0.022719104
27,0.5750000000000024,-6.1097376e-05,0.5750000000000024,-0.022697832
28,0.5500000000000025,-6.1479304e-05,0.5500000000000025,-0.022679048
29,0.5250000000000026,-6.171512e-05,0.5250000000000026,-0.02266564
30,0.5000000000000027,-6.194693599999999e-05,0.5000000000000027,-0.022652736
31,0.47500000000000275,-6.2134368e-05,0.47500000000000275,-0.022641424
32,0.45000000000000284,-6.2341608e-05,0.45000000000000284,-0.022634536
33,0.42500000000000293,-6.2453344e-05,0.42500000000000293,-0.022627072
34,0.400000000000003,-6.2569256e-05,0.400000000000003,-0.02262116
35,0.3750000000000031,-6.2673176e-05,0.3750000000000031,-0.022618152
36,0.3500000000000032,-6.2808624e-05,0.3500000000000032,-0.022610263999999998
37,0.3250000000000033,-6.286928e-05,0.3250000000000033,-0.022606272
38,0.3000000000000034,-6.2956112e-05,0.3000000000000034,-0.0226032
39,0.27500000000000346,-6.3041824e-05,0.27500000000000346,-0.022604463999999998
40,0.25000000000000355,-6.312820000000001e-05,0.25000000000000355,-0.022598927999999997
41,0.22500000000000364,-6.3137456e-05,0.22500000000000364,-0.022590584
42,0.20000000000000373,-6.3283984e-05,0.20000000000000373,-0.022594216
43,0.17500000000000382,-6.3369888e-05,0.17500000000000382,-0.022595808000000002
44,0.1500000000000039,-6.3457576e-05,0.1500000000000039,-0.0225966
45,0.125000000000004,-6.3572168e-05,0.125000000000004,-0.022596912
46,0.10000000000000409,-6.363e-05,0.10000000000000409,-0.022599448
47,0.07500000000000417,-6.3709512e-05,0.07500000000000417,-0.022603
48,0.05000000000000426,-6.3785424e-05,0.05000000000000426,-0.022605672
49,0.025000000000004352,-6.3906544e-05,0.025000000000004352,-0.022606952
50,4.440892098500626e-15,-6.39634e-05,4.440892098500626e-15,-0.02261616
51,-0.02499999999999547,-6.403936800000001e-05,-0.02499999999999547,-0.022620768
52,-0.04999999999999538,-6.4139224e-05,-0.04999999999999538,-0.022621231999999998
53,-0.07499999999999529,-6.418716800000001e-05,-0.07499999999999529,-0.02262816
54,-0.0999999999999952,-6.429589599999999e-05,-0.0999999999999952,-0.022631392
55,-0.12499999999999512,-6.4368952e-05,-0.12499999999999512,-0.022627
56,-0.14999999999999503,-6.4439176e-05,-0.14999999999999503,-0.02263916
57,-0.17499999999999494,-6.453136e-05,-0.17499999999999494,-0.022636032
58,-0.19999999999999485,-6.45728e-05,-0.19999999999999485,-0.022640752
59,-0.22499999999999476,-6.4671944e-05,-0.22499999999999476,-0.022647439999999998
