,NiOx_LA_7_1R_V_D,NiOx_LA_7_1R_J_D,NiOx_LA_7_1R_V_L,NiOx_LA_7_1R_J_L
0,1.25,0.049791216,1.25,0.053654912
1,1.225,0.044870752,1.225,0.04403216
2,1.2000000000000002,0.037294736,1.2000000000000002,0.034679792
3,1.1750000000000003,0.030006751999999998,1.1750000000000003,0.025850816
4,1.1500000000000004,0.023351096,1.1500000000000004,0.017614416
5,1.1250000000000004,0.017508488,1.1250000000000004,0.010088624000000001
6,1.1000000000000005,0.012558768000000001,1.1000000000000005,0.0035028696
7,1.0750000000000006,0.008590344,1.0750000000000006,-0.0024463744
8,1.0500000000000007,0.0056276304,1.0500000000000007,-0.007444615999999999
9,1.0250000000000008,0.0034666415999999997,1.0250000000000008,-0.011047368
10,1.0000000000000009,0.0020445847999999997,1.0000000000000009,-0.014431848
11,0.975000000000001,0.0011610472,0.975000000000001,-0.016923488
12,0.9500000000000011,0.00067381792,0.9500000000000011,-0.018743568
13,0.9250000000000012,0.00034290616,0.9250000000000012,-0.020037336
14,0.9000000000000012,0.00016224647999999998,0.9000000000000012,-0.020944936
15,0.8750000000000013,7.541821599999999e-05,0.8750000000000013,-0.021584312
16,0.8500000000000014,1.3046976e-05,0.8500000000000014,-0.022033344
17,0.8250000000000015,-1.9174872e-05,0.8250000000000015,-0.022351351999999998
18,0.8000000000000016,-3.6853896e-05,0.8000000000000016,-0.022577824
19,0.7750000000000017,-4.7015936000000003e-05,0.7750000000000017,-0.022730936
20,0.7500000000000018,-5.3232928e-05,0.7500000000000018,-0.022837208
21,0.7250000000000019,-5.7255016000000004e-05,0.7250000000000019,-0.022883672
22,0.700000000000002,-5.9858711999999996e-05,0.700000000000002,-0.022897392
23,0.675000000000002,-6.1542336e-05,0.675000000000002,-0.022885088
24,0.6500000000000021,-6.2559704e-05,0.6500000000000021,-0.022858528
25,0.6250000000000022,-6.3150984e-05,0.6250000000000022,-0.022837879999999998
26,0.6000000000000023,-6.3500464e-05,0.6000000000000023,-0.022815984
27,0.5750000000000024,-6.378076e-05,0.5750000000000024,-0.022792664
28,0.5500000000000025,-6.3925432e-05,0.5500000000000025,-0.022771504
29,0.5250000000000026,-6.4067056e-05,0.5250000000000026,-0.022754824
30,0.5000000000000027,-6.418284000000001e-05,0.5000000000000027,-0.022742144
31,0.47500000000000275,-6.431248e-05,0.47500000000000275,-0.02272844
32,0.45000000000000284,-6.4383776e-05,0.45000000000000284,-0.022709663999999997
33,0.42500000000000293,-6.4448048e-05,0.42500000000000293,-0.022707464
34,0.400000000000003,-6.4516728e-05,0.400000000000003,-0.022699544
35,0.3750000000000031,-6.4573544e-05,0.3750000000000031,-0.022692432000000002
36,0.3500000000000032,-6.4637992e-05,0.3500000000000032,-0.02268396
37,0.3250000000000033,-6.4695792e-05,0.3250000000000033,-0.022680544
38,0.3000000000000034,-6.474272e-05,0.3000000000000034,-0.022670328
39,0.27500000000000346,-6.4800904e-05,0.27500000000000346,-0.022670615999999998
40,0.25000000000000355,-6.485556e-05,0.25000000000000355,-0.022666903999999998
41,0.22500000000000364,-6.4854832e-05,0.22500000000000364,-0.022659976000000002
42,0.20000000000000373,-6.495905599999999e-05,0.20000000000000373,-0.022663408
43,0.17500000000000382,-6.500952e-05,0.17500000000000382,-0.022666032
44,0.1500000000000039,-6.5103048e-05,0.1500000000000039,-0.022664336
45,0.125000000000004,-6.514409600000001e-05,0.125000000000004,-0.022665168
46,0.10000000000000409,-6.520012e-05,0.10000000000000409,-0.022669935999999998
47,0.07500000000000417,-6.5268352e-05,0.07500000000000417,-0.022670472
48,0.05000000000000426,-6.535252e-05,0.05000000000000426,-0.022670296
49,0.025000000000004352,-6.5399768e-05,0.025000000000004352,-0.02267452
50,4.440892098500626e-15,-6.5466112e-05,4.440892098500626e-15,-0.022676992
51,-0.02499999999999547,-6.552299200000001e-05,-0.02499999999999547,-0.022677472
52,-0.04999999999999538,-6.560432e-05,-0.04999999999999538,-0.022679592000000002
53,-0.07499999999999529,-6.5649432e-05,-0.07499999999999529,-0.022684048000000002
54,-0.0999999999999952,-6.5709992e-05,-0.0999999999999952,-0.022686856
55,-0.12499999999999512,-6.5770592e-05,-0.12499999999999512,-0.022688768
56,-0.14999999999999503,-6.583631999999999e-05,-0.14999999999999503,-0.022694856
57,-0.17499999999999494,-6.5899736e-05,-0.17499999999999494,-0.022695135999999998
58,-0.19999999999999485,-6.5935552e-05,-0.19999999999999485,-0.022697848
59,-0.22499999999999476,-6.601372e-05,-0.22499999999999476,-0.022700544
