,0Pass_6F_V_D,0Pass_6F_J_D,0Pass_6F_V_L,0Pass_6F_J_L
0,-0.25,-1.5321553333333334e-09,-0.25,-3.91226e-09
1,-0.225,-5.522550666666667e-10,-0.225,-3.0122453333333334e-09
2,-0.2,-1.1014013333333333e-10,-0.2,-2.6768946666666666e-09
3,-0.17500000000000002,4.581960666666667e-10,-0.17500000000000002,-2.1921446666666666e-09
4,-0.15000000000000002,8.59356e-10,-0.15000000000000002,-1.8775873333333334e-09
5,-0.12500000000000003,9.355593333333333e-10,-0.12500000000000003,-1.3673286666666668e-09
6,-0.10000000000000003,1.0154553333333334e-09,-0.10000000000000003,-8.819086666666667e-10
7,-0.07500000000000004,1.2863640000000001e-09,-0.07500000000000004,-4.3509566666666673e-10
8,-0.050000000000000044,1.272936e-09,-0.050000000000000044,1.376052e-10
9,-0.02500000000000005,1.5676073333333336e-09,-0.02500000000000005,5.199657333333334e-10
10,-5.551115123125783e-17,1.815946e-09,-5.551115123125783e-17,1.159134e-09
11,0.02499999999999991,1.938102e-09,0.02499999999999991,1.2752860000000002e-09
12,0.04999999999999993,2.1465053333333335e-09,0.04999999999999993,1.4290080000000002e-09
13,0.07499999999999996,2.1136173333333334e-09,0.07499999999999996,1.7062073333333335e-09
14,0.09999999999999992,2.3471893333333333e-09,0.09999999999999992,1.948840666666667e-09
15,0.12499999999999989,2.4428333333333336e-09,0.12499999999999989,2.0407933333333336e-09
16,0.1499999999999999,2.5455266666666667e-09,0.1499999999999999,2.293494666666667e-09
17,0.17499999999999993,2.7525873333333338e-09,0.17499999999999993,2.4807560000000004e-09
18,0.1999999999999999,2.9975713333333335e-09,0.1999999999999999,2.5656606666666668e-09
19,0.22499999999999987,3.328798e-09,0.22499999999999987,3.0794526666666667e-09
20,0.2499999999999999,3.5895540000000003e-09,0.2499999999999999,3.147578666666667e-09
21,0.2749999999999999,3.473104e-09,0.2749999999999999,3.4439073333333334e-09
22,0.2999999999999998,3.957026666666667e-09,0.2999999999999998,3.6774793333333333e-09
23,0.32499999999999984,4.141272e-09,0.32499999999999984,3.776144666666667e-09
24,0.34999999999999987,4.349672666666667e-09,0.34999999999999987,4.057036e-09
25,0.3749999999999999,4.661102000000001e-09,0.3749999999999999,4.256038666666667e-09
26,0.3999999999999999,5.235635333333334e-09,0.3999999999999999,4.358730666666667e-09
27,0.4249999999999998,5.171874e-09,0.4249999999999998,4.573849333333333e-09
28,0.44999999999999984,5.309473333333334e-09,0.44999999999999984,4.763460666666667e-09
29,0.47499999999999987,5.358799333333334e-09,0.47499999999999987,4.943000666666667e-09
30,0.4999999999999998,5.4671980000000005e-09,0.4999999999999998,5.2933573333333335e-09
31,0.5249999999999998,5.605795333333334e-09,0.5249999999999998,5.36987e-09
32,0.5499999999999998,5.835342e-09,0.5499999999999998,5.61922e-09
33,0.5749999999999998,6.128987333333334e-09,0.5749999999999998,5.865884666666667e-09
34,0.5999999999999999,6.372296666666667e-09,0.5999999999999999,5.951117333333334e-09
35,0.6249999999999998,7.00488e-09,0.6249999999999998,6.248791333333334e-09
36,0.6499999999999998,7.118660000000001e-09,0.6499999999999998,6.352491333333334e-09
37,0.6749999999999998,7.07066e-09,0.6749999999999998,6.600827333333333e-09
38,0.6999999999999997,7.87944e-09,0.6999999999999997,6.906886666666667e-09
39,0.7249999999999998,7.933806666666666e-09,0.7249999999999998,7.213953333333334e-09
40,0.7499999999999998,8.542906666666667e-09,0.7499999999999998,7.430746666666667e-09
41,0.7749999999999997,9.180866666666666e-09,0.7749999999999997,7.850240000000001e-09
42,0.7999999999999998,8.526126666666668e-09,0.7999999999999998,8.041186666666667e-09
43,0.8249999999999997,9.46008e-09,0.8249999999999997,8.347586666666666e-09
44,0.8499999999999996,9.956093333333334e-09,0.8499999999999996,8.629826666666667e-09
45,0.8749999999999998,1.0472906666666667e-08,0.8749999999999998,8.875133333333335e-09
46,0.8999999999999997,1.0517526666666666e-08,0.8999999999999997,9.160053333333335e-09
47,0.9249999999999998,1.0875946666666667e-08,0.9249999999999998,9.47954e-09
48,0.9499999999999997,1.146894e-08,0.9499999999999997,9.72318e-09
49,0.9749999999999996,1.1961246666666667e-08,0.9749999999999996,1.0127913333333334e-08
50,0.9999999999999998,1.2696880000000001e-08,0.9999999999999998,1.0437666666666668e-08
51,1.0249999999999997,1.3014680000000002e-08,1.0249999999999997,1.0773246666666667e-08
52,1.0499999999999998,1.3328786666666666e-08,1.0499999999999998,1.124108e-08
53,1.0749999999999997,1.37399e-08,1.0749999999999997,1.1487393333333334e-08
54,1.0999999999999996,1.4495320000000001e-08,1.0999999999999996,1.192098e-08
55,1.1249999999999998,1.5009766666666666e-08,1.1249999999999998,1.2416320000000001e-08
56,1.1499999999999997,1.565982e-08,1.1499999999999997,1.2739493333333333e-08
57,1.1749999999999996,1.5698753333333337e-08,1.1749999999999996,1.3237840000000001e-08
58,1.1999999999999997,1.6206493333333334e-08,1.1999999999999997,1.3760366666666668e-08
59,1.2249999999999996,1.669244e-08,1.2249999999999996,1.4090593333333334e-08
