,DualPass_6R_V_D,DualPass_6R_J_D,DualPass_6R_V_L,DualPass_6R_J_L
0,1.25,1.5525053333333333e-09,1.25,1.637746e-09
1,1.225,1.4545126666666667e-09,1.225,1.3054986666666668e-09
2,1.2000000000000002,1.4904213333333334e-09,1.2000000000000002,1.2266093333333334e-09
3,1.1750000000000003,1.5139126666666668e-09,1.1750000000000003,1.1604773333333334e-09
4,1.1500000000000004,1.3145626666666666e-09,1.1500000000000004,1.1765906666666667e-09
5,1.1250000000000004,1.1853186666666667e-09,1.1250000000000004,1.1551060000000001e-09
6,1.1000000000000005,1.0785666666666666e-09,1.1000000000000005,1.1067653333333335e-09
7,1.0750000000000006,9.808786666666668e-10,1.0750000000000006,1.1416780000000001e-09
8,1.0500000000000007,9.134033333333334e-10,1.0500000000000007,1.1739053333333334e-09
9,1.0250000000000008,1.0426473333333334e-09,1.0250000000000008,1.110794e-09
10,1.0000000000000009,9.90614e-10,1.0000000000000009,1.1154933333333333e-09
11,0.975000000000001,1.0698386666666668e-09,0.975000000000001,1.0631240000000002e-09
12,0.9500000000000011,1.0963586666666669e-09,0.9500000000000011,1.0423113333333334e-09
13,0.9250000000000012,1.1003873333333334e-09,0.9250000000000012,1.0627893333333335e-09
14,0.9000000000000012,1.055068e-09,0.9000000000000012,1.034926e-09
15,0.8750000000000013,1.1225433333333334e-09,0.8750000000000013,1.0436546666666668e-09
16,0.8500000000000014,1.0876306666666668e-09,0.8500000000000014,1.175248e-09
17,0.8250000000000015,1.1467133333333334e-09,0.8250000000000015,1.2591720000000001e-09
18,0.8000000000000016,1.1027373333333335e-09,0.8000000000000016,1.0567466666666666e-09
19,0.7750000000000017,1.114822e-09,0.7750000000000017,1.1695406666666666e-09
20,0.7500000000000018,1.1977393333333335e-09,0.7500000000000018,1.1913613333333334e-09
21,0.7250000000000019,1.1316073333333332e-09,0.7250000000000019,1.1695406666666666e-09
22,0.700000000000002,1.0533893333333335e-09,0.700000000000002,1.119858e-09
23,0.675000000000002,1.01042e-09,0.675000000000002,9.463020000000002e-10
24,0.6500000000000021,9.996773333333335e-10,0.6500000000000021,1.0893093333333333e-09
25,0.6250000000000022,9.886e-10,0.6250000000000022,1.0500326666666667e-09
26,0.6000000000000023,9.604013333333334e-10,0.6000000000000023,1.115158e-09
27,0.5750000000000024,1.0809166666666667e-09,0.5750000000000024,1.1030726666666668e-09
28,0.5500000000000025,1.079238e-09,0.5500000000000025,1.0648033333333334e-09
29,0.5250000000000026,1.0637966666666667e-09,0.5250000000000026,1.07286e-09
30,0.5000000000000027,1.095016e-09,0.5000000000000027,1.2198953333333333e-09
31,0.47500000000000275,1.0560753333333334e-09,0.47500000000000275,1.3501433333333333e-09
32,0.45000000000000284,1.1054226666666666e-09,0.45000000000000284,9.718153333333333e-10
33,0.42500000000000293,9.845713333333335e-10,0.42500000000000293,9.503300000000002e-10
34,0.400000000000003,9.986713333333335e-10,0.400000000000003,8.271293333333334e-10
35,0.3750000000000031,9.822213333333334e-10,0.3750000000000031,5.971762e-10
36,0.3500000000000032,9.986706666666668e-10,0.3500000000000032,1.3927633333333334e-09
37,0.3250000000000033,9.959853333333334e-10,0.3250000000000033,1.0966946666666666e-09
38,0.3000000000000034,1.0073986666666668e-09,0.3000000000000034,1.4075293333333333e-09
39,0.27500000000000346,1.0453326666666667e-09,0.27500000000000346,1.587072e-09
40,0.25000000000000355,1.0272053333333334e-09,0.25000000000000355,1.6387533333333332e-09
41,0.22500000000000364,1.0819240000000002e-09,0.22500000000000364,1.411892e-09
42,0.20000000000000373,1.0342546666666666e-09,0.20000000000000373,1.2410446666666667e-09
43,0.17500000000000382,1.010756e-09,0.17500000000000382,9.513373333333334e-10
44,0.1500000000000039,1.0376113333333334e-09,0.1500000000000039,9.090393333333334e-10
45,0.125000000000004,1.004042e-09,0.125000000000004,9.734933333333334e-10
46,0.10000000000000409,1.0120986666666668e-09,0.10000000000000409,8.93598e-10
47,0.07500000000000417,1.0470113333333334e-09,0.07500000000000417,1.0537253333333335e-09
48,0.05000000000000426,1.013106e-09,0.05000000000000426,9.963206666666667e-10
49,0.025000000000004352,1.0644673333333334e-09,0.025000000000004352,7.54954e-10
50,4.440892098500626e-15,8.523066666666666e-10,4.440892098500626e-15,4.434278e-10
51,-0.02499999999999547,9.60066e-10,-0.02499999999999547,9.365666666666667e-10
52,-0.04999999999999538,9.731580000000002e-10,-0.04999999999999538,8.9259e-10
53,-0.07499999999999529,9.177673333333333e-10,-0.07499999999999529,7.18028e-10
54,-0.0999999999999952,9.6208e-10,-0.0999999999999952,8.08666e-10
55,-0.12499999999999512,1.0117633333333333e-09,-0.12499999999999512,8.24444e-10
56,-0.14999999999999503,9.476453333333334e-10,-0.14999999999999503,8.570066666666666e-10
57,-0.17499999999999494,9.5738e-10,-0.17499999999999494,7.86174e-10
58,-0.19999999999999485,1.0674886666666667e-09,-0.19999999999999485,9.271673333333333e-10
59,-0.22499999999999476,9.718146666666668e-10,-0.22499999999999476,8.55328e-10
