,TopPass_5F_V_D,TopPass_5F_J_D,TopPass_5F_V_L,TopPass_5F_J_L
0,-0.25,-2.423868e-05,-0.25,-0.020614979999999998
1,-0.225,-2.404502666666667e-05,-0.225,-0.0204652
2,-0.2,-2.39661e-05,-0.2,-0.020373226666666668
3,-0.17500000000000002,-2.38762e-05,-0.17500000000000002,-0.02029702666666667
4,-0.15000000000000002,-2.3821546666666668e-05,-0.15000000000000002,-0.02022842
5,-0.12500000000000003,-2.3690553333333334e-05,-0.12500000000000003,-0.02018154
6,-0.10000000000000003,-2.3256726666666668e-05,-0.10000000000000003,-0.02012854
7,-0.07500000000000004,-2.2659060000000002e-05,-0.07500000000000004,-0.020081073333333335
8,-0.050000000000000044,-2.196288e-05,-0.050000000000000044,-0.020036973333333333
9,-0.02500000000000005,-2.1033686666666666e-05,-0.02500000000000005,-0.019993273333333332
10,-5.551115123125783e-17,-1.9793926666666668e-05,-5.551115123125783e-17,-0.019954693333333336
11,0.02499999999999991,-1.8203453333333334e-05,0.02499999999999991,-0.019904826666666667
12,0.04999999999999993,-1.647376e-05,0.04999999999999993,-0.019871859999999998
13,0.07499999999999996,-1.4656653333333334e-05,0.07499999999999996,-0.01982934
14,0.09999999999999992,-1.2865720000000001e-05,0.09999999999999992,-0.019785893333333335
15,0.12499999999999989,-1.1485646666666668e-05,0.12499999999999989,-0.019737353333333336
16,0.1499999999999999,-1.1835726666666667e-05,0.1499999999999999,-0.019697806666666668
17,0.17499999999999993,-1.2718606666666668e-05,0.17499999999999993,-0.019650940000000002
18,0.1999999999999999,-1.4302933333333335e-05,0.1999999999999999,-0.019599826666666667
19,0.22499999999999987,-1.7234606666666665e-05,0.22499999999999987,-0.019539240000000003
20,0.2499999999999999,-1.9652553333333333e-05,0.2499999999999999,-0.019487653333333334
21,0.2749999999999999,-2.136274e-05,0.2749999999999999,-0.019423473333333333
22,0.2999999999999998,-2.1935773333333337e-05,0.2999999999999998,-0.019349940000000003
23,0.32499999999999984,-2.201568e-05,0.32499999999999984,-0.01926494
24,0.34999999999999987,-2.1555053333333334e-05,0.34999999999999987,-0.019164553333333334
25,0.3749999999999999,-2.0580053333333334e-05,0.3749999999999999,-0.01907226
26,0.3999999999999999,-1.8732866666666668e-05,0.3999999999999999,-0.018954520000000002
27,0.4249999999999998,-1.5131733333333335e-05,0.4249999999999998,-0.018815093333333335
28,0.44999999999999984,-8.169966666666668e-06,0.44999999999999984,-0.01864474
29,0.47499999999999987,4.762828666666667e-06,0.47499999999999987,-0.018465053333333335
30,0.4999999999999998,2.9275533333333335e-05,0.4999999999999998,-0.018225240000000004
31,0.5249999999999998,7.364006666666667e-05,0.5249999999999998,-0.017916373333333332
32,0.5499999999999998,0.000150938,0.5499999999999998,-0.017528093333333335
33,0.5749999999999998,0.0002770600666666667,0.5749999999999998,-0.01702864
34,0.5999999999999999,0.00047034106666666664,0.5999999999999999,-0.01640894
35,0.6249999999999998,0.0007499073333333333,0.6249999999999998,-0.015638593333333336
36,0.6499999999999998,0.0011297766666666666,0.6499999999999998,-0.014703913333333336
37,0.6749999999999998,0.0016216993333333333,0.6749999999999998,-0.013581706666666667
38,0.6999999999999997,0.002228784666666667,0.6999999999999997,-0.012269353333333333
39,0.7249999999999998,0.0029567993333333336,0.7249999999999998,-0.010756966666666668
40,0.7499999999999998,0.0038009720000000006,0.7499999999999998,-0.009031826666666668
41,0.7749999999999997,0.004761744666666667,0.7749999999999997,-0.007090239999999999
42,0.7999999999999998,0.005838514666666667,0.7999999999999998,-0.005313746
43,0.8249999999999997,0.00701898,0.8249999999999997,-0.0027513373333333336
44,0.8499999999999996,0.00831952,0.8499999999999996,-0.000495702
45,0.8749999999999998,0.009725840000000001,0.8749999999999998,0.002031452
46,0.8999999999999997,0.011244826666666666,0.8999999999999997,0.004831382
47,0.9249999999999998,0.0128732,0.9249999999999998,0.007364646666666667
48,0.9499999999999997,0.01461642,0.9499999999999997,0.010138386666666667
49,0.9749999999999996,0.016461386666666668,0.9749999999999996,0.012774453333333333
50,0.9999999999999998,0.01842026,0.9999999999999998,0.015364613333333334
51,1.0249999999999997,0.02048404666666667,1.0249999999999997,0.017906913333333333
52,1.0499999999999998,0.02265174,1.0499999999999998,0.020425993333333337
53,1.0749999999999997,0.02492526,1.0749999999999997,0.0229466
54,1.0999999999999996,0.027311520000000002,1.0999999999999996,0.025503106666666667
55,1.1249999999999998,0.029796946666666668,1.1249999999999998,0.028107240000000002
56,1.1499999999999997,0.03239572,1.1499999999999997,0.03078984666666667
57,1.1749999999999996,0.03509498666666667,1.1749999999999996,0.033557413333333334
58,1.1999999999999997,0.03791058,1.1999999999999997,0.03643444
59,1.2249999999999996,0.04083275333333333,1.2249999999999996,0.039420666666666666
