,TopPass_1F_V_D,TopPass_1F_J_D,TopPass_1F_V_L,TopPass_1F_J_L
0,-0.25,-1.9603826666666668e-05,-0.25,-0.021729666666666668
1,-0.225,-1.9467053333333333e-05,-0.225,-0.0215741
2,-0.2,-1.945076e-05,-0.2,-0.02147488666666667
3,-0.17500000000000002,-1.939066e-05,-0.17500000000000002,-0.021389313333333333
4,-0.15000000000000002,-1.9360473333333335e-05,-0.15000000000000002,-0.021319233333333337
5,-0.12500000000000003,-1.932886e-05,-0.12500000000000003,-0.02125376
6,-0.10000000000000003,-1.929718e-05,-0.10000000000000003,-0.021194353333333336
7,-0.07500000000000004,-1.926558666666667e-05,-0.07500000000000004,-0.02113714666666667
8,-0.050000000000000044,-1.9231873333333334e-05,-0.050000000000000044,-0.021084586666666665
9,-0.02500000000000005,-1.9197406666666666e-05,-0.02500000000000005,-0.021034873333333336
10,-5.551115123125783e-17,-1.9167406666666668e-05,-5.551115123125783e-17,-0.0209879
11,0.02499999999999991,-1.912388666666667e-05,0.02499999999999991,-0.02092886
12,0.04999999999999993,-1.9085566666666666e-05,0.04999999999999993,-0.020886113333333334
13,0.07499999999999996,-1.9048253333333337e-05,0.07499999999999996,-0.020837946666666666
14,0.09999999999999992,-1.900998e-05,0.09999999999999992,-0.020791026666666667
15,0.12499999999999989,-1.8971253333333334e-05,0.12499999999999989,-0.020748153333333335
16,0.1499999999999999,-1.893664e-05,0.1499999999999999,-0.020700873333333335
17,0.17499999999999993,-1.892434e-05,0.17499999999999993,-0.02065684
18,0.1999999999999999,-1.886614e-05,0.1999999999999999,-0.020610006666666666
19,0.22499999999999987,-1.8829160000000003e-05,0.22499999999999987,-0.02055668
20,0.2499999999999999,-1.8793560000000003e-05,0.2499999999999999,-0.02052014
21,0.2749999999999999,-1.8755073333333332e-05,0.2749999999999999,-0.020474633333333336
22,0.2999999999999998,-1.8716386666666667e-05,0.2999999999999998,-0.020424853333333333
23,0.32499999999999984,-1.8672133333333334e-05,0.32499999999999984,-0.02036982
24,0.34999999999999987,-1.862578666666667e-05,0.34999999999999987,-0.020305753333333336
25,0.3749999999999999,-1.857262e-05,0.3749999999999999,-0.02025358
26,0.3999999999999999,-1.8511573333333337e-05,0.3999999999999999,-0.02018804
27,0.4249999999999998,-1.8439786666666667e-05,0.4249999999999998,-0.0201164
28,0.44999999999999984,-1.8347920000000002e-05,0.44999999999999984,-0.020038320000000002
29,0.47499999999999987,-1.823082e-05,0.47499999999999987,-0.019937933333333335
30,0.4999999999999998,-1.807458666666667e-05,0.4999999999999998,-0.01983712
31,0.5249999999999998,-1.7860473333333335e-05,0.5249999999999998,-0.01972810666666667
32,0.5499999999999998,-1.755096e-05,0.5499999999999998,-0.01959728666666667
33,0.5749999999999998,-1.7075160000000003e-05,0.5749999999999998,-0.01945648
34,0.5999999999999999,-1.6313093333333332e-05,0.5999999999999999,-0.019302200000000002
35,0.6249999999999998,-1.5017186666666667e-05,0.6249999999999998,-0.019129106666666666
36,0.6499999999999998,-1.2725106666666669e-05,0.6499999999999998,-0.01892002
37,0.6749999999999998,-8.55238e-06,0.6749999999999998,-0.018651813333333333
38,0.6999999999999997,-2.364890666666667e-06,0.6999999999999997,-0.018366200000000003
39,0.7249999999999998,1.00555e-05,0.7249999999999998,-0.017984486666666667
40,0.7499999999999998,3.7616146666666666e-05,0.7499999999999998,-0.01746508
41,0.7749999999999997,7.931806666666667e-05,0.7749999999999997,-0.016762573333333333
42,0.7999999999999998,0.000175851,0.7999999999999998,-0.01589756
43,0.8249999999999997,0.00034896326666666665,0.8249999999999997,-0.014713960000000002
44,0.8499999999999996,0.0006664404666666667,0.8499999999999996,-0.013153686666666666
45,0.8749999999999998,0.0011484239999999999,0.8749999999999998,-0.011162713333333333
46,0.8999999999999997,0.00211881,0.8999999999999997,-0.008655580000000001
47,0.9249999999999998,0.0035542426666666663,0.9249999999999998,-0.006326542
48,0.9499999999999997,0.005604026,0.9499999999999997,-0.002108081333333333
49,0.9749999999999996,0.008081713333333334,0.9749999999999996,0.0021466286666666666
50,0.9999999999999998,0.011610760000000001,0.9999999999999998,0.00683526
51,1.0249999999999997,0.015627066666666665,1.0249999999999997,0.011446893333333335
52,1.0499999999999998,0.02020292,1.0499999999999998,0.01725642
53,1.0749999999999997,0.025280026666666667,1.0749999999999997,0.02316730666666667
54,1.0999999999999996,0.030829240000000004,1.0999999999999996,0.029377053333333333
55,1.1249999999999998,0.036784000000000004,1.1249999999999998,0.03586676666666667
56,1.1499999999999997,0.043136139999999996,1.1499999999999997,0.04267214666666667
57,1.1749999999999996,0.04984026666666667,1.1749999999999996,0.04974912666666667
58,1.1999999999999997,0.05690597333333333,1.1999999999999997,0.05713800666666667
59,1.2249999999999996,0.06429601333333333,1.2249999999999996,0.06480932
