,TopPass_3R_V_D,TopPass_3R_J_D,TopPass_3R_V_L,TopPass_3R_J_L
0,1.25,0.018675760000000003,1.25,0.017458013333333335
1,1.225,0.01631244,1.225,0.014948733333333334
2,1.2000000000000002,0.014120953333333333,1.2000000000000002,0.012586693333333334
3,1.1750000000000003,0.012094026666666667,1.1750000000000003,0.01035142
4,1.1500000000000004,0.010216206666666667,1.1500000000000004,0.008208346666666666
5,1.1250000000000004,0.0084885,1.1250000000000004,0.006170112
6,1.1000000000000005,0.006901653333333333,1.1000000000000005,0.004086316
7,1.0750000000000006,0.00549302,1.0750000000000006,0.0020217300000000002
8,1.0500000000000007,0.004180518,1.0500000000000007,1.4973313333333333e-05
9,1.0250000000000008,0.0030624773333333337,1.0250000000000008,-0.0021437459999999998
10,1.0000000000000009,0.002130916,1.0000000000000009,-0.004428655333333333
11,0.975000000000001,0.0014005666666666668,0.975000000000001,-0.006676366666666668
12,0.9500000000000011,0.0008662553333333334,0.9500000000000011,-0.008768846666666667
13,0.9250000000000012,0.0005274133333333334,0.9250000000000012,-0.01098918
14,0.9000000000000012,0.0002817842,0.9000000000000012,-0.013005826666666668
15,0.8750000000000013,0.00015009606666666666,0.8750000000000013,-0.01481624
16,0.8500000000000014,7.4127e-05,0.8500000000000014,-0.016398653333333336
17,0.8250000000000015,3.437461333333333e-05,0.8250000000000015,-0.017708453333333332
18,0.8000000000000016,7.158533333333334e-06,0.8000000000000016,-0.018767333333333334
19,0.7750000000000017,-7.206586666666667e-06,0.7750000000000017,-0.019551500000000003
20,0.7500000000000018,-1.535422e-05,0.7500000000000018,-0.02014964
21,0.7250000000000019,-2.0060313333333334e-05,0.7250000000000019,-0.02059148
22,0.700000000000002,-2.27774e-05,0.700000000000002,-0.020911640000000002
23,0.675000000000002,-2.4371693333333333e-05,0.675000000000002,-0.02113064
24,0.6500000000000021,-2.5312500000000002e-05,0.6500000000000021,-0.021290546666666667
25,0.6250000000000022,-2.5880926666666666e-05,0.6250000000000022,-0.02140326
26,0.6000000000000023,-2.6248346666666666e-05,0.6000000000000023,-0.021488473333333334
27,0.5750000000000024,-2.6499600000000003e-05,0.5750000000000024,-0.02154856
28,0.5500000000000025,-2.6685306666666666e-05,0.5500000000000025,-0.02159016
29,0.5250000000000026,-2.6826593333333332e-05,0.5250000000000026,-0.02162474
30,0.5000000000000027,-2.6936033333333334e-05,0.5000000000000027,-0.021650553333333336
31,0.47500000000000275,-2.702776666666667e-05,0.47500000000000275,-0.021677473333333336
32,0.45000000000000284,-2.7110053333333334e-05,0.45000000000000284,-0.021689553333333333
33,0.42500000000000293,-2.7183420000000003e-05,0.42500000000000293,-0.02170588666666667
34,0.400000000000003,-2.72515e-05,0.400000000000003,-0.021716893333333334
35,0.3750000000000031,-2.730612666666667e-05,0.3750000000000031,-0.021735733333333333
36,0.3500000000000032,-2.7358753333333334e-05,0.3500000000000032,-0.021743580000000002
37,0.3250000000000033,-2.740704666666667e-05,0.3250000000000033,-0.021756493333333335
38,0.3000000000000034,-2.745234666666667e-05,0.3000000000000034,-0.02176338
39,0.27500000000000346,-2.7500160000000002e-05,0.27500000000000346,-0.021775333333333334
40,0.25000000000000355,-2.752046666666667e-05,0.25000000000000355,-0.021785773333333334
41,0.22500000000000364,-2.7551633333333336e-05,0.22500000000000364,-0.02178799333333333
42,0.20000000000000373,-2.762486666666667e-05,0.20000000000000373,-0.021804260000000002
43,0.17500000000000382,-2.7661453333333334e-05,0.17500000000000382,-0.021814780000000002
44,0.1500000000000039,-2.770038666666667e-05,0.1500000000000039,-0.02182400666666667
45,0.125000000000004,-2.7735593333333333e-05,0.125000000000004,-0.021832033333333334
46,0.10000000000000409,-2.7768393333333334e-05,0.10000000000000409,-0.021840733333333334
47,0.07500000000000417,-2.7800566666666666e-05,0.07500000000000417,-0.02185218666666667
48,0.05000000000000426,-2.783116666666667e-05,0.05000000000000426,-0.02186488
49,0.025000000000004352,-2.785886666666667e-05,0.025000000000004352,-0.021871406666666666
50,4.440892098500626e-15,-2.7883206666666667e-05,4.440892098500626e-15,-0.0218842
51,-0.02499999999999547,-2.791626e-05,-0.02499999999999547,-0.02188446
52,-0.04999999999999538,-2.7944466666666666e-05,-0.04999999999999538,-0.0218956
53,-0.07499999999999529,-2.797324e-05,-0.07499999999999529,-0.02190068
54,-0.0999999999999952,-2.7993893333333334e-05,-0.0999999999999952,-0.021910626666666665
55,-0.12499999999999512,-2.7998340000000002e-05,-0.12499999999999512,-0.021925873333333335
56,-0.14999999999999503,-2.8004606666666666e-05,-0.14999999999999503,-0.021935546666666667
57,-0.17499999999999494,-2.801425333333333e-05,-0.17499999999999494,-0.02194248
58,-0.19999999999999485,-2.800794666666667e-05,-0.19999999999999485,-0.02194582
59,-0.22499999999999476,-2.803580666666667e-05,-0.22499999999999476,-0.02196126
