,sample_3_4F_V_D,sample_3_4F_J_D,sample_3_4F_V_L,sample_3_4F_J_L
0,-0.25,-2.8960126666666665e-05,-0.25,-0.022610686666666668
1,-0.225,-2.8755873333333333e-05,-0.225,-0.02256392
2,-0.2,-2.8695126666666666e-05,-0.2,-0.021891486666666668
3,-0.17500000000000002,-2.8578233333333334e-05,-0.17500000000000002,-0.021368653333333334
4,-0.15000000000000002,-2.8482186666666664e-05,-0.15000000000000002,-0.021046513333333336
5,-0.12500000000000003,-2.8412313333333334e-05,-0.12500000000000003,-0.020826220000000003
6,-0.10000000000000003,-2.833192666666667e-05,-0.10000000000000003,-0.02066146
7,-0.07500000000000004,-2.8279500000000003e-05,-0.07500000000000004,-0.020548753333333336
8,-0.050000000000000044,-2.8216833333333334e-05,-0.050000000000000044,-0.020502066666666666
9,-0.02500000000000005,-2.8166740000000002e-05,-0.02500000000000005,-0.020592613333333336
10,-5.551115123125783e-17,-2.8120293333333333e-05,-5.551115123125783e-17,-0.02059216
11,0.02499999999999991,-2.8071766666666664e-05,0.02499999999999991,-0.020588106666666668
12,0.04999999999999993,-2.8021966666666667e-05,0.04999999999999993,-0.020586513333333334
13,0.07499999999999996,-2.79881e-05,0.07499999999999996,-0.020581633333333335
14,0.09999999999999992,-2.7952046666666668e-05,0.09999999999999992,-0.020578346666666667
15,0.12499999999999989,-2.7908846666666665e-05,0.12499999999999989,-0.020573986666666665
16,0.1499999999999999,-2.784952666666667e-05,0.1499999999999999,-0.020570766666666667
17,0.17499999999999993,-2.7813933333333338e-05,0.17499999999999993,-0.020566666666666667
18,0.1999999999999999,-2.776858666666667e-05,0.1999999999999999,-0.020562126666666666
19,0.22499999999999987,-2.7734233333333336e-05,0.22499999999999987,-0.02055806
20,0.2499999999999999,-2.7661093333333332e-05,0.2499999999999999,-0.02055352666666667
21,0.2749999999999999,-2.7610506666666665e-05,0.2749999999999999,-0.0205473
22,0.2999999999999998,-2.7525740000000003e-05,0.2999999999999998,-0.020540926666666667
23,0.32499999999999984,-2.743192e-05,0.32499999999999984,-0.020533986666666667
24,0.34999999999999987,-2.7339726666666666e-05,0.34999999999999987,-0.02053052
25,0.3749999999999999,-2.7204406666666666e-05,0.3749999999999999,-0.02052166
26,0.3999999999999999,-2.705474e-05,0.3999999999999999,-0.02051260666666667
27,0.4249999999999998,-2.6858493333333334e-05,0.4249999999999998,-0.0205027
28,0.44999999999999984,-2.66264e-05,0.44999999999999984,-0.020492386666666668
29,0.47499999999999987,-2.633224e-05,0.47499999999999987,-0.020476566666666668
30,0.4999999999999998,-2.5909793333333335e-05,0.4999999999999998,-0.020458453333333335
31,0.5249999999999998,-2.5424126666666667e-05,0.5249999999999998,-0.020434573333333334
32,0.5499999999999998,-2.488302e-05,0.5499999999999998,-0.02040672
33,0.5749999999999998,-2.434406666666667e-05,0.5749999999999998,-0.0203736
34,0.5999999999999999,-2.3839626666666665e-05,0.5999999999999999,-0.020334686666666667
35,0.6249999999999998,-2.3263473333333334e-05,0.6249999999999998,-0.020290653333333332
36,0.6499999999999998,-2.2671986666666667e-05,0.6499999999999998,-0.02024314
37,0.6749999999999998,-2.198678e-05,0.6749999999999998,-0.020193573333333336
38,0.6999999999999997,-2.0914466666666668e-05,0.6999999999999997,-0.020143033333333334
39,0.7249999999999998,-1.9316180000000002e-05,0.7249999999999998,-0.020088946666666666
40,0.7499999999999998,-1.6613793333333334e-05,0.7499999999999998,-0.02002578
41,0.7749999999999997,-1.1838686666666667e-05,0.7749999999999997,-0.019941566666666667
42,0.7999999999999998,-3.4718320000000004e-06,0.7999999999999998,-0.019819253333333335
43,0.8249999999999997,1.004392e-05,0.8249999999999997,-0.01959744
44,0.8499999999999996,3.346402666666667e-05,0.8499999999999996,-0.019214133333333334
45,0.8749999999999998,7.452673333333333e-05,0.8749999999999998,-0.01857374
46,0.8999999999999997,0.00015091046666666668,0.8999999999999997,-0.01756186666666667
47,0.9249999999999998,0.0002910636666666667,0.9249999999999998,-0.016109346666666666
48,0.9499999999999997,0.0005527610666666667,0.9499999999999997,-0.014178233333333333
49,0.9749999999999996,0.0010276800000000002,0.9749999999999996,-0.011784293333333334
50,0.9999999999999998,0.001831318,0.9999999999999998,-0.008941133333333334
51,1.0249999999999997,0.0030583806666666666,1.0249999999999997,-0.00561394
52,1.0499999999999998,0.004779552,1.0499999999999998,-0.0020204513333333335
53,1.0749999999999997,0.007142646666666667,1.0749999999999997,0.0018361446666666668
54,1.0999999999999996,0.009883953333333334,1.0999999999999996,0.005935308
55,1.1249999999999998,0.013016993333333334,1.1249999999999998,0.01037358
56,1.1499999999999997,0.016500493333333335,1.1499999999999997,0.014938513333333332
57,1.1749999999999996,0.02029814,1.1749999999999996,0.019631846666666668
58,1.1999999999999997,0.024359866666666667,1.1999999999999997,0.024477473333333333
59,1.2249999999999996,0.028654293333333337,1.2249999999999996,0.029443493333333334
