,sample_2_1R_V_D,sample_2_1R_J_D,sample_2_1R_V_L,sample_2_1R_J_L
0,1.25,0.31988526666666667,1.25,0.22158000000000003
1,1.225,0.18266746666666667,1.225,0.2203600666666667
2,1.2000000000000002,0.2295222666666667,1.2000000000000002,0.20633313333333334
3,1.1750000000000003,0.23330173333333334,1.1750000000000003,0.2161436
4,1.1500000000000004,0.21463800000000002,1.1500000000000004,0.20763493333333335
5,1.1250000000000004,0.2887112666666667,1.1250000000000004,0.19438566666666668
6,1.1000000000000005,0.2937984666666667,1.1000000000000005,0.18678286666666666
7,1.0750000000000006,0.2832292,1.0750000000000006,0.19753613333333334
8,1.0500000000000007,0.27862173333333334,1.0500000000000007,0.18085106666666667
9,1.0250000000000008,0.2670264,1.0250000000000008,0.17101713333333335
10,1.0000000000000009,0.25721299999999997,1.0000000000000009,0.17170306666666668
11,0.975000000000001,0.2456744666666667,0.975000000000001,0.16563113333333335
12,0.9500000000000011,0.23955253333333335,0.9500000000000011,0.15776400000000002
13,0.9250000000000012,0.23161640000000003,0.9250000000000012,0.1533294
14,0.9000000000000012,0.22297546666666668,0.9000000000000012,0.14558953333333333
15,0.8750000000000013,0.21813733333333335,0.8750000000000013,0.13779086666666668
16,0.8500000000000014,0.21275673333333334,0.8500000000000014,0.13008706666666667
17,0.8250000000000015,0.20657640000000002,0.8250000000000015,0.1235442
18,0.8000000000000016,0.20104480000000002,0.8000000000000016,0.12900226666666667
19,0.7750000000000017,0.1934352,0.7750000000000017,0.12618813333333334
20,0.7500000000000018,0.18679986666666668,0.7500000000000018,0.11958446666666667
21,0.7250000000000019,0.18119386666666668,0.7250000000000019,0.10229133333333333
22,0.700000000000002,0.17507213333333335,0.700000000000002,0.09703306666666667
23,0.675000000000002,0.16869526666666668,0.675000000000002,0.0922974
24,0.6500000000000021,0.16223600000000002,0.6500000000000021,0.08734900000000001
25,0.6250000000000022,0.15579186666666667,0.6250000000000022,0.08277986666666666
26,0.6000000000000023,0.150032,0.6000000000000023,0.07895366666666667
27,0.5750000000000024,0.1435446,0.5750000000000024,0.0745754
28,0.5500000000000025,0.13779413333333335,0.5500000000000025,0.07003853333333333
29,0.5250000000000026,0.13174840000000002,0.5250000000000026,0.06552616666666668
30,0.5000000000000027,0.12453606666666668,0.5000000000000027,0.061179220000000006
31,0.47500000000000275,0.11648620000000001,0.47500000000000275,0.05701135333333334
32,0.45000000000000284,0.11111233333333334,0.45000000000000284,0.05282864000000001
33,0.42500000000000293,0.10495053333333333,0.42500000000000293,0.04877064
34,0.400000000000003,0.0986016,0.400000000000003,0.04475714
35,0.3750000000000031,0.09215906666666668,0.3750000000000031,0.04072776
36,0.3500000000000032,0.08572453333333334,0.3500000000000032,0.036626533333333336
37,0.3250000000000033,0.07925213333333334,0.3250000000000033,0.03260506666666667
38,0.3000000000000034,0.0727844,0.3000000000000034,0.028572326666666672
39,0.27500000000000346,0.06628150000000001,0.27500000000000346,0.024608393333333336
40,0.25000000000000355,0.05979804,0.25000000000000355,0.020598713333333334
41,0.22500000000000364,0.05329508,0.22500000000000364,0.016598793333333334
42,0.20000000000000373,0.04679126666666667,0.20000000000000373,0.012614526666666667
43,0.17500000000000382,0.04027500666666667,0.17500000000000382,0.008633026666666668
44,0.1500000000000039,0.033744953333333334,0.1500000000000039,0.004615934
45,0.125000000000004,0.027216873333333336,0.125000000000004,0.000575708
46,0.10000000000000409,0.020672533333333333,0.10000000000000409,-0.003430534666666667
47,0.07500000000000417,0.014127486666666668,0.07500000000000417,-0.0074186
48,0.05000000000000426,0.0075755200000000005,0.05000000000000426,-0.01140794
49,0.025000000000004352,0.0010303719999999999,0.025000000000004352,-0.015402413333333333
50,4.440892098500626e-15,-0.005526832,4.440892098500626e-15,-0.019420693333333336
51,-0.02499999999999547,-0.012060453333333334,-0.02499999999999547,-0.023446213333333334
52,-0.04999999999999538,-0.01859594666666667,-0.04999999999999538,-0.02749026666666667
53,-0.07499999999999529,-0.02513136666666667,-0.07499999999999529,-0.03156134666666667
54,-0.0999999999999952,-0.03165926,-0.0999999999999952,-0.03565190666666667
55,-0.12499999999999512,-0.03817516666666667,-0.12499999999999512,-0.03978264666666667
56,-0.14999999999999503,-0.044682860000000005,-0.14999999999999503,-0.04396569333333333
57,-0.17499999999999494,-0.0512449,-0.17499999999999494,-0.04815721333333334
58,-0.19999999999999485,-0.05775388000000001,-0.19999999999999485,-0.052215326666666666
59,-0.22499999999999476,-0.06372100666666668,-0.22499999999999476,-0.05641081333333334
