,sample_4_1F_V_D,sample_4_1F_J_D,sample_4_1F_V_L,sample_4_1F_J_L
0,-0.25,-3.758163333333333e-05,-0.25,-0.05651
1,-0.225,-3.476554e-05,-0.225,-0.0519688
2,-0.2,-3.2234166666666664e-05,-0.2,-0.04706604
3,-0.17500000000000002,-3.0038380000000002e-05,-0.17500000000000002,-0.04245114666666667
4,-0.15000000000000002,-2.764020666666667e-05,-0.15000000000000002,-0.03757245333333333
5,-0.12500000000000003,-2.554848e-05,-0.12500000000000003,-0.032689746666666665
6,-0.10000000000000003,-2.365182e-05,-0.10000000000000003,-0.028099560000000003
7,-0.07500000000000004,-2.1680913333333336e-05,-0.07500000000000004,-0.02360822
8,-0.050000000000000044,-1.9638053333333332e-05,-0.050000000000000044,-0.019226113333333336
9,-0.02500000000000005,-1.779392e-05,-0.02500000000000005,-0.01518484
10,-5.551115123125783e-17,-1.5932993333333335e-05,-5.551115123125783e-17,-0.012145046666666668
11,0.02499999999999991,-1.4079286666666667e-05,0.02499999999999991,-0.010335100000000002
12,0.04999999999999993,-1.2252420000000001e-05,0.04999999999999993,-0.008349606666666667
13,0.07499999999999996,-1.0432700000000001e-05,0.07499999999999996,-0.007319280000000001
14,0.09999999999999992,-8.573220000000001e-06,0.09999999999999992,-0.014272993333333334
15,0.12499999999999989,-6.4783393333333334e-06,0.12499999999999989,-0.008538246666666667
16,0.1499999999999999,-4.520566666666667e-06,0.1499999999999999,-0.00767216
17,0.17499999999999993,-2.699578e-06,0.17499999999999993,-0.008743726666666667
18,0.1999999999999999,-2.5981026666666666e-07,0.1999999999999999,-0.0110105
19,0.22499999999999987,1.791396666666667e-06,0.22499999999999987,-0.013045113333333334
20,0.2499999999999999,4.169739333333334e-06,0.2499999999999999,-0.01339938
21,0.2749999999999999,6.7810266666666665e-06,0.2749999999999999,-0.014022926666666666
22,0.2999999999999998,9.278966666666667e-06,0.2999999999999998,-0.014491886666666667
23,0.32499999999999984,1.161862e-05,0.32499999999999984,-0.0147128
24,0.34999999999999987,1.4085853333333333e-05,0.34999999999999987,-0.014871773333333333
25,0.3749999999999999,1.6741146666666667e-05,0.3749999999999999,-0.014928279999999999
26,0.3999999999999999,2.0134073333333337e-05,0.3999999999999999,-0.014933060000000001
27,0.4249999999999998,2.2427246666666666e-05,0.4249999999999998,-0.015003046666666667
28,0.44999999999999984,2.658218e-05,0.44999999999999984,-0.015044673333333333
29,0.47499999999999987,3.0693753333333335e-05,0.47499999999999987,-0.015006953333333333
30,0.4999999999999998,3.325774666666667e-05,0.4999999999999998,-0.015076266666666668
31,0.5249999999999998,3.714928e-05,0.5249999999999998,-0.014720513333333334
32,0.5499999999999998,4.065802e-05,0.5499999999999998,-0.01489392
33,0.5749999999999998,4.5593393333333334e-05,0.5749999999999998,-0.014958480000000001
34,0.5999999999999999,4.859502666666667e-05,0.5999999999999999,-0.014991953333333332
35,0.6249999999999998,5.353144000000001e-05,0.6249999999999998,-0.014979306666666668
36,0.6499999999999998,5.726882e-05,0.6499999999999998,-0.014963126666666667
37,0.6749999999999998,6.466457333333334e-05,0.6749999999999998,-0.014888946666666668
38,0.6999999999999997,6.668893333333334e-05,0.6999999999999997,-0.014496013333333335
39,0.7249999999999998,7.674440000000001e-05,0.7249999999999998,-0.01442848
40,0.7499999999999998,8.28102e-05,0.7499999999999998,-0.014085573333333334
41,0.7749999999999997,9.077853333333334e-05,0.7749999999999997,-0.0135869
42,0.7999999999999998,0.00010229753333333335,0.7999999999999998,-0.0127822
43,0.8249999999999997,0.00012275013333333334,0.8249999999999997,-0.011939773333333334
44,0.8499999999999996,0.00014474680000000001,0.8499999999999996,-0.01079958
45,0.8749999999999998,0.00016688,0.8749999999999998,-0.00940222
46,0.8999999999999997,0.00020327713333333333,0.8999999999999997,-0.00794542
47,0.9249999999999998,0.0002578812,0.9249999999999998,-0.006138601333333334
48,0.9499999999999997,0.0003747044666666667,0.9499999999999997,-0.0033438793333333333
49,0.9749999999999996,0.0005460361333333334,0.9749999999999996,-0.0018050233333333334
50,0.9999999999999998,0.0009284359999999999,0.9999999999999998,-0.00013839166666666667
51,1.0249999999999997,0.0013148066666666667,1.0249999999999997,0.0012896673333333334
52,1.0499999999999998,0.0018605080000000003,1.0499999999999998,0.003481348
53,1.0749999999999997,0.0027714733333333336,1.0749999999999997,0.006382910666666667
54,1.0999999999999996,0.003942513333333334,1.0999999999999996,0.01073528
55,1.1249999999999998,0.005688202,1.1249999999999998,0.015088786666666666
56,1.1499999999999997,0.010561580000000001,1.1499999999999997,0.019660426666666668
57,1.1749999999999996,0.014008893333333333,1.1749999999999996,0.024955693333333334
58,1.1999999999999997,0.017987846666666668,1.1999999999999997,0.03097921333333333
59,1.2249999999999996,0.022599720000000004,1.2249999999999996,0.037724886666666665
