,sample_2_5F_V_D,sample_2_5F_J_D,sample_2_5F_V_L,sample_2_5F_J_L
0,-0.25,-4.643352e-05,-0.25,-0.017576673333333334
1,-0.225,-4.676805333333334e-05,-0.225,-0.017776666666666666
2,-0.2,-4.4314793333333335e-05,-0.2,-0.01748144
3,-0.17500000000000002,-4.034796e-05,-0.17500000000000002,-0.01744240666666667
4,-0.15000000000000002,-3.739089333333333e-05,-0.15000000000000002,-0.01732954
5,-0.12500000000000003,-3.500247333333334e-05,-0.12500000000000003,-0.017319033333333334
6,-0.10000000000000003,-3.2575446666666665e-05,-0.10000000000000003,-0.01730042
7,-0.07500000000000004,-3.0255506666666665e-05,-0.07500000000000004,-0.017274613333333334
8,-0.050000000000000044,-2.777462666666667e-05,-0.050000000000000044,-0.017252293333333335
9,-0.02500000000000005,-2.5607033333333334e-05,-0.02500000000000005,-0.01723142
10,-5.551115123125783e-17,-2.3651066666666668e-05,-5.551115123125783e-17,-0.0172146
11,0.02499999999999991,-2.1752033333333335e-05,0.02499999999999991,-0.01720006
12,0.04999999999999993,-1.9973633333333335e-05,0.04999999999999993,-0.01717706
13,0.07499999999999996,-1.838910666666667e-05,0.07499999999999996,-0.017159253333333332
14,0.09999999999999992,-1.625948e-05,0.09999999999999992,-0.017146013333333335
15,0.12499999999999989,-1.49367e-05,0.12499999999999989,-0.017138840000000002
16,0.1499999999999999,-1.3165980000000001e-05,0.1499999999999999,-0.017117586666666667
17,0.17499999999999993,-1.1150333333333334e-05,0.17499999999999993,-0.0170968
18,0.1999999999999999,-9.102426666666667e-06,0.1999999999999999,-0.01707298
19,0.22499999999999987,-7.58212e-06,0.22499999999999987,-0.01704706
20,0.2499999999999999,-6.217456000000001e-06,0.2499999999999999,-0.01702956
21,0.2749999999999999,-3.6729153333333334e-06,0.2749999999999999,-0.016994233333333334
22,0.2999999999999998,-5.3399993333333334e-06,0.2999999999999998,-0.016963866666666667
23,0.32499999999999984,-4.064692e-06,0.32499999999999984,-0.016938833333333334
24,0.34999999999999987,-2.399537333333333e-06,0.34999999999999987,-0.016907946666666666
25,0.3749999999999999,-1.009114e-06,0.3749999999999999,-0.016873986666666667
26,0.3999999999999999,-1.8967693333333333e-06,0.3999999999999999,-0.016832926666666668
27,0.4249999999999998,-5.958652666666667e-07,0.4249999999999998,-0.016790786666666665
28,0.44999999999999984,9.64946e-07,0.44999999999999984,-0.016742293333333335
29,0.47499999999999987,2.051494e-06,0.47499999999999987,-0.01668674
30,0.4999999999999998,2.9394393333333333e-06,0.4999999999999998,-0.016635353333333335
31,0.5249999999999998,5.001392e-06,0.5249999999999998,-0.016558653333333336
32,0.5499999999999998,5.685800000000001e-06,0.5499999999999998,-0.016473626666666668
33,0.5749999999999998,6.240001333333334e-06,0.5749999999999998,-0.016375233333333333
34,0.5999999999999999,7.549213333333334e-06,0.5999999999999999,-0.016257333333333335
35,0.6249999999999998,8.898653333333335e-06,0.6249999999999998,-0.016113806666666668
36,0.6499999999999998,1.212612e-05,0.6499999999999998,-0.015941066666666667
37,0.6749999999999998,1.7086513333333332e-05,0.6749999999999998,-0.015733833333333336
38,0.6999999999999997,0.00017437260000000002,0.6999999999999997,-0.01548554
39,0.7249999999999998,0.00020130426666666666,0.7249999999999998,-0.015182233333333335
40,0.7499999999999998,0.0003104894,0.7499999999999998,-0.014815013333333335
41,0.7749999999999997,0.0004488792,0.7749999999999997,-0.01436962
42,0.7999999999999998,0.0007567073333333334,0.7999999999999998,-0.013823393333333333
43,0.8249999999999997,0.0007960373333333334,0.8249999999999997,-0.01311328
44,0.8499999999999996,0.0007832453333333333,0.8499999999999996,-0.012286346666666666
45,0.8749999999999998,0.0009051446666666666,0.8749999999999998,-0.011250133333333334
46,0.8999999999999997,0.0017721546666666667,0.8999999999999997,-0.009990373333333333
47,0.9249999999999998,0.0034098126666666667,0.9249999999999998,-0.008440093333333334
48,0.9499999999999997,0.004366646666666667,0.9499999999999997,-0.006725866666666667
49,0.9749999999999996,0.005078777333333334,0.9749999999999996,-0.0046623613333333334
50,0.9999999999999998,0.006944093333333333,0.9999999999999998,-0.0021190013333333337
51,1.0249999999999997,0.009528980000000001,1.0249999999999997,0.0008774746666666667
52,1.0499999999999998,0.0134071,1.0499999999999998,0.004294438
53,1.0749999999999997,0.01650714,1.0749999999999997,0.012354406666666668
54,1.0999999999999996,0.019778713333333336,1.0999999999999996,0.015736280000000002
55,1.1249999999999998,0.023538746666666666,1.1249999999999998,0.018980340000000002
56,1.1499999999999997,0.026885199999999998,1.1499999999999997,0.02317718
57,1.1749999999999996,0.03187362,1.1749999999999996,0.02435122
58,1.1999999999999997,0.035120326666666674,1.1999999999999997,0.03008226
59,1.2249999999999996,0.03954573333333333,1.2249999999999996,0.034469773333333335
