,sample_1_2F_V_D,sample_1_2F_J_D,sample_1_2F_V_L,sample_1_2F_J_L
0,-0.25,-2.1939593333333337e-05,-0.25,-0.017442306666666667
1,-0.225,-2.1881853333333336e-05,-0.225,-0.01721156
2,-0.2,-2.185598666666667e-05,-0.2,-0.017121093333333334
3,-0.17500000000000002,-2.1836213333333335e-05,-0.17500000000000002,-0.017095753333333335
4,-0.15000000000000002,-2.184454e-05,-0.15000000000000002,-0.017092013333333333
5,-0.12500000000000003,-2.184856666666667e-05,-0.12500000000000003,-0.01707738
6,-0.10000000000000003,-2.1861140000000003e-05,-0.10000000000000003,-0.01707254
7,-0.07500000000000004,-2.1862826666666668e-05,-0.07500000000000004,-0.01706832
8,-0.050000000000000044,-2.187046e-05,-0.050000000000000044,-0.017069100000000004
9,-0.02500000000000005,-2.1880526666666666e-05,-0.02500000000000005,-0.017066506666666665
10,-5.551115123125783e-17,-2.1897473333333334e-05,-5.551115123125783e-17,-0.017066006666666668
11,0.02499999999999991,-2.1911520000000003e-05,0.02499999999999991,-0.01705924666666667
12,0.04999999999999993,-2.1923906666666668e-05,0.04999999999999993,-0.01705728
13,0.07499999999999996,-2.1939213333333334e-05,0.07499999999999996,-0.017052940000000003
14,0.09999999999999992,-2.1948926666666667e-05,0.09999999999999992,-0.017048626666666667
15,0.12499999999999989,-2.195508e-05,0.12499999999999989,-0.01704556
16,0.1499999999999999,-2.195584e-05,0.1499999999999999,-0.017041593333333334
17,0.17499999999999993,-2.1959626666666666e-05,0.17499999999999993,-0.017040233333333335
18,0.1999999999999999,-2.195926e-05,0.1999999999999999,-0.017035053333333335
19,0.22499999999999987,-2.1958853333333335e-05,0.22499999999999987,-0.017029513333333336
20,0.2499999999999999,-2.1952440000000003e-05,0.2499999999999999,-0.015452613333333335
21,0.2749999999999999,-2.19449e-05,0.2749999999999999,-0.01657928666666667
22,0.2999999999999998,-2.192867333333333e-05,0.2999999999999998,-0.01658172
23,0.32499999999999984,-2.1908733333333336e-05,0.32499999999999984,-0.016521606666666667
24,0.34999999999999987,-2.187662e-05,0.34999999999999987,-0.01636256666666667
25,0.3749999999999999,-2.1834513333333334e-05,0.3749999999999999,-0.01624764
26,0.3999999999999999,-2.1775766666666666e-05,0.3999999999999999,-0.016100220000000002
27,0.4249999999999998,-2.1698426666666666e-05,0.4249999999999998,-0.01595602
28,0.44999999999999984,-2.15961e-05,0.44999999999999984,-0.015900786666666666
29,0.47499999999999987,-2.1466026666666668e-05,0.47499999999999987,-0.015835253333333334
30,0.4999999999999998,-2.1303773333333334e-05,0.4999999999999998,-0.015900393333333335
31,0.5249999999999998,-2.110754e-05,0.5249999999999998,-0.015929026666666665
32,0.5499999999999998,-2.0874013333333336e-05,0.5499999999999998,-0.015934220000000002
33,0.5749999999999998,-2.0599333333333335e-05,0.5749999999999998,-0.015925746666666667
34,0.5999999999999999,-2.0273926666666667e-05,0.5999999999999999,-0.015954506666666667
35,0.6249999999999998,-1.9874213333333336e-05,0.6249999999999998,-0.01596680666666667
36,0.6499999999999998,-1.934826e-05,0.6499999999999998,-0.015957426666666667
37,0.6749999999999998,-1.8599113333333335e-05,0.6749999999999998,-0.015919513333333336
38,0.6999999999999997,-1.7448846666666667e-05,0.6999999999999997,-0.015808513333333336
39,0.7249999999999998,-1.5584246666666668e-05,0.7249999999999998,-0.01564394666666667
40,0.7499999999999998,-1.2480980000000002e-05,0.7499999999999998,-0.015266446666666668
41,0.7749999999999997,-7.198253333333334e-06,0.7749999999999997,-0.014974013333333333
42,0.7999999999999998,1.320428e-06,0.7999999999999998,-0.014604053333333335
43,0.8249999999999997,1.7466233333333336e-05,0.8249999999999997,-0.014047553333333336
44,0.8499999999999996,4.823692e-05,0.8499999999999996,-0.01329872
45,0.8749999999999998,0.00010322793333333333,0.8749999999999998,-0.01214348
46,0.8999999999999997,0.00020964026666666667,0.8999999999999997,-0.010863646666666667
47,0.9249999999999998,0.00040290366666666667,0.9249999999999998,-0.00923962
48,0.9499999999999997,0.0007433833333333333,0.9499999999999997,-0.00754422
49,0.9749999999999996,0.001307002,0.9749999999999996,-0.005525988666666667
50,0.9999999999999998,0.002146968,0.9999999999999998,-0.0032944873333333336
51,1.0249999999999997,0.003294625333333334,1.0249999999999997,-0.0008902206666666667
52,1.0499999999999998,0.004750123333333334,1.0499999999999998,0.0018151653333333333
53,1.0749999999999997,0.006490006666666667,1.0749999999999997,0.004214789333333333
54,1.0999999999999996,0.008524546666666667,1.0999999999999996,0.00699956
55,1.1249999999999998,0.010785226666666667,1.1249999999999998,0.010476453333333333
56,1.1499999999999997,0.013242460000000001,1.1499999999999997,0.013847426666666668
57,1.1749999999999996,0.015912846666666668,1.1749999999999996,0.01581456666666667
58,1.1999999999999997,0.01875976,1.1999999999999997,0.019375533333333333
59,1.2249999999999996,0.021794213333333336,1.2249999999999996,0.02287816
