,sample_4_5F_V_D,sample_4_5F_J_D,sample_4_5F_V_L,sample_4_5F_J_L
0,-0.25,-0.00012044146666666668,-0.25,-0.03067452
1,-0.225,-0.00011033493333333333,-0.225,-0.03150413333333334
2,-0.2,-9.720593333333334e-05,-0.2,-0.031609780000000004
3,-0.17500000000000002,-8.52182e-05,-0.17500000000000002,-0.02931020666666667
4,-0.15000000000000002,-7.562653333333335e-05,-0.15000000000000002,-0.027163886666666665
5,-0.12500000000000003,-6.488126666666667e-05,-0.12500000000000003,-0.024840166666666667
6,-0.10000000000000003,-5.55626e-05,-0.10000000000000003,-0.02250892
7,-0.07500000000000004,-4.710970666666666e-05,-0.07500000000000004,-0.020459233333333333
8,-0.050000000000000044,-3.836638e-05,-0.050000000000000044,-0.018618493333333333
9,-0.02500000000000005,-3.0421133333333336e-05,-0.02500000000000005,-0.017463946666666667
10,-5.551115123125783e-17,-2.2805033333333336e-05,-5.551115123125783e-17,-0.01886576666666667
11,0.02499999999999991,-1.5542313333333334e-05,0.02499999999999991,-0.018953333333333336
12,0.04999999999999993,-8.482733333333333e-06,0.04999999999999993,-0.018957133333333334
13,0.07499999999999996,-9.8242e-07,0.07499999999999996,-0.01849600666666667
14,0.09999999999999992,6.2172640000000004e-06,0.09999999999999992,-0.010244226666666667
15,0.12499999999999989,1.3033553333333335e-05,0.12499999999999989,-0.0020896093333333332
16,0.1499999999999999,2.021582e-05,0.1499999999999999,-0.01726334666666667
17,0.17499999999999993,2.6870826666666668e-05,0.17499999999999993,-0.01766358666666667
18,0.1999999999999999,3.391089333333334e-05,0.1999999999999999,-0.01781948
19,0.22499999999999987,3.963664666666667e-05,0.22499999999999987,-0.017977213333333332
20,0.2499999999999999,4.7375053333333334e-05,0.2499999999999999,-0.018197046666666668
21,0.2749999999999999,5.3527693333333337e-05,0.2749999999999999,-0.01827472
22,0.2999999999999998,5.9528993333333336e-05,0.2999999999999998,-0.018320393333333334
23,0.32499999999999984,6.668166666666668e-05,0.32499999999999984,-0.018337046666666666
24,0.34999999999999987,7.205973333333333e-05,0.34999999999999987,-0.018364426666666666
25,0.3749999999999999,7.849820000000001e-05,0.3749999999999999,-0.018384566666666668
26,0.3999999999999999,8.51658e-05,0.3999999999999999,-0.018360766666666667
27,0.4249999999999998,8.909433333333333e-05,0.4249999999999998,-0.018419706666666667
28,0.44999999999999984,9.76688e-05,0.44999999999999984,-0.018393133333333332
29,0.47499999999999987,0.00010200353333333333,0.47499999999999987,-0.018413560000000002
30,0.4999999999999998,0.00010820773333333332,0.4999999999999998,-0.018382346666666667
31,0.5249999999999998,0.00011527766666666667,0.5249999999999998,-0.01831550666666667
32,0.5499999999999998,0.00012159366666666667,0.5499999999999998,-0.018051253333333336
33,0.5749999999999998,0.00012835966666666668,0.5749999999999998,-0.01776224
34,0.5999999999999999,0.00013402046666666668,0.5999999999999999,-0.016844713333333334
35,0.6249999999999998,0.00014151693333333334,0.6249999999999998,-0.017229273333333336
36,0.6499999999999998,0.00014872873333333334,0.6499999999999998,-0.01729200666666667
37,0.6749999999999998,0.00015571213333333335,0.6749999999999998,-0.017256473333333334
38,0.6999999999999997,0.00016177953333333333,0.6999999999999997,-0.0167385
39,0.7249999999999998,0.00016842553333333332,0.7249999999999998,-0.01675346
40,0.7499999999999998,0.00017616173333333336,0.7499999999999998,-0.016543933333333333
41,0.7749999999999997,0.00018914393333333335,0.7749999999999997,-0.01643548
42,0.7999999999999998,0.00020212126666666668,0.7999999999999998,-0.016274093333333333
43,0.8249999999999997,0.00022382226666666668,0.8249999999999997,-0.015199673333333335
44,0.8499999999999996,0.0002535322666666667,0.8499999999999996,-0.014354726666666668
45,0.8749999999999998,0.00030932973333333335,0.8749999999999998,-0.013300200000000002
46,0.8999999999999997,0.00037922873333333336,0.8999999999999997,-0.01212298
47,0.9249999999999998,0.0004996647333333333,0.9249999999999998,-0.011305066666666667
48,0.9499999999999997,0.0007776526666666667,0.9499999999999997,-0.009838333333333334
49,0.9749999999999996,0.0011451526666666667,0.9749999999999996,-0.008173553333333335
50,0.9999999999999998,0.0017222540000000003,0.9999999999999998,-0.0045071673333333334
51,1.0249999999999997,0.0025986666666666667,1.0249999999999997,0.0015750766666666667
52,1.0499999999999998,0.0038562506666666666,1.0499999999999998,0.005197867333333333
53,1.0749999999999997,0.005553348666666667,1.0749999999999997,0.00840126
54,1.0999999999999996,0.008673906666666667,1.0999999999999996,0.014669946666666668
55,1.1249999999999998,0.01161832,1.1249999999999998,0.018615286666666668
56,1.1499999999999997,0.015107026666666667,1.1499999999999997,0.02412036
57,1.1749999999999996,0.019157393333333335,1.1749999999999996,0.02989874666666667
58,1.1999999999999997,0.023748286666666667,1.1999999999999997,0.036139906666666666
59,1.2249999999999996,0.028819513333333335,1.2249999999999996,0.04264174666666667
