,sample_3_6R_V_D,sample_3_6R_J_D,sample_3_6R_V_L,sample_3_6R_J_L
0,1.25,0.06316708666666668,1.25,0.06461345333333333
1,1.225,0.05290680666666667,1.225,0.05372830666666668
2,1.2000000000000002,0.04349894666666667,1.2000000000000002,0.04334758666666667
3,1.1750000000000003,0.03487722666666667,1.1750000000000003,0.03354351333333334
4,1.1500000000000004,0.027068233333333334,1.1500000000000004,0.024370040000000003
5,1.1250000000000004,0.020229153333333333,1.1250000000000004,0.01598584
6,1.1000000000000005,0.014461406666666666,1.1000000000000005,0.008504906666666668
7,1.0750000000000006,0.009909606666666668,1.0750000000000006,0.0021888433333333334
8,1.0500000000000007,0.006591948666666667,1.0500000000000007,-0.00315142
9,1.0250000000000008,0.004226750666666667,1.0250000000000008,-0.007269326666666667
10,1.0000000000000009,0.0026830193333333336,1.0000000000000009,-0.010379473333333333
11,0.975000000000001,0.0017127886666666668,0.975000000000001,-0.012582653333333334
12,0.9500000000000011,0.001106074,0.9500000000000011,-0.014133346666666668
13,0.9250000000000012,0.0007323833333333333,0.9250000000000012,-0.015230673333333333
14,0.9000000000000012,0.0004907854666666667,0.9000000000000012,-0.01602322
15,0.8750000000000013,0.0003540005333333334,0.8750000000000013,-0.01663104
16,0.8500000000000014,0.000267336,0.8500000000000014,-0.017113533333333333
17,0.8250000000000015,0.0002105064,0.8250000000000015,-0.01750066
18,0.8000000000000016,0.00017106886666666668,0.8000000000000016,-0.01780392
19,0.7750000000000017,0.0001444112,0.7750000000000017,-0.018040993333333335
20,0.7500000000000018,0.00012365173333333333,0.7500000000000018,-0.018212273333333334
21,0.7250000000000019,0.00010495653333333335,0.7250000000000019,-0.018342373333333335
22,0.700000000000002,8.035573333333333e-05,0.700000000000002,-0.018441233333333334
23,0.675000000000002,3.684474666666667e-05,0.675000000000002,-0.018513266666666667
24,0.6500000000000021,2.7124893333333336e-05,0.6500000000000021,-0.018566226666666668
25,0.6250000000000022,2.2668180000000003e-05,0.6250000000000022,-0.01861570666666667
26,0.6000000000000023,1.8566273333333335e-05,0.6000000000000023,-0.018653180000000002
27,0.5750000000000024,1.4454640000000002e-05,0.5750000000000024,-0.018689413333333335
28,0.5500000000000025,9.995140000000001e-06,0.5500000000000025,-0.01872116
29,0.5250000000000026,2.0746473333333334e-06,0.5250000000000026,-0.01874892666666667
30,0.5000000000000027,-7.677066666666667e-07,0.5000000000000027,-0.018769806666666666
31,0.47500000000000275,-2.507118666666667e-06,0.47500000000000275,-0.018793493333333335
32,0.45000000000000284,-3.2765226666666668e-06,0.45000000000000284,-0.018811
33,0.42500000000000293,-4.996030666666667e-06,0.42500000000000293,-0.018827526666666667
34,0.400000000000003,-7.61356e-06,0.400000000000003,-0.01884256
35,0.3750000000000031,-9.764226666666668e-06,0.3750000000000031,-0.018858813333333335
36,0.3500000000000032,-9.516059999999999e-06,0.3500000000000032,-0.018872353333333335
37,0.3250000000000033,-1.2088746666666667e-05,0.3250000000000033,-0.0188846
38,0.3000000000000034,-1.2357480000000002e-05,0.3000000000000034,-0.018897933333333335
39,0.27500000000000346,-1.3488873333333333e-05,0.27500000000000346,-0.018909873333333334
40,0.25000000000000355,-1.4455293333333333e-05,0.25000000000000355,-0.018918793333333336
41,0.22500000000000364,-1.5303653333333335e-05,0.22500000000000364,-0.018932140000000004
42,0.20000000000000373,-1.5915146666666668e-05,0.20000000000000373,-0.01894148
43,0.17500000000000382,-1.6922386666666667e-05,0.17500000000000382,-0.018953546666666668
44,0.1500000000000039,-1.8410186666666667e-05,0.1500000000000039,-0.018962820000000002
45,0.125000000000004,-1.9593913333333334e-05,0.125000000000004,-0.018971653333333335
46,0.10000000000000409,-2.0363033333333335e-05,0.10000000000000409,-0.01898236
47,0.07500000000000417,-2.0901253333333334e-05,0.07500000000000417,-0.018990793333333335
48,0.05000000000000426,-2.1486533333333335e-05,0.05000000000000426,-0.01900218
49,0.025000000000004352,-2.1502800000000004e-05,0.025000000000004352,-0.01901046
50,4.440892098500626e-15,-2.1503860000000003e-05,4.440892098500626e-15,-0.019018840000000002
51,-0.02499999999999547,-2.1504373333333333e-05,-0.02499999999999547,-0.019027286666666667
52,-0.04999999999999538,-2.1508200000000002e-05,-0.04999999999999538,-0.019036693333333334
53,-0.07499999999999529,-2.151318e-05,-0.07499999999999529,-0.01904452666666667
54,-0.0999999999999952,-2.574890666666667e-05,-0.0999999999999952,-0.01905254
55,-0.12499999999999512,-2.830262666666667e-05,-0.12499999999999512,-0.019067746666666666
56,-0.14999999999999503,-3.968014666666667e-05,-0.14999999999999503,-0.019075286666666667
57,-0.17499999999999494,-4.588220666666667e-05,-0.17499999999999494,-0.019084566666666667
58,-0.19999999999999485,-4.791534e-05,-0.19999999999999485,-0.019094486666666667
59,-0.22499999999999476,-5.564507333333333e-05,-0.22499999999999476,-0.019105433333333335
