,sample_3_2R_V_D,sample_3_2R_J_D,sample_3_2R_V_L,sample_3_2R_J_L
0,1.25,0.03644999333333333,1.25,0.03690732
1,1.225,0.03317254,1.225,0.03236126
2,1.2000000000000002,0.02930518,1.2000000000000002,0.027726273333333336
3,1.1750000000000003,0.02553584,1.1750000000000003,0.02310576
4,1.1500000000000004,0.021733693333333335,1.1500000000000004,0.018577573333333333
5,1.1250000000000004,0.018297026666666667,1.1250000000000004,0.014182819999999999
6,1.1000000000000005,0.015005393333333334,1.1000000000000005,0.01001192
7,1.0750000000000006,0.012125593333333334,1.0750000000000006,0.00628096
8,1.0500000000000007,0.009773666666666667,1.0500000000000007,0.002734396
9,1.0250000000000008,0.007957220000000001,1.0250000000000008,-0.0003005422
10,1.0000000000000009,0.006617299333333333,1.0000000000000009,-0.0028260606666666668
11,0.975000000000001,0.005537976000000001,0.975000000000001,-0.004965950666666667
12,0.9500000000000011,0.004761108,0.9500000000000011,-0.006701886666666667
13,0.9250000000000012,0.0041654560000000005,0.9250000000000012,-0.008148986666666667
14,0.9000000000000012,0.0037894300000000003,0.9000000000000012,-0.009250146666666667
15,0.8750000000000013,0.00346003,0.8750000000000013,-0.01013682
16,0.8500000000000014,0.0032203193333333333,0.8500000000000014,-0.010910006666666668
17,0.8250000000000015,0.002960509333333333,0.8250000000000015,-0.011564026666666668
18,0.8000000000000016,0.0027277766666666666,0.8000000000000016,-0.012134913333333334
19,0.7750000000000017,0.0025385733333333333,0.7750000000000017,-0.012636486666666667
20,0.7500000000000018,0.0023906553333333334,0.7500000000000018,-0.013123113333333332
21,0.7250000000000019,0.0022730153333333333,0.7250000000000019,-0.013543253333333335
22,0.700000000000002,0.00213743,0.700000000000002,-0.01386052
23,0.675000000000002,0.0019825346666666665,0.675000000000002,-0.01413446
24,0.6500000000000021,0.0018959126666666668,0.6500000000000021,-0.014357093333333334
25,0.6250000000000022,0.0017660693333333335,0.6250000000000022,-0.014572980000000001
26,0.6000000000000023,0.001671784666666667,0.6000000000000023,-0.014726926666666666
27,0.5750000000000024,0.0015805793333333333,0.5750000000000024,-0.01487258
28,0.5500000000000025,0.0014937326666666668,0.5500000000000025,-0.014985333333333333
29,0.5250000000000026,0.0013987793333333333,0.5250000000000026,-0.015106773333333334
30,0.5000000000000027,0.001316108,0.5000000000000027,-0.01519716
31,0.47500000000000275,0.0012370626666666667,0.47500000000000275,-0.015395746666666668
32,0.45000000000000284,0.0011782586666666667,0.45000000000000284,-0.01544858
33,0.42500000000000293,0.0010908953333333335,0.42500000000000293,-0.015522513333333333
34,0.400000000000003,0.0010147186666666667,0.400000000000003,-0.015578953333333333
35,0.3750000000000031,0.00094268,0.3750000000000031,-0.015622
36,0.3500000000000032,0.0008659826666666667,0.3500000000000032,-0.0156815
37,0.3250000000000033,0.0007986693333333334,0.3250000000000033,-0.015736566666666667
38,0.3000000000000034,0.0007116886666666668,0.3000000000000034,-0.01578014
39,0.27500000000000346,0.0006274715333333333,0.27500000000000346,-0.015839946666666667
40,0.25000000000000355,0.0005227438666666667,0.25000000000000355,-0.0158813
41,0.22500000000000364,0.0004658326,0.22500000000000364,-0.0159169
42,0.20000000000000373,0.0004002604,0.20000000000000373,-0.015976
43,0.17500000000000382,0.00033706146666666667,0.17500000000000382,-0.01601550666666667
44,0.1500000000000039,0.00027797373333333334,0.1500000000000039,-0.016054719999999998
45,0.125000000000004,0.00022222400000000003,0.125000000000004,-0.01608616
46,0.10000000000000409,0.0001649616,0.10000000000000409,-0.016119213333333333
47,0.07500000000000417,0.0001093108,0.07500000000000417,-0.016158460000000003
48,0.05000000000000426,4.559646666666667e-05,0.05000000000000426,-0.01618952666666667
49,0.025000000000004352,-5.669318e-06,0.025000000000004352,-0.01621642666666667
50,4.440892098500626e-15,-5.312618e-05,4.440892098500626e-15,-0.016243033333333334
51,-0.02499999999999547,-0.0020760600000000002,-0.02499999999999547,-0.016266906666666667
52,-0.04999999999999538,-0.0032705566666666667,-0.04999999999999538,-0.016289200000000004
53,-0.07499999999999529,-0.0047315939999999996,-0.07499999999999529,-0.0163124
54,-0.0999999999999952,-0.006371244666666667,-0.0999999999999952,-0.01633528
55,-0.12499999999999512,-0.00700036,-0.12499999999999512,-0.016358853333333333
56,-0.14999999999999503,-0.007266379999999999,-0.14999999999999503,-0.016385113333333333
57,-0.17499999999999494,-0.012119133333333334,-0.17499999999999494,-0.01666986
58,-0.19999999999999485,-0.006984513333333333,-0.19999999999999485,-0.017705273333333334
59,-0.22499999999999476,-0.006780626666666668,-0.22499999999999476,-0.01887672
