,NiOx_D31_84d_crct_4R_V_D,NiOx_D31_84d_crct_4R_J_D,NiOx_D31_84d_crct_4R_V_L,NiOx_D31_84d_crct_4R_J_L
0,1.25,0.020110873333333334,1.25,0.019827193333333337
1,1.225,0.016085333333333333,1.225,0.01496808
2,1.2000000000000002,0.012395806666666667,1.2000000000000002,0.010502793333333333
3,1.1750000000000003,0.00924166,1.1750000000000003,0.006721426666666666
4,1.1500000000000004,0.006727933333333334,1.1500000000000004,0.0028293653333333335
5,1.1250000000000004,0.004677112666666667,1.1250000000000004,0.00029811860000000004
6,1.1000000000000005,0.0031802926666666667,1.1000000000000005,-0.002474826666666667
7,1.0750000000000006,0.0021456353333333335,1.0750000000000006,-0.0053841746666666674
8,1.0500000000000007,0.0014522200000000002,1.0500000000000007,-0.006998566666666667
9,1.0250000000000008,0.0009959346666666667,1.0250000000000008,-0.0085495
10,1.0000000000000009,0.000699206,1.0000000000000009,-0.01041434
11,0.975000000000001,0.000571751,0.975000000000001,-0.011567153333333333
12,0.9500000000000011,0.000384378,0.9500000000000011,-0.012518466666666667
13,0.9250000000000012,0.0002919616,0.9250000000000012,-0.013312973333333334
14,0.9000000000000012,0.00022437900000000003,0.9000000000000012,-0.014036146666666667
15,0.8750000000000013,0.00017596446666666668,0.8750000000000013,-0.014620600000000001
16,0.8500000000000014,0.00013828593333333334,0.8500000000000014,-0.015172880000000001
17,0.8250000000000015,0.00010785026666666669,0.8250000000000015,-0.015696473333333332
18,0.8000000000000016,8.088046666666667e-05,0.8000000000000016,-0.016176580000000003
19,0.7750000000000017,6.632228000000001e-05,0.7750000000000017,-0.016616693333333335
20,0.7500000000000018,3.805103333333333e-05,0.7500000000000018,-0.017018046666666668
21,0.7250000000000019,1.9091573333333335e-05,0.7250000000000019,-0.017385393333333336
22,0.700000000000002,7.783793333333334e-06,0.700000000000002,-0.017708579999999998
23,0.675000000000002,-1.034054e-05,0.675000000000002,-0.017990420000000003
24,0.6500000000000021,-2.2117173333333335e-05,0.6500000000000021,-0.01823686
25,0.6250000000000022,-3.1556940000000006e-05,0.6250000000000022,-0.018449326666666665
26,0.6000000000000023,-3.90072e-05,0.6000000000000023,-0.01863938
27,0.5750000000000024,-4.4815193333333335e-05,0.5750000000000024,-0.018807853333333336
28,0.5500000000000025,-4.9244186666666667e-05,0.5500000000000025,-0.01894254
29,0.5250000000000026,-5.260719333333334e-05,0.5250000000000026,-0.01906586
30,0.5000000000000027,-5.511996e-05,0.5000000000000027,-0.019177713333333332
31,0.47500000000000275,-5.699309333333334e-05,0.47500000000000275,-0.01927314
32,0.45000000000000284,-5.838195333333333e-05,0.45000000000000284,-0.019364433333333333
33,0.42500000000000293,-5.941444e-05,0.42500000000000293,-0.01944268
34,0.400000000000003,-6.0176906666666666e-05,0.400000000000003,-0.019515686666666667
35,0.3750000000000031,-6.075089333333333e-05,0.3750000000000031,-0.01958314666666667
36,0.3500000000000032,-6.118494000000001e-05,0.3500000000000032,-0.019643913333333336
37,0.3250000000000033,-6.152262666666666e-05,0.3250000000000033,-0.01969844
38,0.3000000000000034,-6.179088666666667e-05,0.3000000000000034,-0.019751613333333334
39,0.27500000000000346,-6.201215333333334e-05,0.27500000000000346,-0.019801140000000002
40,0.25000000000000355,-6.220083333333334e-05,0.25000000000000355,-0.019849573333333335
41,0.22500000000000364,-6.233421333333333e-05,0.22500000000000364,-0.0198807
42,0.20000000000000373,-6.251868666666667e-05,0.20000000000000373,-0.019928313333333333
43,0.17500000000000382,-6.265833333333334e-05,0.17500000000000382,-0.019965373333333335
44,0.1500000000000039,-6.278842666666667e-05,0.1500000000000039,-0.020000773333333336
45,0.125000000000004,-6.290972666666666e-05,0.125000000000004,-0.020037000000000003
46,0.10000000000000409,-6.302704666666667e-05,0.10000000000000409,-0.020068753333333335
47,0.07500000000000417,-6.313778e-05,0.07500000000000417,-0.02009864
48,0.05000000000000426,-6.324192e-05,0.05000000000000426,-0.020127693333333335
49,0.025000000000004352,-6.334139333333333e-05,0.025000000000004352,-0.020156200000000003
50,4.440892098500626e-15,-6.343432666666667e-05,4.440892098500626e-15,-0.020182560000000002
51,-0.02499999999999547,-6.353174e-05,-0.02499999999999547,-0.020209373333333332
52,-0.04999999999999538,-6.361784666666666e-05,-0.04999999999999538,-0.02023538
53,-0.07499999999999529,-6.370422666666668e-05,-0.07499999999999529,-0.02026202666666667
54,-0.0999999999999952,-6.378546e-05,-0.0999999999999952,-0.020282493333333335
55,-0.12499999999999512,-6.384441333333333e-05,-0.12499999999999512,-0.020302013333333334
56,-0.14999999999999503,-6.394115333333334e-05,-0.14999999999999503,-0.02032354
57,-0.17499999999999494,-6.401281333333334e-05,-0.17499999999999494,-0.02034236
58,-0.19999999999999485,-6.406578e-05,-0.19999999999999485,-0.020368340000000002
59,-0.22499999999999476,-6.415508e-05,-0.22499999999999476,-0.02038398
