,K3_2F_V_D,K3_2F_J_D,K3_2F_V_L,K3_2F_J_L
0,-0.25,-2.5355033333333334e-05,-0.25,-0.021842173333333333
1,-0.225,-2.2966773333333334e-05,-0.225,-0.021820026666666666
2,-0.2,-2.0980206666666665e-05,-0.2,-0.021798093333333334
3,-0.17500000000000002,-1.9225066666666667e-05,-0.17500000000000002,-0.021775186666666668
4,-0.15000000000000002,-1.7662626666666667e-05,-0.15000000000000002,-0.021750353333333333
5,-0.12500000000000003,-1.622388e-05,-0.12500000000000003,-0.02172416
6,-0.10000000000000003,-1.4898986666666665e-05,-0.10000000000000003,-0.0216905
7,-0.07500000000000004,-1.3483486666666669e-05,-0.07500000000000004,-0.021652373333333332
8,-0.050000000000000044,-1.22914e-05,-0.050000000000000044,-0.021610373333333335
9,-0.02500000000000005,-1.1081846666666667e-05,-0.02500000000000005,-0.021562233333333333
10,-5.551115123125783e-17,-9.876806666666668e-06,-5.551115123125783e-17,-0.021508273333333335
11,0.02499999999999991,-8.649366666666667e-06,0.02499999999999991,-0.021447706666666667
12,0.04999999999999993,-7.389353333333333e-06,0.04999999999999993,-0.02137842666666667
13,0.07499999999999996,-6.748320000000001e-06,0.07499999999999996,-0.02130116666666667
14,0.09999999999999992,-4.932645333333334e-06,0.09999999999999992,-0.021213233333333335
15,0.12499999999999989,-3.364018e-06,0.12499999999999989,-0.021116386666666667
16,0.1499999999999999,-1.7258920000000003e-06,0.1499999999999999,-0.021004306666666667
17,0.17499999999999993,-3.914278e-08,0.17499999999999993,-0.020882593333333335
18,0.1999999999999999,1.7047579999999999e-06,0.1999999999999999,-0.02074522
19,0.22499999999999987,3.6358679999999997e-06,0.22499999999999987,-0.020588793333333334
20,0.2499999999999999,5.902850000000001e-06,0.2499999999999999,-0.020420713333333333
21,0.2749999999999999,7.764246666666666e-06,0.2749999999999999,-0.020226226666666666
22,0.2999999999999998,1.0902526666666668e-05,0.2999999999999998,-0.020012993333333333
23,0.32499999999999984,1.4175873333333335e-05,0.32499999999999984,-0.019775006666666668
24,0.34999999999999987,1.7854226666666667e-05,0.34999999999999987,-0.01951084
25,0.3749999999999999,2.1963713333333333e-05,0.3749999999999999,-0.019219306666666665
26,0.3999999999999999,2.627314e-05,0.3999999999999999,-0.018894140000000004
27,0.4249999999999998,3.1200453333333335e-05,0.4249999999999998,-0.01853512
28,0.44999999999999984,3.7060160000000005e-05,0.44999999999999984,-0.018134153333333333
29,0.47499999999999987,4.305720666666667e-05,0.47499999999999987,-0.017685333333333334
30,0.4999999999999998,5.011982666666667e-05,0.4999999999999998,-0.017205133333333334
31,0.5249999999999998,5.845447333333333e-05,0.5249999999999998,-0.016667473333333335
32,0.5499999999999998,6.818593333333333e-05,0.5499999999999998,-0.01608008666666667
33,0.5749999999999998,8.12228e-05,0.5749999999999998,-0.015428899999999999
34,0.5999999999999999,9.569246666666667e-05,0.5999999999999999,-0.014736506666666666
35,0.6249999999999998,0.00011223553333333333,0.6249999999999998,-0.013981640000000002
36,0.6499999999999998,0.00013298793333333333,0.6499999999999998,-0.013171153333333333
37,0.6749999999999998,0.0001591998,0.6749999999999998,-0.012295893333333334
38,0.6999999999999997,0.00019283113333333333,0.6999999999999997,-0.011368713333333334
39,0.7249999999999998,0.0002345919333333333,0.7249999999999998,-0.010386813333333335
40,0.7499999999999998,0.0002878982666666667,0.7499999999999998,-0.009355353333333333
41,0.7749999999999997,0.00035714886666666666,0.7749999999999997,-0.008268453333333335
42,0.7999999999999998,0.0004456197333333333,0.7999999999999998,-0.007127426666666666
43,0.8249999999999997,0.0005576069333333333,0.8249999999999997,-0.006278507333333333
44,0.8499999999999996,0.0006964926666666667,0.8499999999999996,-0.00494362
45,0.8749999999999998,0.0007928886666666667,0.8749999999999998,-0.003645534
46,0.8999999999999997,0.0010131513333333333,0.8999999999999997,-0.0023210920000000003
47,0.9249999999999998,0.001280984,0.9249999999999998,-0.0009718606666666667
48,0.9499999999999997,0.0016038433333333334,0.9499999999999997,0.0001729962
49,0.9749999999999996,0.001985946,0.9749999999999996,0.0012934513333333333
50,0.9999999999999998,0.002435748,0.9999999999999998,0.002808992
51,1.0249999999999997,0.0029548960000000003,1.0249999999999997,0.004309638
52,1.0499999999999998,0.00354693,1.0499999999999998,0.005823662
53,1.0749999999999997,0.004208312666666667,1.0749999999999997,0.007066686666666666
54,1.0999999999999996,0.004940470666666667,1.0999999999999996,0.00865844
55,1.1249999999999998,0.005745722666666667,1.1249999999999998,0.01024538
56,1.1499999999999997,0.0066210060000000005,1.1499999999999997,0.011842793333333334
57,1.1749999999999996,0.007971546666666666,1.1749999999999996,0.013449339999999999
58,1.1999999999999997,0.008952626666666668,1.1999999999999997,0.015075453333333334
59,1.2249999999999996,0.010028486666666668,1.2249999999999996,0.0167139
