,K3_3R_V_D,K3_3R_J_D,K3_3R_V_L,K3_3R_J_L
0,1.25,0.00460212,1.25,0.0123119
1,1.225,0.005073410666666667,1.225,0.011901193333333334
2,1.2000000000000002,0.005102639333333333,1.2000000000000002,0.009964960000000002
3,1.1750000000000003,0.004878738666666667,1.1750000000000003,0.00930324
4,1.1500000000000004,0.004620668,1.1500000000000004,0.008119013333333333
5,1.1250000000000004,0.004174821333333334,1.1250000000000004,0.0069410800000000005
6,1.1000000000000005,0.0036895933333333333,1.1000000000000005,0.005812540000000001
7,1.0750000000000006,0.0031907746666666667,1.0750000000000006,0.004696666
8,1.0500000000000007,0.0027128066666666666,1.0500000000000007,0.0035716606666666667
9,1.0250000000000008,0.002268862,1.0250000000000008,0.0025188240000000002
10,1.0000000000000009,0.0018859166666666668,1.0000000000000009,0.001457978
11,0.975000000000001,0.0015517100000000002,0.975000000000001,0.0004024294666666667
12,0.9500000000000011,0.0012846413333333334,0.9500000000000011,-0.0006639657333333334
13,0.9250000000000012,0.0010952606666666668,0.9250000000000012,-0.0015874153333333334
14,0.9000000000000012,0.0009655433333333334,0.9000000000000012,-0.0026052280000000002
15,0.8750000000000013,0.000817808,0.8750000000000013,-0.003577537333333333
16,0.8500000000000014,0.0007182053333333333,0.8500000000000014,-0.004513452666666667
17,0.8250000000000015,0.0006594744,0.8250000000000015,-0.005443059333333334
18,0.8000000000000016,0.0006060532666666667,0.8000000000000016,-0.006318540666666667
19,0.7750000000000017,0.0005669452000000001,0.7750000000000017,-0.007050953333333334
20,0.7500000000000018,0.0005299401333333334,0.7500000000000018,-0.00790876
21,0.7250000000000019,0.00049093,0.7250000000000019,-0.008739006666666667
22,0.700000000000002,0.0004666459333333334,0.700000000000002,-0.009538260000000002
23,0.675000000000002,0.0004351746666666667,0.675000000000002,-0.01030106
24,0.6500000000000021,0.0004057649333333334,0.6500000000000021,-0.011025113333333334
25,0.6250000000000022,0.000383235,0.6250000000000022,-0.011704673333333334
26,0.6000000000000023,0.00035860073333333334,0.6000000000000023,-0.012354186666666666
27,0.5750000000000024,0.0003341316666666667,0.5750000000000024,-0.012974626666666668
28,0.5500000000000025,0.0003143268666666667,0.5500000000000025,-0.013563853333333334
29,0.5250000000000026,0.00029107333333333336,0.5250000000000026,-0.01411976
30,0.5000000000000027,0.00027057233333333333,0.5000000000000027,-0.014646073333333336
31,0.47500000000000275,0.0002504362666666667,0.47500000000000275,-0.015144846666666666
32,0.45000000000000284,0.00023322886666666667,0.45000000000000284,-0.015610166666666668
33,0.42500000000000293,0.00021219613333333333,0.42500000000000293,-0.016054326666666667
34,0.400000000000003,0.0001963236,0.400000000000003,-0.016466280000000003
35,0.3750000000000031,0.00018024246666666665,0.3750000000000031,-0.0168541
36,0.3500000000000032,0.00016419293333333335,0.3500000000000032,-0.017216093333333335
37,0.3250000000000033,0.00014613233333333334,0.3250000000000033,-0.01755752
38,0.3000000000000034,0.0001321308,0.3000000000000034,-0.017877913333333332
39,0.27500000000000346,0.00011598340000000002,0.27500000000000346,-0.018180173333333334
40,0.25000000000000355,0.00010234666666666668,0.25000000000000355,-0.01845596
41,0.22500000000000364,8.829386666666667e-05,0.22500000000000364,-0.01871036666666667
42,0.20000000000000373,7.42156e-05,0.20000000000000373,-0.018957426666666666
43,0.17500000000000382,6.110155333333333e-05,0.17500000000000382,-0.019182326666666666
44,0.1500000000000039,4.771374e-05,0.1500000000000039,-0.019397966666666665
45,0.125000000000004,3.569178666666667e-05,0.125000000000004,-0.019595193333333333
46,0.10000000000000409,2.3522266666666667e-05,0.10000000000000409,-0.019782333333333336
47,0.07500000000000417,1.1557653333333334e-05,0.07500000000000417,-0.01995312
48,0.05000000000000426,3.820132666666667e-07,0.05000000000000426,-0.020113053333333335
49,0.025000000000004352,-1.08351e-05,0.025000000000004352,-0.020264753333333333
50,4.440892098500626e-15,-2.2864233333333334e-05,4.440892098500626e-15,-0.020404473333333336
51,-0.02499999999999547,-3.4599860000000005e-05,-0.02499999999999547,-0.020532866666666667
52,-0.04999999999999538,-4.6073780000000005e-05,-0.04999999999999538,-0.020656380000000002
53,-0.07499999999999529,-5.695766666666667e-05,-0.07499999999999529,-0.020766933333333334
54,-0.0999999999999952,-6.911426666666667e-05,-0.0999999999999952,-0.02087548666666667
55,-0.12499999999999512,-7.385026666666667e-05,-0.12499999999999512,-0.02097182666666667
56,-0.14999999999999503,-8.964913333333334e-05,-0.14999999999999503,-0.021063806666666667
57,-0.17499999999999494,-0.00010423653333333334,-0.17499999999999494,-0.021152213333333333
58,-0.19999999999999485,-0.00013657113333333335,-0.19999999999999485,-0.021227613333333336
59,-0.22499999999999476,-0.00015839279999999999,-0.22499999999999476,-0.021306226666666667
