,K3_3R_V_D,K3_3R_J_D,K3_3R_V_L,K3_3R_J_L
0,1.25,0.0116168,1.25,0.013794473333333333
1,1.225,0.011007026666666668,1.225,0.012064633333333335
2,1.2000000000000002,0.009977926666666668,1.2000000000000002,0.0103656
3,1.1750000000000003,0.008834113333333334,1.1750000000000003,0.00865098
4,1.1500000000000004,0.007662933333333334,1.1500000000000004,0.007008666666666667
5,1.1250000000000004,0.006532140666666666,1.1250000000000004,0.005499989333333333
6,1.1000000000000005,0.005504779333333334,1.1000000000000005,0.003991736
7,1.0750000000000006,0.0045534980000000004,1.0750000000000006,0.002499602
8,1.0500000000000007,0.003722596,1.0500000000000007,0.0011039826666666666
9,1.0250000000000008,0.0030010040000000003,1.0250000000000008,-7.32156e-05
10,1.0000000000000009,0.0024274766666666668,1.0000000000000009,-0.0014346440000000001
11,0.975000000000001,0.002016228666666667,0.975000000000001,-0.0027074953333333335
12,0.9500000000000011,0.0016835346666666667,0.9500000000000011,-0.0038968706666666665
13,0.9250000000000012,0.0013772373333333335,0.9250000000000012,-0.005008688666666667
14,0.9000000000000012,0.0012000546666666666,0.9000000000000012,-0.006078737333333333
15,0.8750000000000013,0.0010733293333333334,0.8750000000000013,-0.006998626666666666
16,0.8500000000000014,0.0009737146666666666,0.8500000000000014,-0.007899586666666666
17,0.8250000000000015,0.0008990780000000001,0.8250000000000015,-0.008849113333333334
18,0.8000000000000016,0.0008374653333333333,0.8000000000000016,-0.009731080000000001
19,0.7750000000000017,0.000780608,0.7750000000000017,-0.010548633333333335
20,0.7500000000000018,0.000731952,0.7500000000000018,-0.011327779999999999
21,0.7250000000000019,0.0007325066666666667,0.7250000000000019,-0.012046306666666668
22,0.700000000000002,0.0006352744666666667,0.700000000000002,-0.012716433333333332
23,0.675000000000002,0.0006029617333333334,0.675000000000002,-0.013351633333333333
24,0.6500000000000021,0.0005643094666666667,0.6500000000000021,-0.013934766666666666
25,0.6250000000000022,0.0005393255333333333,0.6250000000000022,-0.014473686666666668
26,0.6000000000000023,0.0005061652666666667,0.6000000000000023,-0.01498156
27,0.5750000000000024,0.0004640121333333334,0.5750000000000024,-0.015456313333333334
28,0.5500000000000025,0.0004318634666666666,0.5500000000000025,-0.01589054
29,0.5250000000000026,0.00040565093333333333,0.5250000000000026,-0.01629066
30,0.5000000000000027,0.00037835693333333336,0.5000000000000027,-0.016661346666666667
31,0.47500000000000275,0.0003495172,0.47500000000000275,-0.017006893333333335
32,0.45000000000000284,0.0003193754666666667,0.45000000000000284,-0.017329453333333335
33,0.42500000000000293,0.000294997,0.42500000000000293,-0.017619353333333334
34,0.400000000000003,0.0002738616,0.400000000000003,-0.0178858
35,0.3750000000000031,0.0002502740666666667,0.3750000000000031,-0.018137446666666668
36,0.3500000000000032,0.0002311942,0.3500000000000032,-0.01837576
37,0.3250000000000033,0.00020830726666666666,0.3250000000000033,-0.018584133333333336
38,0.3000000000000034,0.00018692006666666666,0.3000000000000034,-0.01878186
39,0.27500000000000346,0.0001682008,0.27500000000000346,-0.01896570666666667
40,0.25000000000000355,0.00014858413333333336,0.25000000000000355,-0.01913614666666667
41,0.22500000000000364,0.00012962826666666665,0.22500000000000364,-0.019282273333333336
42,0.20000000000000373,0.00011250553333333334,0.20000000000000373,-0.019434053333333333
43,0.17500000000000382,9.615013333333333e-05,0.17500000000000382,-0.019573653333333337
44,0.1500000000000039,7.987486666666667e-05,0.1500000000000039,-0.01970284666666667
45,0.125000000000004,6.147564000000001e-05,0.125000000000004,-0.01982216
46,0.10000000000000409,4.291116e-05,0.10000000000000409,-0.01993316666666667
47,0.07500000000000417,2.3825406666666667e-05,0.07500000000000417,-0.020038740000000003
48,0.05000000000000426,7.0800200000000005e-06,0.05000000000000426,-0.020139439999999998
49,0.025000000000004352,-9.467000000000001e-06,0.025000000000004352,-0.020242386666666667
50,4.440892098500626e-15,-2.5226006666666668e-05,4.440892098500626e-15,-0.020332033333333336
51,-0.02499999999999547,-4.0797420000000005e-05,-0.02499999999999547,-0.02041714
52,-0.04999999999999538,-5.5821380000000006e-05,-0.04999999999999538,-0.02050302
53,-0.07499999999999529,-7.000746666666666e-05,-0.07499999999999529,-0.02058714
54,-0.0999999999999952,-0.00016741373333333334,-0.0999999999999952,-0.020662773333333332
55,-0.12499999999999512,-0.00019587293333333335,-0.12499999999999512,-0.02073716
56,-0.14999999999999503,-0.00022584179999999998,-0.14999999999999503,-0.020808986666666668
57,-0.17499999999999494,-0.00025790473333333334,-0.17499999999999494,-0.020878453333333335
58,-0.19999999999999485,-0.0002905886666666667,-0.19999999999999485,-0.02094380666666667
59,-0.22499999999999476,-0.00033267173333333334,-0.22499999999999476,-0.02100892
