,K3_3R_V_D,K3_3R_J_D,K3_3R_V_L,K3_3R_J_L
0,1.25,0.0038451239999999997,1.25,0.018823573333333336
1,1.225,0.0039614080000000005,1.225,0.01740940666666667
2,1.2000000000000002,0.003945486,1.2000000000000002,0.015993073333333333
3,1.1750000000000003,0.0038524939999999997,1.1750000000000003,0.014583113333333333
4,1.1500000000000004,0.0037002613333333334,1.1500000000000004,0.013174406666666668
5,1.1250000000000004,0.003499916,1.1250000000000004,0.011774920000000001
6,1.1000000000000005,0.0032564933333333337,1.1000000000000005,0.010380733333333335
7,1.0750000000000006,0.0029775173333333334,1.0750000000000006,0.009000366666666667
8,1.0500000000000007,0.0026677946666666666,1.0500000000000007,0.007631360000000001
9,1.0250000000000008,0.00233507,1.0250000000000008,0.006238014
10,1.0000000000000009,0.0019919286666666668,1.0000000000000009,0.004883804666666667
11,0.975000000000001,0.0016548653333333333,0.975000000000001,0.0035584160000000004
12,0.9500000000000011,0.0013352026666666667,0.9500000000000011,0.002243321333333333
13,0.9250000000000012,0.0010537986666666666,0.9250000000000012,0.0009510846666666667
14,0.9000000000000012,0.0008222246666666666,0.9000000000000012,-0.0003217484
15,0.8750000000000013,0.0006395194,0.8750000000000013,-0.0016092753333333334
16,0.8500000000000014,0.0005140347333333334,0.8500000000000014,-0.0028656266666666668
17,0.8250000000000015,0.00042612313333333335,0.8250000000000015,-0.004081502666666667
18,0.8000000000000016,0.0003646680666666667,0.8000000000000016,-0.005267188
19,0.7750000000000017,0.0003210892,0.7750000000000017,-0.0064174340000000005
20,0.7500000000000018,0.0002885033333333334,0.7500000000000018,-0.007486633333333333
21,0.7250000000000019,0.0002622594,0.7250000000000019,-0.008579626666666666
22,0.700000000000002,0.00024013953333333336,0.700000000000002,-0.009620393333333335
23,0.675000000000002,0.00022118193333333332,0.675000000000002,-0.010613846666666666
24,0.6500000000000021,0.00020431773333333332,0.6500000000000021,-0.011551146666666666
25,0.6250000000000022,0.00018773313333333335,0.6250000000000022,-0.012437533333333334
26,0.6000000000000023,0.00017315793333333334,0.6000000000000023,-0.013267886666666668
27,0.5750000000000024,0.00016023353333333336,0.5750000000000024,-0.014045466666666668
28,0.5500000000000025,0.00014707846666666668,0.5500000000000025,-0.014768226666666667
29,0.5250000000000026,0.00013486,0.5250000000000026,-0.015440626666666667
30,0.5000000000000027,0.00012297526666666666,0.5000000000000027,-0.016054453333333333
31,0.47500000000000275,0.00011151066666666668,0.47500000000000275,-0.016621006666666667
32,0.45000000000000284,0.00010098153333333334,0.45000000000000284,-0.017139806666666667
33,0.42500000000000293,9.104640000000001e-05,0.42500000000000293,-0.01761800666666667
34,0.400000000000003,8.148193333333334e-05,0.400000000000003,-0.018045620000000002
35,0.3750000000000031,7.234293333333334e-05,0.3750000000000031,-0.018437233333333334
36,0.3500000000000032,6.405083333333333e-05,0.3500000000000032,-0.018791186666666668
37,0.3250000000000033,5.580342666666667e-05,0.3250000000000033,-0.019113313333333333
38,0.3000000000000034,4.801566666666667e-05,0.3000000000000034,-0.01940224
39,0.27500000000000346,4.0698033333333336e-05,0.27500000000000346,-0.019664606666666667
40,0.25000000000000355,3.3748133333333336e-05,0.25000000000000355,-0.01990018
41,0.22500000000000364,2.750556e-05,0.22500000000000364,-0.020110606666666666
42,0.20000000000000373,2.1180413333333333e-05,0.20000000000000373,-0.020308033333333336
43,0.17500000000000382,1.5138493333333335e-05,0.17500000000000382,-0.020480293333333333
44,0.1500000000000039,9.377093333333334e-06,0.1500000000000039,-0.02063542
45,0.125000000000004,4.319489333333334e-06,0.125000000000004,-0.020778746666666667
46,0.10000000000000409,-1.0773786666666666e-06,0.10000000000000409,-0.020907346666666667
47,0.07500000000000417,-6.111921333333334e-06,0.07500000000000417,-0.021020006666666667
48,0.05000000000000426,-1.025438e-05,0.05000000000000426,-0.02112374666666667
49,0.025000000000004352,-1.5121213333333334e-05,0.025000000000004352,-0.021216813333333334
50,4.440892098500626e-15,-1.978474e-05,4.440892098500626e-15,-0.021302313333333333
51,-0.02499999999999547,-2.437146666666667e-05,-0.02499999999999547,-0.02137764
52,-0.04999999999999538,-2.890066e-05,-0.04999999999999538,-0.02144594
53,-0.07499999999999529,-3.341908666666667e-05,-0.07499999999999529,-0.021508180000000002
54,-0.0999999999999952,-3.799540666666667e-05,-0.0999999999999952,-0.021565260000000003
55,-0.12499999999999512,-4.2477546666666667e-05,-0.12499999999999512,-0.021617260000000003
56,-0.14999999999999503,-4.672062e-05,-0.14999999999999503,-0.021663806666666667
57,-0.17499999999999494,-5.1285679999999994e-05,-0.17499999999999494,-0.02170708
58,-0.19999999999999485,-5.5828086666666676e-05,-0.19999999999999485,-0.021746026666666668
59,-0.22499999999999476,-6.048366000000001e-05,-0.22499999999999476,-0.021783213333333332
