,S1_oil_1R_V_D,S1_oil_1R_J_D,S1_oil_1R_V_L,S1_oil_1R_J_L
0,1.25,0.013509193333333334,1.25,0.015442626666666666
1,1.225,0.011835366666666668,1.225,0.013717133333333333
2,1.2000000000000002,0.010162386666666667,1.2000000000000002,0.01199708
3,1.1750000000000003,0.008503453333333334,1.1750000000000003,0.010281093333333333
4,1.1500000000000004,0.0068573,1.1500000000000004,0.008567526666666667
5,1.1250000000000004,0.005219534,1.1250000000000004,0.006865093333333334
6,1.1000000000000005,0.0036033253333333333,1.1000000000000005,0.005105912
7,1.0750000000000006,0.002015908,1.0750000000000006,0.0034189633333333333
8,1.0500000000000007,0.0004606689333333333,1.0500000000000007,0.0017588653333333332
9,1.0250000000000008,-0.0010842553333333333,1.0250000000000008,0.00010405446666666666
10,1.0000000000000009,-0.0026404153333333337,1.0000000000000009,-0.0015773093333333334
11,0.975000000000001,-0.004160525333333333,0.975000000000001,-0.0031820439999999998
12,0.9500000000000011,-0.0056668460000000006,0.9500000000000011,-0.004749149333333333
13,0.9250000000000012,-0.007067673333333334,0.9250000000000012,-0.0062750413333333335
14,0.9000000000000012,-0.0085481,0.9000000000000012,-0.007715013333333335
15,0.8750000000000013,-0.009977960000000001,0.8750000000000013,-0.009202013333333333
16,0.8500000000000014,-0.01136148,0.8500000000000014,-0.010630953333333333
17,0.8250000000000015,-0.012684126666666667,0.8250000000000015,-0.011994093333333334
18,0.8000000000000016,-0.013942966666666667,0.8000000000000016,-0.013295293333333335
19,0.7750000000000017,-0.015124806666666667,0.7750000000000017,-0.014523433333333332
20,0.7500000000000018,-0.016222820000000002,0.7500000000000018,-0.015660140000000003
21,0.7250000000000019,-0.017230153333333335,0.7250000000000019,-0.01671384
22,0.700000000000002,-0.01814246,0.700000000000002,-0.017671853333333334
23,0.675000000000002,-0.018962573333333333,0.675000000000002,-0.01853914666666667
24,0.6500000000000021,-0.019674800000000003,0.6500000000000021,-0.019295720000000002
25,0.6250000000000022,-0.020298233333333332,0.6250000000000022,-0.019964373333333334
26,0.6000000000000023,-0.020833973333333335,0.6000000000000023,-0.020541
27,0.5750000000000024,-0.02128844666666667,0.5750000000000024,-0.021039193333333334
28,0.5500000000000025,-0.021674926666666667,0.5500000000000025,-0.021458586666666668
29,0.5250000000000026,-0.021999146666666667,0.5250000000000026,-0.02181626
30,0.5000000000000027,-0.02226858,0.5000000000000027,-0.022113140000000003
31,0.47500000000000275,-0.022493046666666665,0.47500000000000275,-0.022364340000000003
32,0.45000000000000284,-0.022679826666666666,0.45000000000000284,-0.02257486666666667
33,0.42500000000000293,-0.02283816666666667,0.42500000000000293,-0.022749806666666667
34,0.400000000000003,-0.022969473333333334,0.400000000000003,-0.022896546666666667
35,0.3750000000000031,-0.023082513333333336,0.3750000000000031,-0.023022053333333334
36,0.3500000000000032,-0.023176746666666668,0.3500000000000032,-0.023126893333333336
37,0.3250000000000033,-0.02325816,0.3250000000000033,-0.023218253333333334
38,0.3000000000000034,-0.023326446666666667,0.3000000000000034,-0.023291306666666668
39,0.27500000000000346,-0.023388206666666668,0.27500000000000346,-0.023358453333333334
40,0.25000000000000355,-0.023438740000000003,0.25000000000000355,-0.023415866666666667
41,0.22500000000000364,-0.023483613333333334,0.22500000000000364,-0.023461693333333332
42,0.20000000000000373,-0.02352476666666667,0.20000000000000373,-0.023505886666666666
43,0.17500000000000382,-0.023557313333333333,0.17500000000000382,-0.023543853333333333
44,0.1500000000000039,-0.02358872,0.1500000000000039,-0.023576886666666668
45,0.125000000000004,-0.023618533333333334,0.125000000000004,-0.023605186666666667
46,0.10000000000000409,-0.023640840000000003,0.10000000000000409,-0.0236307
47,0.07500000000000417,-0.023663686666666666,0.07500000000000417,-0.02365344
48,0.05000000000000426,-0.023683626666666666,0.05000000000000426,-0.02367524666666667
49,0.025000000000004352,-0.02369988,0.025000000000004352,-0.023693033333333335
50,4.440892098500626e-15,-0.023716733333333333,4.440892098500626e-15,-0.023709746666666667
51,-0.02499999999999547,-0.023731593333333335,-0.02499999999999547,-0.023724313333333334
52,-0.04999999999999538,-0.023745206666666668,-0.04999999999999538,-0.023737813333333333
53,-0.07499999999999529,-0.023757280000000002,-0.07499999999999529,-0.023750153333333336
54,-0.0999999999999952,-0.0237686,-0.0999999999999952,-0.023761553333333334
55,-0.12499999999999512,-0.023780673333333335,-0.12499999999999512,-0.02377222
56,-0.14999999999999503,-0.023789413333333335,-0.14999999999999503,-0.02378222666666667
57,-0.17499999999999494,-0.023798346666666668,-0.17499999999999494,-0.02379092666666667
58,-0.19999999999999485,-0.0238077,-0.19999999999999485,-0.02379964
59,-0.22499999999999476,-0.023815013333333336,-0.22499999999999476,-0.023806593333333334
