,S1_oil_1R_V_D,S1_oil_1R_J_D,S1_oil_1R_V_L,S1_oil_1R_J_L
0,1.25,0.004815210666666667,1.25,0.0210371
1,1.225,0.00827614,1.225,0.019098226666666666
2,1.2000000000000002,0.008201506666666667,1.2000000000000002,0.017157226666666667
3,1.1750000000000003,0.007696046666666668,1.1750000000000003,0.015201613333333334
4,1.1500000000000004,0.006964686666666667,1.1500000000000004,0.013226826666666667
5,1.1250000000000004,0.006090474666666667,1.1250000000000004,0.01124484
6,1.1000000000000005,0.005217789333333334,1.1000000000000005,0.009259153333333334
7,1.0750000000000006,0.004290317333333334,1.0750000000000006,0.007289520000000001
8,1.0500000000000007,0.0033901860000000003,1.0500000000000007,0.005272732
9,1.0250000000000008,0.0025657426666666665,1.0250000000000008,0.0033315346666666665
10,1.0000000000000009,0.0018512706666666669,1.0000000000000009,0.001450658
11,0.975000000000001,0.0012778013333333334,0.975000000000001,-0.0003461150666666667
12,0.9500000000000011,0.000849,0.9500000000000011,-0.0021587733333333333
13,0.9250000000000012,0.0005474153333333334,0.9250000000000012,-0.0038800460000000003
14,0.9000000000000012,0.0003603835333333333,0.9000000000000012,-0.005489364
15,0.8750000000000013,0.00024311080000000002,0.8750000000000013,-0.006995340000000001
16,0.8500000000000014,0.00016986146666666667,0.8500000000000014,-0.008282973333333334
17,0.8250000000000015,0.0001238904666666667,0.8250000000000015,-0.009694113333333334
18,0.8000000000000016,9.40882e-05,0.8000000000000016,-0.010986026666666667
19,0.7750000000000017,7.39244e-05,0.7750000000000017,-0.01216534
20,0.7500000000000018,6.019618666666667e-05,0.7500000000000018,-0.013237433333333335
21,0.7250000000000019,4.880659333333333e-05,0.7250000000000019,-0.014205233333333334
22,0.700000000000002,4.021666e-05,0.700000000000002,-0.015061833333333333
23,0.675000000000002,3.3109773333333335e-05,0.675000000000002,-0.015818693333333335
24,0.6500000000000021,2.702578e-05,0.6500000000000021,-0.016460719999999998
25,0.6250000000000022,2.1650653333333334e-05,0.6250000000000022,-0.017011833333333334
26,0.6000000000000023,1.6823926666666667e-05,0.6000000000000023,-0.017476666666666668
27,0.5750000000000024,1.2432153333333334e-05,0.5750000000000024,-0.01786892
28,0.5500000000000025,8.435526666666667e-06,0.5500000000000025,-0.01818752
29,0.5250000000000026,5.118990000000001e-06,0.5250000000000026,-0.018455133333333335
30,0.5000000000000027,1.615384666666667e-06,0.5000000000000027,-0.01867334
31,0.47500000000000275,-1.4402926666666667e-06,0.47500000000000275,-0.01885864666666667
32,0.45000000000000284,-4.186222666666667e-06,0.45000000000000284,-0.019009893333333333
33,0.42500000000000293,-6.671073333333334e-06,0.42500000000000293,-0.019138526666666666
34,0.400000000000003,-8.35044e-06,0.400000000000003,-0.019245460000000002
35,0.3750000000000031,-1.041934e-05,0.3750000000000031,-0.019335173333333334
36,0.3500000000000032,-1.2110953333333334e-05,0.3500000000000032,-0.019412386666666667
37,0.3250000000000033,-1.3555760000000002e-05,0.3250000000000033,-0.01947622666666667
38,0.3000000000000034,-1.4764113333333335e-05,0.3000000000000034,-0.01953262
39,0.27500000000000346,-1.5765726666666668e-05,0.27500000000000346,-0.01958194666666667
40,0.25000000000000355,-1.6578126666666667e-05,0.25000000000000355,-0.01962438
41,0.22500000000000364,-1.7193253333333335e-05,0.22500000000000364,-0.019660146666666666
42,0.20000000000000373,-1.7724366666666666e-05,0.20000000000000373,-0.01969288
43,0.17500000000000382,-1.8115606666666666e-05,0.17500000000000382,-0.019721413333333333
44,0.1500000000000039,-1.840986e-05,0.1500000000000039,-0.019745286666666667
45,0.125000000000004,-1.8628193333333333e-05,0.125000000000004,-0.019767746666666666
46,0.10000000000000409,-1.878824e-05,0.10000000000000409,-0.019786353333333336
47,0.07500000000000417,-1.8906353333333334e-05,0.07500000000000417,-0.019804320000000004
48,0.05000000000000426,-1.8996480000000002e-05,0.05000000000000426,-0.019820093333333334
49,0.025000000000004352,-1.9067046666666668e-05,0.025000000000004352,-0.019834173333333333
50,4.440892098500626e-15,-1.9117660000000002e-05,4.440892098500626e-15,-0.019846513333333333
51,-0.02499999999999547,-1.9178360000000003e-05,-0.02499999999999547,-0.019858286666666666
52,-0.04999999999999538,-1.923666e-05,-0.04999999999999538,-0.019869393333333332
53,-0.07499999999999529,-1.929785333333333e-05,-0.07499999999999529,-0.019878986666666668
54,-0.0999999999999952,-1.936546e-05,-0.0999999999999952,-0.01988778
55,-0.12499999999999512,-1.9438966666666668e-05,-0.12499999999999512,-0.019896833333333336
56,-0.14999999999999503,-1.9519926666666667e-05,-0.14999999999999503,-0.01990442
57,-0.17499999999999494,-1.9608173333333336e-05,-0.17499999999999494,-0.01991213333333333
58,-0.19999999999999485,-1.968374e-05,-0.19999999999999485,-0.0199188
59,-0.22499999999999476,-1.9793433333333336e-05,-0.22499999999999476,-0.019925226666666667
