,S3_4F_V_D,S3_4F_J_D,S3_4F_V_L,S3_4F_J_L
0,-0.25,-1.4601993333333336e-05,-0.25,-0.0220415
1,-0.225,-1.40403e-05,-0.225,-0.022040033333333334
2,-0.2,-1.368854e-05,-0.2,-0.022037006666666668
3,-0.17500000000000002,-1.3340346666666669e-05,-0.17500000000000002,-0.0220323
4,-0.15000000000000002,-1.3035433333333334e-05,-0.15000000000000002,-0.02202478
5,-0.12500000000000003,-1.2741473333333334e-05,-0.12500000000000003,-0.022014633333333335
6,-0.10000000000000003,-1.2453880000000001e-05,-0.10000000000000003,-0.0220004
7,-0.07500000000000004,-1.2168686666666667e-05,-0.07500000000000004,-0.021981979999999998
8,-0.050000000000000044,-1.1881433333333335e-05,-0.050000000000000044,-0.021960666666666667
9,-0.02500000000000005,-1.1591066666666666e-05,-0.02500000000000005,-0.021940766666666667
10,-5.551115123125783e-17,-1.1318213333333335e-05,-5.551115123125783e-17,-0.02190942666666667
11,0.02499999999999991,-1.0980306666666668e-05,0.02499999999999991,-0.021872306666666667
12,0.04999999999999993,-1.064456e-05,0.04999999999999993,-0.021831406666666667
13,0.07499999999999996,-1.0282093333333333e-05,0.07499999999999996,-0.021781980000000003
14,0.09999999999999992,-9.882546666666666e-06,0.09999999999999992,-0.021728953333333335
15,0.12499999999999989,-9.44004e-06,0.12499999999999989,-0.021663400000000003
16,0.1499999999999999,-8.947186666666668e-06,0.1499999999999999,-0.021586333333333332
17,0.17499999999999993,-8.39818e-06,0.17499999999999993,-0.02149738
18,0.1999999999999999,-7.785106666666667e-06,0.1999999999999999,-0.021394626666666666
19,0.22499999999999987,-7.1137999999999996e-06,0.22499999999999987,-0.02127408
20,0.2499999999999999,-6.8521200000000006e-06,0.2499999999999999,-0.02113748
21,0.2749999999999999,-5.693541333333333e-06,0.2749999999999999,-0.0209766
22,0.2999999999999998,-4.702007333333334e-06,0.2999999999999998,-0.020789293333333334
23,0.32499999999999984,-3.623886666666667e-06,0.32499999999999984,-0.020570493333333335
24,0.34999999999999987,-2.4490093333333334e-06,0.34999999999999987,-0.020328093333333335
25,0.3749999999999999,-1.1492326666666667e-06,0.3749999999999999,-0.020048946666666668
26,0.3999999999999999,2.498124666666667e-07,0.3999999999999999,-0.019729140000000003
27,0.4249999999999998,1.8857173333333334e-06,0.4249999999999998,-0.019363880000000003
28,0.44999999999999984,3.6712533333333332e-06,0.44999999999999984,-0.01896196
29,0.47499999999999987,5.681216e-06,0.47499999999999987,-0.01850424
30,0.4999999999999998,6.249070666666667e-06,0.4999999999999998,-0.017995999999999998
31,0.5249999999999998,9.334353333333333e-06,0.5249999999999998,-0.0174365
32,0.5499999999999998,1.243536e-05,0.5499999999999998,-0.01682246
33,0.5749999999999998,1.6046046666666667e-05,0.5749999999999998,-0.016152173333333332
34,0.5999999999999999,2.0376693333333335e-05,0.5999999999999999,-0.015432633333333334
35,0.6249999999999998,2.5770826666666665e-05,0.6249999999999998,-0.014658033333333334
36,0.6499999999999998,3.2685213333333335e-05,0.6499999999999998,-0.013827266666666666
37,0.6749999999999998,4.1871546666666666e-05,0.6749999999999998,-0.01295546
38,0.6999999999999997,5.4255593333333333e-05,0.6999999999999997,-0.012038606666666667
39,0.7249999999999998,6.999486666666666e-05,0.7249999999999998,-0.011073093333333334
40,0.7499999999999998,8.5024e-05,0.7499999999999998,-0.01007242
41,0.7749999999999997,0.00012047786666666667,0.7749999999999997,-0.009025706666666668
42,0.7999999999999998,0.00016972853333333335,0.7999999999999998,-0.007941933333333333
43,0.8249999999999997,0.0002393878,0.8249999999999997,-0.00682646
44,0.8499999999999996,0.0003380262666666667,0.8499999999999996,-0.006004798666666667
45,0.8749999999999998,0.0004744578,0.8749999999999998,-0.004732736666666667
46,0.8999999999999997,0.0006597628,0.8999999999999997,-0.0034906213333333333
47,0.9249999999999998,0.0008966873333333333,0.9249999999999998,-0.0022378759999999998
48,0.9499999999999997,0.0012229113333333335,0.9499999999999997,-0.0009649866666666667
49,0.9749999999999996,0.0016256880000000001,0.9749999999999996,-0.00041820566666666664
50,0.9999999999999998,0.0021095206666666665,0.9999999999999998,0.0007424613333333333
51,1.0249999999999997,0.002672274666666667,1.0249999999999997,0.0021798166666666665
52,1.0499999999999998,0.003315454666666667,1.0499999999999998,0.003596366666666667
53,1.0749999999999997,0.0040384566666666665,1.0749999999999997,0.00501077
54,1.0999999999999996,0.004840464666666667,1.0999999999999996,0.00643301
55,1.1249999999999998,0.005719384666666667,1.1249999999999998,0.007626426666666667
56,1.1499999999999997,0.006675233333333333,1.1499999999999997,0.009111506666666666
57,1.1749999999999996,0.008138826666666666,1.1749999999999996,0.010589066666666667
58,1.1999999999999997,0.009190026666666667,1.1999999999999997,0.012078
59,1.2249999999999996,0.010343826666666667,1.2249999999999996,0.01357698
