,S3_5F_V_D,S3_5F_J_D,S3_5F_V_L,S3_5F_J_L
0,-0.25,-4.370948e-05,-0.25,-0.0208849
1,-0.225,-4.003656e-05,-0.225,-0.020867046666666667
2,-0.2,-3.65779e-05,-0.2,-0.02084668
3,-0.17500000000000002,-3.315679333333334e-05,-0.17500000000000002,-0.02081988666666667
4,-0.15000000000000002,-2.980048666666667e-05,-0.15000000000000002,-0.020788293333333336
5,-0.12500000000000003,-2.6478540000000003e-05,-0.12500000000000003,-0.02075154666666667
6,-0.10000000000000003,-2.318152e-05,-0.10000000000000003,-0.020707466666666667
7,-0.07500000000000004,-1.9897926666666665e-05,-0.07500000000000004,-0.020656853333333336
8,-0.050000000000000044,-1.6617553333333333e-05,-0.050000000000000044,-0.02060026666666667
9,-0.02500000000000005,-1.3330093333333334e-05,-0.02500000000000005,-0.02053602
10,-5.551115123125783e-17,-1.003804e-05,-5.551115123125783e-17,-0.02046474666666667
11,0.02499999999999991,-6.6694866666666666e-06,0.02499999999999991,-0.020384273333333335
12,0.04999999999999993,-3.555851333333334e-06,0.04999999999999993,-0.020295313333333335
13,0.07499999999999996,1.1701346666666668e-07,0.07499999999999996,-0.020197386666666668
14,0.09999999999999992,3.7176826666666666e-06,0.09999999999999992,-0.0200878
15,0.12499999999999989,7.0620333333333346e-06,0.12499999999999989,-0.019965926666666668
16,0.1499999999999999,1.1078053333333333e-05,0.1499999999999999,-0.019832593333333336
17,0.17499999999999993,1.5067553333333334e-05,0.17499999999999993,-0.019683153333333335
18,0.1999999999999999,1.9158786666666668e-05,0.1999999999999999,-0.019516913333333333
19,0.22499999999999987,2.337700666666667e-05,0.22499999999999987,-0.019330053333333333
20,0.2499999999999999,2.7763033333333335e-05,0.2499999999999999,-0.019125486666666667
21,0.2749999999999999,3.2312746666666665e-05,0.2749999999999999,-0.018893666666666666
22,0.2999999999999998,3.702830666666667e-05,0.2999999999999998,-0.018634086666666667
23,0.32499999999999984,4.194821333333333e-05,0.32499999999999984,-0.01834294
24,0.34999999999999987,4.705817333333334e-05,0.34999999999999987,-0.018021933333333334
25,0.3749999999999999,5.241537333333334e-05,0.3749999999999999,-0.017661640000000003
26,0.3999999999999999,5.803576e-05,0.3999999999999999,-0.017266613333333337
27,0.4249999999999998,6.401105333333334e-05,0.4249999999999998,-0.016826393333333335
28,0.44999999999999984,6.999486666666666e-05,0.44999999999999984,-0.01634478
29,0.47499999999999987,7.61566e-05,0.47499999999999987,-0.015816293333333335
30,0.4999999999999998,8.42322e-05,0.4999999999999998,-0.015242393333333333
31,0.5249999999999998,9.311233333333333e-05,0.5249999999999998,-0.014621766666666666
32,0.5499999999999998,0.00010345419999999999,0.5499999999999998,-0.013942520000000002
33,0.5749999999999998,0.00011603413333333333,0.5749999999999998,-0.013222240000000001
34,0.5999999999999999,0.00013170833333333334,0.5999999999999999,-0.012449926666666666
35,0.6249999999999998,0.00015183433333333334,0.6249999999999998,-0.011624893333333334
36,0.6499999999999998,0.00017818886666666668,0.6499999999999998,-0.010754726666666667
37,0.6749999999999998,0.00021310380000000002,0.6749999999999998,-0.00982352
38,0.6999999999999997,0.00025843880000000005,0.6999999999999997,-0.0088476
39,0.7249999999999998,0.00031705473333333334,0.7249999999999998,-0.007820726666666668
40,0.7499999999999998,0.0003906006,0.7499999999999998,-0.006748646666666666
41,0.7749999999999997,0.00048075320000000006,0.7749999999999997,-0.005918432666666667
42,0.7999999999999998,0.0005878916000000001,0.7999999999999998,-0.004656226666666667
43,0.8249999999999997,0.000682198,0.8249999999999997,-0.0034158026666666667
44,0.8499999999999996,0.0008324013333333335,0.8499999999999996,-0.002143158
45,0.8749999999999998,0.0010077493333333332,0.8749999999999998,-0.0008520446666666667
46,0.8999999999999997,0.0012123566666666667,0.8999999999999997,0.00025035893333333337
47,0.9249999999999998,0.0014518973333333333,0.9249999999999998,0.001354306
48,0.9499999999999997,0.0017328700000000003,0.9499999999999997,0.002814210666666667
49,0.9749999999999996,0.002061812666666667,0.9749999999999996,0.004256318
50,0.9999999999999998,0.0024438153333333334,0.9999999999999998,0.005711679333333333
51,1.0249999999999997,0.00288169,1.0249999999999997,0.0069089
52,1.0499999999999998,0.0033783313333333336,1.0499999999999998,0.008434686666666667
53,1.0749999999999997,0.003936746666666667,1.0749999999999997,0.009949433333333334
54,1.0999999999999996,0.0045603553333333335,1.0999999999999996,0.01147326
55,1.1249999999999998,0.005249993333333334,1.1249999999999998,0.012999953333333333
56,1.1499999999999997,0.006003977333333334,1.1499999999999997,0.014538073333333335
57,1.1749999999999996,0.007386406666666667,1.1749999999999996,0.0160837
58,1.1999999999999997,0.008227593333333333,1.1999999999999997,0.017644486666666667
59,1.2249999999999996,0.009164666666666666,1.2249999999999996,0.019212
