,NiOx_DPPP_111323_2d_2F_V_D,NiOx_DPPP_111323_2d_2F_J_D,NiOx_DPPP_111323_2d_2F_V_L,NiOx_DPPP_111323_2d_2F_J_L
0,-0.25,-8.346200000000001e-05,-0.25,-0.021453146666666666
1,-0.225,-7.62966e-05,-0.225,-0.021156153333333334
2,-0.2,-7.475986666666668e-05,-0.2,-0.020935493333333333
3,-0.17500000000000002,-7.391613333333334e-05,-0.17500000000000002,-0.02074986666666667
4,-0.15000000000000002,-7.333106666666667e-05,-0.15000000000000002,-0.02059752
5,-0.12500000000000003,-7.294713333333334e-05,-0.12500000000000003,-0.02045924666666667
6,-0.10000000000000003,-7.257526666666667e-05,-0.10000000000000003,-0.020340213333333333
7,-0.07500000000000004,-7.22538e-05,-0.07500000000000004,-0.02023256
8,-0.050000000000000044,-7.193353333333334e-05,-0.050000000000000044,-0.02013726
9,-0.02500000000000005,-7.159813333333333e-05,-0.02500000000000005,-0.020048746666666666
10,-5.551115123125783e-17,-7.133466666666667e-05,-5.551115123125783e-17,-0.019974033333333335
11,0.02499999999999991,-7.096386666666667e-05,0.02499999999999991,-0.019874653333333336
12,0.04999999999999993,-7.062693333333333e-05,0.04999999999999993,-0.019807686666666668
13,0.07499999999999996,-7.028993333333333e-05,0.07499999999999996,-0.019728726666666665
14,0.09999999999999992,-6.99574e-05,0.09999999999999992,-0.019651393333333336
15,0.12499999999999989,-6.958333333333334e-05,0.12499999999999989,-0.019560733333333337
16,0.1499999999999999,-6.92138e-05,0.1499999999999999,-0.019493160000000002
17,0.17499999999999993,-6.874166666666668e-05,0.17499999999999993,-0.019405533333333336
18,0.1999999999999999,-6.838006666666666e-05,0.1999999999999999,-0.01931862
19,0.22499999999999987,-6.78874e-05,0.22499999999999987,-0.019213313333333332
20,0.2499999999999999,-6.741766666666668e-05,0.2499999999999999,-0.019121013333333336
21,0.2749999999999999,-6.681273333333335e-05,0.2749999999999999,-0.01900754
22,0.2999999999999998,-6.846126666666666e-05,0.2999999999999998,-0.01889217333333333
23,0.32499999999999984,-6.613065333333333e-05,0.32499999999999984,-0.01875144
24,0.34999999999999987,-6.521044e-05,0.34999999999999987,-0.018584840000000002
25,0.3749999999999999,-6.427866e-05,0.3749999999999999,-0.018442766666666666
26,0.3999999999999999,-6.324743333333334e-05,0.3999999999999999,-0.0182584
27,0.4249999999999998,-6.202856666666667e-05,0.4249999999999998,-0.018043773333333336
28,0.44999999999999984,-6.0570059999999995e-05,0.44999999999999984,-0.01782762
29,0.47499999999999987,-5.871692666666667e-05,0.47499999999999987,-0.017554306666666665
30,0.4999999999999998,-5.6254613333333334e-05,0.4999999999999998,-0.01726808
31,0.5249999999999998,-5.268610666666667e-05,0.5249999999999998,-0.016938046666666668
32,0.5499999999999998,-4.721012e-05,0.5499999999999998,-0.016560046666666668
33,0.5749999999999998,-3.818786666666667e-05,0.5749999999999998,-0.01613812666666667
34,0.5999999999999999,-2.28287e-05,0.5999999999999999,-0.015660273333333335
35,0.6249999999999998,-1.135724e-05,0.6249999999999998,-0.015114826666666668
36,0.6499999999999998,3.779044666666667e-05,0.6499999999999998,-0.014485646666666666
37,0.6749999999999998,9.208286666666667e-05,0.6749999999999998,-0.013726446666666668
38,0.6999999999999997,0.00022916720000000002,0.6999999999999997,-0.01290204
39,0.7249999999999998,0.00044479206666666666,0.7249999999999998,-0.011909106666666667
40,0.7499999999999998,0.0006712433333333333,0.7499999999999998,-0.010743926666666667
41,0.7749999999999997,0.0011962726666666667,0.7749999999999997,-0.0093947
42,0.7999999999999998,0.0019277620000000002,0.7999999999999998,-0.007766973333333334
43,0.8249999999999997,0.0029323220000000002,0.8249999999999997,-0.008180026666666668
44,0.8499999999999996,0.004268234,0.8499999999999996,-0.006169098666666667
45,0.8749999999999998,0.005963688000000001,0.8749999999999998,-0.0030786793333333336
46,0.8999999999999997,0.007420313333333334,0.8999999999999997,-0.002110890666666667
47,0.9249999999999998,0.0100004,0.9249999999999998,0.0016471793333333335
48,0.9499999999999997,0.01292614,0.9499999999999997,0.005345545333333333
49,0.9749999999999996,0.016218406666666667,0.9749999999999996,0.0078006866666666674
50,0.9999999999999998,0.01991222,0.9999999999999998,0.01233826
51,1.0249999999999997,0.023962146666666666,1.0249999999999997,0.0169011
52,1.0499999999999998,0.028368640000000004,1.0499999999999998,0.021708146666666667
53,1.0749999999999997,0.03309944,1.0749999999999997,0.02673412
54,1.0999999999999996,0.038152806666666664,1.0999999999999996,0.03203871333333333
55,1.1249999999999998,0.04349364000000001,1.1249999999999998,0.03756208
56,1.1499999999999997,0.04910899333333334,1.1499999999999997,0.04334437333333333
57,1.1749999999999996,0.054973513333333335,1.1749999999999996,0.049346973333333335
58,1.1999999999999997,0.06109192000000001,1.1999999999999997,0.055590273333333336
59,1.2249999999999996,0.0674264,1.2249999999999996,0.06203902666666667
