,NiOx_PTAA_111323_2d_3F_V_D,NiOx_PTAA_111323_2d_3F_J_D,NiOx_PTAA_111323_2d_3F_V_L,NiOx_PTAA_111323_2d_3F_J_L
0,-0.25,-8.507686666666667e-05,-0.25,-0.0232031
1,-0.225,-8.160746666666667e-05,-0.225,-0.022531533333333336
2,-0.2,-8.124806666666667e-05,-0.2,-0.021992006666666668
3,-0.17500000000000002,-8.031433333333334e-05,-0.17500000000000002,-0.021605693333333335
4,-0.15000000000000002,-7.90032e-05,-0.15000000000000002,-0.021323420000000003
5,-0.12500000000000003,-7.765286666666666e-05,-0.12500000000000003,-0.021092446666666667
6,-0.10000000000000003,-7.62766e-05,-0.10000000000000003,-0.020897913333333334
7,-0.07500000000000004,-7.496346666666667e-05,-0.07500000000000004,-0.020719313333333336
8,-0.050000000000000044,-7.372120000000001e-05,-0.050000000000000044,-0.02054666
9,-0.02500000000000005,-7.246260000000001e-05,-0.02500000000000005,-0.02038258
10,-5.551115123125783e-17,-7.12358e-05,-5.551115123125783e-17,-0.020219633333333334
11,0.02499999999999991,-6.974073333333333e-05,0.02499999999999991,-0.020030686666666665
12,0.04999999999999993,-6.79712e-05,0.04999999999999993,-0.01985594
13,0.07499999999999996,-6.856906666666667e-05,0.07499999999999996,-0.019670946666666668
14,0.09999999999999992,-6.371302666666667e-05,0.09999999999999992,-0.01947016666666667
15,0.12499999999999989,-5.893084666666667e-05,0.12499999999999989,-0.01926104
16,0.1499999999999999,-5.241568e-05,0.1499999999999999,-0.019012880000000003
17,0.17499999999999993,-4.3240246666666665e-05,0.17499999999999993,-0.018747786666666665
18,0.1999999999999999,-3.031576e-05,0.1999999999999999,-0.01844254
19,0.22499999999999987,-1.2719186666666666e-05,0.22499999999999987,-0.01810262
20,0.2499999999999999,1.2294100000000001e-05,0.2499999999999999,-0.017721446666666668
21,0.2749999999999999,4.555618e-05,0.2749999999999999,-0.017277726666666667
22,0.2999999999999998,4.562339333333334e-05,0.2999999999999998,-0.016771333333333336
23,0.32499999999999984,0.00010899633333333333,0.32499999999999984,-0.016182953333333333
24,0.34999999999999987,0.00018723980000000002,0.34999999999999987,-0.015501246666666666
25,0.3749999999999999,0.00028862746666666664,0.3749999999999999,-0.01474156666666667
26,0.3999999999999999,0.0004190702666666667,0.3999999999999999,-0.01386824
27,0.4249999999999998,0.0005874284,0.4249999999999998,-0.012866773333333333
28,0.44999999999999984,0.0005306605333333334,0.44999999999999984,-0.011728326666666667
29,0.47499999999999987,0.0007999406666666667,0.47499999999999987,-0.01048598
30,0.4999999999999998,0.0011184313333333334,0.4999999999999998,-0.009098660000000001
31,0.5249999999999998,0.001507434,0.5249999999999998,-0.007573873333333333
32,0.5499999999999998,0.0019784293333333335,0.5499999999999998,-0.00820836
33,0.5749999999999998,0.002544118666666667,0.5749999999999998,-0.007538946666666667
34,0.5999999999999999,0.003215808666666667,0.5999999999999999,-0.005750233333333334
35,0.6249999999999998,0.004012297333333334,0.6249999999999998,-0.003207898666666667
36,0.6499999999999998,0.004926746,0.6499999999999998,-0.0007496340000000001
37,0.6749999999999998,0.005979031333333333,0.6749999999999998,0.0017489693333333335
38,0.6999999999999997,0.006999806666666667,0.6999999999999997,0.0043373506666666665
39,0.7249999999999998,0.007175813333333333,0.7249999999999998,0.006972793333333334
40,0.7499999999999998,0.00877996,0.7499999999999998,0.007861706666666668
41,0.7749999999999997,0.010485766666666667,0.7749999999999997,0.011087773333333334
42,0.7999999999999998,0.012337646666666667,0.7999999999999998,0.014292646666666667
43,0.8249999999999997,0.014337113333333333,0.8249999999999997,0.017567006666666666
44,0.8499999999999996,0.016504066666666668,0.8499999999999996,0.02094488
45,0.8749999999999998,0.018822766666666668,0.8749999999999998,0.024408393333333334
46,0.8999999999999997,0.02131754,0.8999999999999997,0.02797992666666667
47,0.9249999999999998,0.023940633333333333,0.9249999999999998,0.031676293333333334
48,0.9499999999999997,0.026731633333333338,0.9499999999999997,0.03545391333333334
49,0.9749999999999996,0.029672693333333337,0.9749999999999996,0.03932060666666667
50,0.9999999999999998,0.03280388,0.9999999999999998,0.04330644666666667
51,1.0249999999999997,0.03605075333333334,1.0249999999999997,0.04737478666666667
52,1.0499999999999998,0.03946264666666667,1.0499999999999998,0.05156366666666667
53,1.0749999999999997,0.043027553333333336,1.0749999999999997,0.0558282
54,1.0999999999999996,0.04676789333333333,1.0999999999999996,0.06021324666666667
55,1.1249999999999998,0.050658753333333334,1.1249999999999998,0.06467708000000001
56,1.1499999999999997,0.054711180000000005,1.1499999999999997,0.06924033333333335
57,1.1749999999999996,0.058920653333333343,1.1749999999999996,0.07047633333333334
58,1.1999999999999997,0.0633024,1.1999999999999997,0.07552893333333334
59,1.2249999999999996,0.06786126666666667,1.2249999999999996,0.08056633333333334
