,F_S_A_102423_1R_V_D,F_S_A_102423_1R_J_D,F_S_A_102423_1R_V_L,F_S_A_102423_1R_J_L
0,1.25,0.010138266666666668,1.25,0.009739653333333334
1,1.225,0.008405233333333333,1.225,0.007780466666666668
2,1.2000000000000002,0.006845413333333334,1.2000000000000002,0.005989796
3,1.1750000000000003,0.005466789333333334,1.1750000000000003,0.004354192666666667
4,1.1500000000000004,0.0043010006666666665,1.1500000000000004,0.0028280880000000003
5,1.1250000000000004,0.0032899580000000004,1.1250000000000004,0.0013676946666666668
6,1.1000000000000005,0.0024330506666666667,1.1000000000000005,-7.403793333333334e-05
7,1.0750000000000006,0.0017282440000000003,1.0750000000000006,-0.0015805613333333334
8,1.0500000000000007,0.0011700173333333334,1.0500000000000007,-0.003274276
9,1.0250000000000008,0.00075538,1.0250000000000008,-0.005086590666666667
10,1.0000000000000009,0.0004915270666666667,1.0000000000000009,-0.006991746666666666
11,0.975000000000001,0.00028766480000000003,0.975000000000001,-0.0087638
12,0.9500000000000011,0.000169646,0.9500000000000011,-0.010671453333333334
13,0.9250000000000012,9.84236e-05,0.9250000000000012,-0.012315300000000001
14,0.9000000000000012,6.101365333333333e-05,0.9000000000000012,-0.013697813333333335
15,0.8750000000000013,2.6635406666666665e-05,0.8750000000000013,-0.014806966666666668
16,0.8500000000000014,7.762360000000001e-06,0.8500000000000014,-0.015634546666666665
17,0.8250000000000015,-8.175086666666667e-06,0.8250000000000015,-0.016267726666666666
18,0.8000000000000016,-1.815876e-05,0.8000000000000016,-0.01673688666666667
19,0.7750000000000017,-2.5160533333333334e-05,0.7750000000000017,-0.017083673333333334
20,0.7500000000000018,-3.002188e-05,0.7500000000000018,-0.017346486666666668
21,0.7250000000000019,-3.3379053333333335e-05,0.7250000000000019,-0.017546120000000002
22,0.700000000000002,-3.570862666666667e-05,0.700000000000002,-0.017699086666666666
23,0.675000000000002,-3.736657333333333e-05,0.675000000000002,-0.01783028
24,0.6500000000000021,-3.8584806666666666e-05,0.6500000000000021,-0.01793076
25,0.6250000000000022,-3.9504053333333335e-05,0.6250000000000022,-0.018014053333333335
26,0.6000000000000023,-4.021566e-05,0.6000000000000023,-0.018080513333333333
27,0.5750000000000024,-4.0780066666666666e-05,0.5750000000000024,-0.01814272
28,0.5500000000000025,-4.1230720000000006e-05,0.5500000000000025,-0.018201026666666665
29,0.5250000000000026,-4.160201333333333e-05,0.5250000000000026,-0.018237186666666665
30,0.5000000000000027,-4.190667333333333e-05,0.5000000000000027,-0.018276873333333336
31,0.47500000000000275,-4.216373333333334e-05,0.47500000000000275,-0.01831056666666667
32,0.45000000000000284,-4.238268666666667e-05,0.45000000000000284,-0.018336226666666667
33,0.42500000000000293,-4.257127333333333e-05,0.42500000000000293,-0.018367559999999998
34,0.400000000000003,-4.273585333333334e-05,0.400000000000003,-0.018392233333333334
35,0.3750000000000031,-4.288063333333334e-05,0.3750000000000031,-0.01841480666666667
36,0.3500000000000032,-4.301083333333334e-05,0.3500000000000032,-0.018435433333333334
37,0.3250000000000033,-4.3126640000000004e-05,0.3250000000000033,-0.018457913333333336
38,0.3000000000000034,-4.3230753333333334e-05,0.3000000000000034,-0.018474206666666666
39,0.27500000000000346,-4.3329846666666665e-05,0.27500000000000346,-0.018491006666666667
40,0.25000000000000355,-4.341966666666667e-05,0.25000000000000355,-0.01850862
41,0.22500000000000364,-4.3465273333333335e-05,0.22500000000000364,-0.01851718
42,0.20000000000000373,-4.358000666666667e-05,0.20000000000000373,-0.018536573333333334
43,0.17500000000000382,-4.3651066666666666e-05,0.17500000000000382,-0.01855316666666667
44,0.1500000000000039,-4.371981333333333e-05,0.1500000000000039,-0.018565766666666667
45,0.125000000000004,-4.3786020000000005e-05,0.125000000000004,-0.0185767
46,0.10000000000000409,-4.384775333333333e-05,0.10000000000000409,-0.018588506666666667
47,0.07500000000000417,-4.390560666666667e-05,0.07500000000000417,-0.018602313333333332
48,0.05000000000000426,-4.3962566666666665e-05,0.05000000000000426,-0.018611866666666668
49,0.025000000000004352,-4.4014813333333336e-05,0.025000000000004352,-0.018621293333333334
50,4.440892098500626e-15,-4.406463333333334e-05,4.440892098500626e-15,-0.018633193333333332
51,-0.02499999999999547,-4.411316e-05,-0.02499999999999547,-0.01864153333333333
52,-0.04999999999999538,-4.416068666666667e-05,-0.04999999999999538,-0.01865126
53,-0.07499999999999529,-4.4205140000000004e-05,-0.07499999999999529,-0.01865996
54,-0.0999999999999952,-4.424794e-05,-0.0999999999999952,-0.018672673333333334
55,-0.12499999999999512,-4.4290773333333336e-05,-0.12499999999999512,-0.018677206666666668
56,-0.14999999999999503,-4.4332713333333335e-05,-0.14999999999999503,-0.018685093333333336
57,-0.17499999999999494,-4.437298e-05,-0.17499999999999494,-0.018690866666666667
58,-0.19999999999999485,-4.439376666666667e-05,-0.19999999999999485,-0.018693473333333332
59,-0.22499999999999476,-4.4447113333333335e-05,-0.22499999999999476,-0.018705833333333335
