,F_S_C_102423_1F_V_D,F_S_C_102423_1F_J_D,F_S_C_102423_1F_V_L,F_S_C_102423_1F_J_L
0,-0.25,-5.512900000000001e-05,-0.25,-0.019697093333333332
1,-0.225,-5.381264e-05,-0.225,-0.019293726666666667
2,-0.2,-5.3006626666666666e-05,-0.2,-0.01901070666666667
3,-0.17500000000000002,-5.2190986666666663e-05,-0.17500000000000002,-0.018772393333333335
4,-0.15000000000000002,-5.150482000000001e-05,-0.15000000000000002,-0.018566613333333336
5,-0.12500000000000003,-5.086068666666667e-05,-0.12500000000000003,-0.018377513333333335
6,-0.10000000000000003,-5.02267e-05,-0.10000000000000003,-0.01818995333333333
7,-0.07500000000000004,-4.961143333333333e-05,-0.07500000000000004,-0.01802848666666667
8,-0.050000000000000044,-4.9013353333333335e-05,-0.050000000000000044,-0.01787054
9,-0.02500000000000005,-4.842419333333334e-05,-0.02500000000000005,-0.017706853333333335
10,-5.551115123125783e-17,-4.7946873333333336e-05,-5.551115123125783e-17,-0.017558880000000002
11,0.02499999999999991,-4.729540666666667e-05,0.02499999999999991,-0.017394693333333332
12,0.04999999999999993,-4.6704153333333334e-05,0.04999999999999993,-0.017246033333333334
13,0.07499999999999996,-4.609448e-05,0.07499999999999996,-0.017097513333333335
14,0.09999999999999992,-4.547838666666667e-05,0.09999999999999992,-0.016946993333333334
15,0.12499999999999989,-4.4838080000000006e-05,0.12499999999999989,-0.016798426666666668
16,0.1499999999999999,-4.419124666666667e-05,0.1499999999999999,-0.016654593333333335
17,0.17499999999999993,-4.3563893333333335e-05,0.17499999999999993,-0.016510946666666665
18,0.1999999999999999,-4.295719333333333e-05,0.1999999999999999,-0.016369213333333334
19,0.22499999999999987,-4.2419793333333334e-05,0.22499999999999987,-0.016218293333333335
20,0.2499999999999999,-4.1851793333333335e-05,0.2499999999999999,-0.016081
21,0.2749999999999999,-4.1322053333333337e-05,0.2749999999999999,-0.01593838
22,0.2999999999999998,-4.082148666666666e-05,0.2999999999999998,-0.015797266666666667
23,0.32499999999999984,-4.0320660000000006e-05,0.32499999999999984,-0.01566124
24,0.34999999999999987,-3.980776666666667e-05,0.34999999999999987,-0.015511793333333333
25,0.3749999999999999,-3.927346666666667e-05,0.3749999999999999,-0.015357466666666668
26,0.3999999999999999,-3.871778e-05,0.3999999999999999,-0.015208540000000001
27,0.4249999999999998,-3.811775333333334e-05,0.4249999999999998,-0.015056066666666668
28,0.44999999999999984,-3.747681333333333e-05,0.44999999999999984,-0.014901606666666666
29,0.47499999999999987,-3.677116666666667e-05,0.47499999999999987,-0.014741933333333334
30,0.4999999999999998,-3.5995206666666667e-05,0.4999999999999998,-0.014576026666666667
31,0.5249999999999998,-3.510457333333334e-05,0.5249999999999998,-0.014398740000000002
32,0.5499999999999998,-3.4041893333333334e-05,0.5499999999999998,-0.014198553333333334
33,0.5749999999999998,-3.270432e-05,0.5749999999999998,-0.014015846666666667
34,0.5999999999999999,-3.102544666666667e-05,0.5999999999999999,-0.013811180000000001
35,0.6249999999999998,-2.8721700000000003e-05,0.6249999999999998,-0.013581880000000001
36,0.6499999999999998,-2.571898e-05,0.6499999999999998,-0.013307986666666665
37,0.6749999999999998,-2.1735853333333334e-05,0.6749999999999998,-0.013046413333333335
38,0.6999999999999997,-1.6522833333333334e-05,0.6999999999999997,-0.012748633333333334
39,0.7249999999999998,-9.688973333333332e-06,0.7249999999999998,-0.012410426666666667
40,0.7499999999999998,-9.56772e-06,0.7499999999999998,-0.01205146
41,0.7749999999999997,3.4610846666666667e-07,0.7749999999999997,-0.011653206666666667
42,0.7999999999999998,1.4203386666666667e-05,0.7999999999999998,-0.011225673333333335
43,0.8249999999999997,4.397551333333334e-05,0.8249999999999997,-0.01074882
44,0.8499999999999996,7.931626666666666e-05,0.8499999999999996,-0.010213506666666667
45,0.8749999999999998,0.00014962726666666666,0.8749999999999998,-0.009593726666666667
46,0.8999999999999997,0.00025507333333333335,0.8999999999999997,-0.008849746666666667
47,0.9249999999999998,0.0004209245333333333,0.9249999999999998,-0.007941146666666668
48,0.9499999999999997,0.0006793880000000001,0.9499999999999997,-0.00681678
49,0.9749999999999996,0.0010455186666666668,0.9749999999999996,-0.005826118666666667
50,0.9999999999999998,0.001678388,0.9999999999999998,-0.003978266
51,1.0249999999999997,0.0025508553333333335,1.0249999999999997,-0.0020973646666666667
52,1.0499999999999998,0.0037315986666666668,1.0499999999999998,-0.00039155233333333336
53,1.0749999999999997,0.005237358,1.0749999999999997,0.002007336666666667
54,1.0999999999999996,0.00701502,1.0999999999999996,0.0048141953333333334
55,1.1249999999999998,0.009150986666666666,1.1249999999999998,0.0075785266666666675
56,1.1499999999999997,0.011534860000000001,1.1499999999999997,0.01067674
57,1.1749999999999996,0.014138306666666668,1.1749999999999996,0.013882613333333335
58,1.1999999999999997,0.01695064,1.1999999999999997,0.01722658666666667
59,1.2249999999999996,0.019949626666666668,1.2249999999999996,0.020698706666666667
