,f1_2R_V_D,f1_2R_J_D,f1_2R_V_L,f1_2R_J_L
0,1.25,0.00306053,1.25,0.00251856
1,1.225,0.002790948,1.225,0.002209330666666667
2,1.2000000000000002,0.0025271846666666668,1.2000000000000002,0.0019052953333333336
3,1.1750000000000003,0.002273760666666667,1.1750000000000003,0.0016064353333333334
4,1.1500000000000004,0.00203057,1.1500000000000004,0.001305586
5,1.1250000000000004,0.0017980266666666668,1.1250000000000004,0.000991376
6,1.1000000000000005,0.0015747166666666668,1.1000000000000005,0.0006424772666666667
7,1.0750000000000006,0.001360834,1.0750000000000006,0.00022230333333333335
8,1.0500000000000007,0.0011547053333333334,1.0500000000000007,-0.0003117453333333333
9,1.0250000000000008,0.0009565026666666668,1.0250000000000008,-0.0010012353333333334
10,1.0000000000000009,0.000766692,1.0000000000000009,-0.0019049533333333332
11,0.975000000000001,0.0005911338,0.975000000000001,-0.003007604666666667
12,0.9500000000000011,0.00043241713333333335,0.9500000000000011,-0.004301696
13,0.9250000000000012,0.0003008919333333333,0.9250000000000012,-0.005729208666666667
14,0.9000000000000012,0.0001978682,0.9000000000000012,-0.0071981400000000004
15,0.8750000000000013,0.00012259186666666667,0.8750000000000013,-0.008715066666666667
16,0.8500000000000014,7.050326666666667e-05,0.8500000000000014,-0.010171193333333333
17,0.8250000000000015,3.557318e-05,0.8250000000000015,-0.0115003
18,0.8000000000000016,1.3911346666666667e-05,0.8000000000000016,-0.012678613333333333
19,0.7750000000000017,3.206182e-07,0.7750000000000017,-0.013673906666666668
20,0.7500000000000018,-8.072073333333334e-06,0.7500000000000018,-0.01447928
21,0.7250000000000019,-1.298418e-05,0.7250000000000019,-0.015107333333333334
22,0.700000000000002,-1.5932646666666666e-05,0.700000000000002,-0.015562280000000001
23,0.675000000000002,-1.7833933333333336e-05,0.675000000000002,-0.01589686
24,0.6500000000000021,-1.9104006666666668e-05,0.6500000000000021,-0.01614016
25,0.6250000000000022,-1.9988853333333336e-05,0.6250000000000022,-0.016299380000000002
26,0.6000000000000023,-2.0617086666666667e-05,0.6000000000000023,-0.01643440666666667
27,0.5750000000000024,-2.107602e-05,0.5750000000000024,-0.016543079999999998
28,0.5500000000000025,-2.1405186666666668e-05,0.5500000000000025,-0.016636373333333336
29,0.5250000000000026,-2.1644586666666667e-05,0.5250000000000026,-0.016729013333333334
30,0.5000000000000027,-2.181546e-05,0.5000000000000027,-0.01680748666666667
31,0.47500000000000275,-2.1937206666666667e-05,0.47500000000000275,-0.01687878
32,0.45000000000000284,-2.203078e-05,0.45000000000000284,-0.016942440000000003
33,0.42500000000000293,-2.210508e-05,0.42500000000000293,-0.017002006666666666
34,0.400000000000003,-2.216370666666667e-05,0.400000000000003,-0.01705584
35,0.3750000000000031,-2.221116e-05,0.3750000000000031,-0.017105413333333336
36,0.3500000000000032,-2.2249893333333333e-05,0.3500000000000032,-0.017150926666666667
37,0.3250000000000033,-2.2284273333333335e-05,0.3250000000000033,-0.017196986666666667
38,0.3000000000000034,-2.231454e-05,0.3000000000000034,-0.017231866666666668
39,0.27500000000000346,-2.2340346666666666e-05,0.27500000000000346,-0.017268513333333336
40,0.25000000000000355,-2.2361133333333335e-05,0.25000000000000355,-0.01730242
41,0.22500000000000364,-2.2360153333333334e-05,0.22500000000000364,-0.01732636666666667
42,0.20000000000000373,-2.2399133333333334e-05,0.20000000000000373,-0.017363860000000002
43,0.17500000000000382,-2.2421273333333334e-05,0.17500000000000382,-0.01739118666666667
44,0.1500000000000039,-2.243906e-05,0.1500000000000039,-0.017422793333333336
45,0.125000000000004,-2.2457173333333335e-05,0.125000000000004,-0.01745006
46,0.10000000000000409,-2.247734e-05,0.10000000000000409,-0.017476086666666668
47,0.07500000000000417,-2.2497200000000002e-05,0.07500000000000417,-0.017500513333333335
48,0.05000000000000426,-2.2517300000000002e-05,0.05000000000000426,-0.017527
49,0.025000000000004352,-2.2537346666666667e-05,0.025000000000004352,-0.017550173333333335
50,4.440892098500626e-15,-2.255386e-05,4.440892098500626e-15,-0.017577613333333332
51,-0.02499999999999547,-2.2575846666666667e-05,-0.02499999999999547,-0.017598806666666668
52,-0.04999999999999538,-2.2597666666666665e-05,-0.04999999999999538,-0.017621453333333335
53,-0.07499999999999529,-2.2619900000000003e-05,-0.07499999999999529,-0.017645113333333334
54,-0.0999999999999952,-2.26409e-05,-0.0999999999999952,-0.017669473333333335
55,-0.12499999999999512,-2.2662973333333336e-05,-0.12499999999999512,-0.0176894
56,-0.14999999999999503,-2.2685839999999998e-05,-0.14999999999999503,-0.017711373333333336
57,-0.17499999999999494,-2.2708946666666667e-05,-0.17499999999999494,-0.01773344666666667
58,-0.19999999999999485,-2.2724346666666667e-05,-0.19999999999999485,-0.017753966666666666
59,-0.22499999999999476,-2.2754873333333334e-05,-0.22499999999999476,-0.017777866666666666
