,f3_1R_V_D,f3_1R_J_D,f3_1R_V_L,f3_1R_J_L
0,1.25,0.011598846666666668,1.25,0.01062154
1,1.225,0.010627233333333335,1.225,0.009516053333333333
2,1.2000000000000002,0.009643266666666667,1.2000000000000002,0.00840216
3,1.1750000000000003,0.008674860000000001,1.1750000000000003,0.00728976
4,1.1500000000000004,0.007724546666666668,1.1500000000000004,0.006163322666666667
5,1.1250000000000004,0.006794613333333333,1.1250000000000004,0.0049933393333333334
6,1.1000000000000005,0.005875849333333333,1.1000000000000005,0.0037234453333333333
7,1.0750000000000006,0.004984636,1.0750000000000006,0.0023084113333333334
8,1.0500000000000007,0.004109726,1.0500000000000007,0.0006894673333333334
9,1.0250000000000008,0.0032712026666666667,1.0250000000000008,-0.001165896
10,1.0000000000000009,0.0024922613333333335,1.0000000000000009,-0.003259136666666667
11,0.975000000000001,0.0018125926666666668,0.975000000000001,-0.005511965333333334
12,0.9500000000000011,0.0012514166666666667,0.9500000000000011,-0.007874033333333334
13,0.9250000000000012,0.0008248446666666667,0.9250000000000012,-0.010146946666666667
14,0.9000000000000012,0.0005235346,0.9000000000000012,-0.012262853333333334
15,0.8750000000000013,0.00031817673333333333,0.8750000000000013,-0.014092640000000002
16,0.8500000000000014,0.00018961960000000002,0.8500000000000014,-0.015604533333333333
17,0.8250000000000015,0.00011047426666666668,0.8250000000000015,-0.016768053333333335
18,0.8000000000000016,6.059747333333333e-05,0.8000000000000016,-0.017628973333333336
19,0.7750000000000017,3.2186333333333334e-05,0.7750000000000017,-0.018243266666666667
20,0.7500000000000018,1.4743353333333333e-05,0.7500000000000018,-0.018683366666666666
21,0.7250000000000019,2.529716666666667e-06,0.7250000000000019,-0.01900506
22,0.700000000000002,-3.514954e-06,0.700000000000002,-0.019241753333333333
23,0.675000000000002,-8.559633333333334e-06,0.675000000000002,-0.019433853333333334
24,0.6500000000000021,-1.093048e-05,0.6500000000000021,-0.019592173333333334
25,0.6250000000000022,-1.266706e-05,0.6250000000000022,-0.019722073333333333
26,0.6000000000000023,-1.3966346666666666e-05,0.6000000000000023,-0.019828000000000002
27,0.5750000000000024,-1.4948873333333333e-05,0.5750000000000024,-0.019918013333333335
28,0.5500000000000025,-1.56835e-05,0.5500000000000025,-0.019990253333333333
29,0.5250000000000026,-1.6232393333333335e-05,0.5250000000000026,-0.020048220000000002
30,0.5000000000000027,-1.6634393333333335e-05,0.5000000000000027,-0.020096533333333333
31,0.47500000000000275,-1.692046666666667e-05,0.47500000000000275,-0.02013570666666667
32,0.45000000000000284,-1.7121166666666668e-05,0.45000000000000284,-0.020167400000000002
33,0.42500000000000293,-1.726438e-05,0.42500000000000293,-0.020194140000000003
34,0.400000000000003,-1.736278e-05,0.400000000000003,-0.020216153333333334
35,0.3750000000000031,-1.743096666666667e-05,0.3750000000000031,-0.02023424
36,0.3500000000000032,-1.7475726666666667e-05,0.3500000000000032,-0.020250153333333333
37,0.3250000000000033,-1.7503066666666665e-05,0.3250000000000033,-0.02026440666666667
38,0.3000000000000034,-1.7520346666666668e-05,0.3000000000000034,-0.020277620000000003
39,0.27500000000000346,-1.7532773333333335e-05,0.27500000000000346,-0.020289013333333335
40,0.25000000000000355,-1.7541253333333336e-05,0.25000000000000355,-0.020300640000000002
41,0.22500000000000364,-1.7536680000000003e-05,0.22500000000000364,-0.020310273333333333
42,0.20000000000000373,-1.7555839999999998e-05,0.20000000000000373,-0.020322013333333337
43,0.17500000000000382,-1.7560439999999998e-05,0.17500000000000382,-0.020333546666666667
44,0.1500000000000039,-1.756565333333333e-05,0.1500000000000039,-0.020338966666666666
45,0.125000000000004,-1.7571726666666667e-05,0.125000000000004,-0.020350706666666666
46,0.10000000000000409,-1.7576740000000003e-05,0.10000000000000409,-0.02035788
47,0.07500000000000417,-1.7584193333333334e-05,0.07500000000000417,-0.020366553333333332
48,0.05000000000000426,-1.7591933333333337e-05,0.05000000000000426,-0.020373473333333333
49,0.025000000000004352,-1.7599533333333333e-05,0.025000000000004352,-0.020381113333333332
50,4.440892098500626e-15,-1.7607993333333335e-05,4.440892098500626e-15,-0.020388253333333335
51,-0.02499999999999547,-1.7615786666666666e-05,-0.02499999999999547,-0.020395793333333335
52,-0.04999999999999538,-1.7621480000000003e-05,-0.04999999999999538,-0.02040208
53,-0.07499999999999529,-1.7631873333333336e-05,-0.07499999999999529,-0.020409033333333333
54,-0.0999999999999952,-1.7640173333333334e-05,-0.0999999999999952,-0.02041600666666667
55,-0.12499999999999512,-1.764708e-05,-0.12499999999999512,-0.020421560000000002
56,-0.14999999999999503,-1.765412666666667e-05,-0.14999999999999503,-0.020428373333333333
57,-0.17499999999999494,-1.7661713333333336e-05,-0.17499999999999494,-0.020434686666666667
58,-0.19999999999999485,-1.7664526666666667e-05,-0.19999999999999485,-0.020441400000000002
59,-0.22499999999999476,-1.7673686666666668e-05,-0.22499999999999476,-0.020446613333333336
