,f3_4F_V_D,f3_4F_J_D,f3_4F_V_L,f3_4F_J_L
0,-0.25,-2.2955366666666667e-05,-0.25,-0.018172813333333333
1,-0.225,-2.2847233333333334e-05,-0.225,-0.018140260000000002
2,-0.2,-2.281006e-05,-0.2,-0.018109253333333335
3,-0.17500000000000002,-2.2757833333333334e-05,-0.17500000000000002,-0.018067653333333333
4,-0.15000000000000002,-2.27097e-05,-0.15000000000000002,-0.018018993333333334
5,-0.12500000000000003,-2.2662486666666667e-05,-0.12500000000000003,-0.017965786666666667
6,-0.10000000000000003,-2.2612246666666666e-05,-0.10000000000000003,-0.017909386666666666
7,-0.07500000000000004,-2.25678e-05,-0.07500000000000004,-0.017844913333333337
8,-0.050000000000000044,-2.2522433333333333e-05,-0.050000000000000044,-0.017776453333333334
9,-0.02500000000000005,-2.247222e-05,-0.02500000000000005,-0.01770492
10,-5.551115123125783e-17,-2.242248e-05,-5.551115123125783e-17,-0.01763032
11,0.02499999999999991,-2.2348253333333335e-05,0.02499999999999991,-0.017550866666666668
12,0.04999999999999993,-2.2271746666666668e-05,0.04999999999999993,-0.017471773333333336
13,0.07499999999999996,-2.2189246666666666e-05,0.07499999999999996,-0.01737786666666667
14,0.09999999999999992,-2.2099453333333332e-05,0.09999999999999992,-0.01729250666666667
15,0.12499999999999989,-2.1999573333333335e-05,0.12499999999999989,-0.017196026666666666
16,0.1499999999999999,-2.1843933333333333e-05,0.1499999999999999,-0.017095973333333334
17,0.17499999999999993,-2.119156666666667e-05,0.17499999999999993,-0.016988933333333334
18,0.1999999999999999,-1.9817073333333336e-05,0.1999999999999999,-0.0168751
19,0.22499999999999987,-1.6085880000000003e-05,0.22499999999999987,-0.016755913333333334
20,0.2499999999999999,-1.0911273333333333e-05,0.2499999999999999,-0.0166284
21,0.2749999999999999,-8.25136e-06,0.2749999999999999,-0.01649516666666667
22,0.2999999999999998,-7.5233e-06,0.2999999999999998,-0.01635122666666667
23,0.32499999999999984,-7.548540000000001e-06,0.32499999999999984,-0.01619373333333333
24,0.34999999999999987,-7.6551e-06,0.34999999999999987,-0.016024693333333333
25,0.3749999999999999,-7.577366666666667e-06,0.3749999999999999,-0.015838613333333335
26,0.3999999999999999,-7.625713333333334e-06,0.3999999999999999,-0.015634413333333333
27,0.4249999999999998,-7.938493333333334e-06,0.4249999999999998,-0.015410720000000001
28,0.44999999999999984,-8.283226666666666e-06,0.44999999999999984,-0.015162193333333332
29,0.47499999999999987,-8.443280000000001e-06,0.47499999999999987,-0.014888753333333333
30,0.4999999999999998,-8.174480000000001e-06,0.4999999999999998,-0.014586
31,0.5249999999999998,-7.417360000000001e-06,0.5249999999999998,-0.01425374
32,0.5499999999999998,-7.952360000000001e-06,0.5499999999999998,-0.013887566666666667
33,0.5749999999999998,-1.114656e-05,0.5749999999999998,-0.01348824
34,0.5999999999999999,-9.15838e-06,0.5999999999999999,-0.013053860000000002
35,0.6249999999999998,-9.100293333333334e-06,0.6249999999999998,-0.012584866666666666
36,0.6499999999999998,-3.1210506666666666e-06,0.6499999999999998,-0.012081573333333335
37,0.6749999999999998,6.842866666666667e-06,0.6749999999999998,-0.011541533333333335
38,0.6999999999999997,1.7791186666666668e-05,0.6999999999999997,-0.0109725
39,0.7249999999999998,3.7877006666666666e-05,0.7249999999999998,-0.010366066666666668
40,0.7499999999999998,6.583180666666666e-05,0.7499999999999998,-0.009724793333333334
41,0.7749999999999997,9.616433333333333e-05,0.7749999999999997,-0.00904322
42,0.7999999999999998,0.00015113273333333332,0.7999999999999998,-0.00831178
43,0.8249999999999997,0.00022847673333333335,0.8249999999999997,-0.007525393333333333
44,0.8499999999999996,0.00033649153333333335,0.8499999999999996,-0.006670339999999999
45,0.8749999999999998,0.0004846208,0.8749999999999998,-0.0059383940000000005
46,0.8999999999999997,0.000685464,0.8999999999999997,-0.004824831333333334
47,0.9249999999999998,0.0009342806666666668,0.9249999999999998,-0.0037405880000000004
48,0.9499999999999997,0.0012867546666666667,0.9499999999999997,-0.0025958453333333334
49,0.9749999999999996,0.001734848,0.9749999999999996,-0.0014055006666666666
50,0.9999999999999998,0.0022920093333333334,0.9999999999999998,-0.00021166366666666668
51,1.0249999999999997,0.002958622,1.0249999999999997,0.0010586026666666666
52,1.0499999999999998,0.003734714,1.0499999999999998,0.0023998846666666664
53,1.0749999999999997,0.004613409333333334,1.0749999999999997,0.0037544013333333337
54,1.0999999999999996,0.005588974000000001,1.0999999999999996,0.005139532666666667
55,1.1249999999999998,0.006656554666666667,1.1249999999999998,0.006552194
56,1.1499999999999997,0.008037693333333333,1.1499999999999997,0.00814216
57,1.1749999999999996,0.00921018,1.1749999999999996,0.009605606666666667
58,1.1999999999999997,0.010511873333333333,1.1999999999999997,0.011151073333333334
59,1.2249999999999996,0.011903406666666668,1.2249999999999996,0.01276254
