,f3_6F_V_D,f3_6F_J_D,f3_6F_V_L,f3_6F_J_L
0,-0.25,-1.7723426666666668e-05,-0.25,-0.018375653333333335
1,-0.225,-1.7639233333333336e-05,-0.225,-0.018569966666666667
2,-0.2,-1.7604340000000003e-05,-0.2,-0.018350326666666666
3,-0.17500000000000002,-1.75685e-05,-0.17500000000000002,-0.018347593333333332
4,-0.15000000000000002,-1.7540366666666666e-05,-0.15000000000000002,-0.018414586666666666
5,-0.12500000000000003,-1.7512533333333336e-05,-0.12500000000000003,-0.018382133333333335
6,-0.10000000000000003,-1.749260666666667e-05,-0.10000000000000003,-0.018351393333333334
7,-0.07500000000000004,-1.747450666666667e-05,-0.07500000000000004,-0.018328753333333336
8,-0.050000000000000044,-1.7459046666666665e-05,-0.050000000000000044,-0.018322913333333333
9,-0.02500000000000005,-1.744758e-05,-0.02500000000000005,-0.01831712666666667
10,-5.551115123125783e-17,-1.743828e-05,-5.551115123125783e-17,-0.01831184
11,0.02499999999999991,-1.742716e-05,0.02499999999999991,-0.01830426666666667
12,0.04999999999999993,-1.7417786666666666e-05,0.04999999999999993,-0.01820146
13,0.07499999999999996,-1.7407400000000002e-05,0.07499999999999996,-0.01829242
14,0.09999999999999992,-1.73968e-05,0.09999999999999992,-0.0182822
15,0.12499999999999989,-1.738506e-05,0.12499999999999989,-0.018273193333333337
16,0.1499999999999999,-1.7366960000000002e-05,0.1499999999999999,-0.0182626
17,0.17499999999999993,-1.7350113333333334e-05,0.17499999999999993,-0.01825784
18,0.1999999999999999,-1.733118666666667e-05,0.1999999999999999,-0.018245886666666666
19,0.22499999999999987,-1.7329173333333333e-05,0.22499999999999987,-0.018232686666666668
20,0.2499999999999999,-1.7299386666666667e-05,0.2499999999999999,-0.01693524
21,0.2749999999999999,-1.727448e-05,0.2749999999999999,-0.0173215
22,0.2999999999999998,-1.724748666666667e-05,0.2999999999999998,-0.017360606666666667
23,0.32499999999999984,-1.72157e-05,0.32499999999999984,-0.017499320000000002
24,0.34999999999999987,-1.7178006666666667e-05,0.34999999999999987,-0.01813592666666667
25,0.3749999999999999,-1.711698e-05,0.3749999999999999,-0.0180397
26,0.3999999999999999,-1.7055346666666668e-05,0.3999999999999999,-0.018070886666666668
27,0.4249999999999998,-1.6980333333333334e-05,0.4249999999999998,-0.018026280000000002
28,0.44999999999999984,-1.6855506666666668e-05,0.44999999999999984,-0.017971733333333337
29,0.47499999999999987,-1.6713740000000002e-05,0.47499999999999987,-0.017906733333333334
30,0.4999999999999998,-1.6477680000000002e-05,0.4999999999999998,-0.017823673333333335
31,0.5249999999999998,-1.6201166666666667e-05,0.5249999999999998,-0.017714046666666667
32,0.5499999999999998,-1.5839733333333334e-05,0.5499999999999998,-0.017573580000000002
33,0.5749999999999998,-1.5356800000000002e-05,0.5749999999999998,-0.017391606666666667
34,0.5999999999999999,-1.4639393333333335e-05,0.5999999999999999,-0.017149473333333335
35,0.6249999999999998,-1.348108e-05,0.6249999999999998,-0.016830246666666666
36,0.6499999999999998,-1.1562200000000001e-05,0.6499999999999998,-0.0164023
37,0.6749999999999998,-8.15906e-06,0.6749999999999998,-0.015831633333333334
38,0.6999999999999997,-2.5142646666666668e-06,0.6999999999999997,-0.01508464
39,0.7249999999999998,7.135773333333334e-06,0.7249999999999998,-0.014128086666666668
40,0.7499999999999998,2.354292e-05,0.7499999999999998,-0.01294958
41,0.7749999999999997,4.897358666666667e-05,0.7749999999999997,-0.01156328
42,0.7999999999999998,8.509259999999999e-05,0.7999999999999998,-0.010019413333333333
43,0.8249999999999997,0.00014274426666666668,0.8249999999999997,-0.008367673333333334
44,0.8499999999999996,0.00021725013333333336,0.8499999999999996,-0.00671144
45,0.8749999999999998,0.0003106273333333334,0.8749999999999998,-0.005092712666666667
46,0.8999999999999997,0.0004217254,0.8999999999999997,-0.003573365333333334
47,0.9249999999999998,0.0005466438,0.9249999999999998,-0.002341504
48,0.9499999999999997,0.0006846253333333334,0.9499999999999997,-0.0011481713333333333
49,0.9749999999999996,0.000840464,0.9749999999999996,-0.00046772839999999997
50,0.9999999999999998,0.0010044386666666666,0.9999999999999998,0.0001268448666666667
51,1.0249999999999997,0.00118106,1.0249999999999997,0.0005233004
52,1.0499999999999998,0.0013734206666666667,1.0499999999999998,0.0008113106666666666
53,1.0749999999999997,0.0015816153333333333,1.0749999999999997,0.0011179213333333334
54,1.0999999999999996,0.0018072513333333335,1.0999999999999996,0.001415864
55,1.1249999999999998,0.0020498713333333336,1.1249999999999998,0.0017503786666666667
56,1.1499999999999997,0.0023107966666666667,1.1499999999999997,0.00205911
57,1.1749999999999996,0.002590226,1.1749999999999996,0.0023765346666666668
58,1.1999999999999997,0.0028913713333333334,1.1999999999999997,0.002736385333333333
59,1.2249999999999996,0.0032145146666666667,1.2249999999999996,0.0031278693333333333
