,S_MeO-2PAcZ_B_121223_1R_V_D,S_MeO-2PAcZ_B_121223_1R_J_D,S_MeO-2PAcZ_B_121223_1R_V_L,S_MeO-2PAcZ_B_121223_1R_J_L
0,1.25,0.04832247333333334,1.25,0.07504626666666667
1,1.225,0.052937413333333336,1.225,0.061101880000000004
2,1.2000000000000002,0.04888518000000001,1.2000000000000002,0.04817928666666667
3,1.1750000000000003,0.04159934,1.1750000000000003,0.03595848
4,1.1500000000000004,0.03337151333333333,1.1500000000000004,0.024609413333333333
5,1.1250000000000004,0.025366666666666666,1.1250000000000004,0.014381520000000002
6,1.1000000000000005,0.018203280000000002,1.1000000000000005,0.005786718
7,1.0750000000000006,0.012304200000000001,1.0750000000000006,-0.0018355353333333335
8,1.0500000000000007,0.007816893333333333,1.0500000000000007,-0.006942993333333334
9,1.0250000000000008,0.004902886666666667,1.0250000000000008,-0.011773413333333333
10,1.0000000000000009,0.0027513013333333334,1.0000000000000009,-0.01511178
11,0.975000000000001,0.0015000633333333334,0.975000000000001,-0.017322813333333333
12,0.9500000000000011,0.000790462,0.9500000000000011,-0.018769253333333333
13,0.9250000000000012,0.000484142,0.9250000000000012,-0.01970930666666667
14,0.9000000000000012,0.00022015153333333333,0.9000000000000012,-0.020325700000000002
15,0.8750000000000013,8.67216e-05,0.8750000000000013,-0.020744653333333335
16,0.8500000000000014,3.4753293333333335e-05,0.8500000000000014,-0.02104360666666667
17,0.8250000000000015,-1.4478066666666668e-05,0.8250000000000015,-0.02125488
18,0.8000000000000016,-3.8881713333333336e-05,0.8000000000000016,-0.021413193333333334
19,0.7750000000000017,-5.159101333333333e-05,0.7750000000000017,-0.02152152666666667
20,0.7500000000000018,-5.843474666666667e-05,0.7500000000000018,-0.021596860000000002
21,0.7250000000000019,-6.222829333333333e-05,0.7250000000000019,-0.02164138
22,0.700000000000002,-6.439687333333333e-05,0.700000000000002,-0.021660833333333334
23,0.675000000000002,-6.571984666666667e-05,0.675000000000002,-0.021664986666666667
24,0.6500000000000021,-6.65599e-05,0.6500000000000021,-0.021653320000000004
25,0.6250000000000022,-6.712526666666667e-05,0.6250000000000022,-0.02163742
26,0.6000000000000023,-6.75336e-05,0.6000000000000023,-0.021619773333333335
27,0.5750000000000024,-6.782933333333334e-05,0.5750000000000024,-0.02159384
28,0.5500000000000025,-6.805333333333333e-05,0.5500000000000025,-0.02156738
29,0.5250000000000026,-6.821573333333333e-05,0.5250000000000026,-0.021543066666666666
30,0.5000000000000027,-6.832526666666667e-05,0.5000000000000027,-0.02152168
31,0.47500000000000275,-6.838186666666666e-05,0.47500000000000275,-0.021494593333333336
32,0.45000000000000284,-6.8378e-05,0.45000000000000284,-0.021470366666666667
33,0.42500000000000293,-6.832153333333333e-05,0.42500000000000293,-0.02144774
34,0.400000000000003,-6.819373333333334e-05,0.400000000000003,-0.02142910666666667
35,0.3750000000000031,-6.801226666666668e-05,0.3750000000000031,-0.02141378666666667
36,0.3500000000000032,-6.779926666666667e-05,0.3500000000000032,-0.02139822666666667
37,0.3250000000000033,-6.759220000000001e-05,0.3250000000000033,-0.02138586
38,0.3000000000000034,-6.73944e-05,0.3000000000000034,-0.021375126666666668
39,0.27500000000000346,-6.722173333333333e-05,0.27500000000000346,-0.02136652666666667
40,0.25000000000000355,-6.706446666666666e-05,0.25000000000000355,-0.02135756
41,0.22500000000000364,-6.687540000000001e-05,0.22500000000000364,-0.021339606666666667
42,0.20000000000000373,-6.67936e-05,0.20000000000000373,-0.021345346666666667
43,0.17500000000000382,-6.670526666666666e-05,0.17500000000000382,-0.021351020000000002
44,0.1500000000000039,-6.662482666666667e-05,0.1500000000000039,-0.021348146666666665
45,0.125000000000004,-6.65546e-05,0.125000000000004,-0.0213468
46,0.10000000000000409,-6.649430666666667e-05,0.10000000000000409,-0.021350953333333332
47,0.07500000000000417,-6.644169333333334e-05,0.07500000000000417,-0.02135406
48,0.05000000000000426,-6.639376666666667e-05,0.05000000000000426,-0.021361026666666668
49,0.025000000000004352,-6.63558e-05,0.025000000000004352,-0.02136668666666667
50,4.440892098500626e-15,-6.631574666666666e-05,4.440892098500626e-15,-0.021378766666666667
51,-0.02499999999999547,-6.628233333333333e-05,-0.02499999999999547,-0.02138611333333333
52,-0.04999999999999538,-6.625282666666668e-05,-0.04999999999999538,-0.021394760000000002
53,-0.07499999999999529,-6.623033333333333e-05,-0.07499999999999529,-0.02140640666666667
54,-0.0999999999999952,-6.621298000000001e-05,-0.0999999999999952,-0.021418146666666665
55,-0.12499999999999512,-6.620027333333334e-05,-0.12499999999999512,-0.021430433333333335
56,-0.14999999999999503,-6.618932666666667e-05,-0.14999999999999503,-0.021445413333333333
57,-0.17499999999999494,-6.618036666666667e-05,-0.17499999999999494,-0.02145250666666667
58,-0.19999999999999485,-6.61388e-05,-0.19999999999999485,-0.021457393333333335
59,-0.22499999999999476,-6.616096666666667e-05,-0.22499999999999476,-0.021474506666666667
