,S_MeO-2PAcZ_B_121223_2R_V_D,S_MeO-2PAcZ_B_121223_2R_J_D,S_MeO-2PAcZ_B_121223_2R_V_L,S_MeO-2PAcZ_B_121223_2R_J_L
0,1.25,0.044314886666666664,1.25,0.04747608
1,1.225,0.03907305333333334,1.225,0.03936269333333334
2,1.2000000000000002,0.032758020000000006,1.2000000000000002,0.03147598666666667
3,1.1750000000000003,0.0264319,1.1750000000000003,0.023938086666666667
4,1.1500000000000004,0.020444206666666666,1.1500000000000004,0.01680556
5,1.1250000000000004,0.015051353333333333,1.1250000000000004,0.01019094
6,1.1000000000000005,0.01042398,1.1000000000000005,0.004340918
7,1.0750000000000006,0.006735626666666667,1.0750000000000006,-0.0010482260000000002
8,1.0500000000000007,0.004116234,1.0500000000000007,-0.005616677333333334
9,1.0250000000000008,0.0022960740000000004,1.0250000000000008,-0.00878082
10,1.0000000000000009,0.0012204046666666668,1.0000000000000009,-0.011835606666666667
11,0.975000000000001,0.0007342273333333334,0.975000000000001,-0.014044986666666667
12,0.9500000000000011,0.00038931940000000003,0.9500000000000011,-0.015608360000000002
13,0.9250000000000012,0.000186327,0.9250000000000012,-0.016670426666666665
14,0.9000000000000012,8.338926666666666e-05,0.9000000000000012,-0.017350940000000002
15,0.8750000000000013,3.9980280000000006e-05,0.8750000000000013,-0.017777440000000002
16,0.8500000000000014,1.9559033333333334e-05,0.8500000000000014,-0.018045933333333333
17,0.8250000000000015,-8.819566666666668e-06,0.8250000000000015,-0.018209620000000003
18,0.8000000000000016,-2.3062853333333337e-05,0.8000000000000016,-0.018320213333333335
19,0.7750000000000017,-3.117339333333334e-05,0.7750000000000017,-0.0183932
20,0.7500000000000018,-3.614246e-05,0.7500000000000018,-0.018454266666666667
21,0.7250000000000019,-3.93893e-05,0.7250000000000019,-0.01849998
22,0.700000000000002,-4.161152e-05,0.700000000000002,-0.018546173333333336
23,0.675000000000002,-4.324608666666667e-05,0.675000000000002,-0.01858778666666667
24,0.6500000000000021,-4.449161333333334e-05,0.6500000000000021,-0.01863036666666667
25,0.6250000000000022,-4.549524666666667e-05,0.6250000000000022,-0.018679953333333336
26,0.6000000000000023,-4.633192666666667e-05,0.6000000000000023,-0.0187485
27,0.5750000000000024,-4.705678666666667e-05,0.5750000000000024,-0.01879558
28,0.5500000000000025,-4.767570666666667e-05,0.5500000000000025,-0.018855253333333336
29,0.5250000000000026,-4.823308e-05,0.5250000000000026,-0.018918420000000002
30,0.5000000000000027,-4.872224666666667e-05,0.5000000000000027,-0.01897272666666667
31,0.47500000000000275,-4.917195333333333e-05,0.47500000000000275,-0.019040213333333333
32,0.45000000000000284,-4.95781e-05,0.45000000000000284,-0.019100420000000003
33,0.42500000000000293,-4.995337333333333e-05,0.42500000000000293,-0.019163273333333335
34,0.400000000000003,-5.029744666666667e-05,0.400000000000003,-0.019222773333333335
35,0.3750000000000031,-5.06275e-05,0.3750000000000031,-0.019284633333333332
36,0.3500000000000032,-5.093870666666666e-05,0.3500000000000032,-0.019343953333333334
37,0.3250000000000033,-5.124386666666667e-05,0.3250000000000033,-0.019404233333333333
38,0.3000000000000034,-5.152821333333333e-05,0.3000000000000034,-0.019468473333333333
39,0.27500000000000346,-5.1820066666666676e-05,0.27500000000000346,-0.019540113333333334
40,0.25000000000000355,-5.209913333333334e-05,0.25000000000000355,-0.01959418666666667
41,0.22500000000000364,-5.2241106666666666e-05,0.22500000000000364,-0.019631060000000002
42,0.20000000000000373,-5.2609980000000005e-05,0.20000000000000373,-0.01971175333333333
43,0.17500000000000382,-5.2883633333333336e-05,0.17500000000000382,-0.019773633333333335
44,0.1500000000000039,-5.3153773333333335e-05,0.1500000000000039,-0.01983776666666667
45,0.125000000000004,-5.3410360000000003e-05,0.125000000000004,-0.019897453333333336
46,0.10000000000000409,-5.365756666666667e-05,0.10000000000000409,-0.019960873333333334
47,0.07500000000000417,-5.3900513333333335e-05,0.07500000000000417,-0.020017880000000002
48,0.05000000000000426,-5.413072e-05,0.05000000000000426,-0.0200799
49,0.025000000000004352,-5.431923333333333e-05,0.025000000000004352,-0.020138913333333334
50,4.440892098500626e-15,-5.453756666666667e-05,4.440892098500626e-15,-0.020195160000000004
51,-0.02499999999999547,-5.477417333333334e-05,-0.02499999999999547,-0.020247806666666666
52,-0.04999999999999538,-5.498336e-05,-0.04999999999999538,-0.020307286666666667
53,-0.07499999999999529,-5.5188140000000004e-05,-0.07499999999999529,-0.020351940000000002
54,-0.0999999999999952,-5.538544666666667e-05,-0.0999999999999952,-0.020399233333333336
55,-0.12499999999999512,-5.557595333333333e-05,-0.12499999999999512,-0.02044502
56,-0.14999999999999503,-5.57622e-05,-0.14999999999999503,-0.020484520000000003
57,-0.17499999999999494,-5.5940200000000004e-05,-0.17499999999999494,-0.020529206666666668
58,-0.19999999999999485,-5.608404666666667e-05,-0.19999999999999485,-0.02056354666666667
59,-0.22499999999999476,-5.6280266666666664e-05,-0.22499999999999476,-0.02060354
