,E2_5F_V_D,E2_5F_J_D,E2_5F_V_L,E2_5F_J_L
0,-0.25,-4.071748e-05,-0.25,-0.0005599576
1,-0.225,-3.581093333333333e-05,-0.225,-0.0005316569333333334
2,-0.2,-3.095951333333334e-05,-0.2,-0.0005116771333333333
3,-0.17500000000000002,-2.659216e-05,-0.17500000000000002,-0.0004939332000000001
4,-0.15000000000000002,-2.217358e-05,-0.15000000000000002,-0.0004783534
5,-0.12500000000000003,-1.7878213333333336e-05,-0.12500000000000003,-0.00046270046666666665
6,-0.10000000000000003,-1.4049860000000001e-05,-0.10000000000000003,-0.00044897080000000003
7,-0.07500000000000004,-9.146333333333334e-06,-0.07500000000000004,-0.0004349162666666667
8,-0.050000000000000044,-3.987055333333334e-06,-0.050000000000000044,-0.0004210590666666667
9,-0.02500000000000005,-1.1751266666666667e-06,-0.02500000000000005,-0.00040736453333333335
10,-5.551115123125783e-17,2.750202e-07,-5.551115123125783e-17,-0.00039479866666666666
11,0.02499999999999991,1.553118e-06,0.02499999999999991,-0.00038170753333333334
12,0.04999999999999993,2.7934313333333336e-06,0.04999999999999993,-0.00036823713333333335
13,0.07499999999999996,4.0646053333333335e-06,0.07499999999999996,-0.0003559162666666667
14,0.09999999999999992,5.358742666666667e-06,0.09999999999999992,-0.0003439858666666667
15,0.12499999999999989,6.695126666666667e-06,0.12499999999999989,-0.00033118553333333334
16,0.1499999999999999,8.056180000000001e-06,0.1499999999999999,-0.000318487
17,0.17499999999999993,9.710466666666666e-06,0.17499999999999993,-0.0003056679333333334
18,0.1999999999999999,1.0792966666666668e-05,0.1999999999999999,-0.00029355460000000006
19,0.22499999999999987,1.2644186666666666e-05,0.22499999999999987,-0.0002805562
20,0.2499999999999999,1.4752280000000001e-05,0.2499999999999999,-0.0002684508666666667
21,0.2749999999999999,1.658516666666667e-05,0.2749999999999999,-0.00025612746666666666
22,0.2999999999999998,1.805748666666667e-05,0.2999999999999998,-0.0002442612666666667
23,0.32499999999999984,2.044672e-05,0.32499999999999984,-0.0002318938666666667
24,0.34999999999999987,2.3195633333333335e-05,0.34999999999999987,-0.00021978406666666668
25,0.3749999999999999,2.513672666666667e-05,0.3749999999999999,-0.00020750966666666665
26,0.3999999999999999,3.521501333333333e-05,0.3999999999999999,-0.00019533953333333336
27,0.4249999999999998,4.398151333333333e-05,0.4249999999999998,-0.00018333926666666667
28,0.44999999999999984,3.505106666666667e-05,0.44999999999999984,-0.00017110513333333334
29,0.47499999999999987,6.9993e-05,0.47499999999999987,-0.00015871386666666668
30,0.4999999999999998,5.6850660000000005e-05,0.4999999999999998,-0.00014671953333333332
31,0.5249999999999998,5.809783333333333e-05,0.5249999999999998,-0.00013425393333333334
32,0.5499999999999998,6.93242e-05,0.5499999999999998,-0.00012202373333333333
33,0.5749999999999998,7.77602e-05,0.5749999999999998,-0.00010931459999999999
34,0.5999999999999999,8.837133333333335e-05,0.5999999999999999,-9.698026666666666e-05
35,0.6249999999999998,8.513893333333333e-05,0.6249999999999998,-8.56916e-05
36,0.6499999999999998,0.00010502813333333335,0.6499999999999998,-7.303106666666667e-05
37,0.6749999999999998,0.00010416706666666667,0.6749999999999998,-6.238305333333333e-05
38,0.6999999999999997,0.0001203986,0.6999999999999997,-4.891975333333334e-05
39,0.7249999999999998,0.00014467033333333333,0.7249999999999998,-3.632568e-05
40,0.7499999999999998,0.00015517693333333334,0.7499999999999998,-2.4320753333333334e-05
41,0.7749999999999997,0.00017413206666666667,0.7749999999999997,-1.2298606666666667e-05
42,0.7999999999999998,0.00017164513333333333,0.7999999999999998,-9.624166666666666e-07
43,0.8249999999999997,0.000185066,0.8249999999999997,1.0300926666666667e-05
44,0.8499999999999996,0.00019908826666666666,0.8499999999999996,2.333912666666667e-05
45,0.8749999999999998,0.00020633673333333335,0.8749999999999998,3.603584666666667e-05
46,0.8999999999999997,0.00023511566666666666,0.8999999999999997,4.838632e-05
47,0.9249999999999998,0.00024410173333333333,0.9249999999999998,6.047022e-05
48,0.9499999999999997,0.0002476006666666667,0.9499999999999997,7.034640000000001e-05
49,0.9749999999999996,0.00025264406666666666,0.9749999999999996,8.330286666666666e-05
50,0.9999999999999998,0.00025504373333333334,0.9999999999999998,9.566126666666667e-05
51,1.0249999999999997,0.0002596800666666667,1.0249999999999997,0.00010819193333333333
52,1.0499999999999998,0.0002767104666666667,1.0499999999999998,0.00012002820000000001
53,1.0749999999999997,0.0002812886,1.0749999999999997,0.000132718
54,1.0999999999999996,0.00029498506666666665,1.0999999999999996,0.00014496406666666666
55,1.1249999999999998,0.00030391613333333336,1.1249999999999998,0.00015681786666666667
56,1.1499999999999997,0.0003190914666666667,1.1499999999999997,0.00016901993333333332
57,1.1749999999999996,0.0003273917333333333,1.1749999999999996,0.00018087000000000002
58,1.1999999999999997,0.00034024500000000003,1.1999999999999997,0.00019270113333333334
59,1.2249999999999996,0.0003471504,1.2249999999999996,0.00020448306666666667
60,1.2499999999999996,0.00034800626666666666,1.2499999999999996,0.000216089
61,1.2749999999999997,0.00035046,1.2749999999999997,0.00022745793333333336
