,E2_5F_V_D,E2_5F_J_D,E2_5F_V_L,E2_5F_J_L
0,-0.25,-9.27312e-06,-0.25,-0.00011923666666666668
1,-0.225,-8.188140000000002e-06,-0.225,-0.00010143793333333333
2,-0.2,-7.2019466666666676e-06,-0.2,-9.404846666666666e-05
3,-0.17500000000000002,-6.115012e-06,-0.17500000000000002,-8.86396e-05
4,-0.15000000000000002,-5.147280666666667e-06,-0.15000000000000002,-8.435153333333334e-05
5,-0.12500000000000003,-4.1401606666666675e-06,-0.12500000000000003,-8.096666666666667e-05
6,-0.10000000000000003,-3.2087893333333336e-06,-0.10000000000000003,-7.70368e-05
7,-0.07500000000000004,-2.368336666666667e-06,-0.07500000000000004,-7.445586666666667e-05
8,-0.050000000000000044,-1.404148e-06,-0.050000000000000044,-7.13808e-05
9,-0.02500000000000005,-4.976714e-07,-0.02500000000000005,-6.832886666666667e-05
10,-5.551115123125783e-17,3.8971306666666667e-07,-5.551115123125783e-17,-6.617376666666668e-05
11,0.02499999999999991,1.323772e-06,0.02499999999999991,-6.261847333333333e-05
12,0.04999999999999993,2.1975693333333337e-06,0.04999999999999993,-5.990438666666666e-05
13,0.07499999999999996,3.0482993333333334e-06,0.07499999999999996,-5.763894666666667e-05
14,0.09999999999999992,3.938402666666667e-06,0.09999999999999992,-5.464772e-05
15,0.12499999999999989,4.816549333333333e-06,0.12499999999999989,-5.349586e-05
16,0.1499999999999999,5.724050000000001e-06,0.1499999999999999,-5.081380666666667e-05
17,0.17499999999999993,6.549048666666667e-06,0.17499999999999993,-4.7750333333333336e-05
18,0.1999999999999999,7.248180000000001e-06,0.1999999999999999,-4.550957333333333e-05
19,0.22499999999999987,8.308813333333335e-06,0.22499999999999987,-4.2699840000000003e-05
20,0.2499999999999999,9.225673333333333e-06,0.2499999999999999,-4.0062793333333336e-05
21,0.2749999999999999,1.0226933333333334e-05,0.2749999999999999,-3.754144e-05
22,0.2999999999999998,1.1216613333333334e-05,0.2999999999999998,-3.49292e-05
23,0.32499999999999984,1.2168660000000001e-05,0.32499999999999984,-3.237283333333333e-05
24,0.34999999999999987,1.308358e-05,0.34999999999999987,-3.0080846666666667e-05
25,0.3749999999999999,1.4039693333333333e-05,0.3749999999999999,-2.782404666666667e-05
26,0.3999999999999999,1.5069753333333332e-05,0.3999999999999999,-2.5641420000000003e-05
27,0.4249999999999998,1.595900666666667e-05,0.4249999999999998,-2.3289993333333333e-05
28,0.44999999999999984,1.676632e-05,0.44999999999999984,-2.082488666666667e-05
29,0.47499999999999987,1.7781933333333333e-05,0.47499999999999987,-1.8548653333333335e-05
30,0.4999999999999998,1.8991100000000002e-05,0.4999999999999998,-1.6185260000000003e-05
31,0.5249999999999998,1.9873893333333334e-05,0.5249999999999998,-1.410678e-05
32,0.5499999999999998,2.0974326666666667e-05,0.5499999999999998,-1.191868e-05
33,0.5749999999999998,2.2098746666666668e-05,0.5749999999999998,-9.869573333333334e-06
34,0.5999999999999999,2.3295706666666667e-05,0.5999999999999999,-1.011522e-05
35,0.6249999999999998,2.4261726666666666e-05,0.6249999999999998,-8.310860000000001e-06
36,0.6499999999999998,2.5813086666666667e-05,0.6499999999999998,-7.94726e-06
37,0.6749999999999998,2.6522406666666668e-05,0.6749999999999998,-6.179696e-06
38,0.6999999999999997,2.7828033333333335e-05,0.6999999999999997,-3.72529e-06
39,0.7249999999999998,3.268943333333333e-05,0.7249999999999998,-1.8339133333333332e-06
40,0.7499999999999998,3.1855366666666667e-05,0.7499999999999998,8.953646666666666e-08
41,0.7749999999999997,3.800470666666667e-05,0.7749999999999997,1.8488866666666667e-06
42,0.7999999999999998,3.716532666666667e-05,0.7999999999999998,3.5307526666666668e-06
43,0.8249999999999997,3.7852800000000005e-05,0.8249999999999997,5.233511333333333e-06
44,0.8499999999999996,4.1918253333333336e-05,0.8499999999999996,6.908659999999999e-06
45,0.8749999999999998,4.333216666666667e-05,0.8749999999999998,7.545226666666668e-06
46,0.8999999999999997,4.616072666666667e-05,0.8999999999999997,9.785173333333333e-06
47,0.9249999999999998,4.8520893333333336e-05,0.9249999999999998,1.1625973333333334e-05
48,0.9499999999999997,5.150438666666667e-05,0.9499999999999997,1.3232993333333334e-05
49,0.9749999999999996,5.202639333333333e-05,0.9749999999999996,1.4823426666666667e-05
50,0.9999999999999998,5.44058e-05,0.9999999999999998,1.6469373333333335e-05
51,1.0249999999999997,5.610296e-05,1.0249999999999997,1.8046766666666668e-05
52,1.0499999999999998,5.7924200000000004e-05,1.0499999999999998,1.9607126666666668e-05
53,1.0749999999999997,5.890085333333333e-05,1.0749999999999997,2.1200893333333333e-05
54,1.0999999999999996,5.909818666666667e-05,1.0999999999999996,2.2680273333333333e-05
55,1.1249999999999998,6.0046153333333336e-05,1.1249999999999998,2.4083853333333336e-05
56,1.1499999999999997,6.086288e-05,1.1499999999999997,2.5585073333333333e-05
57,1.1749999999999996,6.189272666666667e-05,1.1749999999999996,2.6937980000000004e-05
58,1.1999999999999997,6.307333333333333e-05,1.1999999999999997,2.8409246666666668e-05
59,1.2249999999999996,6.509226e-05,1.2249999999999996,2.982148e-05
60,1.2499999999999996,6.567418666666667e-05,1.2499999999999996,3.129893333333333e-05
61,1.2749999999999997,6.671673333333334e-05,1.2749999999999997,3.278143333333334e-05
