,E2_5R_V_D,E2_5R_J_D,E2_5R_V_L,E2_5R_J_L
0,1.3,0.00011179666666666667,1.3,3.306622e-05
1,1.2750000000000001,8.3705e-05,1.2750000000000001,2.7467080000000002e-05
2,1.2500000000000002,7.498926666666666e-05,1.2500000000000002,2.4352233333333334e-05
3,1.2250000000000003,6.92812e-05,1.2250000000000003,2.2035026666666666e-05
4,1.2000000000000004,6.389399333333333e-05,1.2000000000000004,2.019082e-05
5,1.1750000000000005,6.057201333333334e-05,1.1750000000000005,1.8395313333333335e-05
6,1.1500000000000006,5.785202e-05,1.1500000000000006,1.6835146666666666e-05
7,1.1250000000000007,5.5401340000000004e-05,1.1250000000000007,1.5360366666666666e-05
8,1.1000000000000008,5.3151860000000006e-05,1.1000000000000008,1.3895626666666667e-05
9,1.0750000000000008,5.105531333333333e-05,1.0750000000000008,1.2549926666666667e-05
10,1.050000000000001,4.90604e-05,1.050000000000001,1.1116933333333334e-05
11,1.025000000000001,4.7322093333333336e-05,1.025000000000001,9.7602e-06
12,1.000000000000001,4.563868666666667e-05,1.000000000000001,8.446653333333335e-06
13,0.9750000000000012,4.397327333333334e-05,0.9750000000000012,7.183233333333334e-06
14,0.9500000000000013,4.2398766666666665e-05,0.9500000000000013,6.7054e-06
15,0.9250000000000014,4.091058e-05,0.9250000000000014,4.969752666666667e-06
16,0.9000000000000015,3.957136666666667e-05,0.9000000000000015,3.6521406666666667e-06
17,0.8750000000000016,3.825978e-05,0.8750000000000016,2.433429333333333e-06
18,0.8500000000000016,3.732937333333333e-05,0.8500000000000016,1.1779466666666667e-06
19,0.8250000000000017,3.626105333333333e-05,0.8250000000000017,-4.221053333333334e-08
20,0.8000000000000018,3.531234e-05,0.8000000000000018,-1.27581e-06
21,0.7750000000000019,3.51894e-05,0.7750000000000019,-2.483198e-06
22,0.750000000000002,3.544558666666667e-05,0.750000000000002,-3.7733500000000005e-06
23,0.7250000000000021,3.49153e-05,0.7250000000000021,-5.016651333333334e-06
24,0.7000000000000022,3.39828e-05,0.7000000000000022,-6.265584e-06
25,0.6750000000000023,3.334159333333333e-05,0.6750000000000023,-6.997493333333333e-06
26,0.6500000000000024,3.327604666666667e-05,0.6500000000000024,-7.821033333333334e-06
27,0.6250000000000024,3.263978666666667e-05,0.6250000000000024,-9.630213333333333e-06
28,0.6000000000000025,3.181722666666667e-05,0.6000000000000025,-1.1170746666666667e-05
29,0.5750000000000026,3.325888e-05,0.5750000000000026,-1.254446e-05
30,0.5500000000000027,3.249272e-05,0.5500000000000027,-1.3936553333333333e-05
31,0.5250000000000028,3.1122286666666666e-05,0.5250000000000028,-1.5370633333333335e-05
32,0.5000000000000029,2.9792120000000004e-05,0.5000000000000029,-1.684830666666667e-05
33,0.475000000000003,2.845394e-05,0.475000000000003,-1.832958e-05
34,0.45000000000000306,2.7696886666666667e-05,0.45000000000000306,-1.9764793333333335e-05
35,0.42500000000000315,2.656784e-05,0.42500000000000315,-2.1232173333333332e-05
36,0.40000000000000324,2.5712340000000004e-05,0.40000000000000324,-2.2606753333333333e-05
37,0.37500000000000333,2.4960900000000004e-05,0.37500000000000333,-2.4049046666666665e-05
38,0.3500000000000034,2.340646e-05,0.3500000000000034,-2.5537973333333338e-05
39,0.3250000000000035,2.192762e-05,0.3250000000000035,-2.6900280000000003e-05
40,0.3000000000000036,2.0081580000000003e-05,0.3000000000000036,-2.8335200000000003e-05
41,0.2750000000000037,1.803438e-05,0.2750000000000037,-2.9742193333333335e-05
42,0.2500000000000038,1.5904833333333334e-05,0.2500000000000038,-3.1357553333333334e-05
43,0.22500000000000386,1.3865086666666667e-05,0.22500000000000386,-3.283414e-05
44,0.20000000000000395,1.1615926666666667e-05,0.20000000000000395,-3.461695333333333e-05
45,0.17500000000000404,9.457680000000001e-06,0.17500000000000404,-3.6133799999999996e-05
46,0.15000000000000413,7.366766666666667e-06,0.15000000000000413,-3.7878753333333335e-05
47,0.12500000000000422,5.797935333333333e-06,0.12500000000000422,-3.9757933333333334e-05
48,0.10000000000000431,3.505592666666667e-06,0.10000000000000431,-4.160098666666667e-05
49,0.0750000000000044,1.5754240000000002e-06,0.0750000000000044,-4.3708493333333334e-05
50,0.050000000000004485,-2.3296700000000002e-07,0.050000000000004485,-4.547306e-05
51,0.025000000000004574,-1.8068340000000003e-06,0.025000000000004574,-4.751217333333334e-05
52,4.6629367034256575e-15,-3.2405953333333336e-06,4.6629367034256575e-15,-4.933290666666667e-05
53,-0.024999999999995248,-4.624784666666667e-06,-0.024999999999995248,-5.1855960000000004e-05
54,-0.04999999999999516,-6.002984666666667e-06,-0.04999999999999516,-5.341940666666666e-05
55,-0.07499999999999507,-7.000693333333334e-06,-0.07499999999999507,-5.6114646666666665e-05
56,-0.09999999999999498,-7.601539999999999e-06,-0.09999999999999498,-6.196923333333333e-05
57,-0.12499999999999489,-9.602246666666666e-06,-0.12499999999999489,-6.69396e-05
58,-0.1499999999999948,-1.1082526666666667e-05,-0.1499999999999948,-6.058179333333334e-05
59,-0.17499999999999472,-1.2529573333333334e-05,-0.17499999999999472,-6.291656666666667e-05
60,-0.19999999999999463,-1.3902466666666668e-05,-0.19999999999999463,-6.351408666666667e-05
61,-0.22499999999999454,-1.5493826666666668e-05,-0.22499999999999454,-6.631640000000001e-05
