,E2_5F_V_D,E2_5F_J_D,E2_5F_V_L,E2_5F_J_L
0,-0.25,-9.38876e-07,-0.25,-0.02185972666666667
1,-0.225,-8.831306666666667e-07,-0.225,-0.02136458
2,-0.2,-6.73332e-07,-0.2,-0.02096706
3,-0.17500000000000002,-4.675953333333334e-07,-0.17500000000000002,-0.020626753333333334
4,-0.15000000000000002,-3.021172e-07,-0.15000000000000002,-0.020323486666666668
5,-0.12500000000000003,-1.7966993333333334e-07,-0.12500000000000003,-0.020042586666666667
6,-0.10000000000000003,-9.117473333333334e-08,-0.10000000000000003,-0.019777006666666666
7,-0.07500000000000004,-2.7475873333333336e-08,-0.07500000000000004,-0.019514280000000002
8,-0.050000000000000044,1.943402e-08,-0.050000000000000044,-0.0192558
9,-0.02500000000000005,5.678236666666667e-08,-0.02500000000000005,-0.018994913333333335
10,-5.551115123125783e-17,8.76514e-08,-5.551115123125783e-17,-0.018732099999999998
11,0.02499999999999991,1.2176466666666666e-07,0.02499999999999991,-0.018461206666666667
12,0.04999999999999993,1.5872633333333333e-07,0.04999999999999993,-0.018183233333333333
13,0.07499999999999996,2.0465646666666668e-07,0.07499999999999996,-0.017891066666666667
14,0.09999999999999992,2.650860666666667e-07,0.09999999999999992,-0.01759134
15,0.12499999999999989,3.467284666666667e-07,0.12499999999999989,-0.017268393333333337
16,0.1499999999999999,4.585588e-07,0.1499999999999999,-0.016942793333333334
17,0.17499999999999993,6.122878e-07,0.17499999999999993,-0.016598786666666667
18,0.1999999999999999,8.225386666666667e-07,0.1999999999999999,-0.016234573333333335
19,0.22499999999999987,1.1007766666666668e-06,0.22499999999999987,-0.01584992
20,0.2499999999999999,1.4856353333333335e-06,0.2499999999999999,-0.015450846666666667
21,0.2749999999999999,1.9908980000000002e-06,0.2749999999999999,-0.015027680000000002
22,0.2999999999999998,2.654538e-06,0.2999999999999998,-0.014582626666666668
23,0.32499999999999984,3.5251333333333338e-06,0.32499999999999984,-0.014112246666666666
24,0.34999999999999987,4.661799333333334e-06,0.34999999999999987,-0.01362046
25,0.3749999999999999,6.165688e-06,0.3749999999999999,-0.013101946666666668
26,0.3999999999999999,7.693906666666667e-06,0.3999999999999999,-0.012561453333333333
27,0.4249999999999998,1.0706366666666666e-05,0.4249999999999998,-0.011992673333333334
28,0.44999999999999984,1.4439026666666666e-05,0.44999999999999984,-0.011393513333333332
29,0.47499999999999987,1.9572286666666667e-05,0.47499999999999987,-0.010770426666666668
30,0.4999999999999998,2.6777073333333334e-05,0.4999999999999998,-0.010118226666666667
31,0.5249999999999998,3.7004333333333334e-05,0.5249999999999998,-0.009434373333333334
32,0.5499999999999998,5.1624166666666666e-05,0.5499999999999998,-0.008716013333333335
33,0.5749999999999998,7.269426666666667e-05,0.5749999999999998,-0.007979426666666668
34,0.5999999999999999,0.000103628,0.5999999999999999,-0.007206106666666667
35,0.6249999999999998,0.0001464628,0.6249999999999998,-0.006805093333333333
36,0.6499999999999998,0.00020650486666666667,0.6499999999999998,-0.005759615333333334
37,0.6749999999999998,0.0002895236,0.6749999999999998,-0.004828479333333333
38,0.6999999999999997,0.0004013626666666667,0.6999999999999997,-0.003894022
39,0.7249999999999998,0.0005513508666666666,0.7249999999999998,-0.0029358933333333333
40,0.7499999999999998,0.000799564,0.7499999999999998,-0.0019470626666666666
41,0.7749999999999997,0.0010253613333333334,0.7749999999999997,-0.0009250260000000001
42,0.7999999999999998,0.0013270846666666668,0.7999999999999998,-0.00013514386666666666
43,0.8249999999999997,0.0016984146666666668,0.8249999999999997,0.0007544720000000001
44,0.8499999999999996,0.0021434433333333332,0.8499999999999996,0.0020720633333333334
45,0.8749999999999998,0.0026633073333333333,0.8749999999999998,0.003350222
46,0.8999999999999997,0.003271558,0.8999999999999997,0.004652770666666667
47,0.9249999999999998,0.00396564,0.9249999999999998,0.005997370666666667
48,0.9499999999999997,0.004743972000000001,0.9499999999999997,0.007088553333333333
49,0.9749999999999996,0.005607677333333334,0.9749999999999996,0.008638466666666667
50,0.9999999999999998,0.006571274,0.9999999999999998,0.010185360000000001
51,1.0249999999999997,0.007966866666666666,1.0249999999999997,0.01177658
52,1.0499999999999998,0.008937946666666668,1.0499999999999998,0.013425286666666666
53,1.0749999999999997,0.010120433333333335,1.0749999999999997,0.0151343
54,1.0999999999999996,0.011423733333333333,1.0999999999999996,0.0169088
55,1.1249999999999998,0.012827826666666667,1.1249999999999998,0.018742426666666666
56,1.1499999999999997,0.014314326666666669,1.1499999999999997,0.020638446666666668
57,1.1749999999999996,0.015919473333333333,1.1749999999999996,0.02259597333333333
58,1.1999999999999997,0.017604273333333333,1.1999999999999997,0.024621120000000003
59,1.2249999999999996,0.019394960000000003,1.2249999999999996,0.02671682666666667
60,1.2499999999999996,0.02128278,1.2499999999999996,0.02887622
61,1.2749999999999997,0.02325484666666667,1.2749999999999997,0.031106733333333334
