,E2_5R_V_D,E2_5R_J_D,E2_5R_V_L,E2_5R_J_L
0,1.3,0.00022793546666666667,1.3,9.832146666666668e-05
1,1.2750000000000001,0.00019210013333333334,1.2750000000000001,7.620446666666667e-05
2,1.2500000000000002,0.00017955873333333334,1.2500000000000002,6.839920000000001e-05
3,1.2250000000000003,0.00017091166666666669,1.2250000000000003,6.209344000000001e-05
4,1.2000000000000004,0.00016337640000000002,1.2000000000000004,5.7380400000000004e-05
5,1.1750000000000005,0.0001573438,1.1750000000000005,5.308629333333334e-05
6,1.1500000000000006,0.0001519764,1.1500000000000006,4.9081433333333334e-05
7,1.1250000000000007,0.00014698666666666666,1.1250000000000007,4.525728e-05
8,1.1000000000000008,0.00014207060000000001,1.1000000000000008,4.1421813333333336e-05
9,1.0750000000000008,0.00013759073333333334,1.0750000000000008,3.785874666666667e-05
10,1.050000000000001,0.00013283953333333335,1.050000000000001,3.412973333333333e-05
11,1.025000000000001,0.00012894179999999999,1.025000000000001,3.071513333333334e-05
12,1.000000000000001,0.0001251082,1.000000000000001,2.7252246666666665e-05
13,0.9750000000000012,0.00012151133333333333,0.9750000000000012,2.3535286666666666e-05
14,0.9500000000000013,0.00011786266666666666,0.9500000000000013,1.9938573333333332e-05
15,0.9250000000000014,0.00011453746666666667,0.9250000000000014,1.627182e-05
16,0.9000000000000015,0.00011122206666666668,0.9000000000000015,1.2600466666666667e-05
17,0.8750000000000016,0.00010776126666666667,0.8750000000000016,8.889993333333334e-06
18,0.8500000000000016,0.00010462846666666668,0.8500000000000016,5.87452e-06
19,0.8250000000000017,0.00010159586666666667,0.8250000000000017,1.7460880000000002e-06
20,0.8000000000000018,9.876973333333334e-05,0.8000000000000018,-2.212720666666667e-06
21,0.7750000000000019,9.540353333333334e-05,0.7750000000000019,-5.877202e-06
22,0.750000000000002,9.246e-05,0.750000000000002,-9.078653333333333e-06
23,0.7250000000000021,8.959093333333334e-05,0.7250000000000021,-1.341188e-05
24,0.7000000000000022,8.643173333333333e-05,0.7000000000000022,-1.7409366666666666e-05
25,0.6750000000000023,8.36462e-05,0.6750000000000023,-2.1417513333333335e-05
26,0.6500000000000024,8.097753333333334e-05,0.6500000000000024,-2.535558e-05
27,0.6250000000000024,7.81726e-05,0.6250000000000024,-2.943828e-05
28,0.6000000000000025,7.521333333333333e-05,0.6000000000000025,-3.351082666666667e-05
29,0.5750000000000026,7.259580000000001e-05,0.5750000000000026,-3.760361333333334e-05
30,0.5500000000000027,6.986066666666667e-05,0.5500000000000027,-4.188568e-05
31,0.5250000000000028,6.687886666666667e-05,0.5250000000000028,-4.605947333333334e-05
32,0.5000000000000029,6.484184666666668e-05,0.5000000000000029,-5.037359333333334e-05
33,0.475000000000003,6.119516666666667e-05,0.475000000000003,-5.452098666666667e-05
34,0.45000000000000306,5.800768666666667e-05,0.45000000000000306,-5.8928693333333334e-05
35,0.42500000000000315,5.470186e-05,0.42500000000000315,-6.320334666666667e-05
36,0.40000000000000324,5.140814000000001e-05,0.40000000000000324,-6.744900000000001e-05
37,0.37500000000000333,4.8231533333333334e-05,0.37500000000000333,-7.129886666666668e-05
38,0.3500000000000034,4.494622e-05,0.3500000000000034,-7.563060000000001e-05
39,0.3250000000000035,4.1748833333333336e-05,0.3250000000000035,-8.010866666666667e-05
40,0.3000000000000036,3.857198666666667e-05,0.3000000000000036,-8.444993333333334e-05
41,0.2750000000000037,3.5047073333333335e-05,0.2750000000000037,-8.896206666666666e-05
42,0.2500000000000038,3.194541333333333e-05,0.2500000000000038,-9.314740000000001e-05
43,0.22500000000000386,2.857786666666667e-05,0.22500000000000386,-9.713299999999999e-05
44,0.20000000000000395,2.5109040000000002e-05,0.20000000000000395,-0.00010135493333333334
45,0.17500000000000404,2.1539013333333334e-05,0.17500000000000404,-0.00010539440000000002
46,0.15000000000000413,1.7938773333333334e-05,0.15000000000000413,-0.00010928093333333335
47,0.12500000000000422,1.420086e-05,0.12500000000000422,-0.00011339933333333335
48,0.10000000000000431,1.0456560000000001e-05,0.10000000000000431,-0.0001175166
49,0.0750000000000044,6.689966666666668e-06,0.0750000000000044,-0.00012155593333333333
50,0.050000000000004485,3.43329e-06,0.050000000000004485,-0.00012537153333333335
51,0.025000000000004574,-7.124466666666667e-07,0.025000000000004574,-0.00012921420000000001
52,4.6629367034256575e-15,-4.647525333333334e-06,4.6629367034256575e-15,-0.00013294733333333333
53,-0.024999999999995248,-7.743786666666667e-06,-0.024999999999995248,-0.0001368638
54,-0.04999999999999516,-1.1865486666666668e-05,-0.04999999999999516,-0.00014108380000000002
55,-0.07499999999999507,-1.5575813333333333e-05,-0.07499999999999507,-0.00014550173333333335
56,-0.09999999999999498,-1.92147e-05,-0.09999999999999498,-0.00014985746666666667
57,-0.12499999999999489,-2.28102e-05,-0.12499999999999489,-0.00015383833333333335
58,-0.1499999999999948,-2.6422340000000002e-05,-0.1499999999999948,-0.00015786986666666667
59,-0.17499999999999472,-2.99816e-05,-0.17499999999999472,-0.0001622182
60,-0.19999999999999463,-3.347186666666667e-05,-0.19999999999999463,-0.00016648633333333333
61,-0.22499999999999454,-3.713331333333334e-05,-0.22499999999999454,-0.00017096586666666668
