,E2_5R_V_D,E2_5R_J_D,E2_5R_V_L,E2_5R_J_L
0,1.3,0.018327946666666668,1.3,0.029414873333333334
1,1.2750000000000001,0.020425273333333334,1.2750000000000001,0.027702953333333336
2,1.2500000000000002,0.019976220000000003,1.2500000000000002,0.02553370666666667
3,1.2250000000000003,0.01870608,1.2250000000000003,0.023286886666666666
4,1.2000000000000004,0.017151213333333335,1.2000000000000004,0.021067226666666668
5,1.1750000000000005,0.015511093333333333,1.1750000000000005,0.018906886666666668
6,1.1500000000000006,0.013869946666666669,1.1500000000000006,0.0168161
7,1.1250000000000007,0.0122807,1.1250000000000007,0.014802786666666668
8,1.1000000000000008,0.01075854,1.1000000000000008,0.01286532
9,1.0750000000000008,0.009328993333333334,1.0750000000000008,0.011014880000000001
10,1.050000000000001,0.007997926666666667,1.050000000000001,0.009242013333333333
11,1.025000000000001,0.006778833333333334,1.025000000000001,0.007555020000000001
12,1.000000000000001,0.005586707333333334,1.000000000000001,0.006046470666666667
13,0.9750000000000012,0.004634912666666667,0.9750000000000012,0.004436784666666667
14,0.9500000000000013,0.0037596933333333333,0.9500000000000013,0.0029450853333333337
15,0.9250000000000014,0.0029930133333333337,0.9250000000000014,0.0015317413333333335
16,0.9000000000000015,0.002335296666666667,0.9000000000000015,0.00036184273333333337
17,0.8750000000000016,0.0017820066666666668,0.8750000000000016,-0.0008060640000000001
18,0.8500000000000016,0.001326782,0.8500000000000016,-0.0021737753333333333
19,0.8250000000000017,0.0009623186666666666,0.8250000000000017,-0.003412424
20,0.8000000000000018,0.000679462,0.8000000000000018,-0.004578364666666667
21,0.7750000000000019,0.000480409,0.7750000000000019,-0.005690629333333333
22,0.750000000000002,0.0003155748,0.750000000000002,-0.006750633333333334
23,0.7250000000000021,0.0002054714,0.7250000000000021,-0.007479793333333333
24,0.7000000000000022,0.00013267333333333336,0.7000000000000022,-0.00856872
25,0.6750000000000023,8.557366666666667e-05,0.6750000000000023,-0.009544626666666667
26,0.6500000000000024,6.0504140000000005e-05,0.6500000000000024,-0.010455946666666667
27,0.6250000000000024,3.824986e-05,0.6250000000000024,-0.01131058
28,0.6000000000000025,2.5995640000000002e-05,0.6000000000000025,-0.012113646666666667
29,0.5750000000000026,1.8308793333333334e-05,0.5750000000000026,-0.012871460000000001
30,0.5500000000000027,1.3296533333333334e-05,0.5500000000000027,-0.013577700000000002
31,0.5250000000000028,9.867080000000001e-06,0.5250000000000028,-0.014237733333333336
32,0.5000000000000029,7.39514e-06,0.5000000000000029,-0.014850499999999999
33,0.475000000000003,6.244292e-06,0.475000000000003,-0.015418813333333333
34,0.45000000000000306,4.264106666666667e-06,0.45000000000000306,-0.015946500000000002
35,0.42500000000000315,3.0617813333333337e-06,0.42500000000000315,-0.0164311
36,0.40000000000000324,2.1332653333333336e-06,0.40000000000000324,-0.01688608
37,0.37500000000000333,1.405224e-06,0.37500000000000333,-0.017289773333333334
38,0.3500000000000034,8.411820000000001e-07,0.3500000000000034,-0.017662053333333334
39,0.3250000000000035,4.1154680000000004e-07,0.3250000000000035,-0.018005993333333335
40,0.3000000000000036,9.35464e-08,0.3000000000000036,-0.01832360666666667
41,0.2750000000000037,-1.3664073333333332e-07,0.2750000000000037,-0.0186014
42,0.2500000000000038,-3.0041693333333333e-07,0.2500000000000038,-0.018856913333333333
43,0.22500000000000386,-3.773476666666667e-07,0.22500000000000386,-0.019076873333333334
44,0.20000000000000395,-4.919535333333333e-07,0.20000000000000395,-0.01930092
45,0.17500000000000404,-5.456838666666666e-07,0.17500000000000404,-0.01949846666666667
46,0.15000000000000413,-5.797555333333334e-07,0.15000000000000413,-0.019673140000000002
47,0.12500000000000422,-6.015723333333334e-07,0.12500000000000422,-0.0198358
48,0.10000000000000431,-6.149200666666667e-07,0.10000000000000431,-0.019980666666666667
49,0.0750000000000044,-6.229310666666667e-07,0.0750000000000044,-0.020120393333333333
50,0.050000000000004485,-6.279755333333333e-07,0.050000000000004485,-0.02023712
51,0.025000000000004574,-6.310922666666667e-07,0.025000000000004574,-0.020346753333333335
52,4.6629367034256575e-15,-6.308707333333333e-07,4.6629367034256575e-15,-0.02044696
53,-0.024999999999995248,-6.378371333333334e-07,-0.024999999999995248,-0.020532206666666667
54,-0.04999999999999516,-6.421541333333333e-07,-0.04999999999999516,-0.020620886666666668
55,-0.07499999999999507,-6.518035333333334e-07,-0.07499999999999507,-0.020695393333333333
56,-0.09999999999999498,-6.638074000000001e-07,-0.09999999999999498,-0.020769133333333335
57,-0.12499999999999489,-6.818380000000001e-07,-0.12499999999999489,-0.02083426666666667
58,-0.1499999999999948,-7.085946666666667e-07,-0.1499999999999948,-0.020895293333333335
59,-0.17499999999999472,-7.482566666666667e-07,-0.17499999999999472,-0.02095025333333333
60,-0.19999999999999463,-8.053893333333334e-07,-0.19999999999999463,-0.02099572666666667
61,-0.22499999999999454,-9.013460000000001e-07,-0.22499999999999454,-0.021051273333333332
