,E2_5F_V_D,E2_5F_J_D,E2_5F_V_L,E2_5F_J_L
0,-0.25,-6.824073333333335e-05,-0.25,-0.021206273333333334
1,-0.225,-6.392846666666667e-05,-0.225,-0.020542653333333334
2,-0.2,-5.616134000000001e-05,-0.2,-0.020043993333333333
3,-0.17500000000000002,-4.858020666666667e-05,-0.17500000000000002,-0.019620106666666668
4,-0.15000000000000002,-4.182461333333334e-05,-0.15000000000000002,-0.019244960000000002
5,-0.12500000000000003,-3.385870666666667e-05,-0.12500000000000003,-0.0188951
6,-0.10000000000000003,-2.665606e-05,-0.10000000000000003,-0.01857244666666667
7,-0.07500000000000004,-2.0271266666666667e-05,-0.07500000000000004,-0.018247393333333334
8,-0.050000000000000044,-1.3238580000000001e-05,-0.050000000000000044,-0.01792926
9,-0.02500000000000005,-5.978720000000001e-06,-0.02500000000000005,-0.017603433333333335
10,-5.551115123125783e-17,1.220552e-06,-5.551115123125783e-17,-0.017276600000000003
11,0.02499999999999991,8.217766666666666e-06,0.02499999999999991,-0.016905553333333333
12,0.04999999999999993,1.5370206666666667e-05,0.04999999999999993,-0.0165822
13,0.07499999999999996,2.2999213333333334e-05,0.07499999999999996,-0.01622778
14,0.09999999999999992,2.8973260000000003e-05,0.09999999999999992,-0.01585276
15,0.12499999999999989,3.5442373333333334e-05,0.12499999999999989,-0.015467893333333333
16,0.1499999999999999,4.517670666666667e-05,0.1499999999999999,-0.015070846666666667
17,0.17499999999999993,5.0485026666666666e-05,0.17499999999999993,-0.0146586
18,0.1999999999999999,5.3764886666666665e-05,0.1999999999999999,-0.0142428
19,0.22499999999999987,5.815105333333334e-05,0.22499999999999987,-0.013830873333333334
20,0.2499999999999999,5.5663280000000005e-05,0.2499999999999999,-0.013411606666666668
21,0.2749999999999999,4.81734e-05,0.2749999999999999,-0.012899473333333335
22,0.2999999999999998,4.369554666666667e-05,0.2999999999999998,-0.012351726666666667
23,0.32499999999999984,3.784452e-05,0.32499999999999984,-0.011839713333333335
24,0.34999999999999987,5.457844666666667e-05,0.34999999999999987,-0.011107133333333333
25,0.3749999999999999,0.00011193006666666667,0.3749999999999999,-0.010423853333333333
26,0.3999999999999999,0.0001205678,0.3999999999999999,-0.00973266
27,0.4249999999999998,0.00012291933333333333,0.4249999999999998,-0.009601479999999999
28,0.44999999999999984,0.00025628773333333336,0.44999999999999984,-0.009070273333333333
29,0.47499999999999987,0.0002806904666666667,0.47499999999999987,-0.008455840000000001
30,0.4999999999999998,0.00030835646666666665,0.4999999999999998,-0.007972353333333333
31,0.5249999999999998,0.0003106342666666667,0.5249999999999998,-0.007372566666666667
32,0.5499999999999998,0.0003750632,0.5499999999999998,-0.006800086666666667
33,0.5749999999999998,0.0005307955333333334,0.5749999999999998,-0.006431064
34,0.5999999999999999,0.0005892979333333334,0.5999999999999999,-0.0057288899999999995
35,0.6249999999999998,0.0006243888666666667,0.6249999999999998,-0.004935678000000001
36,0.6499999999999998,0.0008694886666666667,0.6499999999999998,-0.004310967333333334
37,0.6749999999999998,0.0009329913333333334,0.6749999999999998,-0.003400538666666667
38,0.6999999999999997,0.0009902560000000001,0.6999999999999997,-0.0027022813333333335
39,0.7249999999999998,0.0011409093333333334,0.7249999999999998,-0.002010732
40,0.7499999999999998,0.0012965313333333334,0.7499999999999998,-0.0012789993333333334
41,0.7749999999999997,0.0014647520000000002,0.7749999999999997,-0.00035628613333333334
42,0.7999999999999998,0.0018470686666666666,0.7999999999999998,0.00035533660000000003
43,0.8249999999999997,0.0022663253333333336,0.8249999999999997,0.0010706700000000001
44,0.8499999999999996,0.0026186140000000004,0.8499999999999996,0.001930762666666667
45,0.8749999999999998,0.003025648666666667,0.8749999999999998,0.0027735613333333335
46,0.8999999999999997,0.0035059213333333335,0.8999999999999997,0.0035860813333333337
47,0.9249999999999998,0.003956250666666667,0.9249999999999998,0.004469499333333333
48,0.9499999999999997,0.004519169333333334,0.9499999999999997,0.005314177333333334
49,0.9749999999999996,0.005110330000000001,0.9749999999999996,0.006206158
50,0.9999999999999998,0.005697498666666667,0.9999999999999998,0.0069619600000000005
51,1.0249999999999997,0.0063618546666666664,1.0249999999999997,0.007913400000000001
52,1.0499999999999998,0.007094593333333335,1.0499999999999998,0.008831693333333335
53,1.0749999999999997,0.0078054000000000005,1.0749999999999997,0.009797026666666668
54,1.0999999999999996,0.008559986666666667,1.0999999999999996,0.010769306666666667
55,1.1249999999999998,0.009343066666666667,1.1249999999999998,0.011793733333333334
56,1.1499999999999997,0.010152886666666666,1.1499999999999997,0.012800506666666666
57,1.1749999999999996,0.01099106,1.1749999999999996,0.013813193333333333
58,1.1999999999999997,0.011851626666666667,1.1999999999999997,0.014788073333333334
59,1.2249999999999996,0.012672873333333334,1.2249999999999996,0.015841840000000003
60,1.2499999999999996,0.013588306666666668,1.2499999999999996,0.01684278666666667
61,1.2749999999999997,0.014628833333333334,1.2749999999999997,0.0179401
