,sample_A_3d_1R_V_D,sample_A_3d_1R_J_D,sample_A_3d_1R_V_L,sample_A_3d_1R_J_L
0,1.25,0.01213084,1.25,0.010935980000000001
1,1.225,0.010621266666666667,1.225,0.00911096
2,1.2000000000000002,0.009152906666666667,1.2000000000000002,0.007209973333333333
3,1.1750000000000003,0.007703546666666667,1.1750000000000003,0.005253955333333333
4,1.1500000000000004,0.00630567,1.1500000000000004,0.003190643333333333
5,1.1250000000000004,0.004965446666666667,1.1250000000000004,0.0010718840000000002
6,1.1000000000000005,0.00373864,1.1000000000000005,-0.00109939
7,1.0750000000000006,0.002673256,1.0750000000000006,-0.003295850666666667
8,1.0500000000000007,0.0018022113333333333,1.0500000000000007,-0.005504406
9,1.0250000000000008,0.0011466326666666668,1.0250000000000008,-0.007698273333333333
10,1.0000000000000009,0.0006941833333333333,1.0000000000000009,-0.00987606
11,0.975000000000001,0.0004154288666666667,0.975000000000001,-0.011990546666666668
12,0.9500000000000011,0.00024079733333333333,0.9500000000000011,-0.014025886666666668
13,0.9250000000000012,0.0001416242,0.9250000000000012,-0.015944326666666668
14,0.9000000000000012,8.827813333333334e-05,0.9000000000000012,-0.017718366666666666
15,0.8750000000000013,5.768041333333334e-05,0.8750000000000013,-0.019311206666666667
16,0.8500000000000014,4.278354666666667e-05,0.8500000000000014,-0.020702653333333335
17,0.8250000000000015,3.455322e-05,0.8250000000000015,-0.021863173333333333
18,0.8000000000000016,2.7481753333333333e-05,0.8000000000000016,-0.02279182
19,0.7750000000000017,2.0971646666666666e-05,0.7750000000000017,-0.023499553333333336
20,0.7500000000000018,1.8476626666666666e-05,0.7500000000000018,-0.024012893333333337
21,0.7250000000000019,1.5994353333333335e-05,0.7250000000000019,-0.02437318
22,0.700000000000002,1.5238219999999999e-05,0.700000000000002,-0.024614833333333332
23,0.675000000000002,1.669692e-05,0.675000000000002,-0.024775946666666666
24,0.6500000000000021,1.4761026666666667e-05,0.6500000000000021,-0.024883360000000004
25,0.6250000000000022,1.5491693333333333e-05,0.6250000000000022,-0.024957913333333335
26,0.6000000000000023,1.424624e-05,0.6000000000000023,-0.025016053333333333
27,0.5750000000000024,1.1449406666666667e-05,0.5750000000000024,-0.025057086666666666
28,0.5500000000000025,1.087974e-05,0.5500000000000025,-0.025089700000000003
29,0.5250000000000026,1.1762386666666666e-05,0.5250000000000026,-0.02511622
30,0.5000000000000027,1.2509426666666667e-05,0.5000000000000027,-0.025136693333333335
31,0.47500000000000275,9.145706666666667e-06,0.47500000000000275,-0.025153886666666667
32,0.45000000000000284,8.736033333333332e-06,0.45000000000000284,-0.025167366666666666
33,0.42500000000000293,9.328993333333334e-06,0.42500000000000293,-0.025178346666666667
34,0.400000000000003,8.228526666666667e-06,0.400000000000003,-0.02518728
35,0.3750000000000031,7.5045133333333344e-06,0.3750000000000031,-0.025195353333333333
36,0.3500000000000032,6.799273333333333e-06,0.3500000000000032,-0.025201513333333335
37,0.3250000000000033,6.376699333333334e-06,0.3250000000000033,-0.02520892
38,0.3000000000000034,5.5666400000000005e-06,0.3000000000000034,-0.02521304
39,0.27500000000000346,5.082244e-06,0.27500000000000346,-0.02521810666666667
40,0.25000000000000355,4.675738666666667e-06,0.25000000000000355,-0.02522384
41,0.22500000000000364,3.7603533333333333e-06,0.22500000000000364,-0.025227346666666668
42,0.20000000000000373,3.3659653333333337e-06,0.20000000000000373,-0.02523204
43,0.17500000000000382,2.5289333333333335e-06,0.17500000000000382,-0.025235793333333333
44,0.1500000000000039,2.3849133333333335e-06,0.1500000000000039,-0.025238893333333335
45,0.125000000000004,1.8818293333333336e-06,0.125000000000004,-0.025241033333333333
46,0.10000000000000409,1.2371966666666668e-06,0.10000000000000409,-0.025243606666666668
47,0.07500000000000417,7.592326666666667e-07,0.07500000000000417,-0.025246506666666668
48,0.05000000000000426,3.767470666666667e-07,0.05000000000000426,-0.0252497
49,0.025000000000004352,2.4829213333333334e-08,0.025000000000004352,-0.025251493333333336
50,4.440892098500626e-15,-3.756778e-07,4.440892098500626e-15,-0.02525448666666667
51,-0.02499999999999547,-7.685633333333334e-07,-0.02499999999999547,-0.025258040000000002
52,-0.04999999999999538,-1.1413186666666667e-06,-0.04999999999999538,-0.025260646666666667
53,-0.07499999999999529,-1.4862893333333335e-06,-0.07499999999999529,-0.025264280000000004
54,-0.0999999999999952,-1.983316666666667e-06,-0.0999999999999952,-0.025267013333333335
55,-0.12499999999999512,-2.598204e-06,-0.12499999999999512,-0.025268406666666667
56,-0.14999999999999503,-2.9842940000000002e-06,-0.14999999999999503,-0.025271073333333335
57,-0.17499999999999494,-3.2903520000000002e-06,-0.17499999999999494,-0.02527302
58,-0.19999999999999485,-3.790064e-06,-0.19999999999999485,-0.025275873333333334
59,-0.22499999999999476,-4.440422e-06,-0.22499999999999476,-0.025277760000000003
