,sample_A_3d_1R_V_D,sample_A_3d_1R_J_D,sample_A_3d_1R_V_L,sample_A_3d_1R_J_L
0,1.25,0.013443466666666667,1.25,0.01269716
1,1.225,0.011796646666666667,1.225,0.01072732
2,1.2000000000000002,0.010189553333333334,1.2000000000000002,0.008629713333333334
3,1.1750000000000003,0.00859856,1.1750000000000003,0.006406503333333334
4,1.1500000000000004,0.00702828,1.1500000000000004,0.003962226
5,1.1250000000000004,0.005535026,1.1250000000000004,0.0013689280000000002
6,1.1000000000000005,0.004124626,1.1000000000000005,-0.0013570726666666667
7,1.0750000000000006,0.002905178,1.0750000000000006,-0.004154768
8,1.0500000000000007,0.0019229793333333336,1.0500000000000007,-0.006979933333333334
9,1.0250000000000008,0.001201554,1.0250000000000008,-0.009756746666666666
10,1.0000000000000009,0.000719084,1.0000000000000009,-0.012437720000000001
11,0.975000000000001,0.00042640740000000004,0.975000000000001,-0.014921246666666667
12,0.9500000000000011,0.0002468688666666667,0.9500000000000011,-0.01716164666666667
13,0.9250000000000012,0.0001458544,0.9250000000000012,-0.019089366666666666
14,0.9000000000000012,8.9274e-05,0.9000000000000012,-0.020680193333333336
15,0.8750000000000013,5.727362000000001e-05,0.8750000000000013,-0.021923513333333332
16,0.8500000000000014,3.812890000000001e-05,0.8500000000000014,-0.022855706666666666
17,0.8250000000000015,2.7349580000000002e-05,0.8250000000000015,-0.023519566666666665
18,0.8000000000000016,2.1807466666666667e-05,0.8000000000000016,-0.023973693333333334
19,0.7750000000000017,1.725984e-05,0.7750000000000017,-0.024279480000000003
20,0.7500000000000018,1.4523399999999999e-05,0.7500000000000018,-0.024480873333333333
21,0.7250000000000019,1.192866e-05,0.7250000000000019,-0.024615313333333336
22,0.700000000000002,9.927173333333335e-06,0.700000000000002,-0.02470578666666667
23,0.675000000000002,8.689193333333334e-06,0.675000000000002,-0.02477152
24,0.6500000000000021,7.7201e-06,0.6500000000000021,-0.024817866666666667
25,0.6250000000000022,7.335853333333333e-06,0.6250000000000022,-0.02485644
26,0.6000000000000023,6.598477333333333e-06,0.6000000000000023,-0.024886846666666667
27,0.5750000000000024,6.266341333333333e-06,0.5750000000000024,-0.02490884
28,0.5500000000000025,5.686978000000001e-06,0.5500000000000025,-0.024929193333333335
29,0.5250000000000026,5.496264666666667e-06,0.5250000000000026,-0.024942640000000002
30,0.5000000000000027,4.741834666666667e-06,0.5000000000000027,-0.024957213333333336
31,0.47500000000000275,4.13482e-06,0.47500000000000275,-0.024968193333333336
32,0.45000000000000284,3.6782173333333336e-06,0.45000000000000284,-0.024976506666666665
33,0.42500000000000293,3.527004e-06,0.42500000000000293,-0.024982513333333334
34,0.400000000000003,2.8882373333333337e-06,0.400000000000003,-0.02498878666666667
35,0.3750000000000031,2.6437733333333334e-06,0.3750000000000031,-0.024995013333333333
36,0.3500000000000032,2.3711746666666667e-06,0.3500000000000032,-0.024997846666666667
37,0.3250000000000033,2.096262e-06,0.3250000000000033,-0.0250067
38,0.3000000000000034,1.7542493333333335e-06,0.3000000000000034,-0.0250073
39,0.27500000000000346,1.5506293333333333e-06,0.27500000000000346,-0.025011713333333335
40,0.25000000000000355,1.3047906666666668e-06,0.25000000000000355,-0.0250148
41,0.22500000000000364,1.0752260000000002e-06,0.22500000000000364,-0.025019793333333335
42,0.20000000000000373,8.888093333333333e-07,0.20000000000000373,-0.025021313333333333
43,0.17500000000000382,7.382346666666668e-07,0.17500000000000382,-0.025024393333333332
44,0.1500000000000039,5.253802666666667e-07,0.1500000000000039,-0.02502942
45,0.125000000000004,3.750234e-07,0.125000000000004,-0.02503086666666667
46,0.10000000000000409,2.402012e-07,0.10000000000000409,-0.025033713333333336
47,0.07500000000000417,1.6677733333333333e-07,0.07500000000000417,-0.025036793333333335
48,0.05000000000000426,6.69824e-08,0.05000000000000426,-0.025038893333333333
49,0.025000000000004352,-3.1584553333333333e-08,0.025000000000004352,-0.025040293333333335
50,4.440892098500626e-15,-1.2303886666666666e-07,4.440892098500626e-15,-0.02504486
51,-0.02499999999999547,-2.301002666666667e-07,-0.02499999999999547,-0.025045326666666666
52,-0.04999999999999538,-3.3064980000000003e-07,-0.04999999999999538,-0.025048766666666666
53,-0.07499999999999529,-4.1687713333333334e-07,-0.07499999999999529,-0.02505358666666667
54,-0.0999999999999952,-5.187913333333333e-07,-0.0999999999999952,-0.02505416
55,-0.12499999999999512,-6.500238000000001e-07,-0.12499999999999512,-0.02505636
56,-0.14999999999999503,-8.290986666666668e-07,-0.14999999999999503,-0.025058153333333333
57,-0.17499999999999494,-1.0295486666666666e-06,-0.17499999999999494,-0.025060673333333335
58,-0.19999999999999485,-1.1547006666666666e-06,-0.19999999999999485,-0.025063413333333333
59,-0.22499999999999476,-1.3641093333333334e-06,-0.22499999999999476,-0.025068046666666666
