,sample_A_3d_1F_V_D,sample_A_3d_1F_J_D,sample_A_3d_1F_V_L,sample_A_3d_1F_J_L
0,-0.25,-3.436134e-08,-0.25,-0.025401106666666666
1,-0.225,-2.2377386666666668e-08,-0.225,-0.02538778
2,-0.2,-1.515324e-08,-0.2,-0.02538038
3,-0.17500000000000002,-1.430596e-08,-0.17500000000000002,-0.02537486
4,-0.15000000000000002,-4.382838666666667e-09,-0.15000000000000002,-0.0253694
5,-0.12500000000000003,-2.2934773333333337e-09,-0.12500000000000003,-0.025364226666666666
6,-0.10000000000000003,8.815166666666667e-10,-0.10000000000000003,-0.025362620000000002
7,-0.07500000000000004,2.688808e-09,-0.07500000000000004,-0.02535840666666667
8,-0.050000000000000044,4.536222666666667e-09,-0.050000000000000044,-0.025356386666666668
9,-0.02500000000000005,6.775946666666667e-09,-0.02500000000000005,-0.025352140000000002
10,-5.551115123125783e-17,7.840100000000001e-09,-5.551115123125783e-17,-0.025348653333333335
11,0.02499999999999991,1.0984226666666668e-08,0.02499999999999991,-0.025345946666666667
12,0.04999999999999993,1.3987753333333332e-08,0.04999999999999993,-0.025341946666666667
13,0.07499999999999996,1.657648666666667e-08,0.07499999999999996,-0.025336813333333336
14,0.09999999999999992,1.9378293333333333e-08,0.09999999999999992,-0.025335153333333332
15,0.12499999999999989,2.263822e-08,0.12499999999999989,-0.025331913333333334
16,0.1499999999999999,2.72338e-08,0.1499999999999999,-0.02532798666666667
17,0.17499999999999993,3.176789333333333e-08,0.17499999999999993,-0.025322413333333335
18,0.1999999999999999,3.903844e-08,0.1999999999999999,-0.025318533333333334
19,0.22499999999999987,4.736914e-08,0.22499999999999987,-0.025315253333333333
20,0.2499999999999999,6.409216666666667e-08,0.2499999999999999,-0.0253103
21,0.2749999999999999,9.312633333333334e-08,0.2749999999999999,-0.025304793333333332
22,0.2999999999999998,1.3874726666666668e-07,0.2999999999999998,-0.02529792
23,0.32499999999999984,2.2342986666666668e-07,0.32499999999999984,-0.02529207333333333
24,0.34999999999999987,3.659841333333333e-07,0.34999999999999987,-0.025285366666666666
25,0.3749999999999999,5.731034666666666e-07,0.3749999999999999,-0.025277
26,0.3999999999999999,8.665920000000001e-07,0.3999999999999999,-0.02526658
27,0.4249999999999998,1.3105286666666668e-06,0.4249999999999998,-0.0252546
28,0.44999999999999984,1.8702473333333335e-06,0.44999999999999984,-0.025238773333333336
29,0.47499999999999987,2.6957593333333336e-06,0.47499999999999987,-0.02522126666666667
30,0.4999999999999998,3.869429333333334e-06,0.4999999999999998,-0.02520268
31,0.5249999999999998,5.5424813333333335e-06,0.5249999999999998,-0.025173706666666667
32,0.5499999999999998,6.999420000000001e-06,0.5499999999999998,-0.02514246666666667
33,0.5749999999999998,7.5866599999999995e-06,0.5749999999999998,-0.025103633333333333
34,0.5999999999999999,1.155922e-05,0.5999999999999999,-0.025051746666666666
35,0.6249999999999998,1.706006e-05,0.6249999999999998,-0.02498658
36,0.6499999999999998,2.4565000000000003e-05,0.6499999999999998,-0.024899753333333333
37,0.6749999999999998,3.436018666666667e-05,0.6749999999999998,-0.024782613333333335
38,0.6999999999999997,4.569094e-05,0.6999999999999997,-0.02461684
39,0.7249999999999998,5.740282666666667e-05,0.7249999999999998,-0.024374466666666667
40,0.7499999999999998,6.919126666666668e-05,0.7499999999999998,-0.024017286666666665
41,0.7749999999999997,4.4195906666666664e-05,0.7749999999999997,-0.0235068
42,0.7999999999999998,4.774456e-05,0.7999999999999998,-0.022793153333333333
43,0.8249999999999997,6.744400000000001e-05,0.8249999999999997,-0.021841573333333336
44,0.8499999999999996,7.709906666666667e-05,0.8499999999999996,-0.02062112
45,0.8749999999999998,0.00011887326666666667,0.8749999999999998,-0.01913916
46,0.8999999999999997,0.0001867002,0.8999999999999997,-0.01740506
47,0.9249999999999998,0.00029801473333333333,0.9249999999999998,-0.015452520000000003
48,0.9499999999999997,0.0004797021333333333,0.9499999999999997,-0.013312733333333335
49,0.9749999999999996,0.000710008,0.9749999999999996,-0.011042680000000001
50,0.9999999999999998,0.001135884,0.9999999999999998,-0.008662526666666667
51,1.0249999999999997,0.0017408133333333335,1.0249999999999997,-0.0062443613333333335
52,1.0499999999999998,0.0025420693333333337,1.0499999999999998,-0.0037640693333333337
53,1.0749999999999997,0.0035298213333333334,1.0749999999999997,-0.001306496
54,1.0999999999999996,0.004682429333333333,1.0999999999999996,0.0011187166666666666
55,1.1249999999999998,0.005959278,1.1249999999999998,0.003474366666666667
56,1.1499999999999997,0.0073633200000000005,1.1499999999999997,0.005746696666666667
57,1.1749999999999996,0.008802893333333334,1.1749999999999996,0.007962086666666666
58,1.1999999999999997,0.010280426666666669,1.1999999999999997,0.010049013333333334
59,1.2249999999999996,0.011779406666666667,1.2249999999999996,0.01203218
