,sample_A_3d_1R_V_D,sample_A_3d_1R_J_D,sample_A_3d_1R_V_L,sample_A_3d_1R_J_L
0,1.25,0.0068632,1.25,0.006396078666666667
1,1.225,0.005951972666666667,1.225,0.005299183333333334
2,1.2000000000000002,0.005116848666666667,1.2000000000000002,0.004188230666666667
3,1.1750000000000003,0.004336738000000001,1.1750000000000003,0.0030373146666666665
4,1.1500000000000004,0.0036038486666666665,1.1500000000000004,0.001806616
5,1.1250000000000004,0.002921108,1.1250000000000004,0.00047276006666666673
6,1.1000000000000005,0.00229026,1.1000000000000005,-0.0010284833333333335
7,1.0750000000000006,0.0017242413333333332,1.0750000000000006,-0.002709566666666667
8,1.0500000000000007,0.0012345326666666667,1.0500000000000007,-0.004560364
9,1.0250000000000008,0.0008356500000000001,1.0250000000000008,-0.006560803333333334
10,1.0000000000000009,0.0005368225333333334,1.0000000000000009,-0.008722206666666668
11,0.975000000000001,0.0003235019333333333,0.975000000000001,-0.010902646666666667
12,0.9500000000000011,0.00018741293333333334,0.9500000000000011,-0.0130886
13,0.9250000000000012,0.00010495793333333333,0.9250000000000012,-0.015191726666666667
14,0.9000000000000012,5.7575273333333333e-05,0.9000000000000012,-0.017149566666666668
15,0.8750000000000013,2.8428453333333335e-05,0.8750000000000013,-0.018899186666666668
16,0.8500000000000014,1.2203893333333334e-05,0.8500000000000014,-0.020395686666666666
17,0.8250000000000015,2.9927666666666666e-06,0.8250000000000015,-0.021612060000000002
18,0.8000000000000016,-2.689922e-06,0.8000000000000016,-0.0225605
19,0.7750000000000017,-5.988490666666667e-06,0.7750000000000017,-0.023263926666666667
20,0.7500000000000018,-7.98424e-06,0.7500000000000018,-0.023773100000000002
21,0.7250000000000019,-9.172013333333335e-06,0.7250000000000019,-0.024123966666666666
22,0.700000000000002,-9.911626666666668e-06,0.700000000000002,-0.02436738
23,0.675000000000002,-1.03897e-05,0.675000000000002,-0.02453201333333333
24,0.6500000000000021,-1.0722053333333333e-05,0.6500000000000021,-0.02464418666666667
25,0.6250000000000022,-1.0955e-05,0.6250000000000022,-0.024721800000000002
26,0.6000000000000023,-1.1133020000000001e-05,0.6000000000000023,-0.02478066666666667
27,0.5750000000000024,-1.1264626666666666e-05,0.5750000000000024,-0.02482418
28,0.5500000000000025,-1.1367273333333333e-05,0.5500000000000025,-0.02485636
29,0.5250000000000026,-1.1445666666666666e-05,0.5250000000000026,-0.024884093333333333
30,0.5000000000000027,-1.1507193333333333e-05,0.5000000000000027,-0.024905586666666667
31,0.47500000000000275,-1.1547886666666668e-05,0.47500000000000275,-0.02492382
32,0.45000000000000284,-1.158752e-05,0.45000000000000284,-0.024938206666666667
33,0.42500000000000293,-1.1619786666666668e-05,0.42500000000000293,-0.024948586666666668
34,0.400000000000003,-1.1642113333333334e-05,0.400000000000003,-0.024958166666666667
35,0.3750000000000031,-1.1660033333333334e-05,0.3750000000000031,-0.024966253333333334
36,0.3500000000000032,-1.1675386666666668e-05,0.3500000000000032,-0.024973073333333335
37,0.3250000000000033,-1.1687266666666667e-05,0.3250000000000033,-0.024980980000000003
38,0.3000000000000034,-1.1697786666666668e-05,0.3000000000000034,-0.024986893333333333
39,0.27500000000000346,-1.170708e-05,0.27500000000000346,-0.024990560000000002
40,0.25000000000000355,-1.1715453333333333e-05,0.25000000000000355,-0.02499402666666667
41,0.22500000000000364,-1.1718733333333334e-05,0.22500000000000364,-0.024999446666666668
42,0.20000000000000373,-1.1729106666666667e-05,0.20000000000000373,-0.024999026666666667
43,0.17500000000000382,-1.1735453333333334e-05,0.17500000000000382,-0.025005493333333333
44,0.1500000000000039,-1.1741460000000002e-05,0.1500000000000039,-0.025008973333333333
45,0.125000000000004,-1.1746413333333334e-05,0.125000000000004,-0.025011639999999998
46,0.10000000000000409,-1.175118e-05,0.10000000000000409,-0.02501544
47,0.07500000000000417,-1.1755093333333334e-05,0.07500000000000417,-0.025018253333333334
48,0.05000000000000426,-1.1758606666666667e-05,0.05000000000000426,-0.025020153333333333
49,0.025000000000004352,-1.1762293333333333e-05,0.025000000000004352,-0.025022973333333334
50,4.440892098500626e-15,-1.1765806666666668e-05,4.440892098500626e-15,-0.025024780000000003
51,-0.02499999999999547,-1.176862e-05,-0.02499999999999547,-0.025025486666666666
52,-0.04999999999999538,-1.1771473333333333e-05,-0.04999999999999538,-0.025030506666666667
53,-0.07499999999999529,-1.1774313333333334e-05,-0.07499999999999529,-0.02503298666666667
54,-0.0999999999999952,-1.17768e-05,-0.0999999999999952,-0.025032286666666667
55,-0.12499999999999512,-1.1779326666666667e-05,-0.12499999999999512,-0.025035706666666668
56,-0.14999999999999503,-1.17814e-05,-0.14999999999999503,-0.02503652
57,-0.17499999999999494,-1.1784000000000001e-05,-0.17499999999999494,-0.025039746666666668
58,-0.19999999999999485,-1.178536e-05,-0.19999999999999485,-0.02504002
59,-0.22499999999999476,-1.1818633333333334e-05,-0.22499999999999476,-0.025043846666666668
