,sample_A_3d_1F_V_D,sample_A_3d_1F_J_D,sample_A_3d_1F_V_L,sample_A_3d_1F_J_L
0,-0.25,-2.2244006666666665e-06,-0.25,-0.02536798666666667
1,-0.225,-1.9809333333333338e-06,-0.225,-0.025354713333333334
2,-0.2,-1.7281626666666667e-06,-0.2,-0.02534564
3,-0.17500000000000002,-1.268226e-06,-0.17500000000000002,-0.025341313333333334
4,-0.15000000000000002,-9.8477e-07,-0.15000000000000002,-0.025338346666666667
5,-0.12500000000000003,-5.439696666666667e-07,-0.12500000000000003,-0.02533076
6,-0.10000000000000003,-4.313940666666667e-07,-0.10000000000000003,-0.025325593333333334
7,-0.07500000000000004,-1.6241593333333334e-07,-0.07500000000000004,-0.025321506666666667
8,-0.050000000000000044,-8.8361e-08,-0.050000000000000044,-0.025314700000000002
9,-0.02500000000000005,-4.7015646666666667e-08,-0.02500000000000005,-0.02530916
10,-5.551115123125783e-17,1.7818826666666668e-08,-5.551115123125783e-17,-0.02530394
11,0.02499999999999991,9.107626666666668e-08,0.02499999999999991,-0.025299866666666667
12,0.04999999999999993,1.5334546666666668e-07,0.04999999999999993,-0.02529456
13,0.07499999999999996,2.139534e-07,0.07499999999999996,-0.025290840000000002
14,0.09999999999999992,2.7519673333333334e-07,0.09999999999999992,-0.025284593333333334
15,0.12499999999999989,4.0789920000000006e-07,0.12499999999999989,-0.025278846666666667
16,0.1499999999999999,5.66559e-07,0.1499999999999999,-0.025273393333333335
17,0.17499999999999993,7.232373333333333e-07,0.17499999999999993,-0.025267086666666667
18,0.1999999999999999,9.395940000000001e-07,0.1999999999999999,-0.025262346666666668
19,0.22499999999999987,1.0621366666666666e-06,0.22499999999999987,-0.025256573333333334
20,0.2499999999999999,1.32376e-06,0.2499999999999999,-0.025250746666666667
21,0.2749999999999999,1.8924886666666669e-06,0.2749999999999999,-0.02524396
22,0.2999999999999998,2.3925846666666664e-06,0.2999999999999998,-0.025237366666666667
23,0.32499999999999984,3.251438e-06,0.32499999999999984,-0.02522762666666667
24,0.34999999999999987,4.096555333333333e-06,0.34999999999999987,-0.025217033333333333
25,0.3749999999999999,5.1338166666666674e-06,0.3749999999999999,-0.02520984
26,0.3999999999999999,6.768933333333334e-06,0.3999999999999999,-0.02519562666666667
27,0.4249999999999998,7.5068666666666675e-06,0.4249999999999998,-0.02517976666666667
28,0.44999999999999984,1.05376e-05,0.44999999999999984,-0.0251617
29,0.47499999999999987,1.4853206666666668e-05,0.47499999999999987,-0.025141066666666666
30,0.4999999999999998,2.0872746666666666e-05,0.4999999999999998,-0.02511588
31,0.5249999999999998,3.0103100000000003e-05,0.5249999999999998,-0.02508566
32,0.5499999999999998,4.305080666666667e-05,0.5499999999999998,-0.025049146666666668
33,0.5749999999999998,6.0941273333333335e-05,0.5749999999999998,-0.025003980000000002
34,0.5999999999999999,7.088633333333333e-05,0.5999999999999999,-0.024948666666666668
35,0.6249999999999998,9.950906666666668e-05,0.6249999999999998,-0.024880346666666667
36,0.6499999999999998,0.0001333620666666667,0.6499999999999998,-0.024790246666666668
37,0.6749999999999998,0.0001723118,0.6749999999999998,-0.02467172
38,0.6999999999999997,0.00021483746666666668,0.6999999999999997,-0.024507893333333333
39,0.7249999999999998,0.00025561753333333336,0.7249999999999998,-0.02427682
40,0.7499999999999998,0.0002949618,0.7499999999999998,-0.023953673333333335
41,0.7749999999999997,0.0003307854666666667,0.7749999999999997,-0.023496720000000002
42,0.7999999999999998,0.00036291946666666664,0.7999999999999998,-0.02287216666666667
43,0.8249999999999997,0.0003945789333333334,0.8249999999999997,-0.022021886666666667
44,0.8499999999999996,0.0004297092,0.8499999999999996,-0.020912326666666668
45,0.8749999999999998,0.000474389,0.8749999999999998,-0.019526846666666667
46,0.8999999999999997,0.0005409536,0.8999999999999997,-0.017866706666666666
47,0.9249999999999998,0.0006485265333333334,0.9249999999999998,-0.015952126666666667
48,0.9499999999999997,0.0006918260000000001,0.9499999999999997,-0.01381438
49,0.9749999999999996,0.000950604,0.9749999999999996,-0.01151946
50,0.9999999999999998,0.0013450266666666668,0.9999999999999998,-0.00909998
51,1.0249999999999997,0.001894506666666667,1.0249999999999997,-0.006653521333333334
52,1.0499999999999998,0.002614102666666667,1.0499999999999998,-0.004148465333333334
53,1.0749999999999997,0.003494316666666667,1.0749999999999997,-0.0016913433333333335
54,1.0999999999999996,0.004517539333333333,1.0999999999999996,0.000691688
55,1.1249999999999998,0.0056500633333333335,1.1249999999999998,0.002959254
56,1.1499999999999997,0.006868186666666667,1.1499999999999997,0.005101768666666667
57,1.1749999999999996,0.008169033333333334,1.1749999999999996,0.007138326666666667
58,1.1999999999999997,0.009480293333333334,1.1999999999999997,0.009025406666666666
59,1.2249999999999996,0.010827673333333333,1.2249999999999996,0.01079978
