,sample_A_3d_1R_V_D,sample_A_3d_1R_J_D,sample_A_3d_1R_V_L,sample_A_3d_1R_J_L
0,1.25,0.023850033333333333,1.25,0.01917946
1,1.225,0.021225993333333335,1.225,0.01597198
2,1.2000000000000002,0.018731333333333336,1.2000000000000002,0.012672453333333333
3,1.1750000000000003,0.016354113333333333,1.1750000000000003,0.00935532
4,1.1500000000000004,0.014080166666666668,1.1500000000000004,0.00593584
5,1.1250000000000004,0.01195618,1.1250000000000004,0.002419718
6,1.1000000000000005,0.010011033333333334,1.1000000000000005,-0.0011811
7,1.0750000000000006,0.00830738,1.0750000000000006,-0.004820476666666667
8,1.0500000000000007,0.006868313333333333,1.0500000000000007,-0.008514066666666667
9,1.0250000000000008,0.005762421333333333,1.0250000000000008,-0.012238606666666667
10,1.0000000000000009,0.004915696,1.0000000000000009,-0.015983826666666666
11,0.975000000000001,0.004325486000000001,0.975000000000001,-0.019703313333333333
12,0.9500000000000011,0.003899930666666667,0.9500000000000011,-0.02341946666666667
13,0.9250000000000012,0.003589081333333333,0.9250000000000012,-0.027038546666666666
14,0.9000000000000012,0.003345054666666667,0.9000000000000012,-0.030592253333333333
15,0.8750000000000013,0.0031428913333333337,0.8750000000000013,-0.03403925333333334
16,0.8500000000000014,0.002983392,0.8500000000000014,-0.03735049333333333
17,0.8250000000000015,0.002842728,0.8250000000000015,-0.04051556666666667
18,0.8000000000000016,0.002713394666666667,0.8000000000000016,-0.04349981333333334
19,0.7750000000000017,0.002590638666666667,0.7750000000000017,-0.0462833
20,0.7500000000000018,0.0024536426666666666,0.7500000000000018,-0.04886281333333334
21,0.7250000000000019,0.0023297380000000005,0.7250000000000019,-0.051246313333333335
22,0.700000000000002,0.0022095266666666666,0.700000000000002,-0.05339390000000001
23,0.675000000000002,0.00209933,0.675000000000002,-0.05531553333333334
24,0.6500000000000021,0.0019967033333333334,0.6500000000000021,-0.05702865333333334
25,0.6250000000000022,0.0018922453333333332,0.6250000000000022,-0.05850578666666666
26,0.6000000000000023,0.0017826246666666668,0.6000000000000023,-0.059803466666666666
27,0.5750000000000024,0.0016841913333333334,0.5750000000000024,-0.06093984
28,0.5500000000000025,0.0015904153333333333,0.5500000000000025,-0.061939560000000005
29,0.5250000000000026,0.0014980619999999999,0.5250000000000026,-0.06283694666666667
30,0.5000000000000027,0.0014035653333333332,0.5000000000000027,-0.06364518
31,0.47500000000000275,0.0013042173333333333,0.47500000000000275,-0.06436276666666667
32,0.45000000000000284,0.00121882,0.45000000000000284,-0.06500956000000001
33,0.42500000000000293,0.00113053,0.42500000000000293,-0.06561851333333334
34,0.400000000000003,0.001041506,0.400000000000003,-0.06615377333333333
35,0.3750000000000031,0.0009576093333333333,0.3750000000000031,-0.06663699333333334
36,0.3500000000000032,0.0008712740000000001,0.3500000000000032,-0.0670548
37,0.3250000000000033,0.0007961033333333334,0.3250000000000033,-0.06741026666666668
38,0.3000000000000034,0.0007167613333333334,0.3000000000000034,-0.0677358
39,0.27500000000000346,0.0006387403333333333,0.27500000000000346,-0.06802546666666667
40,0.25000000000000355,0.0005653804,0.25000000000000355,-0.0682688
41,0.22500000000000364,0.0004902136000000001,0.22500000000000364,-0.0684962
42,0.20000000000000373,0.0004202086666666666,0.20000000000000373,-0.06869720000000001
43,0.17500000000000382,0.00035148653333333336,0.17500000000000382,-0.06888893333333333
44,0.1500000000000039,0.00028755133333333336,0.1500000000000039,-0.06906806666666666
45,0.125000000000004,0.0002221152,0.125000000000004,-0.069235
46,0.10000000000000409,0.0001593152,0.10000000000000409,-0.06939606666666666
47,0.07500000000000417,9.929533333333334e-05,0.07500000000000417,-0.0695568
48,0.05000000000000426,3.920450666666666e-05,0.05000000000000426,-0.06968873333333334
49,0.025000000000004352,-2.0090953333333332e-05,0.025000000000004352,-0.06981546666666667
50,4.440892098500626e-15,-8.01914e-05,4.440892098500626e-15,-0.06995013333333333
51,-0.02499999999999547,-0.00014009266666666667,-0.02499999999999547,-0.07006606666666668
52,-0.04999999999999538,-0.00020150193333333334,-0.04999999999999538,-0.0701724
53,-0.07499999999999529,-0.0002642325333333334,-0.07499999999999529,-0.07028833333333334
54,-0.0999999999999952,-0.0003259236666666667,-0.0999999999999952,-0.0703988
55,-0.12499999999999512,-0.0003915697333333333,-0.12499999999999512,-0.07050426666666668
56,-0.14999999999999503,-0.0004605113333333333,-0.14999999999999503,-0.07059026666666668
57,-0.17499999999999494,-0.0005300386666666667,-0.17499999999999494,-0.07069526666666667
58,-0.19999999999999485,-0.0005992848,-0.19999999999999485,-0.07078073333333335
59,-0.22499999999999476,-0.0006732753333333334,-0.22499999999999476,-0.07086933333333334
