,sample_A_3d_1F_V_D,sample_A_3d_1F_J_D,sample_A_3d_1F_V_L,sample_A_3d_1F_J_L
0,-0.25,-1.9169766666666665e-08,-0.25,-0.025272066666666666
1,-0.225,-6.735826666666666e-09,-0.225,-0.025258333333333334
2,-0.2,-5.866027333333334e-09,-0.2,-0.025249146666666666
3,-0.17500000000000002,-1.6214586666666666e-09,-0.17500000000000002,-0.025243613333333335
4,-0.15000000000000002,-6.012690666666667e-10,-0.15000000000000002,-0.025238353333333335
5,-0.12500000000000003,8.455913333333334e-10,-0.12500000000000003,-0.02523454666666667
6,-0.10000000000000003,1.7498353333333335e-09,-0.10000000000000003,-0.02523130666666667
7,-0.07500000000000004,2.1857713333333335e-09,-0.07500000000000004,-0.025228173333333333
8,-0.050000000000000044,3.1982580000000003e-09,-0.050000000000000044,-0.025226059999999998
9,-0.02500000000000005,3.840583333333333e-09,-0.02500000000000005,-0.025222826666666667
10,-5.551115123125783e-17,4.4339100000000005e-09,-5.551115123125783e-17,-0.025219693333333335
11,0.02499999999999991,5.058117333333334e-09,0.02499999999999991,-0.025216813333333334
12,0.04999999999999993,5.837026666666667e-09,0.04999999999999993,-0.025211653333333334
13,0.07499999999999996,6.709233333333333e-09,0.07499999999999996,-0.025210553333333333
14,0.09999999999999992,7.978446666666668e-09,0.09999999999999992,-0.025207566666666667
15,0.12499999999999989,9.811126666666668e-09,0.12499999999999989,-0.025201833333333333
16,0.1499999999999999,1.2022693333333333e-08,0.1499999999999999,-0.025198553333333335
17,0.17499999999999993,1.5414866666666668e-08,0.17499999999999993,-0.02519422
18,0.1999999999999999,2.0162173333333333e-08,0.1999999999999999,-0.02519264
19,0.22499999999999987,2.9366820000000003e-08,0.22499999999999987,-0.02518968
20,0.2499999999999999,4.4844393333333336e-08,0.2499999999999999,-0.02518476
21,0.2749999999999999,7.26798e-08,0.2749999999999999,-0.02518026
22,0.2999999999999998,1.2036833333333333e-07,0.2999999999999998,-0.025175926666666668
23,0.32499999999999984,2.0115013333333336e-07,0.32499999999999984,-0.025171133333333335
24,0.34999999999999987,3.2560960000000005e-07,0.34999999999999987,-0.025164793333333334
25,0.3749999999999999,5.059225333333334e-07,0.3749999999999999,-0.025157393333333333
26,0.3999999999999999,7.500933333333334e-07,0.3999999999999999,-0.02514704666666667
27,0.4249999999999998,1.071294e-06,0.4249999999999998,-0.025136540000000002
28,0.44999999999999984,1.47796e-06,0.44999999999999984,-0.02512412
29,0.47499999999999987,1.9892893333333336e-06,0.47499999999999987,-0.025110086666666667
30,0.4999999999999998,2.6268813333333335e-06,0.4999999999999998,-0.02509144666666667
31,0.5249999999999998,3.4251066666666665e-06,0.5249999999999998,-0.02506918
32,0.5499999999999998,4.408674e-06,0.5499999999999998,-0.02504122666666667
33,0.5749999999999998,5.649542e-06,0.5749999999999998,-0.025009033333333333
34,0.5999999999999999,6.98272e-06,0.5999999999999999,-0.02496782
35,0.6249999999999998,3.974388e-06,0.6249999999999998,-0.024918046666666666
36,0.6499999999999998,4.396559333333334e-06,0.6499999999999998,-0.024850273333333336
37,0.6749999999999998,6.339633333333334e-06,0.6749999999999998,-0.02476024
38,0.6999999999999997,5.0755093333333335e-06,0.6999999999999997,-0.024643186666666667
39,0.7249999999999998,7.72688e-06,0.7249999999999998,-0.024468220000000002
40,0.7499999999999998,1.1638526666666666e-05,0.7499999999999998,-0.02421364
41,0.7749999999999997,1.7502873333333334e-05,0.7749999999999997,-0.023831453333333336
42,0.7999999999999998,2.647376e-05,0.7999999999999998,-0.02328728
43,0.8249999999999997,4.0624706666666674e-05,0.8249999999999997,-0.022523880000000003
44,0.8499999999999996,6.340658000000001e-05,0.8499999999999996,-0.021493840000000004
45,0.8749999999999998,8.361353333333334e-05,0.8749999999999998,-0.02016970666666667
46,0.8999999999999997,0.0001431112666666667,0.8999999999999997,-0.018546526666666667
47,0.9249999999999998,0.0002440818,0.9249999999999998,-0.016638860000000002
48,0.9499999999999997,0.0004141671333333333,0.9499999999999997,-0.014475073333333333
49,0.9749999999999996,0.0006893413333333334,0.9749999999999996,-0.012119313333333333
50,0.9999999999999998,0.0010618993333333334,0.9999999999999998,-0.009603633333333335
51,1.0249999999999997,0.0016705486666666667,1.0249999999999997,-0.006998766666666666
52,1.0499999999999998,0.00249757,1.0499999999999998,-0.004357127333333334
53,1.0749999999999997,0.0035360606666666665,1.0749999999999997,-0.0016670220000000002
54,1.0999999999999996,0.004765711333333333,1.0999999999999996,0.0009929413333333334
55,1.1249999999999998,0.006147471333333334,1.1249999999999998,0.003596184
56,1.1499999999999997,0.007691293333333334,1.1499999999999997,0.0061358540000000005
57,1.1749999999999996,0.009305286666666667,1.1749999999999996,0.008668686666666668
58,1.1999999999999997,0.010986766666666668,1.1999999999999997,0.01107878
59,1.2249999999999996,0.01271986,1.2249999999999996,0.013410386666666668
