,sample_A_1F_V_D,sample_A_1F_J_D,sample_A_1F_V_L,sample_A_1F_J_L
0,-0.25,-1.4093993333333334e-08,-0.25,-0.02547104
1,-0.225,-1.4277546666666667e-09,-0.225,-0.02536122
2,-0.2,-3.770198666666667e-10,-0.2,-0.025348393333333333
3,-0.17500000000000002,3.347258e-09,-0.17500000000000002,-0.025334266666666667
4,-0.15000000000000002,3.916087333333334e-09,-0.15000000000000002,-0.025322493333333335
5,-0.12500000000000003,5.363501333333334e-09,-0.12500000000000003,-0.025304820000000002
6,-0.10000000000000003,6.0454253333333335e-09,-0.10000000000000003,-0.025295673333333334
7,-0.07500000000000004,6.319943333333334e-09,-0.07500000000000004,-0.025263586666666667
8,-0.050000000000000044,7.07972e-09,-0.050000000000000044,-0.02521876666666667
9,-0.02500000000000005,7.418000000000001e-09,-0.02500000000000005,-0.025171526666666666
10,-5.551115123125783e-17,7.879106666666666e-09,-5.551115123125783e-17,-0.025044293333333335
11,0.02499999999999991,8.532846666666668e-09,0.02499999999999991,-0.025090993333333336
12,0.04999999999999993,9.074819999999999e-09,0.04999999999999993,-0.024931693333333334
13,0.07499999999999996,1.0260813333333334e-08,0.07499999999999996,-0.024737513333333336
14,0.09999999999999992,1.1516926666666666e-08,0.09999999999999992,-0.02451096666666667
15,0.12499999999999989,1.366674e-08,0.12499999999999989,-0.02437276
16,0.1499999999999999,1.6354853333333335e-08,0.1499999999999999,-0.023967806666666668
17,0.17499999999999993,2.0420560000000003e-08,0.17499999999999993,-0.023504653333333334
18,0.1999999999999999,2.8594933333333333e-08,0.1999999999999999,-0.02280388666666667
19,0.22499999999999987,4.113772e-08,0.22499999999999987,-0.022265366666666668
20,0.2499999999999999,6.333992666666667e-08,0.2499999999999999,-0.02157944
21,0.2749999999999999,1.0081913333333334e-07,0.2749999999999999,-0.02092740666666667
22,0.2999999999999998,1.5911253333333333e-07,0.2999999999999998,-0.020291153333333336
23,0.32499999999999984,2.4406253333333336e-07,0.32499999999999984,-0.019545080000000003
24,0.34999999999999987,3.5482073333333336e-07,0.34999999999999987,-0.018818266666666666
25,0.3749999999999999,4.900505333333333e-07,0.3749999999999999,-0.01806080666666667
26,0.3999999999999999,6.461205333333333e-07,0.3999999999999999,-0.017331366666666667
27,0.4249999999999998,8.19042e-07,0.4249999999999998,-0.016575333333333334
28,0.44999999999999984,1.016924e-06,0.44999999999999984,-0.015906673333333333
29,0.47499999999999987,1.2486713333333334e-06,0.47499999999999987,-0.015207566666666669
30,0.4999999999999998,1.5195566666666668e-06,0.4999999999999998,-0.014420180000000001
31,0.5249999999999998,1.8365880000000002e-06,0.5249999999999998,-0.01369214
32,0.5499999999999998,2.2145013333333335e-06,0.5499999999999998,-0.0129674
33,0.5749999999999998,2.66861e-06,0.5749999999999998,-0.01223744
34,0.5999999999999999,3.206024666666667e-06,0.5999999999999999,-0.011515833333333333
35,0.6249999999999998,3.8641093333333336e-06,0.6249999999999998,-0.0108252
36,0.6499999999999998,4.701122666666667e-06,0.6499999999999998,-0.010163106666666666
37,0.6749999999999998,5.815177333333333e-06,0.6749999999999998,-0.009525446666666666
38,0.6999999999999997,6.9994333333333345e-06,0.6999999999999997,-0.008857660000000002
39,0.7249999999999998,4.931045333333334e-06,0.7249999999999998,-0.008211233333333333
40,0.7499999999999998,7.713813333333334e-06,0.7499999999999998,-0.007581600000000001
41,0.7749999999999997,1.204058e-05,0.7749999999999997,-0.006967993333333333
42,0.7999999999999998,1.9013726666666668e-05,0.7999999999999998,-0.006369155333333334
43,0.8249999999999997,3.0482099999999997e-05,0.8249999999999997,-0.005769692000000001
44,0.8499999999999996,4.98606e-05,0.8499999999999996,-0.005173892
45,0.8749999999999998,7.146906666666667e-05,0.8749999999999998,-0.00459865
46,0.8999999999999997,0.000125541,0.8999999999999997,-0.004034858666666667
47,0.9249999999999998,0.00021637573333333334,0.9249999999999998,-0.0034817306666666665
48,0.9499999999999997,0.00036476413333333337,0.9499999999999997,-0.0029425993333333338
49,0.9749999999999996,0.0005929208666666667,0.9749999999999996,-0.002401756
50,0.9999999999999998,0.0009650993333333335,0.9999999999999998,-0.0018695613333333334
51,1.0249999999999997,0.0014941153333333332,1.0249999999999997,-0.0013475573333333335
52,1.0499999999999998,0.0021830653333333333,1.0499999999999998,-0.000826216
53,1.0749999999999997,0.003026664,1.0749999999999997,-0.000304084
54,1.0999999999999996,0.00400789,1.0999999999999996,0.00022091753333333336
55,1.1249999999999998,0.005101308666666667,1.1249999999999998,0.002545904
56,1.1499999999999997,0.006291527333333333,1.1499999999999997,0.004320812666666667
57,1.1749999999999996,0.007596873333333334,1.1749999999999996,0.006087256666666667
58,1.1999999999999997,0.008939253333333333,1.1999999999999997,0.007885153333333334
59,1.2249999999999996,0.010325413333333335,1.2249999999999996,0.009638006666666667
