,sample_A_3d_1R_V_D,sample_A_3d_1R_J_D,sample_A_3d_1R_V_L,sample_A_3d_1R_J_L
0,1.25,0.01070054,1.25,0.010185993333333334
1,1.225,0.009383460000000001,1.225,0.00857016
2,1.2000000000000002,0.008117246666666668,1.2000000000000002,0.00688056
3,1.1750000000000003,0.00688524,1.1750000000000003,0.005095142666666667
4,1.1500000000000004,0.005694716,1.1500000000000004,0.0031224053333333336
5,1.1250000000000004,0.004530436,1.1250000000000004,0.0009949346666666666
6,1.1000000000000005,0.0034441479999999997,1.1000000000000005,-0.0013006106666666668
7,1.0750000000000006,0.002481004,1.0750000000000006,-0.003726734
8,1.0500000000000007,0.001684004,1.0500000000000007,-0.006255930000000001
9,1.0250000000000008,0.001075828,1.0250000000000008,-0.008845106666666668
10,1.0000000000000009,0.0006580892666666667,1.0000000000000009,-0.011416213333333335
11,0.975000000000001,0.0003814444,0.975000000000001,-0.01388282
12,0.9500000000000011,0.00021716406666666668,0.9500000000000011,-0.016190933333333334
13,0.9250000000000012,0.00012275573333333335,0.9250000000000012,-0.018253053333333335
14,0.9000000000000012,6.847960000000001e-05,0.9000000000000012,-0.020018853333333333
15,0.8750000000000013,3.8377720000000005e-05,0.8750000000000013,-0.021461740000000003
16,0.8500000000000014,1.919516666666667e-05,0.8500000000000014,-0.022581093333333333
17,0.8250000000000015,9.101173333333334e-06,0.8250000000000015,-0.023407453333333335
18,0.8000000000000016,2.7292233333333336e-06,0.8000000000000016,-0.023992893333333334
19,0.7750000000000017,-1.3167626666666667e-06,0.7750000000000017,-0.02439492
20,0.7500000000000018,-3.5905866666666667e-06,0.7500000000000018,-0.024661253333333334
21,0.7250000000000019,-4.934324666666666e-06,0.7250000000000019,-0.024840253333333336
22,0.700000000000002,-6.151612666666667e-06,0.700000000000002,-0.02495586666666667
23,0.675000000000002,-6.756106666666666e-06,0.675000000000002,-0.02503746
24,0.6500000000000021,-7.3281933333333336e-06,0.6500000000000021,-0.02509404
25,0.6250000000000022,-7.944333333333335e-06,0.6250000000000022,-0.02513676
26,0.6000000000000023,-8.261580000000001e-06,0.6000000000000023,-0.02517172
27,0.5750000000000024,-8.64516e-06,0.5750000000000024,-0.02520032666666667
28,0.5500000000000025,-8.979293333333335e-06,0.5500000000000025,-0.025221013333333334
29,0.5250000000000026,-9.1123e-06,0.5250000000000026,-0.025240673333333335
30,0.5000000000000027,-9.356193333333333e-06,0.5000000000000027,-0.025254706666666668
31,0.47500000000000275,-9.666966666666667e-06,0.47500000000000275,-0.02526722
32,0.45000000000000284,-9.988306666666667e-06,0.45000000000000284,-0.025276113333333336
33,0.42500000000000293,-1.0222133333333333e-05,0.42500000000000293,-0.025281913333333336
34,0.400000000000003,-1.04501e-05,0.400000000000003,-0.02528790666666667
35,0.3750000000000031,-1.0720993333333334e-05,0.3750000000000031,-0.025292266666666667
36,0.3500000000000032,-1.0906400000000001e-05,0.3500000000000032,-0.02530021333333333
37,0.3250000000000033,-1.1144626666666667e-05,0.3250000000000033,-0.025303873333333334
38,0.3000000000000034,-1.12105e-05,0.3000000000000034,-0.025308953333333335
39,0.27500000000000346,-1.1299133333333335e-05,0.27500000000000346,-0.0253135
40,0.25000000000000355,-1.1573906666666667e-05,0.25000000000000355,-0.025317660000000002
41,0.22500000000000364,-1.1689226666666667e-05,0.22500000000000364,-0.025320653333333335
42,0.20000000000000373,-1.1742633333333333e-05,0.20000000000000373,-0.025322986666666665
43,0.17500000000000382,-1.179216e-05,0.17500000000000382,-0.0253246
44,0.1500000000000039,-1.1851973333333334e-05,0.1500000000000039,-0.025325853333333332
45,0.125000000000004,-1.187536e-05,0.125000000000004,-0.025331020000000003
46,0.10000000000000409,-1.1852146666666667e-05,0.10000000000000409,-0.025332613333333334
47,0.07500000000000417,-1.1871926666666668e-05,0.07500000000000417,-0.025336393333333335
48,0.05000000000000426,-1.1910020000000001e-05,0.05000000000000426,-0.0253391
49,0.025000000000004352,-1.1944073333333334e-05,0.025000000000004352,-0.025338986666666667
50,4.440892098500626e-15,-1.1979639999999999e-05,4.440892098500626e-15,-0.025341660000000002
51,-0.02499999999999547,-1.2021653333333333e-05,-0.02499999999999547,-0.025343506666666668
52,-0.04999999999999538,-1.2063793333333334e-05,-0.04999999999999538,-0.0253462
53,-0.07499999999999529,-1.214026e-05,-0.07499999999999529,-0.025349513333333334
54,-0.0999999999999952,-1.2137193333333334e-05,-0.0999999999999952,-0.025350653333333334
55,-0.12499999999999512,-1.2200013333333334e-05,-0.12499999999999512,-0.025352013333333336
56,-0.14999999999999503,-1.2191073333333333e-05,-0.14999999999999503,-0.02535466
57,-0.17499999999999494,-1.2224046666666667e-05,-0.17499999999999494,-0.025356046666666666
58,-0.19999999999999485,-1.2358893333333334e-05,-0.19999999999999485,-0.025358293333333334
59,-0.22499999999999476,-1.2451326666666666e-05,-0.22499999999999476,-0.02536026
