,sample_A_3d_1F_V_D,sample_A_3d_1F_J_D,sample_A_3d_1F_V_L,sample_A_3d_1F_J_L
0,-0.25,-2.018038e-06,-0.25,-0.025456753333333335
1,-0.225,-1.6871926666666668e-06,-0.225,-0.025445640000000002
2,-0.2,-1.489904e-06,-0.2,-0.025437246666666666
3,-0.17500000000000002,-9.827253333333335e-07,-0.17500000000000002,-0.02543002
4,-0.15000000000000002,-7.72762e-07,-0.15000000000000002,-0.025422346666666668
5,-0.12500000000000003,-5.913973333333333e-07,-0.12500000000000003,-0.025416613333333334
6,-0.10000000000000003,-4.984936e-07,-0.10000000000000003,-0.0254126
7,-0.07500000000000004,-3.6225013333333336e-07,-0.07500000000000004,-0.025406953333333336
8,-0.050000000000000044,-2.3281166666666666e-07,-0.050000000000000044,-0.025403360000000003
9,-0.02500000000000005,-1.0154620000000001e-07,-0.02500000000000005,-0.025397146666666665
10,-5.551115123125783e-17,2.464196e-08,-5.551115123125783e-17,-0.025391720000000003
11,0.02499999999999991,1.8746940000000002e-07,0.02499999999999991,-0.02538532
12,0.04999999999999993,4.222974666666667e-07,0.04999999999999993,-0.02538204
13,0.07499999999999996,3.754256666666667e-07,0.07499999999999996,-0.025375973333333336
14,0.09999999999999992,6.746673333333334e-07,0.09999999999999992,-0.02537072
15,0.12499999999999989,8.032673333333334e-07,0.12499999999999989,-0.02536628
16,0.1499999999999999,9.98554e-07,0.1499999999999999,-0.02536142666666667
17,0.17499999999999993,1.1900006666666667e-06,0.17499999999999993,-0.025355553333333333
18,0.1999999999999999,1.4291373333333335e-06,0.1999999999999999,-0.02534874
19,0.22499999999999987,1.7303546666666667e-06,0.22499999999999987,-0.02534296
20,0.2499999999999999,2.011814e-06,0.2499999999999999,-0.025338373333333334
21,0.2749999999999999,2.532272e-06,0.2749999999999999,-0.025330613333333335
22,0.2999999999999998,2.939584e-06,0.2999999999999998,-0.025324073333333332
23,0.32499999999999984,3.325848e-06,0.32499999999999984,-0.025314946666666668
24,0.34999999999999987,4.000552666666667e-06,0.34999999999999987,-0.0253067
25,0.3749999999999999,5.057428e-06,0.3749999999999999,-0.025295253333333333
26,0.3999999999999999,6.606417333333334e-06,0.3999999999999999,-0.025282033333333336
27,0.4249999999999998,7.371626666666667e-06,0.4249999999999998,-0.02526680666666667
28,0.44999999999999984,8.577846666666667e-06,0.44999999999999984,-0.025251153333333335
29,0.47499999999999987,1.1463066666666667e-05,0.47499999999999987,-0.025231393333333334
30,0.4999999999999998,1.5549806666666667e-05,0.4999999999999998,-0.025207533333333334
31,0.5249999999999998,2.163372e-05,0.5249999999999998,-0.0251776
32,0.5499999999999998,2.985722e-05,0.5499999999999998,-0.025141366666666668
33,0.5749999999999998,4.181997333333333e-05,0.5749999999999998,-0.025097926666666666
34,0.5999999999999999,5.8017313333333336e-05,0.5999999999999999,-0.025044966666666668
35,0.6249999999999998,6.71362e-05,0.6249999999999998,-0.024972280000000003
36,0.6499999999999998,9.48536e-05,0.6499999999999998,-0.024882873333333333
37,0.6749999999999998,0.000128444,0.6749999999999998,-0.024765560000000002
38,0.6999999999999997,0.00016792833333333334,0.6999999999999997,-0.02459822
39,0.7249999999999998,0.00021171646666666669,0.7249999999999998,-0.024368753333333333
40,0.7499999999999998,0.00025676286666666666,0.7499999999999998,-0.024045606666666667
41,0.7749999999999997,0.000299189,0.7749999999999997,-0.023586073333333332
42,0.7999999999999998,0.00033627620000000006,0.7999999999999998,-0.02295214
43,0.8249999999999997,0.0003685152666666667,0.8249999999999997,-0.022096246666666666
44,0.8499999999999996,0.0004039804666666667,0.8499999999999996,-0.0209797
45,0.8749999999999998,0.0004528653333333333,0.8749999999999998,-0.019591153333333337
46,0.8999999999999997,0.0005273348,0.8999999999999997,-0.01793094
47,0.9249999999999998,0.0006406248666666667,0.9249999999999998,-0.016016333333333334
48,0.9499999999999997,0.0006871066666666667,0.9499999999999997,-0.013885086666666668
49,0.9749999999999996,0.0009533766666666667,0.9749999999999996,-0.01159376
50,0.9999999999999998,0.0013585206666666667,0.9999999999999998,-0.00917976
51,1.0249999999999997,0.0019193406666666668,1.0249999999999997,-0.006702533333333333
52,1.0499999999999998,0.002654636,1.0499999999999998,-0.004226551333333333
53,1.0749999999999997,0.003554644,1.0749999999999997,-0.0017426733333333335
54,1.0999999999999996,0.004602712666666667,1.0999999999999996,0.0006718633333333333
55,1.1249999999999998,0.00576183,1.1249999999999998,0.002980388
56,1.1499999999999997,0.0070173733333333335,1.1499999999999997,0.005168838
57,1.1749999999999996,0.00830984,1.1749999999999996,0.007254000000000001
58,1.1999999999999997,0.0096557,1.1999999999999997,0.00919304
59,1.2249999999999996,0.01103354,1.2249999999999996,0.011012833333333335
