,sample_A_3d_1R_V_D,sample_A_3d_1R_J_D,sample_A_3d_1R_V_L,sample_A_3d_1R_J_L
0,1.25,0.01609209333333333,1.25,0.015486133333333334
1,1.225,0.013985926666666667,1.225,0.012945613333333335
2,1.2000000000000002,0.011930806666666667,1.2000000000000002,0.010286253333333334
3,1.1750000000000003,0.009923093333333334,1.1750000000000003,0.007507586666666667
4,1.1500000000000004,0.007983166666666666,1.1500000000000004,0.0046388620000000005
5,1.1250000000000004,0.0061911940000000006,1.1250000000000004,0.0016272373333333333
6,1.1000000000000005,0.004540082666666666,1.1000000000000005,-0.0014429026666666668
7,1.0750000000000006,0.003155066,1.0750000000000006,-0.004517139333333334
8,1.0500000000000007,0.002064914666666667,1.0500000000000007,-0.007536666666666667
9,1.0250000000000008,0.001279704,1.0250000000000008,-0.01047138
10,1.0000000000000009,0.0007587620000000001,1.0000000000000009,-0.013231120000000002
11,0.975000000000001,0.0004452399333333334,0.975000000000001,-0.015730133333333333
12,0.9500000000000011,0.00025139973333333337,0.9500000000000011,-0.01792914
13,0.9250000000000012,0.00014359460000000002,0.9250000000000012,-0.01976903333333333
14,0.9000000000000012,8.249800000000001e-05,0.9000000000000012,-0.021242426666666668
15,0.8750000000000013,4.901778e-05,0.8750000000000013,-0.02236508
16,0.8500000000000014,2.8103386666666667e-05,0.8500000000000014,-0.02318834
17,0.8250000000000015,1.672516e-05,0.8250000000000015,-0.02376678
18,0.8000000000000016,1.0101980000000001e-05,0.8000000000000016,-0.024161686666666668
19,0.7750000000000017,6.244030666666667e-06,0.7750000000000017,-0.02442330666666667
20,0.7500000000000018,3.826992666666667e-06,0.7500000000000018,-0.024595273333333334
21,0.7250000000000019,2.42681e-06,0.7250000000000019,-0.02471096
22,0.700000000000002,1.5759433333333335e-06,0.700000000000002,-0.024792453333333336
23,0.675000000000002,1.046362e-06,0.675000000000002,-0.024850566666666667
24,0.6500000000000021,7.113493333333334e-07,0.6500000000000021,-0.024893186666666667
25,0.6250000000000022,4.855295333333333e-07,0.6250000000000022,-0.024928893333333334
26,0.6000000000000023,3.312966666666667e-07,0.6000000000000023,-0.0249567
27,0.5750000000000024,2.250116666666667e-07,0.5750000000000024,-0.02497842
28,0.5500000000000025,1.4863786666666668e-07,0.5500000000000025,-0.024997133333333334
29,0.5250000000000026,9.177346666666667e-08,0.5250000000000026,-0.025013546666666667
30,0.5000000000000027,5.154637333333334e-08,0.5000000000000027,-0.025024806666666666
31,0.47500000000000275,2.2227026666666667e-08,0.47500000000000275,-0.025032373333333333
32,0.45000000000000284,1.1322786666666669e-09,0.45000000000000284,-0.025041033333333334
33,0.42500000000000293,-1.442092e-08,0.42500000000000293,-0.02505098
34,0.400000000000003,-2.4342153333333332e-08,0.400000000000003,-0.025057013333333336
35,0.3750000000000031,-3.142566666666667e-08,0.3750000000000031,-0.02506070666666667
36,0.3500000000000032,-3.6402366666666666e-08,0.3500000000000032,-0.025065506666666668
37,0.3250000000000033,-4.018536e-08,0.3250000000000033,-0.025070413333333333
38,0.3000000000000034,-4.300656666666667e-08,0.3000000000000034,-0.025073480000000002
39,0.27500000000000346,-4.481259333333334e-08,0.27500000000000346,-0.025079473333333335
40,0.25000000000000355,-4.6775066666666666e-08,0.25000000000000355,-0.02508302
41,0.22500000000000364,-4.4186886666666665e-08,0.22500000000000364,-0.025086326666666665
42,0.20000000000000373,-4.842165333333333e-08,0.20000000000000373,-0.02508932
43,0.17500000000000382,-4.953722666666667e-08,0.17500000000000382,-0.025093046666666667
44,0.1500000000000039,-5.01922e-08,0.1500000000000039,-0.025096193333333336
45,0.125000000000004,-5.118788666666667e-08,0.125000000000004,-0.025098426666666666
46,0.10000000000000409,-4.91935e-08,0.10000000000000409,-0.025100666666666667
47,0.07500000000000417,-5.178808666666667e-08,0.07500000000000417,-0.0251036
48,0.05000000000000426,-5.214357333333333e-08,0.05000000000000426,-0.02510682
49,0.025000000000004352,-5.251220666666667e-08,0.025000000000004352,-0.025110026666666667
50,4.440892098500626e-15,-5.2794826666666666e-08,4.440892098500626e-15,-0.025114973333333335
51,-0.02499999999999547,-5.2885126666666665e-08,-0.02499999999999547,-0.02511414
52,-0.04999999999999538,-5.322257333333334e-08,-0.04999999999999538,-0.02511756
53,-0.07499999999999529,-5.326378666666667e-08,-0.07499999999999529,-0.025121786666666666
54,-0.0999999999999952,-5.366360666666667e-08,-0.0999999999999952,-0.025123613333333336
55,-0.12499999999999512,-5.388925333333334e-08,-0.12499999999999512,-0.025127200000000002
56,-0.14999999999999503,-5.410806e-08,-0.14999999999999503,-0.02512928
57,-0.17499999999999494,-5.4305133333333334e-08,-0.17499999999999494,-0.025129213333333334
58,-0.19999999999999485,-5.314732666666667e-08,-0.19999999999999485,-0.025132980000000003
59,-0.22499999999999476,-5.4908759999999995e-08,-0.22499999999999476,-0.025135813333333337
