,sample_A_3d_1F_V_D,sample_A_3d_1F_J_D,sample_A_3d_1F_V_L,sample_A_3d_1F_J_L
0,-0.25,-0.003048546,-0.25,-0.07466766666666667
1,-0.225,-0.0027080493333333333,-0.225,-0.07425213333333333
2,-0.2,-0.0024102,-0.2,-0.07395093333333334
3,-0.17500000000000002,-0.002062852,-0.17500000000000002,-0.07366853333333334
4,-0.15000000000000002,-0.0017506013333333334,-0.15000000000000002,-0.07339280000000001
5,-0.12500000000000003,-0.0014268166666666668,-0.12500000000000003,-0.07311873333333334
6,-0.10000000000000003,-0.0011293726666666668,-0.10000000000000003,-0.07284253333333333
7,-0.07500000000000004,-0.0008361506666666667,-0.07500000000000004,-0.07256573333333334
8,-0.050000000000000044,-0.0005383834666666667,-0.050000000000000044,-0.07229693333333334
9,-0.02500000000000005,-0.0002601988,-0.02500000000000005,-0.07201726666666668
10,-5.551115123125783e-17,1.5604273333333335e-05,-5.551115123125783e-17,-0.071742
11,0.02499999999999991,0.00045010126666666673,0.02499999999999991,-0.07144713333333334
12,0.04999999999999993,0.0006856673333333333,0.04999999999999993,-0.0711462
13,0.07499999999999996,0.001016634,0.07499999999999996,-0.07083846666666667
14,0.09999999999999992,0.0013497066666666667,0.09999999999999992,-0.07052966666666667
15,0.12499999999999989,0.0016850513333333335,0.12499999999999989,-0.07020173333333334
16,0.1499999999999999,0.0020187093333333336,0.1499999999999999,-0.0698498
17,0.17499999999999993,0.0023598353333333334,0.17499999999999993,-0.06946480000000001
18,0.1999999999999999,0.0027095226666666665,0.1999999999999999,-0.06907773333333334
19,0.22499999999999987,0.003057646,0.22499999999999987,-0.06862086666666667
20,0.2499999999999999,0.003420140666666667,0.2499999999999999,-0.06811846666666667
21,0.2749999999999999,0.0037877273333333334,0.2749999999999999,-0.06751373333333334
22,0.2999999999999998,0.004154856666666667,0.2999999999999998,-0.06680146666666667
23,0.32499999999999984,0.004534894666666667,0.32499999999999984,-0.06410619333333334
24,0.34999999999999987,0.00491515,0.34999999999999987,-0.06289503333333334
25,0.3749999999999999,0.005287590000000001,0.3749999999999999,-0.061592553333333334
26,0.3999999999999999,0.0056659860000000005,0.3999999999999999,-0.060214226666666676
27,0.4249999999999998,0.006020298,0.4249999999999998,-0.05871634666666667
28,0.44999999999999984,0.006304014,0.44999999999999984,-0.05705699333333334
29,0.47499999999999987,0.006572133333333334,0.47499999999999987,-0.05527974666666667
30,0.4999999999999998,0.006809786666666667,0.4999999999999998,-0.05349359333333334
31,0.5249999999999998,0.007112720000000001,0.5249999999999998,-0.05155998666666667
32,0.5499999999999998,0.00748588,0.5499999999999998,-0.04949918666666667
33,0.5749999999999998,0.007918979999999999,0.5749999999999998,-0.04743166666666667
34,0.5999999999999999,0.008425380000000001,0.5999999999999999,-0.04551072
35,0.6249999999999998,0.0088702,0.6249999999999998,-0.043336693333333336
36,0.6499999999999998,0.009235633333333335,0.6499999999999998,-0.04080916666666667
37,0.6749999999999998,0.009743193333333334,0.6749999999999998,-0.038254093333333336
38,0.6999999999999997,0.010198833333333334,0.6999999999999997,-0.03583981333333333
39,0.7249999999999998,0.010803566666666667,0.7249999999999998,-0.033901313333333336
40,0.7499999999999998,0.01092624,0.7499999999999998,-0.031138213333333338
41,0.7749999999999997,0.01101962,0.7749999999999997,-0.02843028
42,0.7999999999999998,0.01175546,0.7999999999999998,-0.025802773333333334
43,0.8249999999999997,0.0129359,0.8249999999999997,-0.022843533333333336
44,0.8499999999999996,0.013092746666666667,0.8499999999999996,-0.01970094
45,0.8749999999999998,0.012981453333333334,0.8749999999999998,-0.0165769
46,0.8999999999999997,0.013889493333333334,0.8999999999999997,-0.013214266666666667
47,0.9249999999999998,0.014232346666666668,0.9249999999999998,-0.009958553333333333
48,0.9499999999999997,0.01289126,0.9499999999999997,-0.006689233333333334
49,0.9749999999999996,0.013358353333333335,0.9749999999999996,-0.003256658
50,0.9999999999999998,0.013898993333333335,0.9999999999999998,0.000866352
51,1.0249999999999997,0.015601593333333334,1.0249999999999997,0.005253308
52,1.0499999999999998,0.015311013333333335,1.0499999999999998,0.007857686666666667
53,1.0749999999999997,0.013062513333333334,1.0749999999999997,0.011344493333333334
54,1.0999999999999996,0.01454008,1.0999999999999996,0.014650766666666667
55,1.1249999999999998,0.01633438666666667,1.1249999999999998,0.017808453333333335
56,1.1499999999999997,0.026357253333333334,1.1499999999999997,0.022963340000000002
57,1.1749999999999996,0.027874306666666668,1.1749999999999996,0.026078533333333334
58,1.1999999999999997,0.029013886666666665,1.1999999999999997,0.027867513333333333
59,1.2249999999999996,0.031022053333333334,1.2249999999999996,0.029243613333333335
