,sample_A_3d_1R_V_D,sample_A_3d_1R_J_D,sample_A_3d_1R_V_L,sample_A_3d_1R_J_L
0,1.25,0.02907972,1.25,0.02353300666666667
1,1.225,0.02609774,1.225,0.020470366666666667
2,1.2000000000000002,0.023017020000000003,1.2000000000000002,0.017319193333333333
3,1.1750000000000003,0.02055616,1.1750000000000003,0.014171326666666668
4,1.1500000000000004,0.018256813333333337,1.1500000000000004,0.010926320000000002
5,1.1250000000000004,0.01606980666666667,1.1250000000000004,0.00755042
6,1.1000000000000005,0.014086826666666667,1.1000000000000005,0.004086344666666667
7,1.0750000000000006,0.012311766666666666,1.0750000000000006,0.0003765679333333333
8,1.0500000000000007,0.01079284,1.0500000000000007,-0.003405232
9,1.0250000000000008,0.009532053333333334,1.0250000000000008,-0.007126933333333334
10,1.0000000000000009,0.00853082,1.0000000000000009,-0.010881746666666667
11,0.975000000000001,0.00775782,0.975000000000001,-0.014612033333333333
12,0.9500000000000011,0.00716344,0.9500000000000011,-0.018269066666666667
13,0.9250000000000012,0.00671928,0.9250000000000012,-0.02181484666666667
14,0.9000000000000012,0.0064067386666666675,0.9000000000000012,-0.025233460000000003
15,0.8750000000000013,0.006079458,0.8750000000000013,-0.028513986666666668
16,0.8500000000000014,0.005819602,0.8500000000000014,-0.03163294
17,0.8250000000000015,0.0055628606666666665,0.8250000000000015,-0.03461008
18,0.8000000000000016,0.005328876666666667,0.8000000000000016,-0.037440900000000006
19,0.7750000000000017,0.0050982453333333335,0.7750000000000017,-0.040120746666666665
20,0.7500000000000018,0.004883678666666667,0.7500000000000018,-0.042644980000000006
21,0.7250000000000019,0.0046587393333333334,0.7250000000000019,-0.04509353333333333
22,0.700000000000002,0.00444935,0.700000000000002,-0.047432593333333335
23,0.675000000000002,0.0042583226666666665,0.675000000000002,-0.04968762666666667
24,0.6500000000000021,0.004052180000000001,0.6500000000000021,-0.05180920666666667
25,0.6250000000000022,0.0038563253333333334,0.6250000000000022,-0.05388057333333334
26,0.6000000000000023,0.0036685620000000006,0.6000000000000023,-0.055858080000000004
27,0.5750000000000024,0.003468338,0.5750000000000024,-0.057742466666666666
28,0.5500000000000025,0.0032816413333333332,0.5500000000000025,-0.0595265
29,0.5250000000000026,0.0030895173333333335,0.5250000000000026,-0.06121272666666667
30,0.5000000000000027,0.0029074540000000003,0.5000000000000027,-0.06277542000000001
31,0.47500000000000275,0.002725834666666667,0.47500000000000275,-0.06420892666666667
32,0.45000000000000284,0.002562032,0.45000000000000284,-0.06548997333333333
33,0.42500000000000293,0.002398914666666667,0.42500000000000293,-0.06661846666666667
34,0.400000000000003,0.002226976666666667,0.400000000000003,-0.06756886666666667
35,0.3750000000000031,0.0020596973333333332,0.3750000000000031,-0.06835906666666668
36,0.3500000000000032,0.0018959373333333335,0.3500000000000032,-0.06899746666666667
37,0.3250000000000033,0.00172788,0.3250000000000033,-0.06949280000000001
38,0.3000000000000034,0.001566466,0.3000000000000034,-0.06988406666666667
39,0.27500000000000346,0.0014125406666666669,0.27500000000000346,-0.0702494
40,0.25000000000000355,0.0012616673333333333,0.25000000000000355,-0.07051186666666666
41,0.22500000000000364,0.0011141226666666667,0.22500000000000364,-0.07074173333333335
42,0.20000000000000373,0.0009665526666666667,0.20000000000000373,-0.0709588
43,0.17500000000000382,0.000820228,0.17500000000000382,-0.07116206666666666
44,0.1500000000000039,0.0006740919999999999,0.1500000000000039,-0.0713532
45,0.125000000000004,0.0005368304666666668,0.125000000000004,-0.07153293333333334
46,0.10000000000000409,0.0003972389333333333,0.10000000000000409,-0.07170673333333334
47,0.07500000000000417,0.0002632164,0.07500000000000417,-0.07187093333333333
48,0.05000000000000426,0.00012776820000000001,0.05000000000000426,-0.07202520000000001
49,0.025000000000004352,-6.51557e-06,0.025000000000004352,-0.07216926666666668
50,4.440892098500626e-15,-0.0001414736,4.440892098500626e-15,-0.0723144
51,-0.02499999999999547,-0.0002767968666666667,-0.02499999999999547,-0.0724504
52,-0.04999999999999538,-0.00041436500000000003,-0.04999999999999538,-0.07258753333333333
53,-0.07499999999999529,-0.0005519001333333333,-0.07499999999999529,-0.0727204
54,-0.0999999999999952,-0.0006963546666666667,-0.0999999999999952,-0.07285180000000001
55,-0.12499999999999512,-0.0010281393333333333,-0.12499999999999512,-0.0729868
56,-0.14999999999999503,-0.0012019113333333335,-0.14999999999999503,-0.07311833333333334
57,-0.17499999999999494,-0.0013844426666666666,-0.17499999999999494,-0.07325106666666667
58,-0.19999999999999485,-0.0015747726666666666,-0.19999999999999485,-0.07338893333333334
59,-0.22499999999999476,-0.0018674013333333332,-0.22499999999999476,-0.07352826666666666
