,sample_A_3d_1R_V_D,sample_A_3d_1R_J_D,sample_A_3d_1R_V_L,sample_A_3d_1R_J_L
0,1.25,0.011587253333333334,1.25,0.010486753333333335
1,1.225,0.010162126666666669,1.225,0.008783533333333333
2,1.2000000000000002,0.008797553333333333,1.2000000000000002,0.006976920000000001
3,1.1750000000000003,0.007459913333333334,1.1750000000000003,0.005067022666666667
4,1.1500000000000004,0.0061626906666666665,1.1500000000000004,0.002964036666666667
5,1.1250000000000004,0.004891898,1.1250000000000004,0.0007288840000000001
6,1.1000000000000005,0.003709084,1.1000000000000005,-0.001628918
7,1.0750000000000006,0.00266889,1.0750000000000006,-0.004072926
8,1.0500000000000007,0.001813650666666667,1.0500000000000007,-0.006561642666666667
9,1.0250000000000008,0.0011692253333333335,1.0250000000000008,-0.009053046666666667
10,1.0000000000000009,0.0007240586666666667,1.0000000000000009,-0.011490833333333334
11,0.975000000000001,0.0004478087333333334,0.975000000000001,-0.013803533333333335
12,0.9500000000000011,0.00026843726666666667,0.9500000000000011,-0.01594772666666667
13,0.9250000000000012,0.0001704062,0.9250000000000012,-0.017860606666666667
14,0.9000000000000012,0.00011449533333333333,0.9000000000000012,-0.01951554
15,0.8750000000000013,8.786033333333334e-05,0.8750000000000013,-0.020881780000000003
16,0.8500000000000014,6.818706666666667e-05,0.8500000000000014,-0.021972693333333335
17,0.8250000000000015,5.684062666666667e-05,0.8250000000000015,-0.02279810666666667
18,0.8000000000000016,4.917252666666667e-05,0.8000000000000016,-0.023404893333333336
19,0.7750000000000017,4.391428e-05,0.7750000000000017,-0.023834406666666665
20,0.7500000000000018,4.032177333333333e-05,0.7500000000000018,-0.024135860000000002
21,0.7250000000000019,3.7153533333333336e-05,0.7250000000000019,-0.024341533333333335
22,0.700000000000002,3.4697486666666666e-05,0.700000000000002,-0.024480746666666667
23,0.675000000000002,3.309232e-05,0.675000000000002,-0.024580313333333336
24,0.6500000000000021,3.157284e-05,0.6500000000000021,-0.024650306666666667
25,0.6250000000000022,2.9834306666666666e-05,0.6250000000000022,-0.024704433333333334
26,0.6000000000000023,2.835256e-05,0.6000000000000023,-0.024746380000000002
27,0.5750000000000024,2.6628946666666667e-05,0.5750000000000024,-0.02478326
28,0.5500000000000025,2.488974e-05,0.5500000000000025,-0.024811020000000003
29,0.5250000000000026,2.3677073333333333e-05,0.5250000000000026,-0.024832633333333336
30,0.5000000000000027,2.2186620000000003e-05,0.5000000000000027,-0.02484848666666667
31,0.47500000000000275,2.091146e-05,0.47500000000000275,-0.024863426666666667
32,0.45000000000000284,1.9301473333333334e-05,0.45000000000000284,-0.02487394
33,0.42500000000000293,1.808084e-05,0.42500000000000293,-0.024883473333333333
34,0.400000000000003,1.6738113333333337e-05,0.400000000000003,-0.024891240000000002
35,0.3750000000000031,1.535730666666667e-05,0.3750000000000031,-0.024898606666666667
36,0.3500000000000032,1.3869886666666667e-05,0.3500000000000032,-0.024902920000000002
37,0.3250000000000033,1.2942393333333334e-05,0.3250000000000033,-0.024910413333333336
38,0.3000000000000034,1.1700013333333333e-05,0.3000000000000034,-0.024915106666666666
39,0.27500000000000346,1.039124e-05,0.27500000000000346,-0.024922233333333335
40,0.25000000000000355,9.513333333333334e-06,0.25000000000000355,-0.024927093333333334
41,0.22500000000000364,8.13478e-06,0.22500000000000364,-0.024930293333333336
42,0.20000000000000373,6.9054200000000005e-06,0.20000000000000373,-0.02493218666666667
43,0.17500000000000382,5.951893333333334e-06,0.17500000000000382,-0.024939
44,0.1500000000000039,4.948718e-06,0.1500000000000039,-0.02494264666666667
45,0.125000000000004,3.923447333333334e-06,0.125000000000004,-0.024945020000000002
46,0.10000000000000409,2.8876446666666667e-06,0.10000000000000409,-0.024948559999999998
47,0.07500000000000417,1.983166666666667e-06,0.07500000000000417,-0.024951353333333336
48,0.05000000000000426,1.0178586666666668e-06,0.05000000000000426,-0.02495494666666667
49,0.025000000000004352,8.654753333333334e-08,0.025000000000004352,-0.024957240000000002
50,4.440892098500626e-15,-8.565433333333334e-07,4.440892098500626e-15,-0.024960466666666667
51,-0.02499999999999547,-1.8333373333333336e-06,-0.02499999999999547,-0.024965320000000003
52,-0.04999999999999538,-2.7314086666666667e-06,-0.04999999999999538,-0.024966473333333336
53,-0.07499999999999529,-3.5926286666666667e-06,-0.07499999999999529,-0.024970293333333334
54,-0.0999999999999952,-4.552127333333334e-06,-0.0999999999999952,-0.024972113333333334
55,-0.12499999999999512,-5.5620220000000005e-06,-0.12499999999999512,-0.024974766666666665
56,-0.14999999999999503,-5.3558533333333336e-06,-0.14999999999999503,-0.024976346666666666
57,-0.17499999999999494,-5.728047333333333e-06,-0.17499999999999494,-0.024980153333333335
58,-0.19999999999999485,-6.660460666666667e-06,-0.19999999999999485,-0.024982766666666666
59,-0.22499999999999476,-7.2414733333333335e-06,-0.22499999999999476,-0.024983413333333336
