,sample_A_3d_1R_V_D,sample_A_3d_1R_J_D,sample_A_3d_1R_V_L,sample_A_3d_1R_J_L
0,1.25,0.014154766666666667,1.25,0.013246853333333334
1,1.225,0.012411693333333333,1.225,0.01118268
2,1.2000000000000002,0.010706573333333334,1.2000000000000002,0.008982913333333334
3,1.1750000000000003,0.009014853333333335,1.1750000000000003,0.006657147333333333
4,1.1500000000000004,0.00734582,1.1500000000000004,0.004121498666666667
5,1.1250000000000004,0.005760036666666667,1.1250000000000004,0.0014487653333333335
6,1.1000000000000005,0.004271526,1.1000000000000005,-0.0013392220000000002
7,1.0750000000000006,0.0029934700000000002,1.0750000000000006,-0.004182245333333333
8,1.0500000000000007,0.0019709993333333338,1.0500000000000007,-0.0070209066666666676
9,1.0250000000000008,0.0012256506666666668,1.0250000000000008,-0.009825286666666667
10,1.0000000000000009,0.00072877,1.0000000000000009,-0.012510013333333334
11,0.975000000000001,0.0004310128666666667,0.975000000000001,-0.014993266666666668
12,0.9500000000000011,0.00024793566666666666,0.9500000000000011,-0.017231553333333333
13,0.9250000000000012,0.0001465476,0.9250000000000012,-0.0191545
14,0.9000000000000012,8.94922e-05,0.9000000000000012,-0.02073554
15,0.8750000000000013,5.8762493333333336e-05,0.8750000000000013,-0.02197176
16,0.8500000000000014,3.863967333333334e-05,0.8500000000000014,-0.02289352
17,0.8250000000000015,2.7722086666666668e-05,0.8250000000000015,-0.02354806666666667
18,0.8000000000000016,2.0581060000000002e-05,0.8000000000000016,-0.0239942
19,0.7750000000000017,1.6633806666666666e-05,0.7750000000000017,-0.024293006666666665
20,0.7500000000000018,1.434978e-05,0.7500000000000018,-0.024487213333333334
21,0.7250000000000019,1.2140033333333334e-05,0.7250000000000019,-0.024615173333333334
22,0.700000000000002,1.0994933333333334e-05,0.700000000000002,-0.0247034
23,0.675000000000002,9.659673333333333e-06,0.675000000000002,-0.024765866666666667
24,0.6500000000000021,8.83272e-06,0.6500000000000021,-0.024811713333333336
25,0.6250000000000022,8.266613333333333e-06,0.6250000000000022,-0.024848213333333334
26,0.6000000000000023,8.060826666666667e-06,0.6000000000000023,-0.024876173333333335
27,0.5750000000000024,7.22278e-06,0.5750000000000024,-0.024900886666666667
28,0.5500000000000025,6.781093333333334e-06,0.5500000000000025,-0.024919153333333336
29,0.5250000000000026,6.235604e-06,0.5250000000000026,-0.024932600000000003
30,0.5000000000000027,5.429150666666667e-06,0.5000000000000027,-0.024944860000000003
31,0.47500000000000275,4.9203079999999995e-06,0.47500000000000275,-0.024953413333333334
32,0.45000000000000284,4.52316e-06,0.45000000000000284,-0.024962773333333334
33,0.42500000000000293,4.154378666666667e-06,0.42500000000000293,-0.024970273333333334
34,0.400000000000003,3.6635506666666665e-06,0.400000000000003,-0.024975953333333335
35,0.3750000000000031,3.2548633333333335e-06,0.3750000000000031,-0.024980866666666667
36,0.3500000000000032,2.423084666666667e-06,0.3500000000000032,-0.024986673333333334
37,0.3250000000000033,2.155221333333333e-06,0.3250000000000033,-0.024991473333333333
38,0.3000000000000034,1.70437e-06,0.3000000000000034,-0.024996173333333337
39,0.27500000000000346,1.6414253333333335e-06,0.27500000000000346,-0.02500024
40,0.25000000000000355,1.5424426666666668e-06,0.25000000000000355,-0.025003233333333333
41,0.22500000000000364,1.167502e-06,0.22500000000000364,-0.025005886666666668
42,0.20000000000000373,8.483126666666668e-07,0.20000000000000373,-0.025009386666666668
43,0.17500000000000382,7.39674e-07,0.17500000000000382,-0.02501414
44,0.1500000000000039,5.936106666666667e-07,0.1500000000000039,-0.025017213333333333
45,0.125000000000004,4.4432380000000007e-07,0.125000000000004,-0.025019873333333335
46,0.10000000000000409,2.882886666666667e-07,0.10000000000000409,-0.02502298
47,0.07500000000000417,1.7719913333333333e-07,0.07500000000000417,-0.025025206666666668
48,0.05000000000000426,7.609546666666667e-08,0.05000000000000426,-0.025028546666666665
49,0.025000000000004352,-2.6046953333333335e-08,0.025000000000004352,-0.025031906666666666
50,4.440892098500626e-15,-1.0986573333333335e-07,4.440892098500626e-15,-0.02503376666666667
51,-0.02499999999999547,-1.8331533333333334e-07,-0.02499999999999547,-0.02503572
52,-0.04999999999999538,-2.6568173333333337e-07,-0.04999999999999538,-0.0250389
53,-0.07499999999999529,-3.696531333333333e-07,-0.07499999999999529,-0.02504044
54,-0.0999999999999952,-4.750174e-07,-0.0999999999999952,-0.02504206
55,-0.12499999999999512,-5.884424e-07,-0.12499999999999512,-0.025044486666666668
56,-0.14999999999999503,-7.429413333333333e-07,-0.14999999999999503,-0.025045193333333333
57,-0.17499999999999494,-9.75652e-07,-0.17499999999999494,-0.025048840000000003
58,-0.19999999999999485,-1.15523e-06,-0.19999999999999485,-0.02505064666666667
59,-0.22499999999999476,-1.2407433333333335e-06,-0.22499999999999476,-0.025051979999999998
