,sample_A_3d_1F_V_D,sample_A_3d_1F_J_D,sample_A_3d_1F_V_L,sample_A_3d_1F_J_L
0,-0.25,-0.00047982220000000004,-0.25,-0.07209526666666667
1,-0.225,-0.0004261086,-0.225,-0.07186246666666667
2,-0.2,-0.00037302933333333336,-0.2,-0.07173786666666666
3,-0.17500000000000002,-0.0003220262,-0.17500000000000002,-0.07163433333333334
4,-0.15000000000000002,-0.00027615100000000003,-0.15000000000000002,-0.07152913333333334
5,-0.12500000000000003,-0.00023091466666666667,-0.12500000000000003,-0.07142206666666667
6,-0.10000000000000003,-0.0001874444,-0.10000000000000003,-0.0713158
7,-0.07500000000000004,-0.00014400726666666667,-0.07500000000000004,-0.0712124
8,-0.050000000000000044,-0.0001033422,-0.050000000000000044,-0.0711208
9,-0.02500000000000005,-6.385496e-05,-0.02500000000000005,-0.07101793333333334
10,-5.551115123125783e-17,-2.4244846666666667e-05,-5.551115123125783e-17,-0.07091273333333334
11,0.02499999999999991,1.4950673333333335e-05,0.02499999999999991,-0.0708032
12,0.04999999999999993,5.4086373333333334e-05,0.04999999999999993,-0.07070106666666667
13,0.07499999999999996,0.00010897513333333334,0.07499999999999996,-0.07058393333333333
14,0.09999999999999992,0.00015418286666666668,0.09999999999999992,-0.0704526
15,0.12499999999999989,0.00020075133333333334,0.12499999999999989,-0.07035313333333333
16,0.1499999999999999,0.0002492,0.1499999999999999,-0.0702196
17,0.17499999999999993,0.00029819706666666664,0.17499999999999993,-0.07005706666666667
18,0.1999999999999999,0.00034863980000000004,0.1999999999999999,-0.06988046666666667
19,0.22499999999999987,0.0004024922666666667,0.22499999999999987,-0.06966793333333333
20,0.2499999999999999,0.0004603350666666667,0.2499999999999999,-0.06950320000000001
21,0.2749999999999999,0.0005217957333333334,0.2749999999999999,-0.06930406666666666
22,0.2999999999999998,0.0005787854666666666,0.2999999999999998,-0.06905180000000001
23,0.32499999999999984,0.0006425804,0.32499999999999984,-0.06877760000000001
24,0.34999999999999987,0.0008887386666666668,0.34999999999999987,-0.06848646666666666
25,0.3749999999999999,0.0009592073333333334,0.3749999999999999,-0.0680906
26,0.3999999999999999,0.0010138246666666667,0.3999999999999999,-0.06766193333333334
27,0.4249999999999998,0.0010718506666666668,0.4249999999999998,-0.06716860000000001
28,0.44999999999999984,0.001133668,0.44999999999999984,-0.06652047333333333
29,0.47499999999999987,0.0012017813333333334,0.47499999999999987,-0.06583257333333334
30,0.4999999999999998,0.0012600073333333334,0.4999999999999998,-0.06502301333333334
31,0.5249999999999998,0.0013528820000000001,0.5249999999999998,-0.0640821
32,0.5499999999999998,0.001421128,0.5499999999999998,-0.06294316
33,0.5749999999999998,0.0015062273333333333,0.5749999999999998,-0.06160168666666667
34,0.5999999999999999,0.001583082,0.5999999999999999,-0.06004662666666667
35,0.6249999999999998,0.0016716020000000001,0.6249999999999998,-0.05826537333333333
36,0.6499999999999998,0.0017847513333333334,0.6499999999999998,-0.05626336666666667
37,0.6749999999999998,0.001853854,0.6749999999999998,-0.05403394
38,0.6999999999999997,0.0019587846666666666,0.6999999999999997,-0.05161226000000001
39,0.7249999999999998,0.002061069333333333,0.7249999999999998,-0.048943360000000005
40,0.7499999999999998,0.002201916,0.7499999999999998,-0.04610947333333333
41,0.7749999999999997,0.002313394,0.7749999999999997,-0.043109506666666665
42,0.7999999999999998,0.0024901526666666666,0.7999999999999998,-0.03991582666666667
43,0.8249999999999997,0.0026719533333333335,0.8249999999999997,-0.036578113333333336
44,0.8499999999999996,0.0028425213333333334,0.8499999999999996,-0.03313559333333333
45,0.8749999999999998,0.0030955086666666666,0.8749999999999998,-0.029599093333333333
46,0.8999999999999997,0.0034505319999999996,0.8999999999999997,-0.02601304
47,0.9249999999999998,0.0038624886666666666,0.9249999999999998,-0.02235672666666667
48,0.9499999999999997,0.004392076666666667,0.9499999999999997,-0.018684933333333334
49,0.9749999999999996,0.005080144666666667,0.9749999999999996,-0.015020466666666666
50,0.9999999999999998,0.005918621333333333,0.9999999999999998,-0.011370953333333333
51,1.0249999999999997,0.006967280000000001,1.0249999999999997,-0.007775386666666667
52,1.0499999999999998,0.00806258,1.0499999999999998,-0.0042154160000000005
53,1.0749999999999997,0.0095235,1.0749999999999997,-0.000679302
54,1.0999999999999996,0.011119673333333333,1.0999999999999996,0.0027015633333333333
55,1.1249999999999998,0.012861906666666666,1.1249999999999998,0.006057204666666667
56,1.1499999999999997,0.014712566666666668,1.1499999999999997,0.009373933333333334
57,1.1749999999999996,0.016694326666666665,1.1749999999999996,0.012632
58,1.1999999999999997,0.01882374666666667,1.1999999999999997,0.01590168
59,1.2249999999999996,0.021035133333333334,1.2249999999999996,0.019112173333333333
