,sample_A_3d_1F_V_D,sample_A_3d_1F_J_D,sample_A_3d_1F_V_L,sample_A_3d_1F_J_L
0,-0.25,-1.7837686666666668e-08,-0.25,-0.025409993333333332
1,-0.225,-4.943853333333334e-09,-0.225,-0.02539128666666667
2,-0.2,-3.5074026666666667e-09,-0.2,-0.025376426666666667
3,-0.17500000000000002,5.397714666666667e-10,-0.17500000000000002,-0.025374713333333333
4,-0.15000000000000002,2.1008646666666665e-09,-0.15000000000000002,-0.02537128
5,-0.12500000000000003,3.3764473333333337e-09,-0.12500000000000003,-0.025371480000000002
6,-0.10000000000000003,4.467126e-09,-0.10000000000000003,-0.025369053333333336
7,-0.07500000000000004,5.594046e-09,-0.07500000000000004,-0.025365533333333332
8,-0.050000000000000044,6.1095120000000006e-09,-0.050000000000000044,-0.025361613333333335
9,-0.02500000000000005,7.890173333333333e-09,-0.02500000000000005,-0.02535982
10,-5.551115123125783e-17,8.290533333333334e-09,-5.551115123125783e-17,-0.025357553333333335
11,0.02499999999999991,1.0966546666666667e-08,0.02499999999999991,-0.02535328
12,0.04999999999999993,1.3379453333333335e-08,0.04999999999999993,-0.025349073333333336
13,0.07499999999999996,1.6410880000000002e-08,0.07499999999999996,-0.02534624666666667
14,0.09999999999999992,2.1755533333333335e-08,0.09999999999999992,-0.025343746666666667
15,0.12499999999999989,2.9796633333333333e-08,0.12499999999999989,-0.02534158666666667
16,0.1499999999999999,4.2251500000000006e-08,0.1499999999999999,-0.025336533333333335
17,0.17499999999999993,6.371805333333333e-08,0.17499999999999993,-0.025331613333333336
18,0.1999999999999999,9.593826666666667e-08,0.1999999999999999,-0.025328446666666667
19,0.22499999999999987,1.4303293333333333e-07,0.22499999999999987,-0.025321493333333334
20,0.2499999999999999,2.089906e-07,0.2499999999999999,-0.025314593333333333
21,0.2749999999999999,2.9379873333333336e-07,0.2749999999999999,-0.0253076
22,0.2999999999999998,3.944266e-07,0.2999999999999998,-0.025296913333333334
23,0.32499999999999984,5.122176e-07,0.32499999999999984,-0.025285853333333334
24,0.34999999999999987,6.417590000000001e-07,0.34999999999999987,-0.025268946666666667
25,0.3749999999999999,7.845880000000001e-07,0.3749999999999999,-0.02525252
26,0.3999999999999999,9.421879999999999e-07,0.3999999999999999,-0.02523102
27,0.4249999999999998,1.1170726666666668e-06,0.4249999999999998,-0.025204526666666668
28,0.44999999999999984,1.3183853333333335e-06,0.44999999999999984,-0.0251731
29,0.47499999999999987,1.549452e-06,0.47499999999999987,-0.02513576
30,0.4999999999999998,1.8199933333333333e-06,0.4999999999999998,-0.02508392666666667
31,0.5249999999999998,2.14819e-06,0.5249999999999998,-0.0250238
32,0.5499999999999998,2.5092980000000002e-06,0.5499999999999998,-0.02494378
33,0.5749999999999998,2.985168666666667e-06,0.5749999999999998,-0.0248301
34,0.5999999999999999,3.5458853333333336e-06,0.5999999999999999,-0.0246759
35,0.6249999999999998,4.228817333333334e-06,0.6249999999999998,-0.024449633333333335
36,0.6499999999999998,5.075821333333334e-06,0.6499999999999998,-0.024146606666666667
37,0.6749999999999998,6.20391e-06,0.6749999999999998,-0.023725293333333335
38,0.6999999999999997,6.9994333333333345e-06,0.6999999999999997,-0.023175106666666667
39,0.7249999999999998,5.249056000000001e-06,0.7249999999999998,-0.022480473333333334
40,0.7499999999999998,8.073620000000001e-06,0.7499999999999998,-0.021620133333333336
41,0.7749999999999997,1.2429313333333333e-05,0.7749999999999997,-0.0205835
42,0.7999999999999998,1.9385553333333334e-05,0.7999999999999998,-0.019425500000000002
43,0.8249999999999997,3.0780760000000006e-05,0.8249999999999997,-0.018138333333333336
44,0.8499999999999996,4.999137333333333e-05,0.8499999999999996,-0.01671674
45,0.8749999999999998,7.180166666666668e-05,0.8749999999999998,-0.01520824
46,0.8999999999999997,0.00012549046666666667,0.8999999999999997,-0.013616540000000002
47,0.9249999999999998,0.0002159384,0.9249999999999998,-0.011945606666666667
48,0.9499999999999997,0.00036465173333333336,0.9499999999999997,-0.010215566666666667
49,0.9749999999999996,0.0005950754000000001,0.9749999999999996,-0.00844924
50,0.9999999999999998,0.0009808553333333335,0.9999999999999998,-0.0066668333333333345
51,1.0249999999999997,0.0015285353333333333,1.0249999999999997,-0.004825122
52,1.0499999999999998,0.002252287333333333,1.0499999999999998,-0.0029792593333333333
53,1.0749999999999997,0.003147608666666667,1.0749999999999997,-0.0011256773333333332
54,1.0999999999999996,0.004200836,1.0999999999999996,0.000737086
55,1.1249999999999998,0.005388174000000001,1.1249999999999998,0.0025969866666666667
56,1.1499999999999997,0.006690526666666668,1.1499999999999997,0.0044564746666666665
57,1.1749999999999996,0.008180206666666667,1.1749999999999996,0.0063088346666666665
58,1.1999999999999997,0.009690926666666667,1.1999999999999997,0.00823964
59,1.2249999999999996,0.011278306666666668,1.2249999999999996,0.01010876
