,sample_A_3d_1R_V_D,sample_A_3d_1R_J_D,sample_A_3d_1R_V_L,sample_A_3d_1R_J_L
0,1.25,0.01209816,1.25,0.011599080000000001
1,1.225,0.010608986666666667,1.225,0.00978716
2,1.2000000000000002,0.00916796,1.2000000000000002,0.007871500000000002
3,1.1750000000000003,0.007752800000000001,1.1750000000000003,0.005869214
4,1.1500000000000004,0.006391735333333334,1.1500000000000004,0.0036760693333333337
5,1.1250000000000004,0.005059036,1.1250000000000004,0.0013539573333333334
6,1.1000000000000005,0.0038249586666666666,1.1000000000000005,-0.0010889346666666667
7,1.0750000000000006,0.0027431073333333334,1.0750000000000006,-0.0036136000000000002
8,1.0500000000000007,0.0018533506666666667,1.0500000000000007,-0.006188210666666668
9,1.0250000000000008,0.0011821226666666668,1.0250000000000008,-0.008766073333333334
10,1.0000000000000009,0.0007175733333333334,1.0000000000000009,-0.011298133333333333
11,0.975000000000001,0.0004275374,0.975000000000001,-0.013702920000000002
12,0.9500000000000011,0.0002453323333333334,0.9500000000000011,-0.015945806666666666
13,0.9250000000000012,0.0001423494,0.9250000000000012,-0.017953686666666666
14,0.9000000000000012,8.384586666666668e-05,0.9000000000000012,-0.01968934
15,0.8750000000000013,5.1345306666666674e-05,0.8750000000000013,-0.021126560000000003
16,0.8500000000000014,3.135460666666667e-05,0.8500000000000014,-0.022265513333333334
17,0.8250000000000015,1.942466e-05,0.8250000000000015,-0.023129566666666667
18,0.8000000000000016,1.2731373333333332e-05,0.8000000000000016,-0.023754493333333335
19,0.7750000000000017,9.039353333333335e-06,0.7750000000000017,-0.02419128666666667
20,0.7500000000000018,6.713340000000001e-06,0.7500000000000018,-0.02449066
21,0.7250000000000019,5.087958e-06,0.7250000000000019,-0.02469196666666667
22,0.700000000000002,4.0067046666666665e-06,0.700000000000002,-0.02482468666666667
23,0.675000000000002,3.244082666666667e-06,0.675000000000002,-0.024916786666666666
24,0.6500000000000021,3.060836666666667e-06,0.6500000000000021,-0.024985106666666666
25,0.6250000000000022,3.1612966666666667e-06,0.6250000000000022,-0.025033866666666668
26,0.6000000000000023,2.6424460000000003e-06,0.6000000000000023,-0.025073673333333334
27,0.5750000000000024,2.722258666666667e-06,0.5750000000000024,-0.02510264666666667
28,0.5500000000000025,2.574448666666667e-06,0.5500000000000025,-0.025128626666666667
29,0.5250000000000026,2.366496e-06,0.5250000000000026,-0.02514888666666667
30,0.5000000000000027,2.213288666666667e-06,0.5000000000000027,-0.02516488
31,0.47500000000000275,2.0023113333333335e-06,0.47500000000000275,-0.0251784
32,0.45000000000000284,1.8617946666666666e-06,0.45000000000000284,-0.025190866666666666
33,0.42500000000000293,1.7298353333333334e-06,0.42500000000000293,-0.025200713333333333
34,0.400000000000003,1.586562e-06,0.400000000000003,-0.025209866666666667
35,0.3750000000000031,1.4137286666666667e-06,0.3750000000000031,-0.02521322
36,0.3500000000000032,1.287048e-06,0.3500000000000032,-0.02522172
37,0.3250000000000033,1.187788e-06,0.3250000000000033,-0.02522682
38,0.3000000000000034,1.0523733333333335e-06,0.3000000000000034,-0.025231613333333333
39,0.27500000000000346,9.536526666666667e-07,0.27500000000000346,-0.025235406666666668
40,0.25000000000000355,7.80188e-07,0.25000000000000355,-0.025239320000000003
41,0.22500000000000364,6.810426666666667e-07,0.22500000000000364,-0.025241893333333335
42,0.20000000000000373,4.910046666666667e-07,0.20000000000000373,-0.02524674666666667
43,0.17500000000000382,4.5144060000000003e-07,0.17500000000000382,-0.02525198666666667
44,0.1500000000000039,3.1555086666666666e-07,0.1500000000000039,-0.02525414
45,0.125000000000004,2.2086560000000002e-07,0.125000000000004,-0.025257893333333333
46,0.10000000000000409,1.4092686666666667e-07,0.10000000000000409,-0.025261113333333335
47,0.07500000000000417,5.273429333333334e-08,0.07500000000000417,-0.02526602
48,0.05000000000000426,-5.46516e-10,0.05000000000000426,-0.025268946666666667
49,0.025000000000004352,-5.7503486666666676e-08,0.025000000000004352,-0.02527032
50,4.440892098500626e-15,-9.169366666666667e-08,4.440892098500626e-15,-0.02527522
51,-0.02499999999999547,-1.167716e-07,-0.02499999999999547,-0.0252756
52,-0.04999999999999538,-1.1263226666666666e-07,-0.04999999999999538,-0.025278413333333336
53,-0.07499999999999529,-1.4081220000000001e-07,-0.07499999999999529,-0.025280793333333336
54,-0.0999999999999952,-1.6525433333333335e-07,-0.0999999999999952,-0.02528496
55,-0.12499999999999512,-2.0520239999999998e-07,-0.12499999999999512,-0.025287053333333337
56,-0.14999999999999503,-2.3371373333333333e-07,-0.14999999999999503,-0.02528982
57,-0.17499999999999494,-2.5740386666666666e-07,-0.17499999999999494,-0.02529322
58,-0.19999999999999485,-2.8487426666666665e-07,-0.19999999999999485,-0.0252945
59,-0.22499999999999476,-3.0730300000000004e-07,-0.22499999999999476,-0.02529756
