,sample_A_3d_1R_V_D,sample_A_3d_1R_J_D,sample_A_3d_1R_V_L,sample_A_3d_1R_J_L
0,1.25,0.011911380000000001,1.25,0.010708533333333334
1,1.225,0.010408586666666667,1.225,0.008916393333333335
2,1.2000000000000002,0.008944653333333333,1.2000000000000002,0.007055746666666667
3,1.1750000000000003,0.00752216,1.1750000000000003,0.005146502000000001
4,1.1500000000000004,0.0061816426666666665,1.1500000000000004,0.0031431386666666665
5,1.1250000000000004,0.004894935333333334,1.1250000000000004,0.0010944673333333334
6,1.1000000000000005,0.0037122340000000005,1.1000000000000005,-0.000995552
7,1.0750000000000006,0.0026827626666666667,1.0750000000000006,-0.003086862
8,1.0500000000000007,0.0018345840000000002,1.0500000000000007,-0.005166418000000001
9,1.0250000000000008,0.0011885726666666667,1.0250000000000008,-0.007241913333333334
10,1.0000000000000009,0.000751778,1.0000000000000009,-0.009318546666666667
11,0.975000000000001,0.0004673644666666667,0.975000000000001,-0.01134036
12,0.9500000000000011,0.00028586733333333335,0.9500000000000011,-0.013309626666666668
13,0.9250000000000012,0.00018238573333333334,0.9250000000000012,-0.015181153333333334
14,0.9000000000000012,0.00012379093333333334,0.9000000000000012,-0.016941086666666667
15,0.8750000000000013,9.613666666666667e-05,0.8750000000000013,-0.01854988
16,0.8500000000000014,7.743446666666667e-05,0.8500000000000014,-0.019994653333333334
17,0.8250000000000015,5.943892666666667e-05,0.8250000000000015,-0.021239586666666668
18,0.8000000000000016,5.137373333333333e-05,0.8000000000000016,-0.022270606666666668
19,0.7750000000000017,5.0858546666666666e-05,0.7750000000000017,-0.023084006666666667
20,0.7500000000000018,4.769582e-05,0.7500000000000018,-0.023699373333333336
21,0.7250000000000019,4.287180666666667e-05,0.7250000000000019,-0.024145526666666667
22,0.700000000000002,3.9706013333333334e-05,0.700000000000002,-0.02445176
23,0.675000000000002,3.903733333333334e-05,0.675000000000002,-0.024656213333333336
24,0.6500000000000021,3.6259953333333336e-05,0.6500000000000021,-0.024796313333333334
25,0.6250000000000022,3.352267333333334e-05,0.6250000000000022,-0.02489006
26,0.6000000000000023,3.167656e-05,0.6000000000000023,-0.024958473333333335
27,0.5750000000000024,2.917420666666667e-05,0.5750000000000024,-0.02501414
28,0.5500000000000025,2.9513800000000002e-05,0.5500000000000025,-0.02505146
29,0.5250000000000026,2.831142666666667e-05,0.5250000000000026,-0.025081833333333334
30,0.5000000000000027,2.6759653333333335e-05,0.5000000000000027,-0.025109226666666665
31,0.47500000000000275,2.4435519999999998e-05,0.47500000000000275,-0.025126640000000002
32,0.45000000000000284,2.290996666666667e-05,0.45000000000000284,-0.02514536666666667
33,0.42500000000000293,2.1251813333333334e-05,0.42500000000000293,-0.025161066666666666
34,0.400000000000003,2.1699480000000003e-05,0.400000000000003,-0.02517072
35,0.3750000000000031,1.9059353333333334e-05,0.3750000000000031,-0.02518126
36,0.3500000000000032,1.6821486666666666e-05,0.3500000000000032,-0.025188686666666665
37,0.3250000000000033,1.5088146666666668e-05,0.3250000000000033,-0.025195020000000002
38,0.3000000000000034,1.2925826666666667e-05,0.3000000000000034,-0.02519974666666667
39,0.27500000000000346,9.928706666666668e-06,0.27500000000000346,-0.025206493333333333
40,0.25000000000000355,8.426026666666668e-06,0.25000000000000355,-0.02521144
41,0.22500000000000364,6.84274e-06,0.22500000000000364,-0.02521588
42,0.20000000000000373,6.060236e-06,0.20000000000000373,-0.025220266666666668
43,0.17500000000000382,4.876814666666667e-06,0.17500000000000382,-0.02522514
44,0.1500000000000039,4.137801333333334e-06,0.1500000000000039,-0.02522942
45,0.125000000000004,3.1273013333333335e-06,0.125000000000004,-0.02523422
46,0.10000000000000409,2.4125253333333334e-06,0.10000000000000409,-0.025235713333333333
47,0.07500000000000417,1.4979966666666667e-06,0.07500000000000417,-0.025241873333333335
48,0.05000000000000426,7.917166666666667e-07,0.05000000000000426,-0.025244913333333334
49,0.025000000000004352,7.639e-08,0.025000000000004352,-0.025250033333333335
50,4.440892098500626e-15,-6.277977333333334e-07,4.440892098500626e-15,-0.025253806666666666
51,-0.02499999999999547,-1.2049566666666669e-06,-0.02499999999999547,-0.02525788666666667
52,-0.04999999999999538,-1.8867413333333335e-06,-0.04999999999999538,-0.025261053333333335
53,-0.07499999999999529,-2.4759740000000002e-06,-0.07499999999999529,-0.025262946666666668
54,-0.0999999999999952,-3.0842153333333334e-06,-0.0999999999999952,-0.025265926666666667
55,-0.12499999999999512,-3.748162666666667e-06,-0.12499999999999512,-0.02526904
56,-0.14999999999999503,-4.5251046666666665e-06,-0.14999999999999503,-0.02527310666666667
57,-0.17499999999999494,-4.510168e-06,-0.17499999999999494,-0.025274706666666667
58,-0.19999999999999485,-5.08213e-06,-0.19999999999999485,-0.025276546666666667
59,-0.22499999999999476,-5.922282666666667e-06,-0.22499999999999476,-0.025279113333333336
