,sample_A_1F_V_D,sample_A_1F_J_D,sample_A_1F_V_L,sample_A_1F_J_L
0,-0.25,-0.00029229193333333333,-0.25,-0.02556766
1,-0.225,-0.0002640986,-0.225,-0.025555666666666668
2,-0.2,-0.00023811793333333332,-0.2,-0.02554872
3,-0.17500000000000002,-0.00021150606666666668,-0.17500000000000002,-0.025545853333333333
4,-0.15000000000000002,-0.00018729173333333334,-0.15000000000000002,-0.025541586666666668
5,-0.12500000000000003,-0.00016313793333333333,-0.12500000000000003,-0.025540633333333333
6,-0.10000000000000003,-0.0001403812,-0.10000000000000003,-0.025538246666666667
7,-0.07500000000000004,-0.0001189744,-0.07500000000000004,-0.02553494666666667
8,-0.050000000000000044,-9.851200000000001e-05,-0.050000000000000044,-0.025534066666666667
9,-0.02500000000000005,-7.836360000000001e-05,-0.02500000000000005,-0.025529413333333334
10,-5.551115123125783e-17,-5.848142666666667e-05,-5.551115123125783e-17,-0.025525100000000002
11,0.02499999999999991,-3.823164666666667e-05,0.02499999999999991,-0.025522413333333334
12,0.04999999999999993,-1.6827333333333334e-05,0.04999999999999993,-0.02551974
13,0.07499999999999996,6.388602e-06,0.07499999999999996,-0.0255172
14,0.09999999999999992,3.053562666666667e-05,0.09999999999999992,-0.025512860000000002
15,0.12499999999999989,5.717398666666667e-05,0.12499999999999989,-0.025511233333333334
16,0.1499999999999999,7.86448e-05,0.1499999999999999,-0.02550750666666667
17,0.17499999999999993,0.00010722246666666668,0.17499999999999993,-0.025502026666666667
18,0.1999999999999999,0.00013784866666666668,0.1999999999999999,-0.02549658
19,0.22499999999999987,0.00016968746666666667,0.22499999999999987,-0.025491853333333335
20,0.2499999999999999,0.00020309280000000001,0.2499999999999999,-0.025488193333333336
21,0.2749999999999999,0.00023845653333333334,0.2749999999999999,-0.025479553333333335
22,0.2999999999999998,0.00027409793333333336,0.2999999999999998,-0.025472326666666666
23,0.32499999999999984,0.0003112270666666667,0.32499999999999984,-0.025462633333333335
24,0.34999999999999987,0.0003495959333333333,0.34999999999999987,-0.025450280000000002
25,0.3749999999999999,0.0003909117333333333,0.3749999999999999,-0.025439073333333333
26,0.3999999999999999,0.0004325271333333334,0.3999999999999999,-0.025416433333333335
27,0.4249999999999998,0.00047451986666666667,0.4249999999999998,-0.02540246666666667
28,0.44999999999999984,0.0005169203333333334,0.44999999999999984,-0.025380713333333336
29,0.47499999999999987,0.0005613663333333334,0.47499999999999987,-0.02534982
30,0.4999999999999998,0.0006058403333333334,0.4999999999999998,-0.025314800000000002
31,0.5249999999999998,0.0006540625333333334,0.5249999999999998,-0.025269633333333333
32,0.5499999999999998,0.00069996,0.5499999999999998,-0.02522352
33,0.5749999999999998,0.0017983393333333335,0.5749999999999998,-0.025160633333333335
34,0.5999999999999999,0.0019263606666666668,0.5999999999999999,-0.025076086666666667
35,0.6249999999999998,0.002027196,0.6249999999999998,-0.024967653333333333
36,0.6499999999999998,0.0021327553333333337,0.6499999999999998,-0.02482426
37,0.6749999999999998,0.002244826,0.6749999999999998,-0.024612673333333335
38,0.6999999999999997,0.0023646213333333335,0.6999999999999997,-0.024232133333333333
39,0.7249999999999998,0.002445974666666667,0.7249999999999998,-0.023804773333333334
40,0.7499999999999998,0.0025660673333333336,0.7499999999999998,-0.023165093333333334
41,0.7749999999999997,0.002660182666666667,0.7749999999999997,-0.022311280000000003
42,0.7999999999999998,0.0027509973333333334,0.7999999999999998,-0.021199946666666667
43,0.8249999999999997,0.002848058,0.8249999999999997,-0.019814513333333332
44,0.8499999999999996,0.0029896466666666666,0.8499999999999996,-0.018215513333333336
45,0.8749999999999998,0.003133850666666667,0.8749999999999998,-0.01642556666666667
46,0.8999999999999997,0.0032496133333333333,0.8999999999999997,-0.014477326666666668
47,0.9249999999999998,0.003447190666666667,0.9249999999999998,-0.012433773333333334
48,0.9499999999999997,0.0036273413333333337,0.9499999999999997,-0.010343013333333335
49,0.9749999999999996,0.003872259333333333,0.9749999999999996,-0.008270933333333334
50,0.9999999999999998,0.004213784000000001,0.9999999999999998,-0.006285788666666667
51,1.0249999999999997,0.004642339333333334,1.0249999999999997,-0.004319163333333333
52,1.0499999999999998,0.005125408,1.0499999999999998,-0.0025011253333333335
53,1.0749999999999997,0.005707804666666667,1.0749999999999997,-0.0008055286666666667
54,1.0999999999999996,0.006334810666666667,1.0999999999999996,0.0007822046666666666
55,1.1249999999999998,0.006947653333333333,1.1249999999999998,0.0022754513333333335
56,1.1499999999999997,0.007778860000000001,1.1499999999999997,0.0037191353333333337
57,1.1749999999999996,0.008688620000000001,1.1749999999999996,0.005153156666666667
58,1.1999999999999997,0.009670406666666667,1.1999999999999997,0.006672120000000001
59,1.2249999999999996,0.0107491,1.2249999999999996,0.00838818
