,sample_A_3d_1F_V_D,sample_A_3d_1F_J_D,sample_A_3d_1F_V_L,sample_A_3d_1F_J_L
0,-0.25,-2.5182020000000003e-08,-0.25,-0.025496920000000003
1,-0.225,-1.717608e-08,-0.225,-0.02548482666666667
2,-0.2,-1.06086e-08,-0.2,-0.02547551333333333
3,-0.17500000000000002,-7.942853333333334e-09,-0.17500000000000002,-0.02546686
4,-0.15000000000000002,-3.842353333333334e-09,-0.15000000000000002,-0.025463533333333333
5,-0.12500000000000003,-2.115548e-09,-0.12500000000000003,-0.025459
6,-0.10000000000000003,-2.6587993333333336e-10,-0.10000000000000003,-0.0254551
7,-0.07500000000000004,1.0097533333333335e-09,-0.07500000000000004,-0.02545252666666667
8,-0.050000000000000044,1.8082206666666667e-09,-0.050000000000000044,-0.0254513
9,-0.02500000000000005,2.9854633333333334e-09,-0.02500000000000005,-0.025446446666666667
10,-5.551115123125783e-17,3.2116486666666667e-09,-5.551115123125783e-17,-0.025443939999999998
11,0.02499999999999991,5.321158e-09,0.02499999999999991,-0.025441413333333333
12,0.04999999999999993,7.098086666666667e-09,0.04999999999999993,-0.02543776
13,0.07499999999999996,9.552586666666666e-09,0.07499999999999996,-0.025435933333333334
14,0.09999999999999992,1.4076646666666667e-08,0.09999999999999992,-0.025430833333333333
15,0.12499999999999989,2.2259613333333334e-08,0.12499999999999989,-0.02542598
16,0.1499999999999999,3.592176666666667e-08,0.1499999999999999,-0.02542344
17,0.17499999999999993,5.322635333333334e-08,0.17499999999999993,-0.025420173333333334
18,0.1999999999999999,9.398726666666667e-08,0.1999999999999999,-0.02541568666666667
19,0.22499999999999987,1.6283906666666667e-07,0.22499999999999987,-0.02541052
20,0.2499999999999999,2.8357480000000004e-07,0.2499999999999999,-0.025407426666666667
21,0.2749999999999999,4.705842666666667e-07,0.2749999999999999,-0.025402053333333334
22,0.2999999999999998,7.514266666666667e-07,0.2999999999999998,-0.025396166666666668
23,0.32499999999999984,1.1526133333333335e-06,0.32499999999999984,-0.0253904
24,0.34999999999999987,1.7116213333333336e-06,0.34999999999999987,-0.025382493333333336
25,0.3749999999999999,2.4896620000000003e-06,0.3749999999999999,-0.025371920000000003
26,0.3999999999999999,3.5059360000000003e-06,0.3999999999999999,-0.025361853333333333
27,0.4249999999999998,4.9154566666666665e-06,0.4249999999999998,-0.02534722
28,0.44999999999999984,6.761453333333334e-06,0.44999999999999984,-0.025331613333333336
29,0.47499999999999987,4.538018666666667e-06,0.47499999999999987,-0.02531226666666667
30,0.4999999999999998,6.86236e-06,0.4999999999999998,-0.02528998
31,0.5249999999999998,1.0028480000000001e-05,0.5249999999999998,-0.025263213333333333
32,0.5499999999999998,1.4213293333333334e-05,0.5499999999999998,-0.025229473333333335
33,0.5749999999999998,1.9465020000000002e-05,0.5749999999999998,-0.02519034
34,0.5999999999999999,2.5357566666666666e-05,0.5999999999999999,-0.025139286666666667
35,0.6249999999999998,3.144152666666667e-05,0.6249999999999998,-0.025080560000000002
36,0.6499999999999998,3.7980473333333336e-05,0.6499999999999998,-0.02499712
37,0.6749999999999998,4.610182666666667e-05,0.6749999999999998,-0.024885666666666667
38,0.6999999999999997,5.595322666666667e-05,0.6999999999999997,-0.024726606666666668
39,0.7249999999999998,6.719766666666667e-05,0.7249999999999998,-0.024494666666666668
40,0.7499999999999998,6.9995e-05,0.7499999999999998,-0.02415668
41,0.7749999999999997,4.8586673333333336e-05,0.7749999999999997,-0.0236692
42,0.7999999999999998,5.1882766666666664e-05,0.7999999999999998,-0.022986433333333334
43,0.8249999999999997,6.97324e-05,0.8249999999999997,-0.022063833333333335
44,0.8499999999999996,7.81978e-05,0.8499999999999996,-0.020860973333333335
45,0.8749999999999998,0.00011743613333333333,0.8749999999999998,-0.01937184
46,0.8999999999999997,0.00018163493333333335,0.8999999999999997,-0.017610753333333336
47,0.9249999999999998,0.0002869978,0.9249999999999998,-0.015605586666666667
48,0.9499999999999997,0.0004579218666666667,0.9499999999999997,-0.01339832
49,0.9749999999999996,0.0006764193333333333,0.9749999999999996,-0.011057546666666666
50,0.9999999999999998,0.0010716266666666668,0.9999999999999998,-0.008619093333333333
51,1.0249999999999997,0.0016257733333333334,1.0249999999999997,-0.006179014666666667
52,1.0499999999999998,0.002350218666666667,1.0499999999999998,-0.0036962433333333337
53,1.0749999999999997,0.0032348173333333332,1.0749999999999997,-0.0012709906666666668
54,1.0999999999999996,0.004262791333333333,1.0999999999999996,0.001090608
55,1.1249999999999998,0.005405646666666666,1.1249999999999998,0.003366158
56,1.1499999999999997,0.006648042,1.1499999999999997,0.00556011
57,1.1749999999999996,0.00802718,1.1749999999999996,0.007768080000000001
58,1.1999999999999997,0.009438333333333333,1.1999999999999997,0.009846106666666667
59,1.2249999999999996,0.01091598,1.2249999999999996,0.011869186666666667
