,sample_A_3d_1F_V_D,sample_A_3d_1F_J_D,sample_A_3d_1F_V_L,sample_A_3d_1F_J_L
0,-0.25,-0.0005018673333333334,-0.25,-0.0721326
1,-0.225,-0.0004491980666666667,-0.225,-0.0718998
2,-0.2,-0.00039527253333333334,-0.2,-0.07177700000000001
3,-0.17500000000000002,-0.00034240000000000003,-0.17500000000000002,-0.07167573333333334
4,-0.15000000000000002,-0.0002936110666666667,-0.15000000000000002,-0.07157433333333334
5,-0.12500000000000003,-0.0002464706666666667,-0.12500000000000003,-0.07146833333333334
6,-0.10000000000000003,-0.000199344,-0.10000000000000003,-0.07136073333333333
7,-0.07500000000000004,-0.00015314806666666669,-0.07500000000000004,-0.0712458
8,-0.050000000000000044,-0.00010871260000000001,-0.050000000000000044,-0.07114533333333334
9,-0.02500000000000005,-6.592995333333334e-05,-0.02500000000000005,-0.07103200000000001
10,-5.551115123125783e-17,-2.293518e-05,-5.551115123125783e-17,-0.07092073333333333
11,0.02499999999999991,1.9589780000000002e-05,0.02499999999999991,-0.0707978
12,0.04999999999999993,6.309274666666667e-05,0.04999999999999993,-0.07068920000000001
13,0.07499999999999996,0.00011439466666666667,0.07499999999999996,-0.0705728
14,0.09999999999999992,0.00015730913333333334,0.09999999999999992,-0.070447
15,0.12499999999999989,0.0002036182,0.12499999999999989,-0.070302
16,0.1499999999999999,0.00025330480000000004,0.1499999999999999,-0.07016233333333334
17,0.17499999999999993,0.0003064998,0.17499999999999993,-0.07002246666666667
18,0.1999999999999999,0.0003555820666666667,0.1999999999999999,-0.0698586
19,0.22499999999999987,0.00041002340000000006,0.22499999999999987,-0.06968426666666666
20,0.2499999999999999,0.0004630301333333333,0.2499999999999999,-0.06949693333333333
21,0.2749999999999999,0.0005239227333333334,0.2749999999999999,-0.06929833333333334
22,0.2999999999999998,0.0005806639333333334,0.2999999999999998,-0.06908453333333334
23,0.32499999999999984,0.0006404624000000001,0.32499999999999984,-0.06882866666666666
24,0.34999999999999987,0.000699702,0.34999999999999987,-0.06855906666666667
25,0.3749999999999999,0.0008338433333333333,0.3749999999999999,-0.068229
26,0.3999999999999999,0.000887564,0.3999999999999999,-0.06784293333333334
27,0.4249999999999998,0.0009506486666666667,0.4249999999999998,-0.06738906666666668
28,0.44999999999999984,0.001027694,0.44999999999999984,-0.0668626
29,0.47499999999999987,0.001092578,0.47499999999999987,-0.06632077333333333
30,0.4999999999999998,0.001141388,0.4999999999999998,-0.06553104666666668
31,0.5249999999999998,0.0012154433333333335,0.5249999999999998,-0.06462354000000001
32,0.5499999999999998,0.001297212,0.5499999999999998,-0.06352548
33,0.5749999999999998,0.0013608606666666667,0.5749999999999998,-0.062208446666666674
34,0.5999999999999999,0.0014323913333333335,0.5999999999999999,-0.06066358666666667
35,0.6249999999999998,0.0015097686666666666,0.6249999999999998,-0.05886459333333333
36,0.6499999999999998,0.0016102153333333333,0.6499999999999998,-0.05683443333333333
37,0.6749999999999998,0.0017266306666666668,0.6749999999999998,-0.05456759333333333
38,0.6999999999999997,0.0018245226666666666,0.6999999999999997,-0.052089760000000006
39,0.7249999999999998,0.0019339400000000003,0.7249999999999998,-0.049406040000000005
40,0.7499999999999998,0.002047572,0.7499999999999998,-0.04649486666666667
41,0.7749999999999997,0.0021634273333333335,0.7749999999999997,-0.043421746666666663
42,0.7999999999999998,0.0023003146666666667,0.7999999999999998,-0.04019978
43,0.8249999999999997,0.002471294,0.8249999999999997,-0.03684526
44,0.8499999999999996,0.0026640973333333334,0.8499999999999996,-0.03337933333333334
45,0.8749999999999998,0.002905992666666667,0.8749999999999998,-0.02980778
46,0.8999999999999997,0.0032123373333333336,0.8999999999999997,-0.026206240000000002
47,0.9249999999999998,0.0035866533333333336,0.9249999999999998,-0.022551240000000004
48,0.9499999999999997,0.0041443,0.9499999999999997,-0.018865713333333332
49,0.9749999999999996,0.004848600666666667,0.9749999999999996,-0.015207220000000002
50,0.9999999999999998,0.005677390666666667,0.9999999999999998,-0.011525226666666666
51,1.0249999999999997,0.00670994,1.0249999999999997,-0.007927233333333334
52,1.0499999999999998,0.007808486666666667,1.0499999999999998,-0.004404356
53,1.0749999999999997,0.009243286666666666,1.0749999999999997,-0.0008733053333333333
54,1.0999999999999996,0.010895986666666668,1.0999999999999996,0.002582266666666667
55,1.1249999999999998,0.012679013333333334,1.1249999999999998,0.005967593333333333
56,1.1499999999999997,0.01460494,1.1499999999999997,0.00931072
57,1.1749999999999996,0.016626726666666668,1.1749999999999996,0.012597266666666667
58,1.1999999999999997,0.018753246666666668,1.1999999999999997,0.01585782
59,1.2249999999999996,0.020942326666666667,1.2249999999999996,0.019082980000000003
