,sample_A_3d_1R_V_D,sample_A_3d_1R_J_D,sample_A_3d_1R_V_L,sample_A_3d_1R_J_L
0,1.25,0.01564316666666667,1.25,0.014939686666666667
1,1.225,0.013594433333333333,1.225,0.01246916
2,1.2000000000000002,0.0115916,1.2000000000000002,0.009884833333333334
3,1.1750000000000003,0.00963928,1.1750000000000003,0.00718392
4,1.1500000000000004,0.0077551,1.1500000000000004,0.004396852666666667
5,1.1250000000000004,0.006014282,1.1250000000000004,0.001472158
6,1.1000000000000005,0.004412508,1.1000000000000005,-0.0015100886666666669
7,1.0750000000000006,0.003066854,1.0750000000000006,-0.004498773333333333
8,1.0500000000000007,0.0020084793333333337,1.0500000000000007,-0.007439406666666667
9,1.0250000000000008,0.0012452546666666666,1.0250000000000008,-0.010308040000000001
10,1.0000000000000009,0.0007385313333333333,1.0000000000000009,-0.013018713333333334
11,0.975000000000001,0.0004346124666666667,0.975000000000001,-0.015492259999999999
12,0.9500000000000011,0.0002460828,0.9500000000000011,-0.017690573333333334
13,0.9250000000000012,0.00014106346666666668,0.9250000000000012,-0.019548953333333334
14,0.9000000000000012,8.162140000000001e-05,0.9000000000000012,-0.021056086666666668
15,0.8750000000000013,4.900818666666667e-05,0.8750000000000013,-0.02222162
16,0.8500000000000014,2.8508186666666667e-05,0.8500000000000014,-0.023084173333333333
17,0.8250000000000015,1.725008e-05,0.8250000000000015,-0.023695466666666668
18,0.8000000000000016,1.0718993333333334e-05,0.8000000000000016,-0.024114646666666666
19,0.7750000000000017,6.898839999999999e-06,0.7750000000000017,-0.024392973333333335
20,0.7500000000000018,4.497123333333334e-06,0.7500000000000018,-0.024577633333333335
21,0.7250000000000019,3.046446e-06,0.7250000000000019,-0.024703993333333334
22,0.700000000000002,2.189584666666667e-06,0.700000000000002,-0.024787326666666668
23,0.675000000000002,1.6696493333333335e-06,0.675000000000002,-0.024849166666666665
24,0.6500000000000021,1.189542e-06,0.6500000000000021,-0.02489240666666667
25,0.6250000000000022,9.712033333333333e-07,0.6250000000000022,-0.024928886666666667
26,0.6000000000000023,7.742733333333333e-07,0.6000000000000023,-0.024956333333333334
27,0.5750000000000024,5.801239333333334e-07,0.5750000000000024,-0.024981613333333333
28,0.5500000000000025,5.089046666666667e-07,0.5500000000000025,-0.025001726666666668
29,0.5250000000000026,4.066146666666667e-07,0.5250000000000026,-0.02501738
30,0.5000000000000027,3.5053273333333337e-07,0.5000000000000027,-0.025027793333333333
31,0.47500000000000275,2.820512e-07,0.47500000000000275,-0.025039393333333333
32,0.45000000000000284,2.469888e-07,0.45000000000000284,-0.025047093333333336
33,0.42500000000000293,1.8960853333333334e-07,0.42500000000000293,-0.02505588666666667
34,0.400000000000003,1.6149466666666666e-07,0.400000000000003,-0.02506006
35,0.3750000000000031,1.2766480000000001e-07,0.3750000000000031,-0.025066900000000003
36,0.3500000000000032,8.854186666666667e-08,0.3500000000000032,-0.02507218
37,0.3250000000000033,5.737089333333334e-08,0.3250000000000033,-0.02507924
38,0.3000000000000034,3.318122666666667e-08,0.3000000000000034,-0.025081046666666666
39,0.27500000000000346,4.981063333333334e-08,0.27500000000000346,-0.025087973333333333
40,0.25000000000000355,1.494238e-08,0.25000000000000355,-0.025091626666666665
41,0.22500000000000364,8.746973333333334e-09,0.22500000000000364,-0.02509322
42,0.20000000000000373,-7.0846400000000005e-09,0.20000000000000373,-0.025097380000000002
43,0.17500000000000382,-2.3560766666666668e-08,0.17500000000000382,-0.025098593333333336
44,0.1500000000000039,-3.145136666666667e-08,0.1500000000000039,-0.025103313333333335
45,0.125000000000004,-3.6488880000000005e-08,0.125000000000004,-0.025105460000000003
46,0.10000000000000409,-3.909692666666667e-08,0.10000000000000409,-0.02510782666666667
47,0.07500000000000417,-4.3660420000000003e-08,0.07500000000000417,-0.025110586666666667
48,0.05000000000000426,-4.834648e-08,0.05000000000000426,-0.02511598
49,0.025000000000004352,-5.094068666666667e-08,0.025000000000004352,-0.025116760000000002
50,4.440892098500626e-15,-5.315364e-08,4.440892098500626e-15,-0.025120680000000003
51,-0.02499999999999547,-5.6245446666666666e-08,-0.02499999999999547,-0.025123353333333334
52,-0.04999999999999538,-6.148678e-08,-0.04999999999999538,-0.025125506666666665
53,-0.07499999999999529,-6.412564666666667e-08,-0.07499999999999529,-0.025127466666666667
54,-0.0999999999999952,-8.036113333333333e-08,-0.0999999999999952,-0.02512954666666667
55,-0.12499999999999512,-8.205680000000001e-08,-0.12499999999999512,-0.025132633333333335
56,-0.14999999999999503,-9.847006666666667e-08,-0.14999999999999503,-0.025135253333333336
57,-0.17499999999999494,-1.0807106666666667e-07,-0.17499999999999494,-0.02513686
58,-0.19999999999999485,-1.5817913333333333e-07,-0.19999999999999485,-0.02513940666666667
59,-0.22499999999999476,-1.627434e-07,-0.22499999999999476,-0.025143353333333333
