,sample_A_3d_1R_V_D,sample_A_3d_1R_J_D,sample_A_3d_1R_V_L,sample_A_3d_1R_J_L
0,1.25,0.01342254,1.25,0.012288806666666667
1,1.225,0.011732206666666667,1.225,0.010248906666666667
2,1.2000000000000002,0.010076946666666668,1.2000000000000002,0.008112406666666667
3,1.1750000000000003,0.008451726666666668,1.1750000000000003,0.005904702
4,1.1500000000000004,0.00686894,1.1500000000000004,0.003558754
5,1.1250000000000004,0.005387546,1.1250000000000004,0.0011408853333333335
6,1.1000000000000005,0.004009802,1.1000000000000005,-0.0013410866666666668
7,1.0750000000000006,0.002829522,1.0750000000000006,-0.0038496713333333334
8,1.0500000000000007,0.001879936,1.0500000000000007,-0.006361273333333333
9,1.0250000000000008,0.00117869,1.0250000000000008,-0.008834393333333334
10,1.0000000000000009,0.0007031593333333335,1.0000000000000009,-0.011259526666666667
11,0.975000000000001,0.0004137015333333334,0.975000000000001,-0.013565120000000002
12,0.9500000000000011,0.00023309766666666665,0.9500000000000011,-0.01572994
13,0.9250000000000012,0.00013251506666666667,0.9250000000000012,-0.017697173333333333
14,0.9000000000000012,7.580093333333333e-05,0.9000000000000012,-0.019434926666666668
15,0.8750000000000013,4.5018e-05,0.8750000000000013,-0.020907446666666666
16,0.8500000000000014,2.5730053333333337e-05,0.8500000000000014,-0.022110546666666668
17,0.8250000000000015,1.5316733333333332e-05,0.8250000000000015,-0.023041020000000002
18,0.8000000000000016,9.29002e-06,0.8000000000000016,-0.02373049333333333
19,0.7750000000000017,5.7614846666666665e-06,0.7750000000000017,-0.024219106666666667
20,0.7500000000000018,3.579278e-06,0.7500000000000018,-0.024552566666666668
21,0.7250000000000019,2.2977173333333334e-06,0.7250000000000019,-0.024774953333333335
22,0.700000000000002,1.5317606666666667e-06,0.700000000000002,-0.024922640000000003
23,0.675000000000002,1.100326e-06,0.675000000000002,-0.02502298
24,0.6500000000000021,7.502786666666668e-07,0.6500000000000021,-0.025092713333333332
25,0.6250000000000022,5.12237e-07,0.6250000000000022,-0.02514480666666667
26,0.6000000000000023,4.176172e-07,0.6000000000000023,-0.025184646666666668
27,0.5750000000000024,2.888740666666667e-07,0.5750000000000024,-0.0252176
28,0.5500000000000025,2.356276e-07,0.5500000000000025,-0.025243473333333336
29,0.5250000000000026,1.6734173333333335e-07,0.5250000000000026,-0.025262546666666667
30,0.5000000000000027,9.353180000000001e-08,0.5000000000000027,-0.02527860666666667
31,0.47500000000000275,7.275426666666667e-08,0.47500000000000275,-0.025291
32,0.45000000000000284,3.843214666666667e-08,0.45000000000000284,-0.025301366666666665
33,0.42500000000000293,2.7550233333333336e-08,0.42500000000000293,-0.025311280000000002
34,0.400000000000003,1.2796886666666667e-08,0.400000000000003,-0.02531804
35,0.3750000000000031,1.122764e-08,0.3750000000000031,-0.025325393333333335
36,0.3500000000000032,3.1948973333333337e-09,0.3500000000000032,-0.025331873333333334
37,0.3250000000000033,-2.8699193333333332e-09,0.3250000000000033,-0.025335373333333334
38,0.3000000000000034,-3.9733559999999996e-09,0.3000000000000034,-0.02533918666666667
39,0.27500000000000346,-2.692616666666667e-10,0.27500000000000346,-0.02534326
40,0.25000000000000355,-2.159282e-08,0.25000000000000355,-0.025346493333333334
41,0.22500000000000364,-2.1022466666666666e-08,0.22500000000000364,-0.025350566666666668
42,0.20000000000000373,-2.729398e-08,0.20000000000000373,-0.025354726666666667
43,0.17500000000000382,-3.135792666666666e-08,0.17500000000000382,-0.02535654
44,0.1500000000000039,-3.326941333333333e-08,0.1500000000000039,-0.025359273333333335
45,0.125000000000004,-3.55424e-08,0.125000000000004,-0.025364800000000003
46,0.10000000000000409,-3.786544666666667e-08,0.10000000000000409,-0.025365133333333335
47,0.07500000000000417,-3.94848e-08,0.07500000000000417,-0.025369866666666668
48,0.05000000000000426,-4.162058666666667e-08,0.05000000000000426,-0.025372366666666667
49,0.025000000000004352,-4.319833333333333e-08,0.025000000000004352,-0.025375493333333332
50,4.440892098500626e-15,-4.506352666666667e-08,4.440892098500626e-15,-0.025378340000000003
51,-0.02499999999999547,-4.671746e-08,-0.02499999999999547,-0.025380033333333333
52,-0.04999999999999538,-5.028457333333333e-08,-0.04999999999999538,-0.02538354
53,-0.07499999999999529,-5.3730879999999995e-08,-0.07499999999999529,-0.0253845
54,-0.0999999999999952,-5.173077333333333e-08,-0.0999999999999952,-0.025387213333333335
55,-0.12499999999999512,-5.4884320000000006e-08,-0.12499999999999512,-0.025390993333333334
56,-0.14999999999999503,-5.762594666666667e-08,-0.14999999999999503,-0.025392813333333337
57,-0.17499999999999494,-6.333349333333334e-08,-0.17499999999999494,-0.025394486666666667
58,-0.19999999999999485,-6.800953333333334e-08,-0.19999999999999485,-0.0253977
59,-0.22499999999999476,-3.549627333333334e-05,-0.22499999999999476,-0.02539661333333333
