,sample_A_1R_V_D,sample_A_1R_J_D,sample_A_1R_V_L,sample_A_1R_J_L
0,1.25,0.01046588,1.25,0.010279286666666667
1,1.225,0.00913536,1.225,0.00861098
2,1.2000000000000002,0.007859093333333334,1.2000000000000002,0.006873513333333333
3,1.1750000000000003,0.006663882,1.1750000000000003,0.005104019333333334
4,1.1500000000000004,0.005479016000000001,1.1500000000000004,0.00318886
5,1.1250000000000004,0.004365432000000001,1.1250000000000004,0.0011910273333333333
6,1.1000000000000005,0.0033413713333333337,1.1000000000000005,-0.0008957886666666667
7,1.0750000000000006,0.0024452713333333333,1.0750000000000006,-0.003046968666666667
8,1.0500000000000007,0.0016990233333333334,1.0500000000000007,-0.00524826
9,1.0250000000000008,0.0011204606666666667,1.0250000000000008,-0.007488960000000001
10,1.0000000000000009,0.0007044413333333334,1.0000000000000009,-0.0097193
11,0.975000000000001,0.00043326253333333335,0.975000000000001,-0.011894673333333335
12,0.9500000000000011,0.00025492153333333336,0.9500000000000011,-0.0139898
13,0.9250000000000012,0.00015031633333333335,0.9250000000000012,-0.01595272
14,0.9000000000000012,8.86998e-05,0.9000000000000012,-0.01775216666666667
15,0.8750000000000013,5.4047533333333334e-05,0.8750000000000013,-0.019346206666666668
16,0.8500000000000014,3.1679260000000004e-05,0.8500000000000014,-0.020712713333333334
17,0.8250000000000015,1.925586e-05,0.8250000000000015,-0.021841953333333334
18,0.8000000000000016,1.184264e-05,0.8000000000000016,-0.022741633333333334
19,0.7750000000000017,7.38026e-06,0.7750000000000017,-0.02342666666666667
20,0.7500000000000018,4.770824000000001e-06,0.7500000000000018,-0.02393328
21,0.7250000000000019,2.966344666666667e-06,0.7250000000000019,-0.024299306666666666
22,0.700000000000002,1.926538e-06,0.700000000000002,-0.024558746666666666
23,0.675000000000002,1.2783226666666668e-06,0.675000000000002,-0.024737313333333334
24,0.6500000000000021,8.550240000000001e-07,0.6500000000000021,-0.024860813333333336
25,0.6250000000000022,5.747549333333334e-07,0.6250000000000022,-0.02494976
26,0.6000000000000023,3.915130666666667e-07,0.6000000000000023,-0.025013213333333336
27,0.5750000000000024,2.634910666666667e-07,0.5750000000000024,-0.025062
28,0.5500000000000025,1.7268399999999999e-07,0.5500000000000025,-0.02510188
29,0.5250000000000026,1.0464033333333333e-07,0.5250000000000026,-0.025133173333333335
30,0.5000000000000027,5.367214666666667e-08,0.5000000000000027,-0.025161246666666668
31,0.47500000000000275,1.6345346666666668e-08,0.47500000000000275,-0.02518262
32,0.45000000000000284,-1.0820500000000001e-08,0.45000000000000284,-0.025201413333333332
33,0.42500000000000293,-3.342192e-08,0.42500000000000293,-0.025216313333333334
34,0.400000000000003,-4.792134666666667e-08,0.400000000000003,-0.02522746666666667
35,0.3750000000000031,-6.20014e-08,0.3750000000000031,-0.025240053333333335
36,0.3500000000000032,-6.98278e-08,0.3500000000000032,-0.025249213333333336
37,0.3250000000000033,-7.627526666666666e-08,0.3250000000000033,-0.025258693333333335
38,0.3000000000000034,-8.188266666666668e-08,0.3000000000000034,-0.02526508
39,0.27500000000000346,-8.83814e-08,0.27500000000000346,-0.025272353333333334
40,0.25000000000000355,-9.26196e-08,0.25000000000000355,-0.025278066666666665
41,0.22500000000000364,-9.252826666666667e-08,0.22500000000000364,-0.025282433333333333
42,0.20000000000000373,-9.88336e-08,0.20000000000000373,-0.02528746
43,0.17500000000000382,-1.0224333333333334e-07,0.17500000000000382,-0.02529208
44,0.1500000000000039,-1.0351893333333334e-07,0.1500000000000039,-0.025296806666666668
45,0.125000000000004,-1.0563786666666666e-07,0.125000000000004,-0.02530052
46,0.10000000000000409,-1.0791986666666667e-07,0.10000000000000409,-0.025302373333333336
47,0.07500000000000417,-1.094128e-07,0.07500000000000417,-0.02530832
48,0.05000000000000426,-1.1082606666666668e-07,0.05000000000000426,-0.025311373333333335
49,0.025000000000004352,-1.1217993333333334e-07,0.025000000000004352,-0.025311846666666665
50,4.440892098500626e-15,-1.1153593333333333e-07,4.440892098500626e-15,-0.025317466666666667
51,-0.02499999999999547,-1.1407893333333333e-07,-0.02499999999999547,-0.02532072
52,-0.04999999999999538,-1.1552073333333334e-07,-0.04999999999999538,-0.02532418666666667
53,-0.07499999999999529,-1.1647880000000001e-07,-0.07499999999999529,-0.02532718
54,-0.0999999999999952,-1.1778633333333334e-07,-0.0999999999999952,-0.02532906
55,-0.12499999999999512,-1.1816393333333333e-07,-0.12499999999999512,-0.02533188
56,-0.14999999999999503,-1.1913239999999999e-07,-0.14999999999999503,-0.02533536
57,-0.17499999999999494,-1.202568e-07,-0.17499999999999494,-0.025336380000000002
58,-0.19999999999999485,-1.201074e-07,-0.19999999999999485,-0.02533958
59,-0.22499999999999476,-1.2247260000000002e-07,-0.22499999999999476,-0.025343106666666667
