,sample_A_3d_1F_V_D,sample_A_3d_1F_J_D,sample_A_3d_1F_V_L,sample_A_3d_1F_J_L
0,-0.25,-0.0004884577333333334,-0.25,-0.07225613333333333
1,-0.225,-0.000435014,-0.225,-0.07201906666666666
2,-0.2,-0.0003803932666666667,-0.2,-0.07190853333333334
3,-0.17500000000000002,-0.0003277715333333333,-0.17500000000000002,-0.07181286666666667
4,-0.15000000000000002,-0.0002822708,-0.15000000000000002,-0.07171040000000001
5,-0.12500000000000003,-0.000232901,-0.12500000000000003,-0.07161553333333333
6,-0.10000000000000003,-0.00018738573333333333,-0.10000000000000003,-0.0715166
7,-0.07500000000000004,-0.0001450788666666667,-0.07500000000000004,-0.0714096
8,-0.050000000000000044,-0.00010366080000000001,-0.050000000000000044,-0.07130173333333334
9,-0.02500000000000005,-6.330322e-05,-0.02500000000000005,-0.07118440000000001
10,-5.551115123125783e-17,-2.3485793333333335e-05,-5.551115123125783e-17,-0.07106913333333334
11,0.02499999999999991,1.6480486666666667e-05,0.02499999999999991,-0.07095646666666668
12,0.04999999999999993,5.728589333333334e-05,0.04999999999999993,-0.07083553333333334
13,0.07499999999999996,0.00010320100000000002,0.07499999999999996,-0.07071126666666668
14,0.09999999999999992,0.00014760779999999999,0.09999999999999992,-0.07059813333333334
15,0.12499999999999989,0.00019195693333333335,0.12499999999999989,-0.07045666666666667
16,0.1499999999999999,0.0002416692666666667,0.1499999999999999,-0.07031473333333334
17,0.17499999999999993,0.0002914382666666667,0.17499999999999993,-0.0701628
18,0.1999999999999999,0.0003413268666666667,0.1999999999999999,-0.06998606666666667
19,0.22499999999999987,0.00039786873333333335,0.22499999999999987,-0.0698098
20,0.2499999999999999,0.00044772320000000004,0.2499999999999999,-0.06961540000000001
21,0.2749999999999999,0.0005094114000000001,0.2749999999999999,-0.069382
22,0.2999999999999998,0.0005671933333333334,0.2999999999999998,-0.06913926666666667
23,0.32499999999999984,0.0006326738666666666,0.32499999999999984,-0.06887346666666667
24,0.34999999999999987,0.0007415613333333333,0.34999999999999987,-0.06855680000000001
25,0.3749999999999999,0.0007980333333333335,0.3749999999999999,-0.0682288
26,0.3999999999999999,0.0008660826666666668,0.3999999999999999,-0.0678116
27,0.4249999999999998,0.0009257933333333333,0.4249999999999998,-0.06730766666666667
28,0.44999999999999984,0.001001148,0.44999999999999984,-0.06675266666666667
29,0.47499999999999987,0.0010736480000000002,0.47499999999999987,-0.06612650666666667
30,0.4999999999999998,0.001140064,0.4999999999999998,-0.06530858666666667
31,0.5249999999999998,0.001222142,0.5249999999999998,-0.06438454666666668
32,0.5499999999999998,0.0012747886666666668,0.5499999999999998,-0.06327803333333333
33,0.5749999999999998,0.0013662906666666668,0.5749999999999998,-0.061959906666666675
34,0.5999999999999999,0.0014396466666666667,0.5999999999999999,-0.06042056666666667
35,0.6249999999999998,0.001530914,0.6249999999999998,-0.058650980000000005
36,0.6499999999999998,0.0016191773333333334,0.6499999999999998,-0.05664160666666667
37,0.6749999999999998,0.0017063966666666667,0.6749999999999998,-0.05440735333333333
38,0.6999999999999997,0.0018116106666666665,0.6999999999999997,-0.051947900000000005
39,0.7249999999999998,0.0018913233333333333,0.7249999999999998,-0.049270180000000004
40,0.7499999999999998,0.0019985733333333336,0.7499999999999998,-0.046423233333333334
41,0.7749999999999997,0.002141418,0.7749999999999997,-0.043378653333333336
42,0.7999999999999998,0.002284906666666667,0.7999999999999998,-0.040174553333333335
43,0.8249999999999997,0.002437382,0.8249999999999997,-0.036844926666666666
44,0.8499999999999996,0.002633040666666667,0.8499999999999996,-0.03339306
45,0.8749999999999998,0.0028614966666666666,0.8749999999999998,-0.029853766666666667
46,0.8999999999999997,0.0031436233333333335,0.8999999999999997,-0.026242913333333336
47,0.9249999999999998,0.0035239380000000003,0.9249999999999998,-0.022594953333333334
48,0.9499999999999997,0.004024122,0.9499999999999997,-0.018925166666666667
49,0.9749999999999996,0.004664633333333334,0.9749999999999996,-0.015279473333333335
50,0.9999999999999998,0.005521030666666667,0.9999999999999998,-0.011630373333333334
51,1.0249999999999997,0.006561218,1.0249999999999997,-0.00803408
52,1.0499999999999998,0.007719126666666667,1.0499999999999998,-0.004499527333333334
53,1.0749999999999997,0.009153466666666667,1.0749999999999997,-0.0010279246666666667
54,1.0999999999999996,0.010736713333333333,1.0999999999999996,0.002413736
55,1.1249999999999998,0.012459353333333334,1.1249999999999998,0.005751185333333334
56,1.1499999999999997,0.014309266666666669,1.1499999999999997,0.00905096
57,1.1749999999999996,0.016282253333333333,1.1749999999999996,0.0123292
58,1.1999999999999997,0.01837152,1.1999999999999997,0.01556394
59,1.2249999999999996,0.02053000666666667,1.2249999999999996,0.018746693333333335
