,sample_A_3d_1R_V_D,sample_A_3d_1R_J_D,sample_A_3d_1R_V_L,sample_A_3d_1R_J_L
0,1.25,0.034759986666666666,1.25,0.02946156
1,1.225,0.031601800000000006,1.225,0.02574754
2,1.2000000000000002,0.02895186,1.2000000000000002,0.022528426666666667
3,1.1750000000000003,0.026260033333333332,1.1750000000000003,0.01927382
4,1.1500000000000004,0.023798446666666667,1.1500000000000004,0.01594072666666667
5,1.1250000000000004,0.021431746666666668,1.1250000000000004,0.01248066
6,1.1000000000000005,0.019255326666666666,1.1000000000000005,0.00892238
7,1.0750000000000006,0.017335666666666666,1.0750000000000006,0.0053252713333333335
8,1.0500000000000007,0.015702433333333335,1.0500000000000007,0.00160689
9,1.0250000000000008,0.014301166666666667,1.0250000000000008,-0.0021503253333333334
10,1.0000000000000009,0.013153866666666666,1.0000000000000009,-0.005921110666666667
11,0.975000000000001,0.012272933333333333,0.975000000000001,-0.009715313333333333
12,0.9500000000000011,0.011531253333333335,0.9500000000000011,-0.013470320000000001
13,0.9250000000000012,0.01093006,0.9250000000000012,-0.017099526666666667
14,0.9000000000000012,0.010395573333333333,0.9000000000000012,-0.020628406666666668
15,0.8750000000000013,0.009896546666666667,0.8750000000000013,-0.024028940000000002
16,0.8500000000000014,0.009500906666666668,0.8500000000000014,-0.027246733333333335
17,0.8250000000000015,0.009085200000000002,0.8250000000000015,-0.030302206666666665
18,0.8000000000000016,0.008705013333333334,0.8000000000000016,-0.03323722666666667
19,0.7750000000000017,0.008335786666666668,0.7750000000000017,-0.03601326666666667
20,0.7500000000000018,0.007992306666666667,0.7500000000000018,-0.03867433333333333
21,0.7250000000000019,0.0076355,0.7250000000000019,-0.04124542666666667
22,0.700000000000002,0.00728614,0.700000000000002,-0.04371914666666667
23,0.675000000000002,0.0069431599999999994,0.675000000000002,-0.046099893333333336
24,0.6500000000000021,0.006621370666666667,0.6500000000000021,-0.04837724
25,0.6250000000000022,0.006306033333333334,0.6250000000000022,-0.050558200000000005
26,0.6000000000000023,0.005999996666666667,0.6000000000000023,-0.052668906666666675
27,0.5750000000000024,0.0056694046666666675,0.5750000000000024,-0.05467732666666667
28,0.5500000000000025,0.005387726,0.5500000000000025,-0.05662242666666667
29,0.5250000000000026,0.005076241333333334,0.5250000000000026,-0.058402566666666676
30,0.5000000000000027,0.004776720000000001,0.5000000000000027,-0.060097026666666664
31,0.47500000000000275,0.004490188,0.47500000000000275,-0.06164870666666667
32,0.45000000000000284,0.004207394,0.45000000000000284,-0.06313956000000001
33,0.42500000000000293,0.003931682000000001,0.42500000000000293,-0.06436414666666666
34,0.400000000000003,0.0036599280000000002,0.400000000000003,-0.06545536
35,0.3750000000000031,0.0033696293333333334,0.3750000000000031,-0.06641586666666667
36,0.3500000000000032,0.0031149186666666667,0.3500000000000032,-0.06717566666666666
37,0.3250000000000033,0.002857018,0.3250000000000033,-0.067848
38,0.3000000000000034,0.0025968926666666667,0.3000000000000034,-0.06840866666666666
39,0.27500000000000346,0.002345742666666667,0.27500000000000346,-0.06885086666666668
40,0.25000000000000355,0.002099392666666667,0.25000000000000355,-0.06923413333333334
41,0.22500000000000364,0.001852638,0.22500000000000364,-0.06958586666666668
42,0.20000000000000373,0.0016140413333333335,0.20000000000000373,-0.0698824
43,0.17500000000000382,0.0013806486666666667,0.17500000000000382,-0.07019113333333334
44,0.1500000000000039,0.0011448486666666667,0.1500000000000039,-0.07047953333333334
45,0.125000000000004,0.000917344,0.125000000000004,-0.07076020000000001
46,0.10000000000000409,0.0006870740000000001,0.10000000000000409,-0.07103993333333335
47,0.07500000000000417,0.0004597602666666667,0.07500000000000417,-0.07129673333333335
48,0.05000000000000426,0.00023234866666666667,0.05000000000000426,-0.07154686666666667
49,0.025000000000004352,8.13174e-06,0.025000000000004352,-0.071798
50,4.440892098500626e-15,-0.0015986313333333335,4.440892098500626e-15,-0.07203553333333333
51,-0.02499999999999547,-0.0034471266666666668,-0.02499999999999547,-0.07227773333333333
52,-0.04999999999999538,-0.00528142,-0.04999999999999538,-0.07250893333333333
53,-0.07499999999999529,-0.007000473333333334,-0.07499999999999529,-0.07274373333333334
54,-0.0999999999999952,-0.00885406,-0.0999999999999952,-0.0729698
55,-0.12499999999999512,-0.010554840000000001,-0.12499999999999512,-0.07320313333333334
56,-0.14999999999999503,-0.011011320000000002,-0.14999999999999503,-0.07343393333333334
57,-0.17499999999999494,-0.011498286666666666,-0.17499999999999494,-0.07367066666666668
58,-0.19999999999999485,-0.012722820000000001,-0.19999999999999485,-0.07388786666666666
59,-0.22499999999999476,-0.017025766666666668,-0.22499999999999476,-0.07412033333333334
