,sample_A_3d_1F_V_D,sample_A_3d_1F_J_D,sample_A_3d_1F_V_L,sample_A_3d_1F_J_L
0,-0.25,-1.68263e-07,-0.25,-0.02540676
1,-0.225,-1.3635420000000002e-07,-0.225,-0.02539384
2,-0.2,-1.1256846666666667e-07,-0.2,-0.025388486666666668
3,-0.17500000000000002,-7.423266666666667e-08,-0.17500000000000002,-0.0253816
4,-0.15000000000000002,-4.231422666666667e-08,-0.15000000000000002,-0.025379546666666666
5,-0.12500000000000003,-2.5342520000000003e-08,-0.12500000000000003,-0.02537522
6,-0.10000000000000003,-1.4712126666666668e-08,-0.10000000000000003,-0.02537092
7,-0.07500000000000004,-9.519966666666667e-09,-0.07500000000000004,-0.025368540000000002
8,-0.050000000000000044,-6.738053333333333e-09,-0.050000000000000044,-0.025364186666666667
9,-0.02500000000000005,7.049433333333333e-10,-0.02500000000000005,-0.025360466666666668
10,-5.551115123125783e-17,4.28654e-09,-5.551115123125783e-17,-0.02535758
11,0.02499999999999991,1.0505993333333333e-08,0.02499999999999991,-0.02535282
12,0.04999999999999993,1.5494846666666666e-08,0.04999999999999993,-0.025351226666666667
13,0.07499999999999996,1.8473553333333333e-08,0.07499999999999996,-0.025345933333333334
14,0.09999999999999992,2.7770660000000002e-08,0.09999999999999992,-0.025342526666666667
15,0.12499999999999989,3.413174666666667e-08,0.12499999999999989,-0.02533786
16,0.1499999999999999,4.0398513333333336e-08,0.1499999999999999,-0.025334833333333334
17,0.17499999999999993,5.0874246666666666e-08,0.17499999999999993,-0.025330473333333332
18,0.1999999999999999,6.635896666666667e-08,0.1999999999999999,-0.025326493333333335
19,0.22499999999999987,8.581133333333333e-08,0.22499999999999987,-0.02532164
20,0.2499999999999999,1.1993500000000002e-07,0.2499999999999999,-0.025315586666666667
21,0.2749999999999999,1.7014133333333336e-07,0.2749999999999999,-0.025313273333333334
22,0.2999999999999998,2.631104e-07,0.2999999999999998,-0.025307833333333335
23,0.32499999999999984,3.840316e-07,0.32499999999999984,-0.02529940666666667
24,0.34999999999999987,5.878617333333334e-07,0.34999999999999987,-0.025291173333333337
25,0.3749999999999999,9.84724e-07,0.3749999999999999,-0.025282546666666666
26,0.3999999999999999,1.4251646666666667e-06,0.3999999999999999,-0.02527282
27,0.4249999999999998,1.9734173333333334e-06,0.4249999999999998,-0.02526334
28,0.44999999999999984,2.70482e-06,0.44999999999999984,-0.025247446666666666
29,0.47499999999999987,3.777249333333334e-06,0.47499999999999987,-0.02518172
30,0.4999999999999998,5.200278000000001e-06,0.4999999999999998,-0.02517426
31,0.5249999999999998,6.999406666666667e-06,0.5249999999999998,-0.025154100000000002
32,0.5499999999999998,6.718433333333333e-06,0.5499999999999998,-0.025123853333333335
33,0.5749999999999998,1.0064559999999999e-05,0.5749999999999998,-0.02507709333333333
34,0.5999999999999999,1.4668366666666668e-05,0.5999999999999999,-0.02503762
35,0.6249999999999998,2.0930806666666666e-05,0.6249999999999998,-0.024978273333333335
36,0.6499999999999998,2.9070200000000005e-05,0.6499999999999998,-0.024893313333333337
37,0.6749999999999998,3.921993333333334e-05,0.6749999999999998,-0.024779173333333335
38,0.6999999999999997,4.9145280000000004e-05,0.6999999999999997,-0.024614773333333333
39,0.7249999999999998,6.076775333333333e-05,0.7249999999999998,-0.024388386666666668
40,0.7499999999999998,6.999506666666668e-05,0.7499999999999998,-0.024055319999999998
41,0.7749999999999997,4.785276e-05,0.7749999999999997,-0.023576186666666665
42,0.7999999999999998,5.61636e-05,0.7999999999999998,-0.02290211333333333
43,0.8249999999999997,5.6565860000000004e-05,0.8249999999999997,-0.021985833333333333
44,0.8499999999999996,8.303273333333334e-05,0.8499999999999996,-0.02080844
45,0.8749999999999998,0.00012446626666666666,0.8749999999999998,-0.019346666666666668
46,0.8999999999999997,0.00019132653333333333,0.8999999999999997,-0.017621833333333333
47,0.9249999999999998,0.00030169373333333336,0.9249999999999998,-0.015659140000000002
48,0.9499999999999997,0.000483375,0.9499999999999997,-0.013491780000000002
49,0.9749999999999996,0.0007142393333333334,0.9749999999999996,-0.01118856
50,0.9999999999999998,0.0011374393333333334,0.9999999999999998,-0.008766926666666668
51,1.0249999999999997,0.001739094,1.0249999999999997,-0.006306936
52,1.0499999999999998,0.0025327393333333336,1.0499999999999998,-0.0037851193333333336
53,1.0749999999999997,0.0035128733333333337,1.0749999999999997,-0.0012886493333333334
54,1.0999999999999996,0.004652313333333334,1.0999999999999996,0.0011654826666666666
55,1.1249999999999998,0.00591883,1.1249999999999998,0.0035405553333333335
56,1.1499999999999997,0.007307426666666667,1.1499999999999997,0.005827066666666667
57,1.1749999999999996,0.008734086666666667,1.1749999999999996,0.008052506666666667
58,1.1999999999999997,0.01020248,1.1999999999999997,0.010145313333333334
59,1.2249999999999996,0.011699246666666666,1.2249999999999996,0.012134973333333333
