,sample_A_1F_V_D,sample_A_1F_J_D,sample_A_1F_V_L,sample_A_1F_J_L
0,-0.25,-1.3585973333333335e-08,-0.25,-0.02549394
1,-0.225,-9.231886666666667e-10,-0.225,-0.025480953333333334
2,-0.2,-7.521826666666667e-11,-0.2,-0.025472286666666667
3,-0.17500000000000002,3.770422e-09,-0.17500000000000002,-0.025467086666666666
4,-0.15000000000000002,5.161117333333333e-09,-0.15000000000000002,-0.02546352
5,-0.12500000000000003,5.811486e-09,-0.12500000000000003,-0.025461533333333335
6,-0.10000000000000003,6.436027333333334e-09,-0.10000000000000003,-0.025457166666666666
7,-0.07500000000000004,6.688726666666667e-09,-0.07500000000000004,-0.025452886666666667
8,-0.050000000000000044,7.45286e-09,-0.050000000000000044,-0.02544822
9,-0.02500000000000005,7.979066666666667e-09,-0.02500000000000005,-0.025445386666666667
10,-5.551115123125783e-17,8.083773333333334e-09,-5.551115123125783e-17,-0.02544106
11,0.02499999999999991,9.07746e-09,0.02499999999999991,-0.025438293333333334
12,0.04999999999999993,9.72314e-09,0.04999999999999993,-0.02543656
13,0.07499999999999996,1.073058e-08,0.07499999999999996,-0.02543202
14,0.09999999999999992,1.2145426666666667e-08,0.09999999999999992,-0.025428993333333334
15,0.12499999999999989,1.3981453333333334e-08,0.12499999999999989,-0.0254231
16,0.1499999999999999,1.6940346666666667e-08,0.1499999999999999,-0.02541914
17,0.17499999999999993,2.1733946666666665e-08,0.17499999999999993,-0.025413793333333334
18,0.1999999999999999,2.9836440000000005e-08,0.1999999999999999,-0.025407093333333332
19,0.22499999999999987,4.290132666666667e-08,0.22499999999999987,-0.025401133333333333
20,0.2499999999999999,6.638904666666667e-08,0.2499999999999999,-0.025389746666666668
21,0.2749999999999999,1.060236e-07,0.2749999999999999,-0.025378826666666666
22,0.2999999999999998,1.6773073333333334e-07,0.2999999999999998,-0.025362666666666665
23,0.32499999999999984,2.5804506666666666e-07,0.32499999999999984,-0.025345473333333333
24,0.34999999999999987,3.7425813333333337e-07,0.34999999999999987,-0.025324093333333336
25,0.3749999999999999,5.137918666666667e-07,0.3749999999999999,-0.004624573333333334
26,0.3999999999999999,6.744966666666667e-07,0.3999999999999999,-0.005391122
27,0.4249999999999998,8.534679999999999e-07,0.4249999999999998,-0.005149238666666667
28,0.44999999999999984,1.056606e-06,0.44999999999999984,-0.0048779593333333334
29,0.47499999999999987,1.2922340000000002e-06,0.47499999999999987,-0.004602226666666667
30,0.4999999999999998,1.5687153333333335e-06,0.4999999999999998,-0.004460229333333334
31,0.5249999999999998,1.892314e-06,0.5249999999999998,-0.004204437333333333
32,0.5499999999999998,2.2624546666666666e-06,0.5499999999999998,-0.003916332666666667
33,0.5749999999999998,2.718198e-06,0.5749999999999998,-0.003696018
34,0.5999999999999999,3.2662846666666666e-06,0.5999999999999999,-0.0034386273333333337
35,0.6249999999999998,3.931628e-06,0.6249999999999998,-0.003212926
36,0.6499999999999998,4.755038666666667e-06,0.6499999999999998,-0.003005090666666667
37,0.6749999999999998,5.875239333333334e-06,0.6749999999999998,-0.0028022900000000002
38,0.6999999999999997,6.999426666666668e-06,0.6999999999999997,-0.0025975753333333336
39,0.7249999999999998,4.97334e-06,0.7249999999999998,-0.0024299146666666668
40,0.7499999999999998,7.788400000000002e-06,0.7499999999999998,-0.0022132266666666667
41,0.7749999999999997,1.2210466666666668e-05,0.7749999999999997,-0.002035393333333333
42,0.7999999999999998,1.9297640000000002e-05,0.7999999999999998,-0.001861106
43,0.8249999999999997,3.0938786666666664e-05,0.8249999999999997,-0.0016973073333333333
44,0.8499999999999996,5.058694666666667e-05,0.8499999999999996,-0.00152136
45,0.8749999999999998,7.20814e-05,0.8749999999999998,-0.001346994
46,0.8999999999999997,0.0001267816,0.8999999999999997,-0.0011724040000000002
47,0.9249999999999998,0.00021973286666666667,0.9249999999999998,-0.0010109846666666667
48,0.9499999999999997,0.0003743192,0.9499999999999997,-0.0008549573333333334
49,0.9749999999999996,0.0006179030666666667,0.9749999999999996,-0.0006958406666666667
50,0.9999999999999998,0.0009604873333333334,0.9999999999999998,-0.0005437236666666667
51,1.0249999999999997,0.0014901773333333335,1.0249999999999997,-0.00039284220000000003
52,1.0499999999999998,0.0021848146666666665,1.0499999999999998,-0.00024200313333333335
53,1.0749999999999997,0.0030372000000000003,1.0749999999999997,-9.072706666666667e-05
54,1.0999999999999996,0.004035182,1.0999999999999996,6.359534666666668e-05
55,1.1249999999999998,0.005151201333333334,1.1249999999999998,0.0025836753333333337
56,1.1499999999999997,0.006363961333333334,1.1499999999999997,0.004406052666666667
57,1.1749999999999996,0.007703973333333334,1.1749999999999996,0.006207649333333334
58,1.1999999999999997,0.009093546666666667,1.1999999999999997,0.008064813333333334
59,1.2249999999999996,0.010539306666666668,1.2249999999999996,0.00986586
