,sample_A_1F_V_D,sample_A_1F_J_D,sample_A_1F_V_L,sample_A_1F_J_L
0,-0.25,-4.577112e-05,-0.25,-0.02124706
1,-0.225,-4.5429906666666666e-05,-0.225,-0.021282053333333335
2,-0.2,-4.5253240000000005e-05,-0.2,-0.021313073333333335
3,-0.17500000000000002,-4.512891333333333e-05,-0.17500000000000002,-0.0213366
4,-0.15000000000000002,-4.503856e-05,-0.15000000000000002,-0.02135514
5,-0.12500000000000003,-4.496385333333333e-05,-0.12500000000000003,-0.021363753333333336
6,-0.10000000000000003,-4.490166e-05,-0.10000000000000003,-0.021371946666666666
7,-0.07500000000000004,-4.484352e-05,-0.07500000000000004,-0.02137606
8,-0.050000000000000044,-4.478925333333333e-05,-0.050000000000000044,-0.021379206666666668
9,-0.02500000000000005,-4.473754666666667e-05,-0.02500000000000005,-0.021378906666666666
10,-5.551115123125783e-17,-4.469388e-05,-5.551115123125783e-17,-0.02137728666666667
11,0.02499999999999991,-4.4638113333333334e-05,0.02499999999999991,-0.021373633333333333
12,0.04999999999999993,-4.4589193333333334e-05,0.04999999999999993,-0.0213668
13,0.07499999999999996,-4.454084666666667e-05,0.07499999999999996,-0.021358366666666666
14,0.09999999999999992,-4.448917333333333e-05,0.09999999999999992,-0.02134868666666667
15,0.12499999999999989,-4.4437986666666665e-05,0.12499999999999989,-0.021337953333333336
16,0.1499999999999999,-4.438437333333334e-05,0.1499999999999999,-0.021326166666666667
17,0.17499999999999993,-4.433161333333333e-05,0.17499999999999993,-0.021311706666666666
18,0.1999999999999999,-4.427492666666667e-05,0.1999999999999999,-0.02129804
19,0.22499999999999987,-4.421853333333333e-05,0.22499999999999987,-0.021281539999999998
20,0.2499999999999999,-4.415629333333334e-05,0.2499999999999999,-0.02126496
21,0.2749999999999999,-4.409706666666667e-05,0.2749999999999999,-0.021245833333333335
22,0.2999999999999998,-4.402435333333333e-05,0.2999999999999998,-0.02122896
23,0.32499999999999984,-4.395054666666667e-05,0.32499999999999984,-0.021208346666666666
24,0.34999999999999987,-4.387024e-05,0.34999999999999987,-0.021188293333333337
25,0.3749999999999999,-4.378159333333333e-05,0.3749999999999999,-0.021163833333333333
26,0.3999999999999999,-4.367766e-05,0.3999999999999999,-0.021139233333333333
27,0.4249999999999998,-4.355172e-05,0.4249999999999998,-0.021113486666666667
28,0.44999999999999984,-4.339546e-05,0.44999999999999984,-0.021082393333333335
29,0.47499999999999987,-4.3194233333333334e-05,0.47499999999999987,-0.021054253333333335
30,0.4999999999999998,-4.293283333333334e-05,0.4999999999999998,-0.021015873333333334
31,0.5249999999999998,-4.2592153333333337e-05,0.5249999999999998,-0.020971433333333334
32,0.5499999999999998,-4.215611333333333e-05,0.5499999999999998,-0.02091926666666667
33,0.5749999999999998,-4.160322e-05,0.5749999999999998,-0.020858933333333333
34,0.5999999999999999,-4.088889333333333e-05,0.5999999999999999,-0.018746313333333334
35,0.6249999999999998,-3.9912553333333336e-05,0.6249999999999998,-0.01899122666666667
36,0.6499999999999998,-3.844444e-05,0.6499999999999998,-0.01904994
37,0.6749999999999998,-3.59443e-05,0.6749999999999998,-0.01914784666666667
38,0.6999999999999997,-3.127043333333333e-05,0.6999999999999997,-0.01911134
39,0.7249999999999998,-2.2283793333333336e-05,0.7249999999999998,-0.01908038
40,0.7499999999999998,-7.335233333333334e-06,0.7499999999999998,-0.019044973333333333
41,0.7749999999999997,2.285682e-05,0.7749999999999997,-0.019014713333333332
42,0.7999999999999998,6.999526666666668e-05,0.7999999999999998,-0.018908153333333334
43,0.8249999999999997,0.00015134073333333335,0.8249999999999997,-0.018570613333333333
44,0.8499999999999996,0.00029876773333333337,0.8499999999999996,-0.018066813333333334
45,0.8749999999999998,0.0005460616666666667,0.8749999999999998,-0.016688786666666667
46,0.8999999999999997,0.0009617466666666667,0.8999999999999997,-0.015256833333333334
47,0.9249999999999998,0.0016624573333333336,0.9249999999999998,-0.01317714
48,0.9499999999999997,0.002779778666666667,0.9499999999999997,-0.0102851
49,0.9749999999999996,0.00446016,0.9749999999999996,-0.006658342000000001
50,0.9999999999999998,0.006849946666666667,0.9999999999999998,-0.002230022666666667
51,1.0249999999999997,0.009981526666666667,1.0249999999999997,0.002723208
52,1.0499999999999998,0.013889,1.0499999999999998,0.008233420000000002
53,1.0749999999999997,0.018451173333333334,1.0749999999999997,0.01416558
54,1.0999999999999996,0.02360138666666667,1.0999999999999996,0.02041578
55,1.1249999999999998,0.0292199,1.1249999999999998,0.02694864666666667
56,1.1499999999999997,0.03524405333333334,1.1499999999999997,0.03371823333333333
57,1.1749999999999996,0.041585826666666666,1.1749999999999996,0.04068010666666667
58,1.1999999999999997,0.048213273333333334,1.1999999999999997,0.04781888
59,1.2249999999999996,0.05506264,1.2249999999999996,0.05511112
