,sample_A_3d_1R_V_D,sample_A_3d_1R_J_D,sample_A_3d_1R_V_L,sample_A_3d_1R_J_L
0,1.25,0.012557646666666667,1.25,0.012025333333333334
1,1.225,0.010935066666666667,1.225,0.010041733333333334
2,1.2000000000000002,0.009369220000000001,1.2000000000000002,0.007972086666666668
3,1.1750000000000003,0.00785208,1.1750000000000003,0.005838973333333334
4,1.1500000000000004,0.006410585333333334,1.1500000000000004,0.0035348793333333335
5,1.1250000000000004,0.005023579333333334,1.1250000000000004,0.0011255366666666666
6,1.1000000000000005,0.003761753333333333,1.1000000000000005,-0.0013881786666666666
7,1.0750000000000006,0.002671901333333333,1.0750000000000006,-0.003967795333333334
8,1.0500000000000007,0.0017881233333333333,1.0500000000000007,-0.006585327333333333
9,1.0250000000000008,0.0011291373333333335,1.0250000000000008,-0.009208426666666669
10,1.0000000000000009,0.0006760366666666667,1.0000000000000009,-0.011767026666666668
11,0.975000000000001,0.00039648726666666667,0.975000000000001,-0.014190373333333336
12,0.9500000000000011,0.00022052593333333334,0.9500000000000011,-0.016436573333333333
13,0.9250000000000012,0.00012146793333333334,0.9250000000000012,-0.01843270666666667
14,0.9000000000000012,6.66822e-05,0.9000000000000012,-0.02014050666666667
15,0.8750000000000013,3.311632e-05,0.8750000000000013,-0.02153408
16,0.8500000000000014,1.4757146666666667e-05,0.8500000000000014,-0.02262486
17,0.8250000000000015,4.520769333333333e-06,0.8250000000000015,-0.02343414
18,0.8000000000000016,-1.9514653333333335e-06,0.8000000000000016,-0.02401064
19,0.7750000000000017,-5.605696e-06,0.7750000000000017,-0.024410553333333335
20,0.7500000000000018,-7.801073333333333e-06,0.7500000000000018,-0.02467786666666667
21,0.7250000000000019,-9.14642e-06,0.7250000000000019,-0.02485556666666667
22,0.700000000000002,-9.940380000000001e-06,0.700000000000002,-0.024973606666666665
23,0.675000000000002,-1.0432173333333332e-05,0.675000000000002,-0.0250538
24,0.6500000000000021,-1.0766946666666667e-05,0.6500000000000021,-0.025111353333333336
25,0.6250000000000022,-1.097766e-05,0.6250000000000022,-0.02515426
26,0.6000000000000023,-1.113506e-05,0.6000000000000023,-0.025187253333333336
27,0.5750000000000024,-1.1257093333333335e-05,0.5750000000000024,-0.0252136
28,0.5500000000000025,-1.1352493333333334e-05,0.5500000000000025,-0.025236300000000003
29,0.5250000000000026,-1.1423080000000001e-05,0.5250000000000026,-0.02525154
30,0.5000000000000027,-1.1480853333333333e-05,0.5000000000000027,-0.025266820000000002
31,0.47500000000000275,-1.1529466666666667e-05,0.47500000000000275,-0.02527834
32,0.45000000000000284,-1.1565386666666666e-05,0.45000000000000284,-0.025288133333333334
33,0.42500000000000293,-1.1594726666666667e-05,0.42500000000000293,-0.025296713333333335
34,0.400000000000003,-1.1616973333333333e-05,0.400000000000003,-0.025303993333333337
35,0.3750000000000031,-1.1633593333333334e-05,0.3750000000000031,-0.025311673333333336
36,0.3500000000000032,-1.1648806666666667e-05,0.3500000000000032,-0.02531594
37,0.3250000000000033,-1.165868e-05,0.3250000000000033,-0.025321073333333333
38,0.3000000000000034,-1.1671500000000002e-05,0.3000000000000034,-0.025325493333333334
39,0.27500000000000346,-1.1681366666666668e-05,0.27500000000000346,-0.02533082
40,0.25000000000000355,-1.1691766666666667e-05,0.25000000000000355,-0.025334626666666665
41,0.22500000000000364,-1.1696126666666667e-05,0.22500000000000364,-0.025338513333333333
42,0.20000000000000373,-1.1707886666666666e-05,0.20000000000000373,-0.025341033333333336
43,0.17500000000000382,-1.1715573333333334e-05,0.17500000000000382,-0.025344079999999998
44,0.1500000000000039,-1.1721620000000001e-05,0.1500000000000039,-0.025347246666666667
45,0.125000000000004,-1.1728160000000001e-05,0.125000000000004,-0.02534926666666667
46,0.10000000000000409,-1.1734293333333334e-05,0.10000000000000409,-0.025353160000000003
47,0.07500000000000417,-1.1740426666666668e-05,0.07500000000000417,-0.025354186666666667
48,0.05000000000000426,-1.1746233333333333e-05,0.05000000000000426,-0.025357366666666666
49,0.025000000000004352,-1.1751806666666666e-05,0.025000000000004352,-0.025357566666666668
50,4.440892098500626e-15,-1.1757286666666666e-05,4.440892098500626e-15,-0.025361666666666668
51,-0.02499999999999547,-1.176324e-05,-0.02499999999999547,-0.025363353333333335
52,-0.04999999999999538,-1.1768773333333334e-05,-0.04999999999999538,-0.025366026666666666
53,-0.07499999999999529,-1.1773980000000001e-05,-0.07499999999999529,-0.025366726666666665
54,-0.0999999999999952,-1.1779879999999999e-05,-0.0999999999999952,-0.025369906666666667
55,-0.12499999999999512,-1.1787173333333334e-05,-0.12499999999999512,-0.025374626666666667
56,-0.14999999999999503,-1.179354e-05,-0.14999999999999503,-0.02537732666666667
57,-0.17499999999999494,-1.1799000000000002e-05,-0.17499999999999494,-0.025376513333333333
58,-0.19999999999999485,-1.1791386666666667e-05,-0.19999999999999485,-0.025380593333333333
59,-0.22499999999999476,-1.1795106666666668e-05,-0.22499999999999476,-0.02538222
