,sample_A_3d_1F_V_D,sample_A_3d_1F_J_D,sample_A_3d_1F_V_L,sample_A_3d_1F_J_L
0,-0.25,-1.858792e-06,-0.25,-0.025084633333333335
1,-0.225,-1.47285e-06,-0.225,-0.025068986666666668
2,-0.2,-1.3704273333333333e-06,-0.2,-0.025060233333333334
3,-0.17500000000000002,-1.1324606666666666e-06,-0.17500000000000002,-0.025054406666666668
4,-0.15000000000000002,-1.0027926666666666e-06,-0.15000000000000002,-0.025049846666666667
5,-0.12500000000000003,-8.338980000000001e-07,-0.12500000000000003,-0.0250429
6,-0.10000000000000003,-6.140144e-07,-0.10000000000000003,-0.02503784
7,-0.07500000000000004,-4.651640000000001e-07,-0.07500000000000004,-0.02503344
8,-0.050000000000000044,-2.844718e-07,-0.050000000000000044,-0.02502964666666667
9,-0.02500000000000005,-1.3143566666666667e-07,-0.02500000000000005,-0.02502352
10,-5.551115123125783e-17,3.6680413333333336e-08,-5.551115123125783e-17,-0.025019393333333334
11,0.02499999999999991,1.9474766666666668e-07,0.02499999999999991,-0.025014920000000003
12,0.04999999999999993,4.525573333333334e-07,0.04999999999999993,-0.025008600000000002
13,0.07499999999999996,6.428778666666667e-07,0.07499999999999996,-0.025005253333333335
14,0.09999999999999992,8.360980000000001e-07,0.09999999999999992,-0.02499974
15,0.12499999999999989,1.229328e-06,0.12499999999999989,-0.024995606666666666
16,0.1499999999999999,1.4189093333333335e-06,0.1499999999999999,-0.024991486666666667
17,0.17499999999999993,1.7852673333333334e-06,0.17499999999999993,-0.024983926666666666
18,0.1999999999999999,2.483808e-06,0.1999999999999999,-0.02497876666666667
19,0.22499999999999987,2.973138666666667e-06,0.22499999999999987,-0.024972606666666668
20,0.2499999999999999,3.6624013333333337e-06,0.2499999999999999,-0.02496896
21,0.2749999999999999,4.333268666666667e-06,0.2749999999999999,-0.0249598
22,0.2999999999999998,5.975574e-06,0.2999999999999998,-0.02495414666666667
23,0.32499999999999984,6.015510666666666e-06,0.32499999999999984,-0.02494548666666667
24,0.34999999999999987,8.16074e-06,0.34999999999999987,-0.024934233333333333
25,0.3749999999999999,1.1057173333333334e-05,0.3749999999999999,-0.024922113333333336
26,0.3999999999999999,1.5237600000000001e-05,0.3999999999999999,-0.024909273333333332
27,0.4249999999999998,2.0942466666666668e-05,0.4249999999999998,-0.024893093333333335
28,0.44999999999999984,3.0297033333333335e-05,0.44999999999999984,-0.02487448
29,0.47499999999999987,4.154098666666667e-05,0.47499999999999987,-0.024851066666666668
30,0.4999999999999998,5.6788453333333335e-05,0.4999999999999998,-0.024823426666666665
31,0.5249999999999998,6.999506666666668e-05,0.5249999999999998,-0.024791413333333335
32,0.5499999999999998,7.588946666666667e-05,0.5499999999999998,-0.024751346666666667
33,0.5749999999999998,9.83052e-05,0.5749999999999998,-0.024705833333333333
34,0.5999999999999999,0.0001225158,0.5999999999999999,-0.024646193333333333
35,0.6249999999999998,0.00014855333333333335,0.6249999999999998,-0.0245718
36,0.6499999999999998,0.0001747354,0.6499999999999998,-0.0244707
37,0.6749999999999998,0.00020167673333333335,0.6749999999999998,-0.0243342
38,0.6999999999999997,0.0002282396,0.6999999999999997,-0.024140393333333333
39,0.7249999999999998,0.00025193393333333334,0.7249999999999998,-0.02386278
40,0.7499999999999998,0.00027442653333333337,0.7499999999999998,-0.023467086666666668
41,0.7749999999999997,0.0002943642666666667,0.7749999999999997,-0.022912553333333335
42,0.7999999999999998,0.00031622526666666667,0.7999999999999998,-0.02216244666666667
43,0.8249999999999997,0.0003378946666666667,0.8249999999999997,-0.021182506666666667
44,0.8499999999999996,0.0003670434,0.8499999999999996,-0.01994906
45,0.8749999999999998,0.00040980146666666663,0.8749999999999998,-0.018470973333333335
46,0.8999999999999997,0.0004757318666666667,0.8999999999999997,-0.01676272666666667
47,0.9249999999999998,0.0005773207333333333,0.9249999999999998,-0.014854006666666668
48,0.9499999999999997,0.0006999586666666667,0.9499999999999997,-0.012779093333333333
49,0.9749999999999996,0.0008847913333333334,0.9749999999999996,-0.010595193333333334
50,0.9999999999999998,0.001242758,0.9999999999999998,-0.0083305
51,1.0249999999999997,0.001745410666666667,1.0249999999999997,-0.0060626713333333335
52,1.0499999999999998,0.0024019266666666667,1.0499999999999998,-0.003745198666666667
53,1.0749999999999997,0.003203994666666667,1.0749999999999997,-0.0014729580000000001
54,1.0999999999999996,0.004141126,1.0999999999999996,0.000747948
55,1.1249999999999998,0.005190118,1.1249999999999998,0.002888054666666667
56,1.1499999999999997,0.006345231333333334,1.1499999999999997,0.004942643333333334
57,1.1749999999999996,0.0076828466666666664,1.1749999999999996,0.006901106666666666
58,1.1999999999999997,0.008986146666666668,1.1999999999999997,0.008853566666666667
59,1.2249999999999996,0.010354806666666667,1.2249999999999996,0.01066898
