,sample_A_3d_1F_V_D,sample_A_3d_1F_J_D,sample_A_3d_1F_V_L,sample_A_3d_1F_J_L
0,-0.25,-5.1252220000000005e-08,-0.25,-0.02551796
1,-0.225,-3.3554046666666663e-08,-0.225,-0.02550156666666667
2,-0.2,-2.5048553333333337e-08,-0.2,-0.02549214
3,-0.17500000000000002,-1.5468506666666667e-08,-0.17500000000000002,-0.025486340000000003
4,-0.15000000000000002,-1.4079386666666668e-08,-0.15000000000000002,-0.02548172
5,-0.12500000000000003,-7.91402e-09,-0.12500000000000003,-0.02547576
6,-0.10000000000000003,-5.3066819999999995e-09,-0.10000000000000003,-0.025470213333333335
7,-0.07500000000000004,-2.9618526666666666e-09,-0.07500000000000004,-0.025467353333333335
8,-0.050000000000000044,-3.5585333333333336e-10,-0.050000000000000044,-0.025461893333333336
9,-0.02500000000000005,1.8031893333333333e-09,-0.02500000000000005,-0.025460333333333335
10,-5.551115123125783e-17,3.4693893333333334e-09,-5.551115123125783e-17,-0.025457686666666667
11,0.02499999999999991,7.141406666666667e-09,0.02499999999999991,-0.0254511
12,0.04999999999999993,1.1532606666666668e-08,0.04999999999999993,-0.02544972666666667
13,0.07499999999999996,1.6474146666666667e-08,0.07499999999999996,-0.02544444666666667
14,0.09999999999999992,2.430348666666667e-08,0.09999999999999992,-0.025440800000000003
15,0.12499999999999989,3.7193146666666666e-08,0.12499999999999989,-0.025436680000000003
16,0.1499999999999999,5.75564e-08,0.1499999999999999,-0.025432560000000003
17,0.17499999999999993,9.430273333333334e-08,0.17499999999999993,-0.025426173333333333
18,0.1999999999999999,1.5987893333333335e-07,0.1999999999999999,-0.025422740000000003
19,0.22499999999999987,2.7419953333333336e-07,0.22499999999999987,-0.025419973333333335
20,0.2499999999999999,4.6496653333333334e-07,0.2499999999999999,-0.025414486666666666
21,0.2749999999999999,7.637626666666667e-07,0.2749999999999999,-0.02540750666666667
22,0.2999999999999998,1.2162946666666666e-06,0.2999999999999998,-0.025401493333333334
23,0.32499999999999984,1.8809820000000002e-06,0.32499999999999984,-0.025397806666666668
24,0.34999999999999987,2.803094666666667e-06,0.34999999999999987,-0.025387686666666666
25,0.3749999999999999,4.064526e-06,0.3749999999999999,-0.025378013333333335
26,0.3999999999999999,5.7464946666666665e-06,0.3999999999999999,-0.025364340000000003
27,0.4249999999999998,6.999413333333334e-06,0.4249999999999998,-0.02534836
28,0.44999999999999984,6.69234e-06,0.44999999999999984,-0.02532942666666667
29,0.47499999999999987,9.731473333333333e-06,0.47499999999999987,-0.02530928
30,0.4999999999999998,1.3705133333333334e-05,0.4999999999999998,-0.025283353333333335
31,0.5249999999999998,1.8813193333333332e-05,0.5249999999999998,-0.02525262
32,0.5499999999999998,2.4950013333333332e-05,0.5499999999999998,-0.02521526
33,0.5749999999999998,3.132252666666667e-05,0.5749999999999998,-0.02516870666666667
34,0.5999999999999999,3.7801126666666664e-05,0.5999999999999999,-0.025114166666666667
35,0.6249999999999998,4.5396973333333335e-05,0.6249999999999998,-0.025041086666666667
36,0.6499999999999998,5.431573333333333e-05,0.6499999999999998,-0.02494254
37,0.6749999999999998,6.470492666666667e-05,0.6749999999999998,-0.02480698
38,0.6999999999999997,6.99952e-05,0.6999999999999997,-0.024608686666666667
39,0.7249999999999998,4.424826666666667e-05,0.7249999999999998,-0.024322866666666665
40,0.7499999999999998,4.303630666666667e-05,0.7499999999999998,-0.02390906
41,0.7749999999999997,5.35251e-05,0.7749999999999997,-0.02332458
42,0.7999999999999998,6.781866666666668e-05,0.7999999999999998,-0.022521866666666668
43,0.8249999999999997,5.936394e-05,0.8249999999999997,-0.02146862
44,0.8499999999999996,8.41744e-05,0.8499999999999996,-0.020142313333333335
45,0.8749999999999998,0.00012359766666666667,0.8749999999999998,-0.018548293333333334
46,0.8999999999999997,0.00018700133333333336,0.8999999999999997,-0.0167102
47,0.9249999999999998,0.00028900326666666664,0.9249999999999998,-0.014675673333333333
48,0.9499999999999997,0.00045142833333333335,0.9499999999999997,-0.01248702
49,0.9749999999999996,0.0006984980000000001,0.9749999999999996,-0.010219220000000001
50,0.9999999999999998,0.0010109566666666667,0.9999999999999998,-0.007906473333333334
51,1.0249999999999997,0.0015010373333333334,1.0249999999999997,-0.005646460666666667
52,1.0499999999999998,0.002132268,1.0499999999999998,-0.0033836166666666666
53,1.0749999999999997,0.0028936746666666665,1.0749999999999997,-0.0012097946666666667
54,1.0999999999999996,0.0037731500000000003,1.0999999999999996,0.0008793666666666668
55,1.1249999999999998,0.004752370666666667,1.1249999999999998,0.00287247
56,1.1499999999999997,0.005824278666666667,1.1499999999999997,0.004792494666666667
57,1.1749999999999996,0.006979386666666667,1.1749999999999996,0.006650092666666668
58,1.1999999999999997,0.008273293333333334,1.1999999999999997,0.008619566666666667
59,1.2249999999999996,0.009593726666666667,1.2249999999999996,0.010457746666666667
