,sample_A_3d_1F_V_D,sample_A_3d_1F_J_D,sample_A_3d_1F_V_L,sample_A_3d_1F_J_L
0,-0.25,-1.6443546666666668e-06,-0.25,-0.025172733333333332
1,-0.225,-1.4092333333333334e-06,-0.225,-0.025158073333333333
2,-0.2,-1.1517320000000002e-06,-0.2,-0.02515086
3,-0.17500000000000002,-9.042006666666666e-07,-0.17500000000000002,-0.025144653333333333
4,-0.15000000000000002,-6.76994e-07,-0.15000000000000002,-0.025141373333333335
5,-0.12500000000000003,-4.818509333333334e-07,-0.12500000000000003,-0.02513762666666667
6,-0.10000000000000003,-3.3109653333333337e-07,-0.10000000000000003,-0.025131300000000002
7,-0.07500000000000004,-2.3088093333333334e-07,-0.07500000000000004,-0.02512704
8,-0.050000000000000044,-1.3157493333333333e-07,-0.050000000000000044,-0.025123013333333333
9,-0.02500000000000005,-4.621125333333334e-08,-0.02500000000000005,-0.025118873333333337
10,-5.551115123125783e-17,1.712142666666667e-08,-5.551115123125783e-17,-0.025117653333333337
11,0.02499999999999991,7.455466666666667e-08,0.02499999999999991,-0.025111293333333336
12,0.04999999999999993,1.365002e-07,0.04999999999999993,-0.025108726666666668
13,0.07499999999999996,2.0276506666666668e-07,0.07499999999999996,-0.02510370666666667
14,0.09999999999999992,2.778880666666667e-07,0.09999999999999992,-0.025099366666666668
15,0.12499999999999989,4.001150666666667e-07,0.12499999999999989,-0.025093973333333335
16,0.1499999999999999,5.274124e-07,0.1499999999999999,-0.02508956
17,0.17499999999999993,6.328031333333333e-07,0.17499999999999993,-0.02508544
18,0.1999999999999999,8.204366666666667e-07,0.1999999999999999,-0.025079
19,0.22499999999999987,9.430733333333334e-07,0.22499999999999987,-0.025076233333333333
20,0.2499999999999999,1.1262973333333334e-06,0.2499999999999999,-0.025068326666666665
21,0.2749999999999999,1.3140093333333334e-06,0.2749999999999999,-0.025063066666666668
22,0.2999999999999998,1.592722e-06,0.2999999999999998,-0.0250568
23,0.32499999999999984,2.0016626666666667e-06,0.32499999999999984,-0.025049533333333335
24,0.34999999999999987,2.3893493333333336e-06,0.34999999999999987,-0.02504140666666667
25,0.3749999999999999,2.8648980000000002e-06,0.3749999999999999,-0.025031646666666667
26,0.3999999999999999,3.4296253333333333e-06,0.3999999999999999,-0.025020760000000003
27,0.4249999999999998,4.234669333333334e-06,0.4249999999999998,-0.025009493333333334
28,0.44999999999999984,5.232849333333333e-06,0.44999999999999984,-0.024996446666666665
29,0.47499999999999987,6.705686666666666e-06,0.47499999999999987,-0.0249826
30,0.4999999999999998,6.801366666666666e-06,0.4999999999999998,-0.02496354666666667
31,0.5249999999999998,9.08566e-06,0.5249999999999998,-0.024940713333333333
32,0.5499999999999998,1.233712e-05,0.5499999999999998,-0.02491028666666667
33,0.5749999999999998,1.6920113333333333e-05,0.5749999999999998,-0.02487618
34,0.5999999999999999,2.323388e-05,0.5999999999999999,-0.024831753333333335
35,0.6249999999999998,3.186350666666667e-05,0.6249999999999998,-0.024778893333333333
36,0.6499999999999998,4.383650666666667e-05,0.6499999999999998,-0.02470858
37,0.6749999999999998,5.9165053333333335e-05,0.6749999999999998,-0.0246185
38,0.6999999999999997,6.999526666666668e-05,0.6999999999999997,-0.024491553333333336
39,0.7249999999999998,6.755326666666668e-05,0.7249999999999998,-0.024321213333333334
40,0.7499999999999998,8.537146666666667e-05,0.7499999999999998,-0.024059940000000002
41,0.7749999999999997,0.00010419506666666667,0.7749999999999997,-0.023679173333333334
42,0.7999999999999998,0.0001268168,0.7999999999999998,-0.023130513333333335
43,0.8249999999999997,0.0001568078,0.8249999999999997,-0.022363066666666667
44,0.8499999999999996,0.00019364506666666667,0.8499999999999996,-0.021323466666666666
45,0.8749999999999998,0.0002453011333333334,0.8749999999999998,-0.019987166666666667
46,0.8999999999999997,0.0003212273333333333,0.8999999999999997,-0.01834708666666667
47,0.9249999999999998,0.00043874906666666665,0.9249999999999998,-0.016416833333333335
48,0.9499999999999997,0.0006223168,0.9499999999999997,-0.014228226666666668
49,0.9749999999999996,0.0008066126666666667,0.9749999999999996,-0.011844193333333334
50,0.9999999999999998,0.0012321993333333334,0.9999999999999998,-0.00930268
51,1.0249999999999997,0.001842994,1.0249999999999997,-0.006672086666666666
52,1.0499999999999998,0.002656378666666667,1.0499999999999998,-0.004013008
53,1.0749999999999997,0.0036672273333333335,1.0749999999999997,-0.0013302720000000002
54,1.0999999999999996,0.0048532720000000005,1.0999999999999996,0.0012938926666666666
55,1.1249999999999998,0.006172390666666667,1.1249999999999998,0.00381803
56,1.1499999999999997,0.007631233333333334,1.1499999999999997,0.006219804666666667
57,1.1749999999999996,0.00911472,1.1749999999999996,0.008524093333333333
58,1.1999999999999997,0.01063854,1.1999999999999997,0.010672406666666667
59,1.2249999999999996,0.012185026666666668,1.2249999999999996,0.012691113333333334
