,sample_A_3d_1F_V_D,sample_A_3d_1F_J_D,sample_A_3d_1F_V_L,sample_A_3d_1F_J_L
0,-0.25,-3.3754893333333335e-08,-0.25,-0.02541512666666667
1,-0.225,-1.760658e-08,-0.225,-0.025401593333333333
2,-0.2,-1.5844513333333333e-08,-0.2,-0.0253933
3,-0.17500000000000002,-9.916466666666667e-09,-0.17500000000000002,-0.025387193333333332
4,-0.15000000000000002,-6.4994193333333335e-09,-0.15000000000000002,-0.025382906666666667
5,-0.12500000000000003,-3.973318666666667e-09,-0.12500000000000003,-0.0253762
6,-0.10000000000000003,-2.0712633333333334e-09,-0.10000000000000003,-0.02537262666666667
7,-0.07500000000000004,7.349593333333334e-11,-0.07500000000000004,-0.025369813333333335
8,-0.050000000000000044,1.994476e-09,-0.050000000000000044,-0.025366873333333335
9,-0.02500000000000005,3.332474666666667e-09,-0.02500000000000005,-0.02536412
10,-5.551115123125783e-17,4.6308706666666665e-09,-5.551115123125783e-17,-0.0253605
11,0.02499999999999991,6.191704000000001e-09,0.02499999999999991,-0.02535594
12,0.04999999999999993,7.744813333333333e-09,0.04999999999999993,-0.02535466
13,0.07499999999999996,9.832186666666666e-09,0.07499999999999996,-0.02534916
14,0.09999999999999992,1.1933986666666668e-08,0.09999999999999992,-0.025345726666666665
15,0.12499999999999989,1.6748713333333333e-08,0.12499999999999989,-0.025341993333333337
16,0.1499999999999999,1.8669633333333332e-08,0.1499999999999999,-0.0253389
17,0.17499999999999993,2.4809566666666667e-08,0.17499999999999993,-0.025334486666666666
18,0.1999999999999999,3.102840666666667e-08,0.1999999999999999,-0.025331946666666667
19,0.22499999999999987,4.3533813333333334e-08,0.22499999999999987,-0.025328
20,0.2499999999999999,6.460117333333333e-08,0.2499999999999999,-0.02532332
21,0.2749999999999999,9.590706666666667e-08,0.2749999999999999,-0.025317273333333334
22,0.2999999999999998,1.4980120000000002e-07,0.2999999999999998,-0.02531172
23,0.32499999999999984,2.472200666666667e-07,0.32499999999999984,-0.025305586666666668
24,0.34999999999999987,4.0691966666666665e-07,0.34999999999999987,-0.025298713333333334
25,0.3749999999999999,6.221176e-07,0.3749999999999999,-0.025289053333333335
26,0.3999999999999999,9.577746666666668e-07,0.3999999999999999,-0.0252789
27,0.4249999999999998,1.3988566666666668e-06,0.4249999999999998,-0.025267113333333334
28,0.44999999999999984,2.0383766666666667e-06,0.44999999999999984,-0.0252522
29,0.47499999999999987,2.9425733333333334e-06,0.47499999999999987,-0.02519224
30,0.4999999999999998,4.203133333333333e-06,0.4999999999999998,-0.025137926666666668
31,0.5249999999999998,6.027546e-06,0.5249999999999998,-0.02515752666666667
32,0.5499999999999998,4.675010666666667e-06,0.5499999999999998,-0.025119753333333335
33,0.5749999999999998,7.307026666666667e-06,0.5749999999999998,-0.025078746666666665
34,0.5999999999999999,1.0916986666666667e-05,0.5999999999999999,-0.02503096
35,0.6249999999999998,1.5960526666666668e-05,0.6249999999999998,-0.024970453333333333
36,0.6499999999999998,2.2864653333333333e-05,0.6499999999999998,-0.024882606666666668
37,0.6749999999999998,3.174471333333333e-05,0.6749999999999998,-0.02480480666666667
38,0.6999999999999997,4.1680040000000004e-05,0.6999999999999997,-0.02464744666666667
39,0.7249999999999998,5.2011940000000005e-05,0.7249999999999998,-0.024416993333333335
40,0.7499999999999998,6.352452e-05,0.7499999999999998,-0.024081393333333333
41,0.7749999999999997,6.999526666666668e-05,0.7749999999999997,-0.02359710666666667
42,0.7999999999999998,5.550161333333333e-05,0.7999999999999998,-0.022918340000000002
43,0.8249999999999997,7.6314e-05,0.8249999999999997,-0.021999086666666667
44,0.8499999999999996,0.00010591413333333334,0.8499999999999996,-0.02081084
45,0.8749999999999998,0.000150798,0.8749999999999998,-0.019351446666666668
46,0.8999999999999997,0.00022162160000000004,0.8999999999999997,-0.017626493333333333
47,0.9249999999999998,0.00033563373333333335,0.9249999999999998,-0.015669233333333334
48,0.9499999999999997,0.0005192142666666667,0.9499999999999997,-0.013511446666666666
49,0.9749999999999996,0.0007326640000000001,0.9749999999999996,-0.011211853333333334
50,0.9999999999999998,0.0011567233333333333,0.9999999999999998,-0.00879588
51,1.0249999999999997,0.0017584373333333334,1.0249999999999997,-0.00634253
52,1.0499999999999998,0.0025550573333333335,1.0499999999999998,-0.0038246100000000004
53,1.0749999999999997,0.003537522,1.0749999999999997,-0.001331118
54,1.0999999999999996,0.004684128666666667,1.0999999999999996,0.0011227206666666668
55,1.1249999999999998,0.0059539273333333335,1.1249999999999998,0.003498721333333334
56,1.1499999999999997,0.0073371466666666664,1.1499999999999997,0.005789939333333333
57,1.1749999999999996,0.00877086,1.1749999999999996,0.008016526666666668
58,1.1999999999999997,0.010245606666666667,1.1999999999999997,0.0101101
59,1.2249999999999996,0.011745113333333335,1.2249999999999996,0.012099166666666668
