,sample_A_3d_1R_V_D,sample_A_3d_1R_J_D,sample_A_3d_1R_V_L,sample_A_3d_1R_J_L
0,1.25,0.02525584,1.25,0.01987544
1,1.225,0.02245084666666667,1.225,0.016565800000000002
2,1.2000000000000002,0.019778853333333332,1.2000000000000002,0.013160373333333334
3,1.1750000000000003,0.01722950666666667,1.1750000000000003,0.009705040000000002
4,1.1500000000000004,0.014766413333333334,1.1500000000000004,0.006197036
5,1.1250000000000004,0.01245368,1.1250000000000004,0.0026008853333333334
6,1.1000000000000005,0.010331213333333334,1.1000000000000005,-0.0010688846666666667
7,1.0750000000000006,0.008463073333333333,1.0750000000000006,-0.0047968713333333335
8,1.0500000000000007,0.0068629400000000005,1.0500000000000007,-0.008583506666666667
9,1.0250000000000008,0.005606564666666667,1.0250000000000008,-0.012397026666666667
10,1.0000000000000009,0.004643209333333334,1.0000000000000009,-0.016232913333333335
11,0.975000000000001,0.003971068666666667,0.975000000000001,-0.020049713333333333
12,0.9500000000000011,0.0035021500000000003,0.9500000000000011,-0.023849393333333337
13,0.9250000000000012,0.003173538,0.9250000000000012,-0.027588920000000003
14,0.9000000000000012,0.0029398773333333336,0.9000000000000012,-0.03127004666666667
15,0.8750000000000013,0.002752980666666667,0.8750000000000013,-0.03485142
16,0.8500000000000014,0.0025978439999999998,0.8500000000000014,-0.038336253333333334
17,0.8250000000000015,0.0024662560000000004,0.8250000000000015,-0.041664733333333336
18,0.8000000000000016,0.002343128666666667,0.8000000000000016,-0.044843353333333336
19,0.7750000000000017,0.0022363080000000002,0.7750000000000017,-0.04783143333333333
20,0.7500000000000018,0.0021804513333333335,0.7500000000000018,-0.05063103333333333
21,0.7250000000000019,0.0020477093333333336,0.7250000000000019,-0.05322302
22,0.700000000000002,0.0019439153333333334,0.700000000000002,-0.05555268
23,0.675000000000002,0.0018354613333333334,0.675000000000002,-0.05770069333333334
24,0.6500000000000021,0.001744474,0.6500000000000021,-0.059590173333333336
25,0.6250000000000022,0.001648754,0.6250000000000022,-0.061239713333333334
26,0.6000000000000023,0.0015573293333333335,0.6000000000000023,-0.06264382666666667
27,0.5750000000000024,0.0014700546666666667,0.5750000000000024,-0.06381742666666668
28,0.5500000000000025,0.0013833720000000001,0.5500000000000025,-0.06477711333333334
29,0.5250000000000026,0.0012950939999999999,0.5250000000000026,-0.06552681333333334
30,0.5000000000000027,0.0012181306666666667,0.5000000000000027,-0.06624018000000001
31,0.47500000000000275,0.0011413053333333334,0.47500000000000275,-0.06688713333333333
32,0.45000000000000284,0.0010582246666666667,0.45000000000000284,-0.06746233333333333
33,0.42500000000000293,0.000977654,0.42500000000000293,-0.0679644
34,0.400000000000003,0.0009072353333333334,0.400000000000003,-0.06837366666666667
35,0.3750000000000031,0.0008339213333333333,0.3750000000000031,-0.06873093333333334
36,0.3500000000000032,0.0007668753333333334,0.3500000000000032,-0.06900333333333333
37,0.3250000000000033,0.0006952460000000001,0.3250000000000033,-0.06921240000000001
38,0.3000000000000034,0.0006259853333333334,0.3000000000000034,-0.06948493333333333
39,0.27500000000000346,0.0005593741333333334,0.27500000000000346,-0.06976613333333334
40,0.25000000000000355,0.0004926485333333333,0.25000000000000355,-0.06995286666666667
41,0.22500000000000364,0.0004299214666666667,0.22500000000000364,-0.0701142
42,0.20000000000000373,0.00036864646666666666,0.20000000000000373,-0.07028886666666667
43,0.17500000000000382,0.0003086704,0.17500000000000382,-0.07043453333333334
44,0.1500000000000039,0.0002513658,0.1500000000000039,-0.07054200000000001
45,0.125000000000004,0.0001948638,0.125000000000004,-0.07066573333333333
46,0.10000000000000409,0.000139837,0.10000000000000409,-0.07078153333333334
47,0.07500000000000417,8.489893333333333e-05,0.07500000000000417,-0.07089553333333334
48,0.05000000000000426,3.125405333333334e-05,0.05000000000000426,-0.0710056
49,0.025000000000004352,-2.119884e-05,0.025000000000004352,-0.07111433333333333
50,4.440892098500626e-15,-7.441146666666667e-05,4.440892098500626e-15,-0.0712132
51,-0.02499999999999547,-0.0001277904,-0.02499999999999547,-0.07130293333333335
52,-0.04999999999999538,-0.0001826572,-0.04999999999999538,-0.07139113333333334
53,-0.07499999999999529,-0.00023753673333333332,-0.07499999999999529,-0.07148213333333334
54,-0.0999999999999952,-0.00029460626666666666,-0.0999999999999952,-0.0715644
55,-0.12499999999999512,-0.00035106473333333335,-0.12499999999999512,-0.07163960000000001
56,-0.14999999999999503,-0.00041290340000000003,-0.14999999999999503,-0.07172766666666668
57,-0.17499999999999494,-0.00047531499999999997,-0.17499999999999494,-0.07180626666666667
58,-0.19999999999999485,-0.0005390092666666667,-0.19999999999999485,-0.07188133333333334
59,-0.22499999999999476,-0.0006040581999999999,-0.22499999999999476,-0.07194806666666667
