,sample_A_3d_1R_V_D,sample_A_3d_1R_J_D,sample_A_3d_1R_V_L,sample_A_3d_1R_J_L
0,1.25,0.013860959999999999,1.25,0.0128951
1,1.225,0.012152986666666667,1.225,0.01083922
2,1.2000000000000002,0.010475793333333334,1.2000000000000002,0.008668186666666668
3,1.1750000000000003,0.008817933333333335,1.1750000000000003,0.006400525333333334
4,1.1500000000000004,0.007190333333333333,1.1500000000000004,0.003963014
5,1.1250000000000004,0.0056542499999999996,1.1250000000000004,0.001425958
6,1.1000000000000005,0.00421632,1.1000000000000005,-0.001195078
7,1.0750000000000006,0.002977752666666667,1.0750000000000006,-0.0038561393333333338
8,1.0500000000000007,0.0019780613333333333,1.0500000000000007,-0.006524666000000001
9,1.0250000000000008,0.001239006,1.0250000000000008,-0.00914796
10,1.0000000000000009,0.0007379493333333334,1.0000000000000009,-0.011704286666666668
11,0.975000000000001,0.00043314446666666673,0.975000000000001,-0.014111926666666667
12,0.9500000000000011,0.00024382933333333333,0.9500000000000011,-0.016339246666666668
13,0.9250000000000012,0.0001384866,0.9250000000000012,-0.018319153333333334
14,0.9000000000000012,7.913673333333333e-05,0.9000000000000012,-0.02001914
15,0.8750000000000013,4.695214e-05,0.8750000000000013,-0.02141588
16,0.8500000000000014,2.6895993333333332e-05,0.8500000000000014,-0.02250962
17,0.8250000000000015,1.6022733333333335e-05,0.8250000000000015,-0.02332578
18,0.8000000000000016,9.682266666666667e-06,0.8000000000000016,-0.023907173333333333
19,0.7750000000000017,5.961195333333333e-06,0.7750000000000017,-0.02430548
20,0.7500000000000018,3.691181333333333e-06,0.7500000000000018,-0.02457220666666667
21,0.7250000000000019,2.3529473333333333e-06,0.7250000000000019,-0.02474856666666667
22,0.700000000000002,1.5504413333333334e-06,0.700000000000002,-0.024864013333333334
23,0.675000000000002,1.0247666666666667e-06,0.675000000000002,-0.0249441
24,0.6500000000000021,6.997933333333334e-07,0.6500000000000021,-0.02500298
25,0.6250000000000022,4.914414666666667e-07,0.6250000000000022,-0.02504742
26,0.6000000000000023,3.2772386666666667e-07,0.6000000000000023,-0.025080766666666667
27,0.5750000000000024,2.3053273333333335e-07,0.5750000000000024,-0.025110700000000003
28,0.5500000000000025,1.4796693333333334e-07,0.5500000000000025,-0.025131673333333333
29,0.5250000000000026,9.427133333333333e-08,0.5250000000000026,-0.02514736
30,0.5000000000000027,5.428322e-08,0.5000000000000027,-0.02516288666666667
31,0.47500000000000275,2.505146e-08,0.47500000000000275,-0.02517384666666667
32,0.45000000000000284,4.902688e-09,0.45000000000000284,-0.025182693333333332
33,0.42500000000000293,-6.575258e-09,0.42500000000000293,-0.025189926666666668
34,0.400000000000003,-1.7102633333333332e-08,0.400000000000003,-0.025197813333333333
35,0.3750000000000031,-2.320352e-08,0.3750000000000031,-0.025202933333333333
36,0.3500000000000032,-2.7005933333333335e-08,0.3500000000000032,-0.0252083
37,0.3250000000000033,-3.240422e-08,0.3250000000000033,-0.025214780000000003
38,0.3000000000000034,-3.38524e-08,0.3000000000000034,-0.025218673333333334
39,0.27500000000000346,-3.594278666666667e-08,0.27500000000000346,-0.025220306666666668
40,0.25000000000000355,-3.806032666666667e-08,0.25000000000000355,-0.025223946666666667
41,0.22500000000000364,-3.562284666666667e-08,0.22500000000000364,-0.025232940000000002
42,0.20000000000000373,-3.979854666666667e-08,0.20000000000000373,-0.0252351
43,0.17500000000000382,-4.0691486666666664e-08,0.17500000000000382,-0.025237926666666667
44,0.1500000000000039,-4.1418260000000004e-08,0.1500000000000039,-0.025241513333333333
45,0.125000000000004,-4.213227333333334e-08,0.125000000000004,-0.025243466666666665
46,0.10000000000000409,-4.275131333333334e-08,0.10000000000000409,-0.025245466666666667
47,0.07500000000000417,-4.310276e-08,0.07500000000000417,-0.025248893333333335
48,0.05000000000000426,-4.3560686666666666e-08,0.05000000000000426,-0.02525108
49,0.025000000000004352,-4.394538e-08,0.025000000000004352,-0.0252526
50,4.440892098500626e-15,-4.4253546666666666e-08,4.440892098500626e-15,-0.025257293333333337
51,-0.02499999999999547,-4.4689273333333334e-08,-0.02499999999999547,-0.025258
52,-0.04999999999999538,-4.48524e-08,-0.04999999999999538,-0.025261886666666667
53,-0.07499999999999529,-4.515587333333334e-08,-0.07499999999999529,-0.02526568666666667
54,-0.0999999999999952,-4.6016606666666666e-08,-0.0999999999999952,-0.025265433333333337
55,-0.12499999999999512,-4.6697406666666666e-08,-0.12499999999999512,-0.025269060000000003
56,-0.14999999999999503,-4.7848453333333334e-08,-0.14999999999999503,-0.025270193333333333
57,-0.17499999999999494,-4.770581333333334e-08,-0.17499999999999494,-0.025273553333333334
58,-0.19999999999999485,-4.8120733333333334e-08,-0.19999999999999485,-0.025274146666666667
59,-0.22499999999999476,-4.920404e-08,-0.22499999999999476,-0.025276793333333335
