,sample_A_3d_1R_V_D,sample_A_3d_1R_J_D,sample_A_3d_1R_V_L,sample_A_3d_1R_J_L
0,1.25,0.011086366666666667,1.25,0.009979713333333333
1,1.225,0.009698946666666668,1.225,0.008310053333333333
2,1.2000000000000002,0.008375180000000001,1.2000000000000002,0.006583452666666666
3,1.1750000000000003,0.007091733333333333,1.1750000000000003,0.004716875333333333
4,1.1500000000000004,0.005847486000000001,1.1500000000000004,0.0027216753333333334
5,1.1250000000000004,0.004641894,1.1250000000000004,0.0006087908000000001
6,1.1000000000000005,0.0035230093333333337,1.1000000000000005,-0.0016416446666666668
7,1.0750000000000006,0.002535298,1.0750000000000006,-0.004004973333333333
8,1.0500000000000007,0.0017177626666666666,1.0500000000000007,-0.006429265333333334
9,1.0250000000000008,0.0010969393333333335,1.0250000000000008,-0.008882246666666668
10,1.0000000000000009,0.0006718106666666668,1.0000000000000009,-0.011310326666666667
11,0.975000000000001,0.0003922136,0.975000000000001,-0.013641613333333335
12,0.9500000000000011,0.00022755093333333336,0.9500000000000011,-0.01584186
13,0.9250000000000012,0.00013276246666666668,0.9250000000000012,-0.017834326666666667
14,0.9000000000000012,7.9442e-05,0.9000000000000012,-0.019583073333333336
15,0.8750000000000013,4.9974760000000005e-05,0.8750000000000013,-0.0210482
16,0.8500000000000014,3.1330706666666664e-05,0.8500000000000014,-0.02222242666666667
17,0.8250000000000015,2.0860380000000003e-05,0.8250000000000015,-0.02311366
18,0.8000000000000016,1.4316720000000001e-05,0.8000000000000016,-0.023760626666666666
19,0.7750000000000017,1.0193306666666667e-05,0.7750000000000017,-0.024217006666666666
20,0.7500000000000018,7.445600000000001e-06,0.7500000000000018,-0.02452196
21,0.7250000000000019,5.407470666666667e-06,0.7250000000000019,-0.02472544
22,0.700000000000002,3.8097546666666666e-06,0.700000000000002,-0.024859506666666666
23,0.675000000000002,2.5701653333333336e-06,0.675000000000002,-0.0249533
24,0.6500000000000021,1.5868166666666667e-06,0.6500000000000021,-0.025016760000000002
25,0.6250000000000022,4.903822e-07,0.6250000000000022,-0.02506458666666667
26,0.6000000000000023,-3.892386e-07,0.6000000000000023,-0.02510118
27,0.5750000000000024,-1.2931153333333335e-06,0.5750000000000024,-0.025129593333333332
28,0.5500000000000025,-2.14145e-06,0.5500000000000025,-0.025152473333333335
29,0.5250000000000026,-2.791132e-06,0.5250000000000026,-0.025170973333333336
30,0.5000000000000027,-3.5623473333333336e-06,0.5000000000000027,-0.02518508666666667
31,0.47500000000000275,-4.225888e-06,0.47500000000000275,-0.025196740000000002
32,0.45000000000000284,-4.892654666666667e-06,0.45000000000000284,-0.025206113333333335
33,0.42500000000000293,-5.508358000000001e-06,0.42500000000000293,-0.02521536666666667
34,0.400000000000003,-6.132452666666667e-06,0.400000000000003,-0.025222066666666668
35,0.3750000000000031,-6.854446666666668e-06,0.3750000000000031,-0.02522852
36,0.3500000000000032,-7.23978e-06,0.3500000000000032,-0.02523522
37,0.3250000000000033,-7.774313333333333e-06,0.3250000000000033,-0.025239746666666667
38,0.3000000000000034,-8.336306666666666e-06,0.3000000000000034,-0.02524452
39,0.27500000000000346,-8.559213333333335e-06,0.27500000000000346,-0.02524818666666667
40,0.25000000000000355,-8.997486666666666e-06,0.25000000000000355,-0.02525351333333333
41,0.22500000000000364,-9.34004e-06,0.22500000000000364,-0.025257373333333333
42,0.20000000000000373,-9.814700000000001e-06,0.20000000000000373,-0.02526278
43,0.17500000000000382,-1.0080986666666667e-05,0.17500000000000382,-0.0252635
44,0.1500000000000039,-1.0475740000000001e-05,0.1500000000000039,-0.02526684666666667
45,0.125000000000004,-1.0746213333333334e-05,0.125000000000004,-0.02526994
46,0.10000000000000409,-1.1019366666666666e-05,0.10000000000000409,-0.025273666666666667
47,0.07500000000000417,-1.12636e-05,0.07500000000000417,-0.025274420000000002
48,0.05000000000000426,-1.1487573333333334e-05,0.05000000000000426,-0.025277613333333334
49,0.025000000000004352,-1.167352e-05,0.025000000000004352,-0.025278986666666666
50,4.440892098500626e-15,-1.1859013333333333e-05,4.440892098500626e-15,-0.025283353333333335
51,-0.02499999999999547,-1.2042513333333334e-05,-0.02499999999999547,-0.02528494666666667
52,-0.04999999999999538,-1.2262353333333334e-05,-0.04999999999999538,-0.025286806666666668
53,-0.07499999999999529,-1.2496306666666667e-05,-0.07499999999999529,-0.02528973333333333
54,-0.0999999999999952,-1.280018e-05,-0.0999999999999952,-0.02529052
55,-0.12499999999999512,-1.3158126666666668e-05,-0.12499999999999512,-0.025292406666666666
56,-0.14999999999999503,-1.3460753333333335e-05,-0.14999999999999503,-0.025295873333333333
57,-0.17499999999999494,-1.3827353333333334e-05,-0.17499999999999494,-0.025297553333333334
58,-0.19999999999999485,-1.432626e-05,-0.19999999999999485,-0.025299853333333334
59,-0.22499999999999476,-1.4781700000000001e-05,-0.22499999999999476,-0.0253027
