,sample_A_3d_1F_V_D,sample_A_3d_1F_J_D,sample_A_3d_1F_V_L,sample_A_3d_1F_J_L
0,-0.25,-1.3049046666666667e-05,-0.25,-0.02545898666666667
1,-0.225,-1.2781633333333333e-05,-0.225,-0.025446133333333336
2,-0.2,-1.2701473333333333e-05,-0.2,-0.02543718
3,-0.17500000000000002,-1.2558373333333333e-05,-0.17500000000000002,-0.025430813333333337
4,-0.15000000000000002,-1.233726e-05,-0.15000000000000002,-0.025425366666666668
5,-0.12500000000000003,-1.223856e-05,-0.12500000000000003,-0.02542066
6,-0.10000000000000003,-1.2228766666666667e-05,-0.10000000000000003,-0.02541596
7,-0.07500000000000004,-1.200742e-05,-0.07500000000000004,-0.025411160000000002
8,-0.050000000000000044,-1.193086e-05,-0.050000000000000044,-0.025409506666666668
9,-0.02500000000000005,-1.1859186666666668e-05,-0.02500000000000005,-0.025404353333333334
10,-5.551115123125783e-17,-1.1799893333333334e-05,-5.551115123125783e-17,-0.025403980000000003
11,0.02499999999999991,-1.1737166666666668e-05,0.02499999999999991,-0.02539638
12,0.04999999999999993,-1.1704306666666667e-05,0.04999999999999993,-0.025396553333333332
13,0.07499999999999996,-1.1668273333333334e-05,0.07499999999999996,-0.025392353333333336
14,0.09999999999999992,-1.1664126666666668e-05,0.09999999999999992,-0.02538922
15,0.12499999999999989,-1.1570540000000002e-05,0.12499999999999989,-0.02538442
16,0.1499999999999999,-1.1565686666666668e-05,0.1499999999999999,-0.0253782
17,0.17499999999999993,-1.148716e-05,0.17499999999999993,-0.025373593333333336
18,0.1999999999999999,-1.1471586666666668e-05,0.1999999999999999,-0.025369526666666666
19,0.22499999999999987,-1.1370666666666668e-05,0.22499999999999987,-0.025365000000000002
20,0.2499999999999999,-1.1303873333333335e-05,0.2499999999999999,-0.02536036666666667
21,0.2749999999999999,-1.1267033333333334e-05,0.2749999999999999,-0.025352693333333336
22,0.2999999999999998,-1.1203893333333334e-05,0.2999999999999998,-0.02534702
23,0.32499999999999984,-1.1123860000000001e-05,0.32499999999999984,-0.025339913333333335
24,0.34999999999999987,-1.1211933333333334e-05,0.34999999999999987,-0.025330273333333334
25,0.3749999999999999,-1.1080413333333334e-05,0.3749999999999999,-0.02532024
26,0.3999999999999999,-1.1063266666666668e-05,0.3999999999999999,-0.025306966666666666
27,0.4249999999999998,-1.0961166666666668e-05,0.4249999999999998,-0.02529198
28,0.44999999999999984,-1.0841833333333334e-05,0.44999999999999984,-0.025273613333333333
29,0.47499999999999987,-1.0827473333333334e-05,0.47499999999999987,-0.0252527
30,0.4999999999999998,-1.0805486666666666e-05,0.4999999999999998,-0.025228486666666668
31,0.5249999999999998,-1.0610806666666668e-05,0.5249999999999998,-0.0251965
32,0.5499999999999998,-1.0470286666666667e-05,0.5499999999999998,-0.025162273333333336
33,0.5749999999999998,-1.0091786666666667e-05,0.5749999999999998,-0.025115886666666667
34,0.5999999999999999,-9.804033333333335e-06,0.5999999999999999,-0.025056413333333336
35,0.6249999999999998,-9.300453333333333e-06,0.6249999999999998,-0.024981673333333336
36,0.6499999999999998,-8.569226666666667e-06,0.6499999999999998,-0.024878980000000002
37,0.6749999999999998,-7.638953333333334e-06,0.6749999999999998,-0.024729006666666668
38,0.6999999999999997,-6.306192666666667e-06,0.6999999999999997,-0.02451494
39,0.7249999999999998,-3.92726e-06,0.7249999999999998,-0.024199093333333335
40,0.7499999999999998,-1.5228006666666666e-07,0.7499999999999998,-0.023736513333333334
41,0.7749999999999997,5.331819333333334e-06,0.7749999999999997,-0.023079966666666667
42,0.7999999999999998,1.2724340000000002e-05,0.7999999999999998,-0.0221849
43,0.8249999999999997,2.7188240000000004e-05,0.8249999999999997,-0.021021346666666666
44,0.8499999999999996,5.259289333333333e-05,0.8499999999999996,-0.019582346666666667
45,0.8749999999999998,8.77998e-05,0.8749999999999998,-0.017892733333333334
46,0.8999999999999997,0.00015847826666666668,0.8999999999999997,-0.015991833333333334
47,0.9249999999999998,0.00027556120000000003,0.9249999999999998,-0.013930826666666667
48,0.9499999999999997,0.00046069800000000005,0.9499999999999997,-0.01175962
49,0.9749999999999996,0.0006922520000000001,0.9749999999999996,-0.009550253333333333
50,0.9999999999999998,0.0010622653333333333,0.9999999999999998,-0.007338773333333333
51,1.0249999999999997,0.0015409086666666667,1.0249999999999997,-0.0052140373333333335
52,1.0499999999999998,0.002123624,1.0499999999999998,-0.003134356666666667
53,1.0749999999999997,0.0027997453333333333,1.0749999999999997,-0.001176788
54,1.0999999999999996,0.003557929333333333,1.0999999999999996,0.0006679326666666666
55,1.1249999999999998,0.004386203333333333,1.1249999999999998,0.0023994606666666667
56,1.1499999999999997,0.005281152666666667,1.1499999999999997,0.004044332
57,1.1749999999999996,0.006239286,1.1749999999999996,0.005625980666666666
58,1.1999999999999997,0.007229006666666668,1.1999999999999997,0.0072861466666666675
59,1.2249999999999996,0.008329433333333334,1.2249999999999996,0.00885296
