,sample_A_3d_1R_V_D,sample_A_3d_1R_J_D,sample_A_3d_1R_V_L,sample_A_3d_1R_J_L
0,1.25,0.012418433333333333,1.25,0.0111704
1,1.225,0.010866246666666666,1.225,0.009339973333333335
2,1.2000000000000002,0.009380586666666666,1.2000000000000002,0.007407546666666666
3,1.1750000000000003,0.007928166666666667,1.1750000000000003,0.005376632666666667
4,1.1500000000000004,0.006518199333333334,1.1500000000000004,0.0031670726666666667
5,1.1250000000000004,0.005149298666666666,1.1250000000000004,0.0008390606666666667
6,1.1000000000000005,0.003882742666666667,1.1000000000000005,-0.0016008453333333334
7,1.0750000000000006,0.0027759406666666665,1.0750000000000006,-0.004101588000000001
8,1.0500000000000007,0.0018686886666666668,1.0500000000000007,-0.0066348633333333336
9,1.0250000000000008,0.001189088,1.0250000000000008,-0.009154686666666667
10,1.0000000000000009,0.000721298,1.0000000000000009,-0.011610460000000001
11,0.975000000000001,0.0004328764666666667,0.975000000000001,-0.013934900000000002
12,0.9500000000000011,0.0002523396,0.9500000000000011,-0.016086613333333336
13,0.9250000000000012,0.00014962493333333334,0.9250000000000012,-0.01800494
14,0.9000000000000012,9.185713333333333e-05,0.9000000000000012,-0.01966028
15,0.8750000000000013,5.966406e-05,0.8750000000000013,-0.021021413333333332
16,0.8500000000000014,3.998316666666667e-05,0.8500000000000014,-0.022098133333333336
17,0.8250000000000015,2.8570046666666668e-05,0.8250000000000015,-0.022909706666666668
18,0.8000000000000016,2.2316686666666667e-05,0.8000000000000016,-0.023497653333333333
19,0.7750000000000017,1.7561373333333334e-05,0.7750000000000017,-0.023909733333333336
20,0.7500000000000018,1.4867033333333334e-05,0.7500000000000018,-0.024190186666666665
21,0.7250000000000019,1.2534353333333334e-05,0.7250000000000019,-0.024379266666666666
22,0.700000000000002,1.1530786666666668e-05,0.700000000000002,-0.024506953333333335
23,0.675000000000002,9.829106666666666e-06,0.675000000000002,-0.0245934
24,0.6500000000000021,9.496746666666667e-06,0.6500000000000021,-0.024658160000000002
25,0.6250000000000022,8.056506666666666e-06,0.6250000000000022,-0.02470552666666667
26,0.6000000000000023,7.604266666666667e-06,0.6000000000000023,-0.024742346666666665
27,0.5750000000000024,6.729700000000001e-06,0.5750000000000024,-0.024771460000000002
28,0.5500000000000025,6.7067066666666665e-06,0.5500000000000025,-0.024794566666666667
29,0.5250000000000026,6.009583333333334e-06,0.5250000000000026,-0.024813553333333335
30,0.5000000000000027,5.581194e-06,0.5000000000000027,-0.02483014
31,0.47500000000000275,4.8813893333333334e-06,0.47500000000000275,-0.024845053333333336
32,0.45000000000000284,4.537307333333334e-06,0.45000000000000284,-0.024854086666666667
33,0.42500000000000293,4.027596666666667e-06,0.42500000000000293,-0.024861426666666665
34,0.400000000000003,3.507218666666667e-06,0.400000000000003,-0.024871806666666666
35,0.3750000000000031,3.069364e-06,0.3750000000000031,-0.024876426666666666
36,0.3500000000000032,2.6692573333333334e-06,0.3500000000000032,-0.02488408666666667
37,0.3250000000000033,2.7183393333333334e-06,0.3250000000000033,-0.02489006666666667
38,0.3000000000000034,2.176928666666667e-06,0.3000000000000034,-0.02489294666666667
39,0.27500000000000346,1.708122e-06,0.27500000000000346,-0.024896826666666667
40,0.25000000000000355,1.194886e-06,0.25000000000000355,-0.024901633333333333
41,0.22500000000000364,1.1483780000000001e-06,0.22500000000000364,-0.024905533333333334
42,0.20000000000000373,9.610133333333335e-07,0.20000000000000373,-0.024908326666666668
43,0.17500000000000382,6.999473333333333e-07,0.17500000000000382,-0.02491084
44,0.1500000000000039,5.797563333333333e-07,0.1500000000000039,-0.024914586666666665
45,0.125000000000004,3.9363973333333336e-07,0.125000000000004,-0.02491674666666667
46,0.10000000000000409,2.6595433333333337e-07,0.10000000000000409,-0.024919786666666666
47,0.07500000000000417,1.2277733333333333e-07,0.07500000000000417,-0.024923293333333336
48,0.05000000000000426,4.348560666666667e-08,0.05000000000000426,-0.02492606
49,0.025000000000004352,-4.805554e-08,0.025000000000004352,-0.024928893333333334
50,4.440892098500626e-15,-1.2766086666666666e-07,4.440892098500626e-15,-0.02493008
51,-0.02499999999999547,-2.1308233333333332e-07,-0.02499999999999547,-0.024931526666666665
52,-0.04999999999999538,-3.2245793333333336e-07,-0.04999999999999538,-0.024933793333333332
53,-0.07499999999999529,-4.291086e-07,-0.07499999999999529,-0.024936053333333336
54,-0.0999999999999952,-6.089929333333334e-07,-0.0999999999999952,-0.024938393333333336
55,-0.12499999999999512,-8.023906666666668e-07,-0.12499999999999512,-0.024940673333333337
56,-0.14999999999999503,-8.776753333333334e-07,-0.14999999999999503,-0.024942813333333334
57,-0.17499999999999494,-1.1897513333333333e-06,-0.17499999999999494,-0.02494458
58,-0.19999999999999485,-1.2657746666666666e-06,-0.19999999999999485,-0.024946913333333334
59,-0.22499999999999476,-1.5163166666666667e-06,-0.22499999999999476,-0.024947666666666667
