,sample_A_1R_V_D,sample_A_1R_J_D,sample_A_1R_V_L,sample_A_1R_J_L
0,1.25,0.016270713333333336,1.25,0.01692712
1,1.225,0.013964173333333335,1.225,0.013917960000000002
2,1.2000000000000002,0.011762106666666666,1.2000000000000002,0.010858506666666667
3,1.1750000000000003,0.009669086666666668,1.1750000000000003,0.00776346
4,1.1500000000000004,0.007702766666666666,1.1500000000000004,0.004684854666666667
5,1.1250000000000004,0.005949367333333334,1.1250000000000004,0.0015190893333333333
6,1.1000000000000005,0.004353473333333334,1.1000000000000005,-0.0016273646666666668
7,1.0750000000000006,0.003035697333333333,1.0750000000000006,-0.004712718666666667
8,1.0500000000000007,0.0020085773333333333,1.0500000000000007,-0.0077046733333333344
9,1.0250000000000008,0.0012662886666666667,1.0250000000000008,-0.010569573333333334
10,1.0000000000000009,0.0007675113333333334,1.0000000000000009,-0.013239386666666669
11,0.975000000000001,0.00046000340000000003,0.975000000000001,-0.015645806666666668
12,0.9500000000000011,0.0002659009333333333,0.9500000000000011,-0.017767133333333334
13,0.9250000000000012,0.00015503713333333335,0.9250000000000012,-0.019556406666666668
14,0.9000000000000012,9.067346666666667e-05,0.9000000000000012,-0.021011146666666668
15,0.8750000000000013,5.4602626666666676e-05,0.8750000000000013,-0.022145960000000003
16,0.8500000000000014,3.1755593333333335e-05,0.8500000000000014,-0.023005
17,0.8250000000000015,1.9024526666666668e-05,0.8250000000000015,-0.02363272
18,0.8000000000000016,1.1493606666666667e-05,0.8000000000000016,-0.024082160000000002
19,0.7750000000000017,7.0063266666666676e-06,0.7750000000000017,-0.024399726666666666
20,0.7500000000000018,4.34567e-06,0.7500000000000018,-0.024624053333333337
21,0.7250000000000019,2.6477659999999998e-06,0.7250000000000019,-0.024778880000000003
22,0.700000000000002,1.670576e-06,0.700000000000002,-0.02488574
23,0.675000000000002,1.0741113333333335e-06,0.675000000000002,-0.02496366666666667
24,0.6500000000000021,7.055093333333334e-07,0.6500000000000021,-0.025020693333333337
25,0.6250000000000022,4.679578e-07,0.6250000000000022,-0.02506524666666667
26,0.6000000000000023,3.109386e-07,0.6000000000000023,-0.0250982
27,0.5750000000000024,2.0198986666666667e-07,0.5750000000000024,-0.025127273333333335
28,0.5500000000000025,1.2649146666666667e-07,0.5500000000000025,-0.02514953333333333
29,0.5250000000000026,7.09122e-08,0.5250000000000026,-0.025169493333333334
30,0.5000000000000027,3.072931333333333e-08,0.5000000000000027,-0.025185973333333337
31,0.47500000000000275,6.381301333333334e-10,0.47500000000000275,-0.025198606666666665
32,0.45000000000000284,-2.1078206666666666e-08,0.45000000000000284,-0.025209253333333334
33,0.42500000000000293,-3.651328666666667e-08,0.42500000000000293,-0.025218286666666666
34,0.400000000000003,-4.825869333333333e-08,0.400000000000003,-0.025226246666666667
35,0.3750000000000031,-5.644509333333333e-08,0.3750000000000031,-0.0252343
36,0.3500000000000032,-6.233623333333335e-08,0.3500000000000032,-0.02524102
37,0.3250000000000033,-6.667773333333333e-08,0.3250000000000033,-0.02524852666666667
38,0.3000000000000034,-7.012106666666668e-08,0.3000000000000034,-0.025255213333333335
39,0.27500000000000346,-7.276266666666667e-08,0.27500000000000346,-0.02526048666666667
40,0.25000000000000355,-7.484933333333334e-08,0.25000000000000355,-0.025266253333333336
41,0.22500000000000364,-7.25978e-08,0.22500000000000364,-0.025267733333333334
42,0.20000000000000373,-7.78818e-08,0.20000000000000373,-0.025274813333333333
43,0.17500000000000382,-7.909726666666667e-08,0.17500000000000382,-0.02527716666666667
44,0.1500000000000039,-8.021446666666667e-08,0.1500000000000039,-0.025280106666666666
45,0.125000000000004,-8.11642e-08,0.125000000000004,-0.025283866666666665
46,0.10000000000000409,-8.207533333333334e-08,0.10000000000000409,-0.025286780000000002
47,0.07500000000000417,-8.2658e-08,0.07500000000000417,-0.025291920000000002
48,0.05000000000000426,-8.32952e-08,0.05000000000000426,-0.025294466666666668
49,0.025000000000004352,-8.395553333333334e-08,0.025000000000004352,-0.02529926
50,4.440892098500626e-15,-8.44228e-08,4.440892098500626e-15,-0.02530242
51,-0.02499999999999547,-8.47246e-08,-0.02499999999999547,-0.02530432666666667
52,-0.04999999999999538,-8.542253333333334e-08,-0.04999999999999538,-0.025307453333333334
53,-0.07499999999999529,-8.56126e-08,-0.07499999999999529,-0.025311006666666667
54,-0.0999999999999952,-8.591606666666667e-08,-0.0999999999999952,-0.025313533333333332
55,-0.12499999999999512,-8.64182e-08,-0.12499999999999512,-0.025316880000000003
56,-0.14999999999999503,-8.6672e-08,-0.14999999999999503,-0.02531966
57,-0.17499999999999494,-8.683213333333334e-08,-0.17499999999999494,-0.025322693333333333
58,-0.19999999999999485,-8.607846666666667e-08,-0.19999999999999485,-0.025323666666666668
59,-0.22499999999999476,-8.739913333333333e-08,-0.22499999999999476,-0.025326446666666665
