,sample_A_3d_1R_V_D,sample_A_3d_1R_J_D,sample_A_3d_1R_V_L,sample_A_3d_1R_J_L
0,1.25,0.010965133333333333,1.25,0.010453413333333333
1,1.225,0.009616293333333333,1.225,0.008815966666666668
2,1.2000000000000002,0.008321833333333334,1.2000000000000002,0.00709648
3,1.1750000000000003,0.00706116,1.1750000000000003,0.005288494
4,1.1500000000000004,0.005842088666666667,1.1500000000000004,0.003285115333333333
5,1.1250000000000004,0.004651156666666666,1.1250000000000004,0.001125974
6,1.1000000000000005,0.0035392806666666664,1.1000000000000005,-0.001198176
7,1.0750000000000006,0.002553098,1.0750000000000006,-0.003652146666666667
8,1.0500000000000007,0.0017313633333333332,1.0500000000000007,-0.006205488666666667
9,1.0250000000000008,0.001104788,1.0250000000000008,-0.008815793333333334
10,1.0000000000000009,0.000667266,1.0000000000000009,-0.011403466666666667
11,0.975000000000001,0.00039367533333333334,0.975000000000001,-0.013882666666666666
12,0.9500000000000011,0.00022044746666666668,0.9500000000000011,-0.01619934
13,0.9250000000000012,0.00012323126666666665,0.9250000000000012,-0.018266
14,0.9000000000000012,6.680306666666667e-05,0.9000000000000012,-0.020034313333333335
15,0.8750000000000013,3.5791686666666666e-05,0.8750000000000013,-0.02147478666666667
16,0.8500000000000014,1.693258e-05,0.8500000000000014,-0.022591640000000003
17,0.8250000000000015,6.2758686666666666e-06,0.8250000000000015,-0.023414366666666665
18,0.8000000000000016,-2.3811773333333335e-07,0.8000000000000016,-0.0239976
19,0.7750000000000017,-4.1591066666666666e-06,0.7750000000000017,-0.024395713333333333
20,0.7500000000000018,-6.508756666666666e-06,0.7500000000000018,-0.02465995333333333
21,0.7250000000000019,-7.827733333333335e-06,0.7250000000000019,-0.02483532
22,0.700000000000002,-8.623086666666667e-06,0.700000000000002,-0.024951166666666667
23,0.675000000000002,-9.261053333333335e-06,0.675000000000002,-0.025031126666666667
24,0.6500000000000021,-9.656666666666667e-06,0.6500000000000021,-0.0250908
25,0.6250000000000022,-1.006938e-05,0.6250000000000022,-0.02513306666666667
26,0.6000000000000023,-1.054358e-05,0.6000000000000023,-0.02516572666666667
27,0.5750000000000024,-1.0563659999999999e-05,0.5750000000000024,-0.025192926666666667
28,0.5500000000000025,-1.0756526666666667e-05,0.5500000000000025,-0.02521576
29,0.5250000000000026,-1.1009586666666667e-05,0.5250000000000026,-0.02523224666666667
30,0.5000000000000027,-1.1114673333333333e-05,0.5000000000000027,-0.02524508
31,0.47500000000000275,-1.1169680000000001e-05,0.47500000000000275,-0.025258246666666668
32,0.45000000000000284,-1.1289913333333334e-05,0.45000000000000284,-0.025267826666666666
33,0.42500000000000293,-1.134878e-05,0.42500000000000293,-0.0252748
34,0.400000000000003,-1.1426773333333335e-05,0.400000000000003,-0.0252823
35,0.3750000000000031,-1.148916e-05,0.3750000000000031,-0.025288593333333335
36,0.3500000000000032,-1.1588873333333333e-05,0.3500000000000032,-0.025294173333333336
37,0.3250000000000033,-1.1637433333333335e-05,0.3250000000000033,-0.02529822
38,0.3000000000000034,-1.1693026666666667e-05,0.3000000000000034,-0.025302633333333335
39,0.27500000000000346,-1.1753646666666666e-05,0.27500000000000346,-0.025305746666666667
40,0.25000000000000355,-1.179172e-05,0.25000000000000355,-0.02530956666666667
41,0.22500000000000364,-1.1814626666666668e-05,0.22500000000000364,-0.025311226666666665
42,0.20000000000000373,-1.1844226666666667e-05,0.20000000000000373,-0.025315046666666667
43,0.17500000000000382,-1.186506e-05,0.17500000000000382,-0.02531812666666667
44,0.1500000000000039,-1.1884266666666667e-05,0.1500000000000039,-0.025320893333333334
45,0.125000000000004,-1.1901573333333334e-05,0.125000000000004,-0.02532438
46,0.10000000000000409,-1.1912553333333333e-05,0.10000000000000409,-0.02532590666666667
47,0.07500000000000417,-1.1925013333333334e-05,0.07500000000000417,-0.02532798
48,0.05000000000000426,-1.193388e-05,0.05000000000000426,-0.025330466666666666
49,0.025000000000004352,-1.1944653333333334e-05,0.025000000000004352,-0.02533292666666667
50,4.440892098500626e-15,-1.195382e-05,4.440892098500626e-15,-0.025335373333333334
51,-0.02499999999999547,-1.1962626666666667e-05,-0.02499999999999547,-0.02533792
52,-0.04999999999999538,-1.1975580000000001e-05,-0.04999999999999538,-0.025339473333333334
53,-0.07499999999999529,-1.1989666666666666e-05,-0.07499999999999529,-0.025340666666666668
54,-0.0999999999999952,-1.200854e-05,-0.0999999999999952,-0.025342253333333335
55,-0.12499999999999512,-1.203742e-05,-0.12499999999999512,-0.02534576666666667
56,-0.14999999999999503,-1.2047133333333334e-05,-0.14999999999999503,-0.02534868666666667
57,-0.17499999999999494,-1.2065873333333333e-05,-0.17499999999999494,-0.025347593333333335
58,-0.19999999999999485,-1.206674e-05,-0.19999999999999485,-0.02534996
59,-0.22499999999999476,-1.210864e-05,-0.22499999999999476,-0.025353306666666665
