,sample_A_1F_V_D,sample_A_1F_J_D,sample_A_1F_V_L,sample_A_1F_J_L
0,-0.25,-1.835998e-08,-0.25,-0.02540294
1,-0.225,-4.919338e-09,-0.225,-0.02538654666666667
2,-0.2,-4.054243333333333e-09,-0.2,-0.025374206666666666
3,-0.17500000000000002,1.923264e-10,-0.17500000000000002,-0.025365273333333334
4,-0.15000000000000002,1.41055e-09,-0.15000000000000002,-0.02535642
5,-0.12500000000000003,2.6992220000000003e-09,-0.12500000000000003,-0.02534754
6,-0.10000000000000003,2.8911806666666667e-09,-0.10000000000000003,-0.02533742
7,-0.07500000000000004,3.4700766666666664e-09,-0.07500000000000004,-0.025324720000000002
8,-0.050000000000000044,4.3946360000000004e-09,-0.050000000000000044,-0.025304753333333336
9,-0.02500000000000005,4.412756e-09,-0.02500000000000005,-0.025285853333333334
10,-5.551115123125783e-17,4.820499333333334e-09,-5.551115123125783e-17,-0.025257360000000003
11,0.02499999999999991,5.7521053333333335e-09,0.02499999999999991,-0.02522032
12,0.04999999999999993,6.109848e-09,0.04999999999999993,-0.025181460000000003
13,0.07499999999999996,6.97366e-09,0.07499999999999996,-0.025073213333333334
14,0.09999999999999992,8.095206666666667e-09,0.09999999999999992,-0.024938433333333336
15,0.12499999999999989,9.956066666666666e-09,0.12499999999999989,-0.02475848666666667
16,0.1499999999999999,1.2718653333333335e-08,0.1499999999999999,-0.02426714
17,0.17499999999999993,1.737836e-08,0.17499999999999993,-0.023784100000000002
18,0.1999999999999999,2.5258393333333335e-08,0.1999999999999999,-0.022915133333333334
19,0.22499999999999987,3.981840666666667e-08,0.22499999999999987,-0.021221613333333337
20,0.2499999999999999,6.479614e-08,0.2499999999999999,-0.019792766666666666
21,0.2749999999999999,1.0632940000000001e-07,0.2749999999999999,-0.01830372
22,0.2999999999999998,1.719636e-07,0.2999999999999998,-0.01702214
23,0.32499999999999984,2.6594933333333334e-07,0.32499999999999984,-0.015985706666666665
24,0.34999999999999987,3.888092666666667e-07,0.34999999999999987,-0.015010153333333335
25,0.3749999999999999,5.352417333333334e-07,0.3749999999999999,-0.014151946666666668
26,0.3999999999999999,7.073273333333333e-07,0.3999999999999999,-0.013408326666666668
27,0.4249999999999998,9.067253333333333e-07,0.4249999999999998,-0.012950493333333334
28,0.44999999999999984,1.1341333333333333e-06,0.44999999999999984,-0.012379873333333333
29,0.47499999999999987,1.3994146666666668e-06,0.47499999999999987,-0.011502533333333334
30,0.4999999999999998,1.7132646666666667e-06,0.4999999999999998,-0.011062520000000001
31,0.5249999999999998,2.0875093333333335e-06,0.5249999999999998,-0.010435026666666668
32,0.5499999999999998,2.523748e-06,0.5499999999999998,-0.01001398
33,0.5749999999999998,3.0563873333333335e-06,0.5749999999999998,-0.009414986666666668
34,0.5999999999999999,3.6760160000000005e-06,0.5999999999999999,-0.009062693333333333
35,0.6249999999999998,4.4162260000000005e-06,0.6249999999999998,-0.008388913333333334
36,0.6499999999999998,5.3260820000000005e-06,0.6499999999999998,-0.007725406666666667
37,0.6749999999999998,6.520835333333334e-06,0.6749999999999998,-0.00716118
38,0.6999999999999997,6.9994333333333345e-06,0.6999999999999997,-0.006481152666666667
39,0.7249999999999998,4.817784e-06,0.7249999999999998,-0.006101278
40,0.7499999999999998,7.625653333333333e-06,0.7499999999999998,-0.005890927333333334
41,0.7749999999999997,1.1953613333333334e-05,0.7749999999999997,-0.005471607333333333
42,0.7999999999999998,1.8799166666666668e-05,0.7999999999999998,-0.005102259333333334
43,0.8249999999999997,2.980688666666667e-05,0.8249999999999997,-0.004681434666666667
44,0.8499999999999996,4.784274666666667e-05,0.8499999999999996,-0.004270471333333334
45,0.8749999999999998,6.752186666666666e-05,0.8749999999999998,-0.0038081700000000005
46,0.8999999999999997,0.0001140366,0.8999999999999997,-0.003519942666666667
47,0.9249999999999998,0.0001871192,0.9249999999999998,-0.0032139873333333333
48,0.9499999999999997,0.00029684973333333337,0.9499999999999997,-0.00277191
49,0.9749999999999996,0.0004501262666666667,0.9749999999999996,-0.0023975253333333338
50,0.9999999999999998,0.0006518191333333334,0.9999999999999998,-0.001947634
51,1.0249999999999997,0.0013387533333333334,1.0249999999999997,-0.0014660300000000001
52,1.0499999999999998,0.0019288713333333333,1.0499999999999998,-0.0009118846666666667
53,1.0749999999999997,0.0026413306666666666,1.0749999999999997,-0.0003776284
54,1.0999999999999996,0.0034682660000000002,1.0999999999999996,0.0002787488
55,1.1249999999999998,0.004393076666666666,1.1249999999999998,0.003335412
56,1.1499999999999997,0.005414022666666667,1.1499999999999997,0.0056757046666666665
57,1.1749999999999996,0.0065213046666666675,1.1749999999999996,0.0080997
58,1.1999999999999997,0.0077975733333333335,1.1999999999999997,0.010493546666666667
59,1.2249999999999996,0.00910182,1.2249999999999996,0.012920153333333335
