,sample_A_3d_1R_V_D,sample_A_3d_1R_J_D,sample_A_3d_1R_V_L,sample_A_3d_1R_J_L
0,1.25,0.015430373333333336,1.25,0.014874006666666668
1,1.225,0.013376380000000002,1.225,0.012402353333333333
2,1.2000000000000002,0.011388680000000002,1.2000000000000002,0.009828026666666666
3,1.1750000000000003,0.00945412,1.1750000000000003,0.00714948
4,1.1500000000000004,0.007604546666666667,1.1500000000000004,0.004392950666666667
5,1.1250000000000004,0.005902596,1.1250000000000004,0.0014977853333333335
6,1.1000000000000005,0.004338964666666667,1.1000000000000005,-0.001457998
7,1.0750000000000006,0.0030231760000000002,1.0750000000000006,-0.004425762666666667
8,1.0500000000000007,0.001985532,1.0500000000000007,-0.007358353333333334
9,1.0250000000000008,0.0012344766666666667,1.0250000000000008,-0.010220046666666668
10,1.0000000000000009,0.0007337613333333334,1.0000000000000009,-0.01292636
11,0.975000000000001,0.0004315634666666667,0.975000000000001,-0.015396666666666666
12,0.9500000000000011,0.0002451526666666667,0.9500000000000011,-0.017590133333333334
13,0.9250000000000012,0.00014077193333333335,0.9250000000000012,-0.019445266666666666
14,0.9000000000000012,8.21974e-05,0.9000000000000012,-0.020947393333333335
15,0.8750000000000013,5.000504666666667e-05,0.8750000000000013,-0.022107593333333335
16,0.8500000000000014,2.963832666666667e-05,0.8500000000000014,-0.022968753333333335
17,0.8250000000000015,1.8600413333333334e-05,0.8250000000000015,-0.02358172
18,0.8000000000000016,1.2066553333333334e-05,0.8000000000000016,-0.024005633333333335
19,0.7750000000000017,8.141873333333333e-06,0.7750000000000017,-0.024293846666666667
20,0.7500000000000018,5.933542e-06,0.7500000000000018,-0.02448818
21,0.7250000000000019,4.390944e-06,0.7250000000000019,-0.024619913333333333
22,0.700000000000002,3.4731013333333336e-06,0.700000000000002,-0.024707720000000002
23,0.675000000000002,2.8727313333333334e-06,0.675000000000002,-0.02477402
24,0.6500000000000021,2.365066e-06,0.6500000000000021,-0.024822920000000002
25,0.6250000000000022,2.1207966666666667e-06,0.6250000000000022,-0.02486124
26,0.6000000000000023,1.8118300000000002e-06,0.6000000000000023,-0.024892586666666668
27,0.5750000000000024,1.6083726666666667e-06,0.5750000000000024,-0.024916133333333333
28,0.5500000000000025,1.4416620000000001e-06,0.5500000000000025,-0.024935806666666668
29,0.5250000000000026,1.2131233333333334e-06,0.5250000000000026,-0.02495054
30,0.5000000000000027,1.1673446666666667e-06,0.5000000000000027,-0.024963113333333335
31,0.47500000000000275,9.456033333333333e-07,0.47500000000000275,-0.024973853333333334
32,0.45000000000000284,9.033873333333333e-07,0.45000000000000284,-0.024983266666666667
33,0.42500000000000293,8.353593333333334e-07,0.42500000000000293,-0.024989626666666667
34,0.400000000000003,8.505173333333334e-07,0.400000000000003,-0.024998126666666665
35,0.3750000000000031,7.468866666666666e-07,0.3750000000000031,-0.025004553333333332
36,0.3500000000000032,6.925413333333333e-07,0.3500000000000032,-0.02500928666666667
37,0.3250000000000033,7.320413333333334e-08,0.3250000000000033,-0.025015926666666667
38,0.3000000000000034,6.510526666666668e-08,0.3000000000000034,-0.02501936
39,0.27500000000000346,4.732112666666667e-08,0.27500000000000346,-0.025022993333333333
40,0.25000000000000355,3.3862113333333334e-08,0.25000000000000355,-0.02502752
41,0.22500000000000364,4.3070533333333335e-08,0.22500000000000364,-0.025030213333333336
42,0.20000000000000373,3.4687973333333333e-07,0.20000000000000373,-0.02503384
43,0.17500000000000382,2.8204426666666667e-07,0.17500000000000382,-0.02503744
44,0.1500000000000039,7.01564e-09,0.1500000000000039,-0.02504240666666667
45,0.125000000000004,2.6005660000000002e-09,0.125000000000004,-0.02504334
46,0.10000000000000409,-5.8254246666666675e-09,0.10000000000000409,-0.02504882
47,0.07500000000000417,-2.37551e-08,0.07500000000000417,-0.025050493333333333
48,0.05000000000000426,-3.631732666666667e-08,0.05000000000000426,-0.025053426666666666
49,0.025000000000004352,-4.956600666666667e-08,0.025000000000004352,-0.025057126666666665
50,4.440892098500626e-15,-6.330379333333334e-08,4.440892098500626e-15,-0.025058473333333334
51,-0.02499999999999547,-7.55756e-08,-0.02499999999999547,-0.02506066666666667
52,-0.04999999999999538,-8.833966666666667e-08,-0.04999999999999538,-0.025063446666666666
53,-0.07499999999999529,-1.0746540000000001e-07,-0.07499999999999529,-0.025065853333333332
54,-0.0999999999999952,-1.200170666666667e-07,-0.0999999999999952,-0.0250695
55,-0.12499999999999512,-1.3196813333333334e-07,-0.12499999999999512,-0.025071093333333332
56,-0.14999999999999503,-1.4937766666666669e-07,-0.14999999999999503,-0.025073846666666667
57,-0.17499999999999494,-1.6812046666666667e-07,-0.17499999999999494,-0.02507765333333333
58,-0.19999999999999485,-1.8831513333333336e-07,-0.19999999999999485,-0.025078693333333336
59,-0.22499999999999476,-2.1366873333333334e-07,-0.22499999999999476,-0.02507932666666667
