,sample_A_3d_1R_V_D,sample_A_3d_1R_J_D,sample_A_3d_1R_V_L,sample_A_3d_1R_J_L
0,1.25,0.013317446666666668,1.25,0.012497113333333334
1,1.225,0.01166268,1.225,0.010505733333333335
2,1.2000000000000002,0.010049453333333333,1.2000000000000002,0.00839696
3,1.1750000000000003,0.008456746666666667,1.1750000000000003,0.006187858666666667
4,1.1500000000000004,0.00689558,1.1500000000000004,0.0037914426666666667
5,1.1250000000000004,0.005420634666666667,1.1250000000000004,0.0012803366666666667
6,1.1000000000000005,0.00403755,1.1000000000000005,-0.0013351419999999999
7,1.0750000000000006,0.0028474053333333335,1.0750000000000006,-0.004005118
8,1.0500000000000007,0.0018878526666666667,1.0500000000000007,-0.006690993333333333
9,1.0250000000000008,0.0011812153333333334,1.0250000000000008,-0.009342146666666667
10,1.0000000000000009,0.0007033746666666667,1.0000000000000009,-0.011921413333333334
11,0.975000000000001,0.00041347726666666665,0.975000000000001,-0.014342546666666666
12,0.9500000000000011,0.00023385059999999998,0.9500000000000011,-0.016569566666666667
13,0.9250000000000012,0.00013414040000000001,0.9250000000000012,-0.018536253333333336
14,0.9000000000000012,7.72294e-05,0.9000000000000012,-0.02020918
15,0.8750000000000013,4.666691333333334e-05,0.8750000000000013,-0.021568900000000002
16,0.8500000000000014,2.7176013333333334e-05,0.8500000000000014,-0.022627213333333333
17,0.8250000000000015,1.6867006666666666e-05,0.8250000000000015,-0.02341122666666667
18,0.8000000000000016,1.0564340000000001e-05,0.8000000000000016,-0.02396674
19,0.7750000000000017,6.929946666666667e-06,0.7750000000000017,-0.024350786666666666
20,0.7500000000000018,4.557316666666667e-06,0.7500000000000018,-0.02460834
21,0.7250000000000019,3.173788e-06,0.7250000000000019,-0.024779326666666667
22,0.700000000000002,2.329066666666667e-06,0.700000000000002,-0.024894153333333335
23,0.675000000000002,1.748894e-06,0.675000000000002,-0.02497458666666667
24,0.6500000000000021,1.3608993333333335e-06,0.6500000000000021,-0.02503162
25,0.6250000000000022,1.0842613333333333e-06,0.6250000000000022,-0.025075953333333335
26,0.6000000000000023,9.480986666666667e-07,0.6000000000000023,-0.025113033333333337
27,0.5750000000000024,7.743353333333333e-07,0.5750000000000024,-0.025140053333333336
28,0.5500000000000025,6.578478e-07,0.5500000000000025,-0.025161986666666667
29,0.5250000000000026,5.589600666666668e-07,0.5250000000000026,-0.02517982666666667
30,0.5000000000000027,4.930692666666667e-07,0.5000000000000027,-0.025195286666666667
31,0.47500000000000275,4.443834e-07,0.47500000000000275,-0.025205213333333334
32,0.45000000000000284,3.345056e-07,0.45000000000000284,-0.025215733333333334
33,0.42500000000000293,3.5628993333333334e-07,0.42500000000000293,-0.025222520000000002
34,0.400000000000003,3.897826666666667e-07,0.400000000000003,-0.025230593333333336
35,0.3750000000000031,2.744044e-07,0.3750000000000031,-0.02523738666666667
36,0.3500000000000032,2.554532666666667e-07,0.3500000000000032,-0.025240806666666667
37,0.3250000000000033,2.3756226666666668e-07,0.3250000000000033,-0.02524484
38,0.3000000000000034,2.1811793333333337e-07,0.3000000000000034,-0.02524986
39,0.27500000000000346,1.7837446666666668e-07,0.27500000000000346,-0.02525476
40,0.25000000000000355,1.5884060000000002e-07,0.25000000000000355,-0.025257853333333337
41,0.22500000000000364,1.4639920000000002e-07,0.22500000000000364,-0.025260353333333336
42,0.20000000000000373,1.0450933333333333e-07,0.20000000000000373,-0.025265013333333333
43,0.17500000000000382,7.434626666666667e-08,0.17500000000000382,-0.025266153333333336
44,0.1500000000000039,5.119106e-08,0.1500000000000039,-0.0252712
45,0.125000000000004,2.968528e-08,0.125000000000004,-0.025274106666666667
46,0.10000000000000409,4.12147e-09,0.10000000000000409,-0.025277913333333336
47,0.07500000000000417,-1.4091966666666667e-08,0.07500000000000417,-0.02528004
48,0.05000000000000426,-2.9574700000000002e-08,0.05000000000000426,-0.02528112
49,0.025000000000004352,-4.423196e-08,0.025000000000004352,-0.025284840000000003
50,4.440892098500626e-15,-5.776797333333333e-08,4.440892098500626e-15,-0.02528726
51,-0.02499999999999547,-7.281666666666668e-08,-0.02499999999999547,-0.025289093333333335
52,-0.04999999999999538,-8.736513333333333e-08,-0.04999999999999538,-0.02529182
53,-0.07499999999999529,-1.0038853333333335e-07,-0.07499999999999529,-0.025293819999999998
54,-0.0999999999999952,-1.1621533333333334e-07,-0.0999999999999952,-0.025294200000000003
55,-0.12499999999999512,-1.3368846666666667e-07,-0.12499999999999512,-0.0252968
56,-0.14999999999999503,-1.5483580000000001e-07,-0.14999999999999503,-0.025298973333333336
57,-0.17499999999999494,-1.6201406666666666e-07,-0.17499999999999494,-0.02530146
58,-0.19999999999999485,-1.8661906666666666e-07,-0.19999999999999485,-0.02530362666666667
59,-0.22499999999999476,-2.1364280000000002e-07,-0.22499999999999476,-0.025305313333333336
