,sample_A_3d_1F_V_D,sample_A_3d_1F_J_D,sample_A_3d_1F_V_L,sample_A_3d_1F_J_L
0,-0.25,-3.5955313333333335e-07,-0.25,-0.025398780000000003
1,-0.225,-2.0375653333333334e-07,-0.225,-0.02538664666666667
2,-0.2,-1.6005566666666667e-07,-0.2,-0.025377733333333333
3,-0.17500000000000002,-1.1082273333333335e-07,-0.17500000000000002,-0.025372640000000002
4,-0.15000000000000002,-8.824186666666667e-08,-0.15000000000000002,-0.025365273333333334
5,-0.12500000000000003,-5.360975333333333e-08,-0.12500000000000003,-0.025362186666666668
6,-0.10000000000000003,-4.1965393333333334e-08,-0.10000000000000003,-0.025356513333333334
7,-0.07500000000000004,-1.3857226666666668e-08,-0.07500000000000004,-0.02535384
8,-0.050000000000000044,-3.282710666666667e-08,-0.050000000000000044,-0.025349646666666666
9,-0.02500000000000005,9.557033333333334e-10,-0.02500000000000005,-0.02534434
10,-5.551115123125783e-17,9.857706666666667e-09,-5.551115123125783e-17,-0.025342253333333335
11,0.02499999999999991,2.0356013333333334e-08,0.02499999999999991,-0.02533918666666667
12,0.04999999999999993,3.8733993333333335e-08,0.04999999999999993,-0.025333926666666666
13,0.07499999999999996,4.092536666666667e-08,0.07499999999999996,-0.02533119333333333
14,0.09999999999999992,8.79612e-08,0.09999999999999992,-0.025326873333333333
15,0.12499999999999989,1.1577193333333335e-07,0.12499999999999989,-0.025321386666666668
16,0.1499999999999999,1.7030606666666667e-07,0.1499999999999999,-0.025317053333333332
17,0.17499999999999993,2.275186e-07,0.17499999999999993,-0.02531238
18,0.1999999999999999,2.7113813333333333e-07,0.1999999999999999,-0.02530667333333333
19,0.22499999999999987,5.148339333333334e-07,0.22499999999999987,-0.025304753333333336
20,0.2499999999999999,7.086506666666667e-07,0.2499999999999999,-0.02529670666666667
21,0.2749999999999999,8.270466666666668e-07,0.2749999999999999,-0.0252903
22,0.2999999999999998,1.155882e-06,0.2999999999999998,-0.025280986666666668
23,0.32499999999999984,1.2204306666666669e-06,0.32499999999999984,-0.025271333333333337
24,0.34999999999999987,1.6115540000000002e-06,0.34999999999999987,-0.025264213333333334
25,0.3749999999999999,2.0872286666666667e-06,0.3749999999999999,-0.025249146666666666
26,0.3999999999999999,2.51715e-06,0.3999999999999999,-0.025233326666666667
27,0.4249999999999998,3.0020406666666667e-06,0.4249999999999998,-0.02521034
28,0.44999999999999984,3.940752e-06,0.44999999999999984,-0.025185526666666666
29,0.47499999999999987,4.995106666666667e-06,0.47499999999999987,-0.025155006666666667
30,0.4999999999999998,6.6562446666666665e-06,0.4999999999999998,-0.025117413333333335
31,0.5249999999999998,7.26472e-06,0.5249999999999998,-0.025071826666666668
32,0.5499999999999998,9.667433333333335e-06,0.5499999999999998,-0.025012833333333335
33,0.5749999999999998,1.3501486666666667e-05,0.5749999999999998,-0.024936299999999998
34,0.5999999999999999,1.903172e-05,0.5999999999999999,-0.02483234
35,0.6249999999999998,2.7434880000000003e-05,0.6249999999999998,-0.024688786666666667
36,0.6499999999999998,3.7360993333333334e-05,0.6499999999999998,-0.02447994
37,0.6749999999999998,5.017393333333334e-05,0.6749999999999998,-0.024180933333333335
38,0.6999999999999997,6.435665333333333e-05,0.6999999999999997,-0.023760926666666668
39,0.7249999999999998,6.999526666666668e-05,0.7249999999999998,-0.023189473333333335
40,0.7499999999999998,4.5316666666666666e-05,0.7499999999999998,-0.022440326666666666
41,0.7749999999999997,4.716809333333333e-05,0.7749999999999997,-0.0215038
42,0.7999999999999998,6.290839333333333e-05,0.7999999999999998,-0.020379773333333333
43,0.8249999999999997,5.3699140000000005e-05,0.8249999999999997,-0.019080326666666668
44,0.8499999999999996,7.969453333333333e-05,0.8499999999999996,-0.01762864
45,0.8749999999999998,0.00012028886666666667,0.8749999999999998,-0.016045613333333337
46,0.8999999999999997,0.00018607360000000002,0.8999999999999997,-0.014350953333333335
47,0.9249999999999998,0.0002915144,0.9249999999999998,-0.012575286666666668
48,0.9499999999999997,0.00046153893333333336,0.9499999999999997,-0.010726346666666668
49,0.9749999999999996,0.0006702326666666667,0.9749999999999996,-0.008835453333333333
50,0.9999999999999998,0.0010539733333333335,0.9999999999999998,-0.006904293333333334
51,1.0249999999999997,0.0015862953333333333,1.0249999999999997,-0.004970820666666667
52,1.0499999999999998,0.002276958,1.0499999999999998,-0.0030103293333333335
53,1.0749999999999997,0.003116890666666667,1.0749999999999997,-0.0010669120000000002
54,1.0999999999999996,0.004088548666666667,1.0999999999999996,0.0008618973333333334
55,1.1249999999999998,0.0051609559999999995,1.1249999999999998,0.002754407333333333
56,1.1499999999999997,0.00631291,1.1499999999999997,0.004610094666666667
57,1.1749999999999996,0.00756008,1.1749999999999996,0.0064137460000000006
58,1.1999999999999997,0.008813773333333334,1.1999999999999997,0.00820386
59,1.2249999999999996,0.01008784,1.2249999999999996,0.009908153333333334
