,sample_A_3d_1F_V_D,sample_A_3d_1F_J_D,sample_A_3d_1F_V_L,sample_A_3d_1F_J_L
0,-0.25,-2.2045053333333333e-06,-0.25,-0.025103833333333336
1,-0.225,-1.8655680000000002e-06,-0.225,-0.025087733333333334
2,-0.2,-1.6425653333333334e-06,-0.2,-0.025079806666666666
3,-0.17500000000000002,-1.1724786666666667e-06,-0.17500000000000002,-0.02507146
4,-0.15000000000000002,-9.5312e-07,-0.15000000000000002,-0.025065840000000002
5,-0.12500000000000003,-7.249993333333334e-07,-0.12500000000000003,-0.02505908
6,-0.10000000000000003,-5.560198000000001e-07,-0.10000000000000003,-0.02505282666666667
7,-0.07500000000000004,-3.6987846666666667e-07,-0.07500000000000004,-0.02504758666666667
8,-0.050000000000000044,-2.154926e-07,-0.050000000000000044,-0.02504506
9,-0.02500000000000005,-1.0637826666666666e-07,-0.02500000000000005,-0.025039660000000002
10,-5.551115123125783e-17,3.111618666666666e-08,-5.551115123125783e-17,-0.025036993333333334
11,0.02499999999999991,1.8575086666666668e-07,0.02499999999999991,-0.025031453333333335
12,0.04999999999999993,3.637202e-07,0.04999999999999993,-0.02502416
13,0.07499999999999996,5.861206666666667e-07,0.07499999999999996,-0.025021193333333334
14,0.09999999999999992,7.98928e-07,0.09999999999999992,-0.025017346666666666
15,0.12499999999999989,1.0742273333333335e-06,0.12499999999999989,-0.02501154
16,0.1499999999999999,1.4024193333333333e-06,0.1499999999999999,-0.025005946666666667
17,0.17499999999999993,1.7681766666666667e-06,0.17499999999999993,-0.02500032666666667
18,0.1999999999999999,2.167412e-06,0.1999999999999999,-0.024994206666666668
19,0.22499999999999987,2.7862013333333335e-06,0.22499999999999987,-0.024987366666666667
20,0.2499999999999999,3.490203333333334e-06,0.2499999999999999,-0.02498068
21,0.2749999999999999,4.464068e-06,0.2749999999999999,-0.024973973333333333
22,0.2999999999999998,5.580921333333333e-06,0.2999999999999998,-0.024966673333333335
23,0.32499999999999984,6.999426666666668e-06,0.32499999999999984,-0.024957486666666667
24,0.34999999999999987,7.825253333333334e-06,0.34999999999999987,-0.02494718
25,0.3749999999999999,1.0925353333333333e-05,0.3749999999999999,-0.02493406
26,0.3999999999999999,1.4928720000000001e-05,0.3999999999999999,-0.02491690666666667
27,0.4249999999999998,2.1061173333333333e-05,0.4249999999999998,-0.024902180000000003
28,0.44999999999999984,2.905754e-05,0.44999999999999984,-0.02488354
29,0.47499999999999987,4.044686666666667e-05,0.47499999999999987,-0.024861153333333334
30,0.4999999999999998,5.602812666666667e-05,0.4999999999999998,-0.024834420000000003
31,0.5249999999999998,6.999540000000001e-05,0.5249999999999998,-0.024800193333333335
32,0.5499999999999998,7.541093333333333e-05,0.5499999999999998,-0.024758526666666666
33,0.5749999999999998,9.900533333333334e-05,0.5749999999999998,-0.024712173333333334
34,0.5999999999999999,0.0001246324666666667,0.5999999999999999,-0.0246443
35,0.6249999999999998,0.00015299266666666668,0.6249999999999998,-0.024563480000000002
36,0.6499999999999998,0.0001828986,0.6499999999999998,-0.02445444
37,0.6749999999999998,0.00021286793333333336,0.6749999999999998,-0.024308866666666668
38,0.6999999999999997,0.00024178673333333334,0.6999999999999997,-0.024105226666666667
39,0.7249999999999998,0.00026929253333333336,0.7249999999999998,-0.023810393333333336
40,0.7499999999999998,0.00029530386666666667,0.7499999999999998,-0.023395600000000003
41,0.7749999999999997,0.00031829613333333334,0.7749999999999997,-0.022826253333333334
42,0.7999999999999998,0.0003383153333333334,0.7999999999999998,-0.022057026666666667
43,0.8249999999999997,0.0003586755333333333,0.8249999999999997,-0.021062126666666667
44,0.8499999999999996,0.0003828186666666667,0.8499999999999996,-0.01981956
45,0.8749999999999998,0.0004171962,0.8749999999999998,-0.018335293333333332
46,0.8999999999999997,0.00047549893333333334,0.8999999999999997,-0.016626233333333334
47,0.9249999999999998,0.0005683445333333334,0.9249999999999998,-0.014730226666666667
48,0.9499999999999997,0.000699962,0.9499999999999997,-0.012674946666666667
49,0.9749999999999996,0.0008440300000000001,0.9749999999999996,-0.010522940000000001
50,0.9999999999999998,0.001185098,0.9999999999999998,-0.008299840000000001
51,1.0249999999999997,0.0016600806666666667,1.0249999999999997,-0.0060850313333333335
52,1.0499999999999998,0.002278516,1.0499999999999998,-0.003827954
53,1.0749999999999997,0.0030358333333333335,1.0749999999999997,-0.0016237880000000001
54,1.0999999999999996,0.003920661333333334,1.0999999999999996,0.0005246130666666667
55,1.1249999999999998,0.0049169113333333335,1.1249999999999998,0.002630578
56,1.1499999999999997,0.006008174000000001,1.1499999999999997,0.004625727333333334
57,1.1749999999999996,0.007261953333333334,1.1749999999999996,0.006517729333333334
58,1.1999999999999997,0.008499273333333333,1.1999999999999997,0.00840026
59,1.2249999999999996,0.009804333333333333,1.2249999999999996,0.010155426666666667
