,sample_A_3d_1F_V_D,sample_A_3d_1F_J_D,sample_A_3d_1F_V_L,sample_A_3d_1F_J_L
0,-0.25,-1.1896100000000001e-05,-0.25,-0.025500580000000002
1,-0.225,-1.1879800000000001e-05,-0.225,-0.025488533333333334
2,-0.2,-1.1873406666666668e-05,-0.2,-0.025479613333333335
3,-0.17500000000000002,-1.1865339999999999e-05,-0.17500000000000002,-0.025474180000000003
4,-0.15000000000000002,-1.1860533333333333e-05,-0.15000000000000002,-0.025469340000000004
5,-0.12500000000000003,-1.1856786666666668e-05,-0.12500000000000003,-0.025465880000000003
6,-0.10000000000000003,-1.185354e-05,-0.10000000000000003,-0.025461653333333334
7,-0.07500000000000004,-1.1850513333333333e-05,-0.07500000000000004,-0.025459293333333334
8,-0.050000000000000044,-1.1847633333333335e-05,-0.050000000000000044,-0.025454380000000002
9,-0.02500000000000005,-1.1844886666666667e-05,-0.02500000000000005,-0.025449853333333335
10,-5.551115123125783e-17,-1.184228e-05,-5.551115123125783e-17,-0.025447420000000002
11,0.02499999999999991,-1.1838866666666668e-05,0.02499999999999991,-0.025444453333333335
12,0.04999999999999993,-1.183526e-05,0.04999999999999993,-0.025442033333333332
13,0.07499999999999996,-1.18319e-05,0.07499999999999996,-0.02543758
14,0.09999999999999992,-1.1828093333333333e-05,0.09999999999999992,-0.0254336
15,0.12499999999999989,-1.1822286666666667e-05,0.12499999999999989,-0.025429246666666665
16,0.1499999999999999,-1.1817953333333334e-05,0.1499999999999999,-0.025427893333333333
17,0.17499999999999993,-1.181216e-05,0.17499999999999993,-0.025424620000000002
18,0.1999999999999999,-1.180492e-05,0.1999999999999999,-0.025420893333333337
19,0.22499999999999987,-1.17978e-05,0.22499999999999987,-0.02541608
20,0.2499999999999999,-1.1789006666666668e-05,0.2499999999999999,-0.025412633333333334
21,0.2749999999999999,-1.1778626666666667e-05,0.2749999999999999,-0.02540568
22,0.2999999999999998,-1.176694e-05,0.2999999999999998,-0.0254009
23,0.32499999999999984,-1.175362e-05,0.32499999999999984,-0.025395666666666667
24,0.34999999999999987,-1.1737973333333334e-05,0.34999999999999987,-0.025386153333333335
25,0.3749999999999999,-1.1718986666666667e-05,0.3749999999999999,-0.025374940000000002
26,0.3999999999999999,-1.1693146666666667e-05,0.3999999999999999,-0.025366033333333333
27,0.4249999999999998,-1.165642e-05,0.4249999999999998,-0.025352446666666667
28,0.44999999999999984,-1.1600106666666667e-05,0.44999999999999984,-0.025335713333333332
29,0.47499999999999987,-1.1509653333333334e-05,0.47499999999999987,-0.025317013333333336
30,0.4999999999999998,-1.1352906666666667e-05,0.4999999999999998,-0.025294653333333333
31,0.5249999999999998,-1.1071453333333334e-05,0.5249999999999998,-0.025266453333333334
32,0.5499999999999998,-1.0579453333333334e-05,0.5499999999999998,-0.025233086666666668
33,0.5749999999999998,-9.75188e-06,0.5749999999999998,-0.02519078666666667
34,0.5999999999999999,-8.479226666666667e-06,0.5999999999999999,-0.025139573333333335
35,0.6249999999999998,-6.707213333333333e-06,0.6249999999999998,-0.02507288
36,0.6499999999999998,-5.635828e-06,0.6499999999999998,-0.024980420000000003
37,0.6749999999999998,-3.1772366666666667e-06,0.6749999999999998,-0.024851
38,0.6999999999999997,-2.683161333333333e-07,0.6999999999999997,-0.024663093333333334
39,0.7249999999999998,3.2966726666666665e-06,0.7249999999999998,-0.0243873
40,0.7499999999999998,6.999406666666667e-06,0.7499999999999998,-0.023979406666666668
41,0.7749999999999997,9.791653333333334e-06,0.7749999999999997,-0.023394473333333336
42,0.7999999999999998,1.967624666666667e-05,0.7999999999999998,-0.022583073333333335
43,0.8249999999999997,3.572870666666667e-05,0.8249999999999997,-0.021508720000000002
44,0.8499999999999996,6.251508e-05,0.8499999999999996,-0.020152166666666665
45,0.8749999999999998,9.482820000000001e-05,0.8749999999999998,-0.01852585333333333
46,0.8999999999999997,0.00016535686666666668,0.8999999999999997,-0.016660313333333333
47,0.9249999999999998,0.00028107180000000004,0.9249999999999998,-0.014607313333333333
48,0.9499999999999997,0.0004626222,0.9499999999999997,-0.012411759999999999
49,0.9749999999999996,0.0006864293333333334,0.9749999999999996,-0.010148666666666667
50,0.9999999999999998,0.0010507160000000001,0.9999999999999998,-0.007855846666666668
51,1.0249999999999997,0.00152969,1.0249999999999997,-0.005628318
52,1.0499999999999998,0.0021230180000000004,1.0499999999999998,-0.003411952666666667
53,1.0749999999999997,0.002823410666666667,1.0749999999999997,-0.0012940246666666667
54,1.0999999999999996,0.0036257426666666667,1.0999999999999996,0.000732908
55,1.1249999999999998,0.0045216326666666674,1.1249999999999998,0.0026680453333333336
56,1.1499999999999997,0.005512113333333333,1.1499999999999997,0.0045356273333333336
57,1.1749999999999996,0.006593966666666667,1.1749999999999996,0.006352146666666667
58,1.1999999999999997,0.00781314,1.1999999999999997,0.008278646666666667
59,1.2249999999999996,0.009090126666666669,1.2249999999999996,0.01009692
