,sample_A_3d_1R_V_D,sample_A_3d_1R_J_D,sample_A_3d_1R_V_L,sample_A_3d_1R_J_L
0,1.25,0.010113946666666667,1.25,0.00958018
1,1.225,0.008861773333333333,1.225,0.00804386
2,1.2000000000000002,0.007659873333333334,1.2000000000000002,0.0064807653333333335
3,1.1750000000000003,0.006517223333333333,1.1750000000000003,0.004771132666666667
4,1.1500000000000004,0.005367797333333334,1.1500000000000004,0.0029512920000000003
5,1.1250000000000004,0.0042823466666666666,1.1250000000000004,0.0009974326666666667
6,1.1000000000000005,0.003269564,1.1000000000000005,-0.0010801133333333333
7,1.0750000000000006,0.0023769886666666668,1.0750000000000006,-0.003258744
8,1.0500000000000007,0.0016283966666666666,1.0500000000000007,-0.005521866
9,1.0250000000000008,0.0010446833333333334,1.0250000000000008,-0.0078472
10,1.0000000000000009,0.0006397466,1.0000000000000009,-0.010181260000000001
11,0.975000000000001,0.0003603984,0.975000000000001,-0.012459333333333333
12,0.9500000000000011,0.0001903832,0.9500000000000011,-0.014651326666666667
13,0.9250000000000012,8.98024e-05,0.9250000000000012,-0.016693620000000003
14,0.9000000000000012,3.455486e-05,0.9000000000000012,-0.01852576
15,0.8750000000000013,-1.700576e-08,0.8750000000000013,-0.02011726
16,0.8500000000000014,-2.0409246666666666e-05,0.8500000000000014,-0.021438993333333333
17,0.8250000000000015,-3.290404666666667e-05,0.8250000000000015,-0.022475846666666667
18,0.8000000000000016,-4.052854666666667e-05,0.8000000000000016,-0.023260973333333334
19,0.7750000000000017,-4.458053333333334e-05,0.7750000000000017,-0.02382694
20,0.7500000000000018,-4.748276e-05,0.7500000000000018,-0.024219106666666667
21,0.7250000000000019,-4.941122666666667e-05,0.7250000000000019,-0.02448482
22,0.700000000000002,-5.1133926666666666e-05,0.700000000000002,-0.024663526666666668
23,0.675000000000002,-5.181493333333333e-05,0.675000000000002,-0.024778686666666667
24,0.6500000000000021,-5.3783300000000004e-05,0.6500000000000021,-0.024857153333333333
25,0.6250000000000022,-5.358076e-05,0.6250000000000022,-0.02491452
26,0.6000000000000023,-5.323602e-05,0.6000000000000023,-0.024958960000000002
27,0.5750000000000024,-5.432864000000001e-05,0.5750000000000024,-0.02499246
28,0.5500000000000025,-5.552210000000001e-05,0.5500000000000025,-0.025022233333333335
29,0.5250000000000026,-5.6459026666666674e-05,0.5250000000000026,-0.025048993333333335
30,0.5000000000000027,-5.6886386666666666e-05,0.5000000000000027,-0.025068793333333332
31,0.47500000000000275,-5.771161333333333e-05,0.47500000000000275,-0.025087400000000003
32,0.45000000000000284,-5.8634420000000004e-05,0.45000000000000284,-0.025103253333333336
33,0.42500000000000293,-5.929483333333334e-05,0.42500000000000293,-0.025117793333333333
34,0.400000000000003,-5.9835086666666674e-05,0.400000000000003,-0.025127513333333334
35,0.3750000000000031,-6.000104666666667e-05,0.3750000000000031,-0.025140493333333336
36,0.3500000000000032,-6.0961933333333343e-05,0.3500000000000032,-0.02515092
37,0.3250000000000033,-6.116213333333333e-05,0.3250000000000033,-0.02515966
38,0.3000000000000034,-6.191348e-05,0.3000000000000034,-0.025167193333333334
39,0.27500000000000346,-6.238435333333334e-05,0.27500000000000346,-0.025175239999999998
40,0.25000000000000355,-6.277118666666667e-05,0.25000000000000355,-0.025182366666666667
41,0.22500000000000364,-6.271059333333334e-05,0.22500000000000364,-0.025188866666666667
42,0.20000000000000373,-6.305623333333334e-05,0.20000000000000373,-0.02519488
43,0.17500000000000382,-6.333042000000001e-05,0.17500000000000382,-0.025202113333333335
44,0.1500000000000039,-6.337095333333333e-05,0.1500000000000039,-0.02520688
45,0.125000000000004,-6.366109333333333e-05,0.125000000000004,-0.02521252
46,0.10000000000000409,-6.376350666666668e-05,0.10000000000000409,-0.025217273333333335
47,0.07500000000000417,-6.410302666666667e-05,0.07500000000000417,-0.025227486666666667
48,0.05000000000000426,-6.427692666666668e-05,0.05000000000000426,-0.025232633333333334
49,0.025000000000004352,-6.440754e-05,0.025000000000004352,-0.025233873333333334
50,4.440892098500626e-15,-6.456882666666666e-05,4.440892098500626e-15,-0.025239813333333333
51,-0.02499999999999547,-6.469861333333334e-05,-0.02499999999999547,-0.02524248
52,-0.04999999999999538,-6.482225333333334e-05,-0.04999999999999538,-0.025244653333333332
53,-0.07499999999999529,-6.501969333333334e-05,-0.07499999999999529,-0.025246553333333335
54,-0.0999999999999952,-6.510941333333333e-05,-0.0999999999999952,-0.025249466666666668
55,-0.12499999999999512,-6.544998e-05,-0.12499999999999512,-0.02525244
56,-0.14999999999999503,-6.542300666666666e-05,-0.14999999999999503,-0.025254699999999998
57,-0.17499999999999494,-6.589705333333334e-05,-0.17499999999999494,-0.025256360000000002
58,-0.19999999999999485,-6.615537333333334e-05,-0.19999999999999485,-0.025260499999999998
59,-0.22499999999999476,-6.644769333333333e-05,-0.22499999999999476,-0.02526162666666667
