,sample_A_3d_1F_V_D,sample_A_3d_1F_J_D,sample_A_3d_1F_V_L,sample_A_3d_1F_J_L
0,-0.25,-1.713138e-07,-0.25,-0.025180033333333334
1,-0.225,-1.159982e-07,-0.225,-0.025168226666666668
2,-0.2,-7.244133333333334e-08,-0.2,-0.02516044
3,-0.17500000000000002,-5.351258666666667e-08,-0.17500000000000002,-0.025155446666666668
4,-0.15000000000000002,-3.5874260000000004e-08,-0.15000000000000002,-0.02514932666666667
5,-0.12500000000000003,-2.385742e-08,-0.12500000000000003,-0.025150673333333335
6,-0.10000000000000003,-1.3385786666666669e-08,-0.10000000000000003,-0.02514736
7,-0.07500000000000004,-3.937362666666667e-09,-0.07500000000000004,-0.02514363333333333
8,-0.050000000000000044,6.834586666666668e-10,-0.050000000000000044,-0.025141633333333333
9,-0.02500000000000005,5.984286e-09,-0.02500000000000005,-0.02513908
10,-5.551115123125783e-17,9.189146666666667e-09,-5.551115123125783e-17,-0.025135786666666667
11,0.02499999999999991,1.3872286666666668e-08,0.02499999999999991,-0.025133753333333335
12,0.04999999999999993,1.785002e-08,0.04999999999999993,-0.025130686666666666
13,0.07499999999999996,2.3907013333333333e-08,0.07499999999999996,-0.025129133333333335
14,0.09999999999999992,3.1890360000000005e-08,0.09999999999999992,-0.02512526
15,0.12499999999999989,4.2671506666666666e-08,0.12499999999999989,-0.025121940000000002
16,0.1499999999999999,6.069291333333334e-08,0.1499999999999999,-0.02511814
17,0.17499999999999993,9.57212e-08,0.17499999999999993,-0.025114206666666666
18,0.1999999999999999,1.3011946666666668e-07,0.1999999999999999,-0.02511234
19,0.22499999999999987,1.9658493333333333e-07,0.22499999999999987,-0.025107573333333334
20,0.2499999999999999,2.954993333333334e-07,0.2499999999999999,-0.025103693333333333
21,0.2749999999999999,4.403006666666667e-07,0.2749999999999999,-0.0250979
22,0.2999999999999998,6.329200666666667e-07,0.2999999999999998,-0.025093866666666666
23,0.32499999999999984,8.894573333333333e-07,0.32499999999999984,-0.025086293333333332
24,0.34999999999999987,1.2099346666666668e-06,0.34999999999999987,-0.02507984666666667
25,0.3749999999999999,1.6346993333333333e-06,0.3749999999999999,-0.025071273333333335
26,0.3999999999999999,2.1833226666666668e-06,0.3999999999999999,-0.025062933333333336
27,0.4249999999999998,2.889724666666667e-06,0.4249999999999998,-0.025052200000000004
28,0.44999999999999984,3.8004006666666663e-06,0.44999999999999984,-0.025038406666666665
29,0.47499999999999987,4.995781333333333e-06,0.47499999999999987,-0.0250217
30,0.4999999999999998,6.528577333333333e-06,0.4999999999999998,-0.025006320000000002
31,0.5249999999999998,6.999406666666667e-06,0.5249999999999998,-0.024982013333333334
32,0.5499999999999998,4.888232666666667e-06,0.5499999999999998,-0.024956553333333336
33,0.5749999999999998,6.723980000000001e-06,0.5749999999999998,-0.024922386666666668
34,0.5999999999999999,9.064766666666668e-06,0.5999999999999999,-0.02488088
35,0.6249999999999998,1.2080793333333334e-05,0.6249999999999998,-0.02482856
36,0.6499999999999998,1.5910586666666668e-05,0.6499999999999998,-0.024761973333333336
37,0.6749999999999998,2.0813353333333334e-05,0.6749999999999998,-0.024674493333333332
38,0.6999999999999997,2.69932e-05,0.6999999999999997,-0.024547766666666665
39,0.7249999999999998,3.4791373333333336e-05,0.7249999999999998,-0.02436785333333333
40,0.7499999999999998,4.4479460000000004e-05,0.7499999999999998,-0.024105213333333333
41,0.7749999999999997,5.669266666666667e-05,0.7749999999999997,-0.023720646666666668
42,0.7999999999999998,6.99952e-05,0.7999999999999998,-0.023171913333333335
43,0.8249999999999997,5.281057333333334e-05,0.8249999999999997,-0.022407273333333335
44,0.8499999999999996,7.724933333333334e-05,0.8499999999999996,-0.021376553333333333
45,0.8749999999999998,0.00011669253333333333,0.8749999999999998,-0.020051926666666667
46,0.8999999999999997,0.00018180726666666667,0.8999999999999997,-0.018421406666666668
47,0.9249999999999998,0.00029107473333333335,0.9249999999999998,-0.01650232
48,0.9499999999999997,0.0004680436,0.9499999999999997,-0.014322000000000001
49,0.9749999999999996,0.000693998,0.9749999999999996,-0.011944606666666666
50,0.9999999999999998,0.00112206,0.9999999999999998,-0.009406059999999999
51,1.0249999999999997,0.0017372733333333335,1.0249999999999997,-0.006772326666666668
52,1.0499999999999998,0.002561994,1.0499999999999998,-0.004100355333333333
53,1.0749999999999997,0.0035932806666666667,1.0749999999999997,-0.0013810446666666666
54,1.0999999999999996,0.0048146153333333335,1.0999999999999996,0.0013137973333333334
55,1.1249999999999998,0.006192828666666667,1.1249999999999998,0.0039596273333333334
56,1.1499999999999997,0.007795006666666667,1.1499999999999997,0.006550800666666667
57,1.1749999999999996,0.009433326666666667,1.1749999999999996,0.009171553333333334
58,1.1999999999999997,0.0111622,1.1999999999999997,0.011662126666666668
59,1.2249999999999996,0.012967646666666667,1.2249999999999996,0.014087293333333332
