,sample_A_3d_1F_V_D,sample_A_3d_1F_J_D,sample_A_3d_1F_V_L,sample_A_3d_1F_J_L
0,-0.25,-6.524457333333334e-05,-0.25,-0.025137706666666666
1,-0.225,-6.518040666666667e-05,-0.225,-0.02512342
2,-0.2,-6.519121333333333e-05,-0.2,-0.02511696
3,-0.17500000000000002,-6.508418666666668e-05,-0.17500000000000002,-0.025110900000000002
4,-0.15000000000000002,-6.505548666666668e-05,-0.15000000000000002,-0.02510756
5,-0.12500000000000003,-6.500019333333335e-05,-0.12500000000000003,-0.025102213333333335
6,-0.10000000000000003,-6.495906666666668e-05,-0.10000000000000003,-0.02509754
7,-0.07500000000000004,-6.488542e-05,-0.07500000000000004,-0.025096233333333336
8,-0.050000000000000044,-6.484496e-05,-0.050000000000000044,-0.02509236
9,-0.02500000000000005,-6.479871333333335e-05,-0.02500000000000005,-0.02509098666666667
10,-5.551115123125783e-17,-6.475316666666667e-05,-5.551115123125783e-17,-0.025085606666666666
11,0.02499999999999991,-6.471016666666667e-05,0.02499999999999991,-0.02508302
12,0.04999999999999993,-6.46731e-05,0.04999999999999993,-0.025081013333333332
13,0.07499999999999996,-6.463042000000001e-05,0.07499999999999996,-0.02507842
14,0.09999999999999992,-6.458807333333334e-05,0.09999999999999992,-0.025074393333333334
15,0.12499999999999989,-6.45503e-05,0.12499999999999989,-0.0250697
16,0.1499999999999999,-6.451745333333333e-05,0.1499999999999999,-0.02506836
17,0.17499999999999993,-6.44209e-05,0.17499999999999993,-0.025063633333333335
18,0.1999999999999999,-6.437666e-05,0.1999999999999999,-0.025057886666666668
19,0.22499999999999987,-6.432818666666667e-05,0.22499999999999987,-0.02505272
20,0.2499999999999999,-6.430501333333334e-05,0.2499999999999999,-0.025050566666666666
21,0.2749999999999999,-6.427503333333334e-05,0.2749999999999999,-0.025044753333333336
22,0.2999999999999998,-6.423564e-05,0.2999999999999998,-0.025038813333333333
23,0.32499999999999984,-6.417655333333334e-05,0.32499999999999984,-0.025031186666666667
24,0.34999999999999987,-6.400088e-05,0.34999999999999987,-0.025024013333333334
25,0.3749999999999999,-6.362797333333333e-05,0.3749999999999999,-0.02501424
26,0.3999999999999999,-6.31595e-05,0.3999999999999999,-0.02500468
27,0.4249999999999998,-6.267416666666668e-05,0.4249999999999998,-0.024991886666666668
28,0.44999999999999984,-6.254246666666667e-05,0.44999999999999984,-0.02497694
29,0.47499999999999987,-6.174764000000001e-05,0.47499999999999987,-0.0249582
30,0.4999999999999998,-6.094779333333334e-05,0.4999999999999998,-0.024936773333333336
31,0.5249999999999998,-6.087404666666667e-05,0.5249999999999998,-0.0249099
32,0.5499999999999998,-6.044334666666668e-05,0.5499999999999998,-0.02487780666666667
33,0.5749999999999998,-6.050768e-05,0.5749999999999998,-0.02483812666666667
34,0.5999999999999999,-6.0272806666666666e-05,0.5999999999999999,-0.024787926666666668
35,0.6249999999999998,-5.971880000000001e-05,0.6249999999999998,-0.02472028
36,0.6499999999999998,-5.9206099999999995e-05,0.6499999999999998,-0.024629513333333335
37,0.6749999999999998,-5.8824806666666676e-05,0.6749999999999998,-0.02449620666666667
38,0.6999999999999997,-5.760078666666667e-05,0.6999999999999997,-0.024301186666666665
39,0.7249999999999998,-5.4900960000000006e-05,0.7249999999999998,-0.024011973333333336
40,0.7499999999999998,-5.326302e-05,0.7499999999999998,-0.02358456
41,0.7749999999999997,-4.851424000000001e-05,0.7749999999999997,-0.02296850666666667
42,0.7999999999999998,-4.118124e-05,0.7999999999999998,-0.02211910666666667
43,0.8249999999999997,-2.8199633333333334e-05,0.8249999999999997,-0.021001386666666667
44,0.8499999999999996,-8.007666666666666e-06,0.8499999999999996,-0.019601473333333334
45,0.8749999999999998,3.103216e-05,0.8749999999999998,-0.017949046666666666
46,0.8999999999999997,8.993253333333334e-05,0.8999999999999997,-0.016072553333333333
47,0.9249999999999998,0.0002010638,0.9249999999999998,-0.014024406666666668
48,0.9499999999999997,0.00038129253333333337,0.9499999999999997,-0.011857113333333334
49,0.9749999999999996,0.0006486763333333333,0.9749999999999996,-0.00964794
50,0.9999999999999998,0.0009971746666666667,0.9999999999999998,-0.007422980000000001
51,1.0249999999999997,0.0014923106666666667,1.0249999999999997,-0.0052763233333333335
52,1.0499999999999998,0.002111742,1.0499999999999998,-0.003140584
53,1.0749999999999997,0.0028505773333333336,1.0749999999999997,-0.0011032173333333332
54,1.0999999999999996,0.0037043199999999997,1.0999999999999996,0.0008529926666666666
55,1.1249999999999998,0.004661177333333334,1.1249999999999998,0.002726978
56,1.1499999999999997,0.005713132666666667,1.1499999999999997,0.004540084000000001
57,1.1749999999999996,0.006845906666666668,1.1749999999999996,0.006304917333333333
58,1.1999999999999997,0.008096026666666667,1.1999999999999997,0.008167013333333334
59,1.2249999999999996,0.009387626666666668,1.2249999999999996,0.009930520000000002
