,sample_A_3d_1F_V_D,sample_A_3d_1F_J_D,sample_A_3d_1F_V_L,sample_A_3d_1F_J_L
0,-0.25,-1.4771520000000002e-05,-0.25,-0.025505666666666666
1,-0.225,-1.4411380000000001e-05,-0.225,-0.025495646666666667
2,-0.2,-1.3845720000000002e-05,-0.2,-0.025485826666666666
3,-0.17500000000000002,-1.364016e-05,-0.17500000000000002,-0.025480273333333334
4,-0.15000000000000002,-1.3325033333333334e-05,-0.15000000000000002,-0.02547298
5,-0.12500000000000003,-1.29288e-05,-0.12500000000000003,-0.025468940000000002
6,-0.10000000000000003,-1.252846e-05,-0.10000000000000003,-0.025466040000000002
7,-0.07500000000000004,-1.2274273333333333e-05,-0.07500000000000004,-0.025460633333333337
8,-0.050000000000000044,-1.2001233333333333e-05,-0.050000000000000044,-0.0254569
9,-0.02500000000000005,-1.175392e-05,-0.02500000000000005,-0.025451293333333333
10,-5.551115123125783e-17,-1.1553566666666667e-05,-5.551115123125783e-17,-0.025444906666666666
11,0.02499999999999991,-1.1338173333333334e-05,0.02499999999999991,-0.025441246666666667
12,0.04999999999999993,-1.1116406666666667e-05,0.04999999999999993,-0.025437606666666668
13,0.07499999999999996,-1.0869813333333334e-05,0.07499999999999996,-0.025433093333333334
14,0.09999999999999992,-1.0543886666666667e-05,0.09999999999999992,-0.025427686666666668
15,0.12499999999999989,-1.028322e-05,0.12499999999999989,-0.025423253333333333
16,0.1499999999999999,-1.0074393333333334e-05,0.1499999999999999,-0.025415593333333333
17,0.17499999999999993,-9.897953333333334e-06,0.17499999999999993,-0.0254128
18,0.1999999999999999,-9.68986e-06,0.1999999999999999,-0.02540618
19,0.22499999999999987,-9.585686666666667e-06,0.22499999999999987,-0.025400206666666668
20,0.2499999999999999,-8.829133333333333e-06,0.2499999999999999,-0.025394346666666668
21,0.2749999999999999,-8.715246666666668e-06,0.2749999999999999,-0.025386706666666668
22,0.2999999999999998,-8.11416e-06,0.2999999999999998,-0.025377280000000002
23,0.32499999999999984,-7.68394e-06,0.32499999999999984,-0.025367286666666666
24,0.34999999999999987,-7.275426666666667e-06,0.34999999999999987,-0.025355793333333335
25,0.3749999999999999,-6.98548e-06,0.3749999999999999,-0.0253427
26,0.3999999999999999,-6.410628e-06,0.3999999999999999,-0.025327226666666668
27,0.4249999999999998,-5.828480666666667e-06,0.4249999999999998,-0.02530932666666667
28,0.44999999999999984,-5.07809e-06,0.44999999999999984,-0.025289060000000002
29,0.47499999999999987,-3.863906666666666e-06,0.47499999999999987,-0.025263566666666668
30,0.4999999999999998,-3.0471926666666667e-06,0.4999999999999998,-0.025233300000000004
31,0.5249999999999998,-2.7235486666666666e-06,0.5249999999999998,-0.025196680000000003
32,0.5499999999999998,-1.227608e-06,0.5499999999999998,-0.025152320000000002
33,0.5749999999999998,-4.5192353333333334e-07,0.5749999999999998,-0.025097113333333334
34,0.5999999999999999,1.0677593333333334e-06,0.5999999999999999,-0.0250272
35,0.6249999999999998,4.066868666666667e-06,0.6249999999999998,-0.02492932
36,0.6499999999999998,6.893573333333333e-06,0.6499999999999998,-0.024799833333333333
37,0.6749999999999998,8.7313e-06,0.6749999999999998,-0.02460908666666667
38,0.6999999999999997,1.2561060000000001e-05,0.6999999999999997,-0.024345020000000002
39,0.7249999999999998,1.698488e-05,0.7249999999999998,-0.023958853333333332
40,0.7499999999999998,2.319698e-05,0.7499999999999998,-0.023416133333333335
41,0.7749999999999997,3.1132539999999997e-05,0.7749999999999997,-0.022677120000000002
42,0.7999999999999998,4.1927813333333334e-05,0.7999999999999998,-0.02171321333333333
43,0.8249999999999997,5.984974666666666e-05,0.8249999999999997,-0.0205124
44,0.8499999999999996,8.401760000000001e-05,0.8499999999999996,-0.01907482
45,0.8749999999999998,0.00013235780000000002,0.8749999999999998,-0.01743340666666667
46,0.8999999999999997,0.000212617,0.8999999999999997,-0.015627113333333335
47,0.9249999999999998,0.0003424946666666667,0.9249999999999998,-0.013692613333333332
48,0.9499999999999997,0.0005446515333333334,0.9499999999999997,-0.011662720000000001
49,0.9749999999999996,0.0008094313333333334,0.9749999999999996,-0.009594620000000002
50,0.9999999999999998,0.0012088126666666668,0.9999999999999998,-0.007504166666666668
51,1.0249999999999997,0.0017277913333333336,1.0249999999999997,-0.0054684393333333334
52,1.0499999999999998,0.00236182,1.0499999999999998,-0.003430566
53,1.0749999999999997,0.0031012166666666667,1.0749999999999997,-0.0014716853333333335
54,1.0999999999999996,0.003931258,1.0999999999999996,0.0004068076
55,1.1249999999999998,0.0048349660000000004,1.1249999999999998,0.002225134
56,1.1499999999999997,0.005806326,1.1499999999999997,0.003958056000000001
57,1.1749999999999996,0.006836806666666666,1.1749999999999996,0.005605580666666667
58,1.1999999999999997,0.00786386,1.1999999999999997,0.007242306666666667
59,1.2249999999999996,0.008999633333333333,1.2249999999999996,0.008787833333333333
