,sample_A_3d_1F_V_D,sample_A_3d_1F_J_D,sample_A_3d_1F_V_L,sample_A_3d_1F_J_L
0,-0.25,-0.0005272996666666667,-0.25,-0.0707506
1,-0.225,-0.0004726001333333333,-0.225,-0.07056326666666667
2,-0.2,-0.0004169838,-0.2,-0.07045000000000001
3,-0.17500000000000002,-0.00036176553333333334,-0.17500000000000002,-0.0703184
4,-0.15000000000000002,-0.0003092846666666667,-0.15000000000000002,-0.06970686666666667
5,-0.12500000000000003,-0.0002590601333333334,-0.12500000000000003,-0.06966293333333334
6,-0.10000000000000003,-0.0002096792,-0.10000000000000003,-0.06952713333333334
7,-0.07500000000000004,-0.00016121,-0.07500000000000004,-0.06946693333333334
8,-0.050000000000000044,-0.0001142938,-0.050000000000000044,-0.06936780000000001
9,-0.02500000000000005,-6.806780000000001e-05,-0.02500000000000005,-0.06921173333333334
10,-5.551115123125783e-17,-2.218468e-05,-5.551115123125783e-17,-0.06911013333333334
11,0.02499999999999991,2.3587180000000002e-05,0.02499999999999991,-0.06898380000000001
12,0.04999999999999993,6.92572e-05,0.04999999999999993,-0.06882286666666666
13,0.07499999999999996,0.00011933906666666667,0.07499999999999996,-0.0686734
14,0.09999999999999992,0.00016884306666666666,0.09999999999999992,-0.06752606666666666
15,0.12499999999999989,0.00021812993333333332,0.12499999999999989,-0.06755966666666667
16,0.1499999999999999,0.0002698189333333333,0.1499999999999999,-0.0675574
17,0.17499999999999993,0.00032197793333333335,0.17499999999999993,-0.06749000000000001
18,0.1999999999999999,0.00037700693333333335,0.1999999999999999,-0.0675312
19,0.22499999999999987,0.00043393906666666665,0.22499999999999987,-0.06729313333333334
20,0.2499999999999999,0.0004919495333333334,0.2499999999999999,-0.06707066666666667
21,0.2749999999999999,0.0005503814666666668,0.2749999999999999,-0.06686966666666667
22,0.2999999999999998,0.0006097564666666666,0.2999999999999998,-0.06674066666666667
23,0.32499999999999984,0.000673564,0.32499999999999984,-0.0662731
24,0.34999999999999987,0.0007655813333333334,0.34999999999999987,-0.06582709333333334
25,0.3749999999999999,0.000834572,0.3749999999999999,-0.06529051333333333
26,0.3999999999999999,0.0009054100000000002,0.3999999999999999,-0.06468604666666668
27,0.4249999999999998,0.0009721633333333333,0.4249999999999998,-0.06397794666666667
28,0.44999999999999984,0.0010366113333333334,0.44999999999999984,-0.06321296666666668
29,0.47499999999999987,0.0011128213333333333,0.47499999999999987,-0.06236038666666667
30,0.4999999999999998,0.001185404,0.4999999999999998,-0.06145101333333333
31,0.5249999999999998,0.001253888,0.5249999999999998,-0.06038255333333334
32,0.5499999999999998,0.001331772,0.5499999999999998,-0.05913614666666667
33,0.5749999999999998,0.001407224,0.5749999999999998,-0.05778950000000001
34,0.5999999999999999,0.0014896566666666665,0.5999999999999999,-0.05620463333333334
35,0.6249999999999998,0.0015733740000000002,0.6249999999999998,-0.05440917333333333
36,0.6499999999999998,0.0016442233333333336,0.6499999999999998,-0.05243286
37,0.6749999999999998,0.0017358313333333333,0.6749999999999998,-0.05024497333333334
38,0.6999999999999997,0.0018196900000000001,0.6999999999999997,-0.047886993333333336
39,0.7249999999999998,0.001903544,0.7249999999999998,-0.045383226666666665
40,0.7499999999999998,0.0020722546666666667,0.7499999999999998,-0.04267775333333334
41,0.7749999999999997,0.0021621120000000003,0.7749999999999997,-0.03983039333333333
42,0.7999999999999998,0.0022936600000000003,0.7999999999999998,-0.036844053333333335
43,0.8249999999999997,0.0023942133333333337,0.8249999999999997,-0.03376229333333334
44,0.8499999999999996,0.0025375233333333335,0.8499999999999996,-0.030568593333333335
45,0.8749999999999998,0.002721762,0.8749999999999998,-0.027312226666666665
46,0.8999999999999997,0.0029646380000000003,0.8999999999999997,-0.024019033333333332
47,0.9249999999999998,0.0033020180000000003,0.9249999999999998,-0.020664806666666667
48,0.9499999999999997,0.003758817333333334,0.9499999999999997,-0.017296386666666667
49,0.9749999999999996,0.004348993333333334,0.9749999999999996,-0.013906426666666668
50,0.9999999999999998,0.0051249473333333335,0.9999999999999998,-0.010601786666666667
51,1.0249999999999997,0.006051056,1.0249999999999997,-0.007324486666666668
52,1.0499999999999998,0.007021326666666668,1.0499999999999998,-0.004124244
53,1.0749999999999997,0.008367586666666668,1.0749999999999997,-0.000914284
54,1.0999999999999996,0.00986926,1.0999999999999996,0.002249938
55,1.1249999999999998,0.011586246666666666,1.1249999999999998,0.005363881333333334
56,1.1499999999999997,0.013438753333333334,1.1499999999999997,0.0084508
57,1.1749999999999996,0.015244060000000002,1.1749999999999996,0.011474666666666668
58,1.1999999999999997,0.01717976666666667,1.1999999999999997,0.014462846666666666
59,1.2249999999999996,0.019214106666666668,1.2249999999999996,0.017400153333333335
