,sample_A_3d_1F_V_D,sample_A_3d_1F_J_D,sample_A_3d_1F_V_L,sample_A_3d_1F_J_L
0,-0.25,-0.00048554266666666664,-0.25,-0.072083
1,-0.225,-0.0004330664666666667,-0.225,-0.07184433333333334
2,-0.2,-0.0003806338,-0.2,-0.07172526666666668
3,-0.17500000000000002,-0.0003309586666666667,-0.17500000000000002,-0.07163066666666668
4,-0.15000000000000002,-0.00028112226666666664,-0.15000000000000002,-0.07152506666666668
5,-0.12500000000000003,-0.00023478300000000002,-0.12500000000000003,-0.07141753333333334
6,-0.10000000000000003,-0.00019039626666666668,-0.10000000000000003,-0.0713082
7,-0.07500000000000004,-0.00014687900000000001,-0.07500000000000004,-0.07120833333333333
8,-0.050000000000000044,-0.00010528006666666668,-0.050000000000000044,-0.07109866666666667
9,-0.02500000000000005,-6.444137333333334e-05,-0.02500000000000005,-0.07098893333333334
10,-5.551115123125783e-17,-2.329482666666667e-05,-5.551115123125783e-17,-0.07088586666666667
11,0.02499999999999991,1.7407213333333334e-05,0.02499999999999991,-0.07077066666666666
12,0.04999999999999993,5.8609333333333335e-05,0.04999999999999993,-0.0706504
13,0.07499999999999996,0.00010688566666666667,0.07499999999999996,-0.07051573333333333
14,0.09999999999999992,0.00015197880000000002,0.09999999999999992,-0.07037773333333334
15,0.12499999999999989,0.0001992556,0.12499999999999989,-0.07023393333333335
16,0.1499999999999999,0.00024782033333333337,0.1499999999999999,-0.07006766666666667
17,0.17499999999999993,0.0002973125333333333,0.17499999999999993,-0.0698854
18,0.1999999999999999,0.0003495687333333334,0.1999999999999999,-0.06971973333333334
19,0.22499999999999987,0.00040663293333333334,0.22499999999999987,-0.06952746666666668
20,0.2499999999999999,0.0004652598666666667,0.2499999999999999,-0.06931266666666668
21,0.2749999999999999,0.0005262236,0.2749999999999999,-0.0690766
22,0.2999999999999998,0.0005850163333333333,0.2999999999999998,-0.06881506666666667
23,0.32499999999999984,0.0006423702666666667,0.32499999999999984,-0.06851646666666668
24,0.34999999999999987,0.000802252,0.34999999999999987,-0.06817886666666667
25,0.3749999999999999,0.0008726106666666666,0.3749999999999999,-0.06779553333333334
26,0.3999999999999999,0.0009416773333333333,0.3999999999999999,-0.0673786
27,0.4249999999999998,0.0010146726666666666,0.4249999999999998,-0.06686926666666668
28,0.44999999999999984,0.0010818866666666668,0.44999999999999984,-0.06632982000000001
29,0.47499999999999987,0.001155524,0.47499999999999987,-0.06557954
30,0.4999999999999998,0.001228032,0.4999999999999998,-0.06477835333333333
31,0.5249999999999998,0.0012928826666666667,0.5249999999999998,-0.06387036
32,0.5499999999999998,0.0013657893333333334,0.5499999999999998,-0.06276028666666668
33,0.5749999999999998,0.0014566773333333333,0.5749999999999998,-0.061441686666666676
34,0.5999999999999999,0.0015445346666666667,0.5999999999999999,-0.059911240000000004
35,0.6249999999999998,0.0016396013333333335,0.6249999999999998,-0.05816310666666667
36,0.6499999999999998,0.0017401786666666665,0.6499999999999998,-0.05616048
37,0.6749999999999998,0.001832304,0.6749999999999998,-0.053914993333333334
38,0.6999999999999997,0.0019460419999999998,0.6999999999999997,-0.05146128666666667
39,0.7249999999999998,0.002062372,0.7249999999999998,-0.048791266666666666
40,0.7499999999999998,0.002160955333333333,0.7499999999999998,-0.04595508666666667
41,0.7749999999999997,0.0022838773333333333,0.7749999999999997,-0.042927033333333336
42,0.7999999999999998,0.002411162666666667,0.7999999999999998,-0.03974884666666667
43,0.8249999999999997,0.0025637946666666666,0.8249999999999997,-0.03642748666666667
44,0.8499999999999996,0.0027411126666666667,0.8499999999999996,-0.033005106666666666
45,0.8749999999999998,0.0029384173333333336,0.8749999999999998,-0.029498379999999998
46,0.8999999999999997,0.003227016,0.8999999999999997,-0.025922153333333333
47,0.9249999999999998,0.0035859940000000003,0.9249999999999998,-0.022308873333333337
48,0.9499999999999997,0.0040877506666666666,0.9499999999999997,-0.01868042
49,0.9749999999999996,0.004701318,0.9749999999999996,-0.015056953333333335
50,0.9999999999999998,0.005512166,0.9999999999999998,-0.0114553
51,1.0249999999999997,0.006508279333333334,1.0249999999999997,-0.007911953333333334
52,1.0499999999999998,0.007559773333333333,1.0499999999999998,-0.004415340666666667
53,1.0749999999999997,0.008943866666666666,1.0749999999999997,-0.0009734400000000001
54,1.0999999999999996,0.010460466666666668,1.0999999999999996,0.0023923306666666666
55,1.1249999999999998,0.012202053333333332,1.1249999999999998,0.005673324
56,1.1499999999999997,0.014023446666666668,1.1499999999999997,0.00894548
57,1.1749999999999996,0.015937700000000003,1.1749999999999996,0.012169873333333333
58,1.1999999999999997,0.017968953333333332,1.1999999999999997,0.015336706666666667
59,1.2249999999999996,0.020096273333333334,1.2249999999999996,0.018473313333333335
