,sample_A_3d_1F_V_D,sample_A_3d_1F_J_D,sample_A_3d_1F_V_L,sample_A_3d_1F_J_L
0,-0.25,-0.0006222374666666667,-0.25,-0.07441086666666667
1,-0.225,-0.0005571082666666667,-0.225,-0.07404340000000001
2,-0.2,-0.0004910115333333334,-0.2,-0.07378893333333333
3,-0.17500000000000002,-0.0004300646,-0.17500000000000002,-0.0735516
4,-0.15000000000000002,-0.0003663386,-0.15000000000000002,-0.07332546666666667
5,-0.12500000000000003,-0.0003066891333333333,-0.12500000000000003,-0.07310366666666666
6,-0.10000000000000003,-0.0002473988,-0.10000000000000003,-0.07288040000000001
7,-0.07500000000000004,-0.0001859386,-0.07500000000000004,-0.0726672
8,-0.050000000000000044,-0.00012484986666666667,-0.050000000000000044,-0.07244586666666668
9,-0.02500000000000005,-7.17066e-05,-0.02500000000000005,-0.072244
10,-5.551115123125783e-17,-2.0555013333333334e-05,-5.551115123125783e-17,-0.07201953333333334
11,0.02499999999999991,3.0435106666666665e-05,0.02499999999999991,-0.07179226666666667
12,0.04999999999999993,8.145226666666667e-05,0.04999999999999993,-0.07155086666666667
13,0.07499999999999996,0.00013282913333333333,0.07499999999999996,-0.07129666666666666
14,0.09999999999999992,0.00018538693333333334,0.09999999999999992,-0.07103506666666667
15,0.12499999999999989,0.00023896500000000003,0.12499999999999989,-0.07075306666666667
16,0.1499999999999999,0.00029330273333333335,0.1499999999999999,-0.07046953333333333
17,0.17499999999999993,0.0003485492666666667,0.17499999999999993,-0.07013686666666667
18,0.1999999999999999,0.00040638833333333336,0.1999999999999999,-0.06978973333333334
19,0.22499999999999987,0.000464593,0.22499999999999987,-0.06939533333333334
20,0.2499999999999999,0.0005354352666666667,0.2499999999999999,-0.06893533333333333
21,0.2749999999999999,0.0006324643333333333,0.2749999999999999,-0.06839833333333334
22,0.2999999999999998,0.0007437393333333334,0.2999999999999998,-0.06771566666666667
23,0.32499999999999984,0.0008217980000000001,0.32499999999999984,-0.06690526666666667
24,0.34999999999999987,0.0008938500000000001,0.34999999999999987,-0.06588038666666668
25,0.3749999999999999,0.0009670033333333334,0.3749999999999999,-0.06468732666666667
26,0.3999999999999999,0.001049032,0.3999999999999999,-0.06343447333333334
27,0.4249999999999998,0.0011261346666666667,0.4249999999999998,-0.06203888666666667
28,0.44999999999999984,0.0012040093333333334,0.44999999999999984,-0.060529700000000006
29,0.47499999999999987,0.0012858086666666668,0.47499999999999987,-0.05889888000000001
30,0.4999999999999998,0.0013620306666666667,0.4999999999999998,-0.05715981333333333
31,0.5249999999999998,0.0014561773333333333,0.5249999999999998,-0.055323566666666664
32,0.5499999999999998,0.0015576673333333334,0.5499999999999998,-0.05340309333333334
33,0.5749999999999998,0.0016224406666666667,0.5749999999999998,-0.05142636666666667
34,0.5999999999999999,0.001731538,0.5999999999999999,-0.04936796
35,0.6249999999999998,0.0018324600000000002,0.6249999999999998,-0.047240166666666666
36,0.6499999999999998,0.0019380066666666667,0.6499999999999998,-0.045027786666666667
37,0.6749999999999998,0.002039248,0.6749999999999998,-0.04275254666666667
38,0.6999999999999997,0.0021417053333333334,0.6999999999999997,-0.04040461333333334
39,0.7249999999999998,0.0022505153333333334,0.7249999999999998,-0.037936073333333334
40,0.7499999999999998,0.0024054093333333334,0.7499999999999998,-0.035366926666666666
41,0.7749999999999997,0.002530478666666667,0.7749999999999997,-0.03266789333333334
42,0.7999999999999998,0.0026677673333333333,0.7999999999999998,-0.029778613333333332
43,0.8249999999999997,0.002828262666666667,0.8249999999999997,-0.026764839999999998
44,0.8499999999999996,0.003007852666666667,0.8499999999999996,-0.02359274
45,0.8749999999999998,0.0032522980000000003,0.8749999999999998,-0.0202302
46,0.8999999999999997,0.0035664600000000005,0.8999999999999997,-0.016844753333333334
47,0.9249999999999998,0.0039789940000000005,0.9249999999999998,-0.013391286666666669
48,0.9499999999999997,0.004500031333333334,0.9499999999999997,-0.009915306666666667
49,0.9749999999999996,0.00517774,0.9749999999999996,-0.00655249
50,0.9999999999999998,0.006051704666666667,0.9999999999999998,-0.002719832
51,1.0249999999999997,0.00699978,1.0249999999999997,0.00039853713333333333
52,1.0499999999999998,0.008131220000000002,1.0499999999999998,0.004536291333333334
53,1.0749999999999997,0.009453646666666668,1.0749999999999997,0.007458986666666667
54,1.0999999999999996,0.010922193333333333,1.0999999999999996,0.010555440000000001
55,1.1249999999999998,0.01249342,1.1249999999999998,0.013575
56,1.1499999999999997,0.014234400000000001,1.1499999999999997,0.016529746666666668
57,1.1749999999999996,0.016090346666666665,1.1749999999999996,0.01950770666666667
58,1.1999999999999997,0.018085573333333334,1.1999999999999997,0.02248772
59,1.2249999999999996,0.020142973333333335,1.2249999999999996,0.025427686666666668
