,sample_A_3d_1R_V_D,sample_A_3d_1R_J_D,sample_A_3d_1R_V_L,sample_A_3d_1R_J_L
0,1.25,0.01258502,1.25,0.011090693333333334
1,1.225,0.011017113333333333,1.225,0.009253006666666666
2,1.2000000000000002,0.009513773333333335,1.2000000000000002,0.007303853333333334
3,1.1750000000000003,0.008038773333333334,1.1750000000000003,0.00525747
4,1.1500000000000004,0.006599809333333334,1.1500000000000004,0.0030527873333333335
5,1.1250000000000004,0.005207126666666667,1.1250000000000004,0.00074754
6,1.1000000000000005,0.003917817333333334,1.1000000000000005,-0.0016486306666666666
7,1.0750000000000006,0.0027922646666666668,1.0750000000000006,-0.004091958666666667
8,1.0500000000000007,0.001870938,1.0500000000000007,-0.006558098
9,1.0250000000000008,0.0011828386666666666,1.0250000000000008,-0.009002126666666667
10,1.0000000000000009,0.0007129020000000001,1.0000000000000009,-0.011400906666666667
11,0.975000000000001,0.00042418426666666664,0.975000000000001,-0.013685993333333334
12,0.9500000000000011,0.0002450092666666667,0.9500000000000011,-0.01583076666666667
13,0.9250000000000012,0.00014629886666666666,0.9250000000000012,-0.017779706666666666
14,0.9000000000000012,8.987813333333333e-05,0.9000000000000012,-0.019493733333333336
15,0.8750000000000013,5.863683333333334e-05,0.8750000000000013,-0.02094022666666667
16,0.8500000000000014,4.0273953333333336e-05,0.8500000000000014,-0.022113566666666667
17,0.8250000000000015,2.91425e-05,0.8250000000000015,-0.023018193333333332
18,0.8000000000000016,2.2452333333333332e-05,0.8000000000000016,-0.023681173333333336
19,0.7750000000000017,1.8614753333333335e-05,0.7750000000000017,-0.024149853333333336
20,0.7500000000000018,1.5721026666666668e-05,0.7500000000000018,-0.02446934666666667
21,0.7250000000000019,1.377428e-05,0.7250000000000019,-0.02468586
22,0.700000000000002,1.2496373333333334e-05,0.700000000000002,-0.02483158666666667
23,0.675000000000002,1.1279186666666668e-05,0.675000000000002,-0.0249312
24,0.6500000000000021,1.0158713333333334e-05,0.6500000000000021,-0.025002373333333335
25,0.6250000000000022,9.148926666666667e-06,0.6250000000000022,-0.025055053333333334
26,0.6000000000000023,8.43784e-06,0.6000000000000023,-0.02509458666666667
27,0.5750000000000024,7.8649e-06,0.5750000000000024,-0.02512634
28,0.5500000000000025,7.128726666666667e-06,0.5500000000000025,-0.025149213333333333
29,0.5250000000000026,6.490206666666668e-06,0.5250000000000026,-0.025170420000000002
30,0.5000000000000027,5.8916640000000006e-06,0.5000000000000027,-0.02518642
31,0.47500000000000275,5.335283333333334e-06,0.47500000000000275,-0.025199166666666665
32,0.45000000000000284,4.670636666666667e-06,0.45000000000000284,-0.025209233333333334
33,0.42500000000000293,4.582292666666667e-06,0.42500000000000293,-0.025217406666666668
34,0.400000000000003,4.034755333333333e-06,0.400000000000003,-0.02522528
35,0.3750000000000031,3.7776540000000003e-06,0.3750000000000031,-0.02523366
36,0.3500000000000032,3.2594326666666672e-06,0.3500000000000032,-0.025236406666666666
37,0.3250000000000033,3.0257060000000003e-06,0.3250000000000033,-0.025240633333333335
38,0.3000000000000034,2.6344586666666667e-06,0.3000000000000034,-0.025246866666666666
39,0.27500000000000346,2.46204e-06,0.27500000000000346,-0.025250293333333333
40,0.25000000000000355,2.069832666666667e-06,0.25000000000000355,-0.025255653333333333
41,0.22500000000000364,1.7793226666666667e-06,0.22500000000000364,-0.02525764
42,0.20000000000000373,1.4620899999999999e-06,0.20000000000000373,-0.025262013333333333
43,0.17500000000000382,1.2717413333333335e-06,0.17500000000000382,-0.025265853333333334
44,0.1500000000000039,9.65768e-07,0.1500000000000039,-0.0252688
45,0.125000000000004,6.5832e-07,0.125000000000004,-0.025269620000000003
46,0.10000000000000409,4.575447333333333e-07,0.10000000000000409,-0.025273786666666666
47,0.07500000000000417,2.8604826666666666e-07,0.07500000000000417,-0.025276546666666667
48,0.05000000000000426,1.1556533333333333e-07,0.05000000000000426,-0.025278653333333335
49,0.025000000000004352,-2.479902666666667e-08,0.025000000000004352,-0.02527910666666667
50,4.440892098500626e-15,-1.4399473333333335e-07,4.440892098500626e-15,-0.025282313333333334
51,-0.02499999999999547,-2.7115406666666667e-07,-0.02499999999999547,-0.025285333333333333
52,-0.04999999999999538,-3.6419346666666666e-07,-0.04999999999999538,-0.025287280000000002
53,-0.07499999999999529,-4.488610666666667e-07,-0.07499999999999529,-0.025290213333333336
54,-0.0999999999999952,-6.037934666666667e-07,-0.0999999999999952,-0.0252911
55,-0.12499999999999512,-7.299886666666667e-07,-0.12499999999999512,-0.025293586666666666
56,-0.14999999999999503,-1.1271493333333334e-06,-0.14999999999999503,-0.025296826666666668
57,-0.17499999999999494,-1.3332286666666668e-06,-0.17499999999999494,-0.025299026666666665
58,-0.19999999999999485,-1.63491e-06,-0.19999999999999485,-0.025301486666666668
59,-0.22499999999999476,-1.981862e-06,-0.22499999999999476,-0.025303366666666667
