,sample_A_3d_1R_V_D,sample_A_3d_1R_J_D,sample_A_3d_1R_V_L,sample_A_3d_1R_J_L
0,1.25,0.011103473333333334,1.25,0.01892236
1,1.225,0.0107154,1.225,0.01577826666666667
2,1.2000000000000002,0.009875226666666667,1.2000000000000002,0.012502073333333334
3,1.1750000000000003,0.009903333333333333,1.1750000000000003,0.009160373333333334
4,1.1500000000000004,0.008717206666666666,1.1500000000000004,0.005744189333333334
5,1.1250000000000004,0.007586326666666667,1.1250000000000004,0.002221152
6,1.1000000000000005,0.006539528,1.1000000000000005,-0.0014185853333333334
7,1.0750000000000006,0.005604894,1.0750000000000006,-0.005065515333333334
8,1.0500000000000007,0.004797642666666667,1.0500000000000007,-0.008795533333333334
9,1.0250000000000008,0.00413892,1.0250000000000008,-0.0125333
10,1.0000000000000009,0.003629130666666667,1.0000000000000009,-0.01628944
11,0.975000000000001,0.003219986,0.975000000000001,-0.020031173333333332
12,0.9500000000000011,0.002933974666666667,0.9500000000000011,-0.023757726666666666
13,0.9250000000000012,0.0027058933333333336,0.9250000000000012,-0.027418560000000005
14,0.9000000000000012,0.002548298,0.9000000000000012,-0.03102032
15,0.8750000000000013,0.0023932913333333337,0.8750000000000013,-0.03451911333333334
16,0.8500000000000014,0.002272338666666667,0.8500000000000014,-0.0379279
17,0.8250000000000015,0.002149696,0.8250000000000015,-0.04119448666666667
18,0.8000000000000016,0.0020543840000000002,0.8000000000000016,-0.044299066666666664
19,0.7750000000000017,0.001954126666666667,0.7750000000000017,-0.047240086666666674
20,0.7500000000000018,0.0018567133333333334,0.7500000000000018,-0.050004940000000005
21,0.7250000000000019,0.0017597040000000002,0.7250000000000019,-0.05259983333333334
22,0.700000000000002,0.00167033,0.700000000000002,-0.05510970666666667
23,0.675000000000002,0.0015843433333333334,0.675000000000002,-0.057429146666666674
24,0.6500000000000021,0.0015030626666666669,0.6500000000000021,-0.05959408666666667
25,0.6250000000000022,0.0014202233333333336,0.6250000000000022,-0.06148763333333334
26,0.6000000000000023,0.0013318873333333333,0.6000000000000023,-0.06305158000000001
27,0.5750000000000024,0.0012539213333333334,0.5750000000000024,-0.06434327333333334
28,0.5500000000000025,0.0011800826666666666,0.5500000000000025,-0.06540542
29,0.5250000000000026,0.0011039986666666667,0.5250000000000026,-0.06627030666666667
30,0.5000000000000027,0.001034138,0.5000000000000027,-0.06698753333333334
31,0.47500000000000275,0.0009695919999999999,0.47500000000000275,-0.06757426666666667
32,0.45000000000000284,0.0009029373333333334,0.45000000000000284,-0.06807306666666667
33,0.42500000000000293,0.0008307026666666666,0.42500000000000293,-0.06849840000000001
34,0.400000000000003,0.0007617213333333334,0.400000000000003,-0.0688584
35,0.3750000000000031,0.0007002333333333333,0.3750000000000031,-0.06917113333333334
36,0.3500000000000032,0.0006383769333333334,0.3500000000000032,-0.06945146666666667
37,0.3250000000000033,0.0005758481333333334,0.3250000000000033,-0.06968273333333334
38,0.3000000000000034,0.0005177713333333334,0.3000000000000034,-0.06989586666666667
39,0.27500000000000346,0.0004642206,0.27500000000000346,-0.07009746666666668
40,0.25000000000000355,0.0004061416,0.25000000000000355,-0.07027413333333334
41,0.22500000000000364,0.0003533257333333334,0.22500000000000364,-0.07044633333333333
42,0.20000000000000373,0.00029927993333333337,0.20000000000000373,-0.07059206666666668
43,0.17500000000000382,0.0002490663333333333,0.17500000000000382,-0.07073226666666667
44,0.1500000000000039,0.00019861186666666667,0.1500000000000039,-0.07085333333333334
45,0.125000000000004,0.00015322866666666666,0.125000000000004,-0.07097113333333334
46,0.10000000000000409,0.00010802053333333333,0.10000000000000409,-0.0710774
47,0.07500000000000417,6.382216666666667e-05,0.07500000000000417,-0.07117846666666668
48,0.05000000000000426,2.0682760000000002e-05,0.05000000000000426,-0.07128386666666667
49,0.025000000000004352,-2.234610666666667e-05,0.025000000000004352,-0.07137360000000001
50,4.440892098500626e-15,-6.567826666666667e-05,4.440892098500626e-15,-0.0714684
51,-0.02499999999999547,-0.00011404053333333335,-0.02499999999999547,-0.07155613333333334
52,-0.04999999999999538,-0.0001574818,-0.04999999999999538,-0.07165426666666667
53,-0.07499999999999529,-0.00020579153333333334,-0.07499999999999529,-0.0717292
54,-0.0999999999999952,-0.0002562296,-0.0999999999999952,-0.07180826666666666
55,-0.12499999999999512,-0.0003054948666666667,-0.12499999999999512,-0.07187846666666667
56,-0.14999999999999503,-0.0003632315333333333,-0.14999999999999503,-0.07195393333333333
57,-0.17499999999999494,-0.0004314336,-0.17499999999999494,-0.07201873333333333
58,-0.19999999999999485,-0.0004843352,-0.19999999999999485,-0.07208373333333334
59,-0.22499999999999476,-0.0005463873333333333,-0.22499999999999476,-0.07214186666666668
