,sample_A_3d_1R_V_D,sample_A_3d_1R_J_D,sample_A_3d_1R_V_L,sample_A_3d_1R_J_L
0,1.25,0.011106106666666667,1.25,0.010542253333333335
1,1.225,0.009730780000000001,1.225,0.008811706666666667
2,1.2000000000000002,0.008389440000000001,1.2000000000000002,0.007039580000000001
3,1.1750000000000003,0.007060666666666667,1.1750000000000003,0.005217434
4,1.1500000000000004,0.005832744666666667,1.1500000000000004,0.0032425
5,1.1250000000000004,0.004631440666666667,1.1250000000000004,0.0011540326666666667
6,1.1000000000000005,0.0035385673333333334,1.1000000000000005,-0.0010513060000000001
7,1.0750000000000006,0.0025720480000000004,1.0750000000000006,-0.003327676666666667
8,1.0500000000000007,0.0017698113333333334,1.0500000000000007,-0.005674976666666667
9,1.0250000000000008,0.001159838,1.0250000000000008,-0.008068686666666667
10,1.0000000000000009,0.0007256340000000001,1.0000000000000009,-0.0104452
11,0.975000000000001,0.00043755666666666666,0.975000000000001,-0.012753113333333333
12,0.9500000000000011,0.0002590296,0.9500000000000011,-0.014954353333333333
13,0.9250000000000012,0.00015293826666666667,0.9250000000000012,-0.01698930666666667
14,0.9000000000000012,8.4366e-05,0.9000000000000012,-0.01880336
15,0.8750000000000013,5.015298666666667e-05,0.8750000000000013,-0.020359773333333334
16,0.8500000000000014,2.6817653333333334e-05,0.8500000000000014,-0.021640660000000003
17,0.8250000000000015,1.058804e-05,0.8250000000000015,-0.022630793333333336
18,0.8000000000000016,2.0212113333333335e-06,0.8000000000000016,-0.02337688666666667
19,0.7750000000000017,-3.6683726666666667e-06,0.7750000000000017,-0.02392242666666667
20,0.7500000000000018,-7.310833333333334e-06,0.7500000000000018,-0.02428952666666667
21,0.7250000000000019,-1.4821926666666667e-05,0.7250000000000019,-0.024539413333333336
22,0.700000000000002,-1.7226526666666666e-05,0.700000000000002,-0.0247004
23,0.675000000000002,-1.99655e-05,0.675000000000002,-0.024813126666666668
24,0.6500000000000021,-2.2623786666666666e-05,0.6500000000000021,-0.024891326666666668
25,0.6250000000000022,-2.4032406666666667e-05,0.6250000000000022,-0.024947446666666668
26,0.6000000000000023,-2.4009140000000003e-05,0.6000000000000023,-0.02498904
27,0.5750000000000024,-2.3775766666666667e-05,0.5750000000000024,-0.025033253333333335
28,0.5500000000000025,-2.680610666666667e-05,0.5500000000000025,-0.025058966666666665
29,0.5250000000000026,-2.7997526666666665e-05,0.5250000000000026,-0.025082493333333334
30,0.5000000000000027,-2.9363013333333335e-05,0.5000000000000027,-0.02510130666666667
31,0.47500000000000275,-3.2028933333333334e-05,0.47500000000000275,-0.025116406666666667
32,0.45000000000000284,-3.4751346666666666e-05,0.45000000000000284,-0.025131546666666667
33,0.42500000000000293,-3.630242e-05,0.42500000000000293,-0.025143186666666668
34,0.400000000000003,-3.8896806666666666e-05,0.400000000000003,-0.02515880666666667
35,0.3750000000000031,-4.16416e-05,0.3750000000000031,-0.025166053333333334
36,0.3500000000000032,-4.172427333333334e-05,0.3500000000000032,-0.025174093333333335
37,0.3250000000000033,-4.417184666666667e-05,0.3250000000000033,-0.025180913333333332
38,0.3000000000000034,-4.449189333333334e-05,0.3000000000000034,-0.025183900000000002
39,0.27500000000000346,-4.5959566666666666e-05,0.27500000000000346,-0.025193813333333336
40,0.25000000000000355,-4.8568506666666664e-05,0.25000000000000355,-0.025200393333333335
41,0.22500000000000364,-5.1262580000000005e-05,0.22500000000000364,-0.0252063
42,0.20000000000000373,-5.363991333333333e-05,0.20000000000000373,-0.02520886
43,0.17500000000000382,-5.5701966666666676e-05,0.17500000000000382,-0.025215473333333335
44,0.1500000000000039,-6.043054666666667e-05,0.1500000000000039,-0.02522120666666667
45,0.125000000000004,-6.176066666666667e-05,0.125000000000004,-0.02522542666666667
46,0.10000000000000409,-6.336723333333335e-05,0.10000000000000409,-0.025239406666666665
47,0.07500000000000417,-6.417512000000001e-05,0.07500000000000417,-0.025242493333333334
48,0.05000000000000426,-6.438415333333333e-05,0.05000000000000426,-0.025244786666666668
49,0.025000000000004352,-6.442378666666667e-05,0.025000000000004352,-0.02524684666666667
50,4.440892098500626e-15,-6.445018000000001e-05,4.440892098500626e-15,-0.02524926
51,-0.02499999999999547,-6.447522000000001e-05,-0.02499999999999547,-0.025250413333333332
52,-0.04999999999999538,-6.449665999999999e-05,-0.04999999999999538,-0.025254006666666665
53,-0.07499999999999529,-6.452267333333333e-05,-0.07499999999999529,-0.025256960000000002
54,-0.0999999999999952,-6.455228666666667e-05,-0.0999999999999952,-0.025259153333333333
55,-0.12499999999999512,-6.459372666666667e-05,-0.12499999999999512,-0.025262453333333334
56,-0.14999999999999503,-6.463802666666668e-05,-0.14999999999999503,-0.02526490666666667
57,-0.17499999999999494,-6.464772e-05,-0.17499999999999494,-0.025266013333333334
58,-0.19999999999999485,-6.475036e-05,-0.19999999999999485,-0.025269833333333335
59,-0.22499999999999476,-6.488299333333333e-05,-0.22499999999999476,-0.02526970666666667
