,sample_A_1F_V_D,sample_A_1F_J_D,sample_A_1F_V_L,sample_A_1F_J_L
0,-0.25,-1.815572e-08,-0.25,-0.025442073333333336
1,-0.225,-4.959220666666667e-09,-0.225,-0.025428886666666668
2,-0.2,-3.2152973333333337e-09,-0.2,-0.025424133333333335
3,-0.17500000000000002,1.9602853333333333e-10,-0.17500000000000002,-0.025418773333333335
4,-0.15000000000000002,1.4092073333333334e-09,-0.15000000000000002,-0.025416226666666666
5,-0.12500000000000003,2.1790486666666668e-09,-0.12500000000000003,-0.02541156666666667
6,-0.10000000000000003,2.996208e-09,-0.10000000000000003,-0.025409713333333334
7,-0.07500000000000004,3.496238666666667e-09,-0.07500000000000004,-0.02541056666666667
8,-0.050000000000000044,3.9815e-09,-0.050000000000000044,-0.02540616
9,-0.02500000000000005,4.4764946666666665e-09,-0.02500000000000005,-0.02540694
10,-5.551115123125783e-17,3.836188e-09,-5.551115123125783e-17,-0.02540419333333333
11,0.02499999999999991,5.453728666666667e-09,0.02499999999999991,-0.025402973333333332
12,0.04999999999999993,6.17223e-09,0.04999999999999993,-0.02539994
13,0.07499999999999996,6.601446666666667e-09,0.07499999999999996,-0.025396646666666665
14,0.09999999999999992,8.23342e-09,0.09999999999999992,-0.025393533333333336
15,0.12499999999999989,9.893580000000001e-09,0.12499999999999989,-0.025391613333333334
16,0.1499999999999999,1.264574e-08,0.1499999999999999,-0.025387040000000003
17,0.17499999999999993,1.6670126666666668e-08,0.17499999999999993,-0.025385433333333336
18,0.1999999999999999,2.353326e-08,0.1999999999999999,-0.025381373333333335
19,0.22499999999999987,3.494497333333333e-08,0.22499999999999987,-0.02537572
20,0.2499999999999999,5.498065333333334e-08,0.2499999999999999,-0.02537178
21,0.2749999999999999,8.86204e-08,0.2749999999999999,-0.025363860000000002
22,0.2999999999999998,1.4242286666666667e-07,0.2999999999999998,-0.02535876
23,0.32499999999999984,2.2128346666666666e-07,0.32499999999999984,-0.025349573333333337
24,0.34999999999999987,3.212054e-07,0.34999999999999987,-0.02533882
25,0.3749999999999999,4.430126666666667e-07,0.3749999999999999,-0.025325373333333335
26,0.3999999999999999,5.782604000000001e-07,0.3999999999999999,-0.025308573333333334
27,0.4249999999999998,7.287440000000001e-07,0.4249999999999998,-0.025289306666666667
28,0.44999999999999984,8.922413333333333e-07,0.44999999999999984,-0.02526496
29,0.47499999999999987,1.0770186666666668e-06,0.47499999999999987,-0.025238760000000002
30,0.4999999999999998,1.291178e-06,0.4999999999999998,-0.025204613333333334
31,0.5249999999999998,1.543276e-06,0.5249999999999998,-0.02516216
32,0.5499999999999998,1.8464993333333336e-06,0.5499999999999998,-0.025108793333333334
33,0.5749999999999998,2.206228e-06,0.5749999999999998,-0.025039440000000003
34,0.5999999999999999,2.640020666666667e-06,0.5999999999999999,-0.024942953333333334
35,0.6249999999999998,3.1787693333333333e-06,0.6249999999999998,-0.02480992
36,0.6499999999999998,3.847548e-06,0.6499999999999998,-0.02461222
37,0.6749999999999998,4.769050666666667e-06,0.6749999999999998,-0.024350366666666668
38,0.6999999999999997,6.083227333333333e-06,0.6999999999999997,-0.023964126666666665
39,0.7249999999999998,6.999426666666668e-06,0.7249999999999998,-0.023438606666666667
40,0.7499999999999998,7.216853333333333e-06,0.7499999999999998,-0.022741300000000002
41,0.7749999999999997,1.1485406666666666e-05,0.7749999999999997,-0.02187352
42,0.7999999999999998,1.831926666666667e-05,0.7999999999999998,-0.020799533333333335
43,0.8249999999999997,2.9522540000000003e-05,0.8249999999999997,-0.019553773333333333
44,0.8499999999999996,4.838238666666667e-05,0.8499999999999996,-0.0181317
45,0.8749999999999998,7.032106666666667e-05,0.8749999999999998,-0.016562113333333336
46,0.8999999999999997,0.00012251273333333334,0.8999999999999997,-0.01486784
47,0.9249999999999998,0.000209693,0.9249999999999998,-0.013072246666666667
48,0.9499999999999997,0.00035170313333333334,0.9499999999999997,-0.011205466666666667
49,0.9749999999999996,0.0005693942,0.9749999999999996,-0.009284433333333333
50,0.9999999999999998,0.000912682,0.9999999999999998,-0.007322613333333333
51,1.0249999999999997,0.0014002466666666667,1.0249999999999997,-0.005370482
52,1.0499999999999998,0.0020316880000000002,1.0499999999999998,-0.0033737780000000005
53,1.0749999999999997,0.0028013120000000002,1.0749999999999997,-0.0013954986666666668
54,1.0999999999999996,0.003699056,1.0999999999999996,0.0005879449333333333
55,1.1249999999999998,0.004704569333333334,1.1249999999999998,0.0029620833333333335
56,1.1499999999999997,0.005809165333333334,1.1499999999999997,0.005205728666666667
57,1.1749999999999996,0.007076913333333334,1.1749999999999996,0.007560266666666667
58,1.1999999999999997,0.00838168,1.1999999999999997,0.009854620000000001
59,1.2249999999999996,0.009764833333333334,1.2249999999999996,0.012166113333333332
