,sample_A_1R_V_D,sample_A_1R_J_D,sample_A_1R_V_L,sample_A_1R_J_L
0,1.25,0.0151407,1.25,0.01604102666666667
1,1.225,0.013012580000000001,1.225,0.013223806666666667
2,1.2000000000000002,0.010985186666666667,1.2000000000000002,0.010355073333333334
3,1.1750000000000003,0.009062793333333333,1.1750000000000003,0.00744392
4,1.1500000000000004,0.00725538,1.1500000000000004,0.004540422666666667
5,1.1250000000000004,0.005640928000000001,1.1250000000000004,0.0015328413333333334
6,1.1000000000000005,0.004160423333333333,1.1000000000000005,-0.0014804366666666667
7,1.0750000000000006,0.0029267386666666667,1.0750000000000006,-0.004458086
8,1.0500000000000007,0.001954238,1.0500000000000007,-0.007380520000000001
9,1.0250000000000008,0.00124263,1.0250000000000008,-0.010198660000000002
10,1.0000000000000009,0.0007582186666666667,1.0000000000000009,-0.012849226666666668
11,0.975000000000001,0.00045654813333333334,0.975000000000001,-0.015263160000000001
12,0.9500000000000011,0.00026482353333333336,0.9500000000000011,-0.0174159
13,0.9250000000000012,0.00015469366666666669,0.9250000000000012,-0.019248860000000003
14,0.9000000000000012,9.061813333333333e-05,0.9000000000000012,-0.020751633333333335
15,0.8750000000000013,5.454364666666667e-05,0.8750000000000013,-0.021937486666666665
16,0.8500000000000014,3.176328e-05,0.8500000000000014,-0.022842266666666666
17,0.8250000000000015,1.9043133333333334e-05,0.8250000000000015,-0.0235083
18,0.8000000000000016,1.1515753333333334e-05,0.8000000000000016,-0.023992046666666666
19,0.7750000000000017,7.0274199999999995e-06,0.7750000000000017,-0.02433364
20,0.7500000000000018,4.357137333333333e-06,0.7500000000000018,-0.024572773333333336
21,0.7250000000000019,2.6637326666666667e-06,0.7250000000000019,-0.024741886666666667
22,0.700000000000002,1.6844906666666665e-06,0.700000000000002,-0.02485752
23,0.675000000000002,1.0875573333333334e-06,0.675000000000002,-0.024941460000000002
24,0.6500000000000021,7.160106666666668e-07,0.6500000000000021,-0.02500246
25,0.6250000000000022,4.764046666666667e-07,0.6250000000000022,-0.025048133333333333
26,0.6000000000000023,3.177898666666667e-07,0.6000000000000023,-0.02508462666666667
27,0.5750000000000024,2.076346e-07,0.5750000000000024,-0.025113973333333334
28,0.5500000000000025,1.301762e-07,0.5500000000000025,-0.025136866666666667
29,0.5250000000000026,7.381086666666667e-08,0.5250000000000026,-0.025159840000000003
30,0.5000000000000027,3.2499060000000005e-08,0.5000000000000027,-0.025172953333333335
31,0.47500000000000275,1.9555433333333338e-09,0.47500000000000275,-0.0251876
32,0.45000000000000284,-1.959912e-08,0.45000000000000284,-0.025198960000000003
33,0.42500000000000293,-3.632804e-08,0.42500000000000293,-0.02520818666666667
34,0.400000000000003,-4.77097e-08,0.400000000000003,-0.025217180000000002
35,0.3750000000000031,-5.618223333333333e-08,0.3750000000000031,-0.025225880000000003
36,0.3500000000000032,-6.222914e-08,0.3500000000000032,-0.02523158
37,0.3250000000000033,-6.672840000000001e-08,0.3250000000000033,-0.02523638
38,0.3000000000000034,-7.037193333333334e-08,0.3000000000000034,-0.02524258
39,0.27500000000000346,-7.2595e-08,0.27500000000000346,-0.02524702
40,0.25000000000000355,-7.467266666666667e-08,0.25000000000000355,-0.025251720000000002
41,0.22500000000000364,-7.22724e-08,0.22500000000000364,-0.025254153333333335
42,0.20000000000000373,-7.741546666666667e-08,0.20000000000000373,-0.025261966666666667
43,0.17500000000000382,-7.87358e-08,0.17500000000000382,-0.025265833333333335
44,0.1500000000000039,-7.985733333333334e-08,0.1500000000000039,-0.025268693333333335
45,0.125000000000004,-8.079093333333333e-08,0.125000000000004,-0.025273593333333334
46,0.10000000000000409,-8.173520000000001e-08,0.10000000000000409,-0.02527738
47,0.07500000000000417,-8.238646666666667e-08,0.07500000000000417,-0.02527956666666667
48,0.05000000000000426,-8.293193333333334e-08,0.05000000000000426,-0.025282373333333337
49,0.025000000000004352,-8.35456e-08,0.025000000000004352,-0.02528614
50,4.440892098500626e-15,-8.175326666666667e-08,4.440892098500626e-15,-0.025289620000000002
51,-0.02499999999999547,-8.495313333333334e-08,-0.02499999999999547,-0.02529288
52,-0.04999999999999538,-8.49236e-08,-0.04999999999999538,-0.02529702
53,-0.07499999999999529,-8.53046e-08,-0.07499999999999529,-0.025298720000000004
54,-0.0999999999999952,-8.567786666666668e-08,-0.0999999999999952,-0.025301506666666668
55,-0.12499999999999512,-8.611173333333333e-08,-0.12499999999999512,-0.025305566666666668
56,-0.14999999999999503,-8.651746666666667e-08,-0.14999999999999503,-0.0253077
57,-0.17499999999999494,-8.694013333333334e-08,-0.17499999999999494,-0.02531180666666667
58,-0.19999999999999485,-8.598513333333334e-08,-0.19999999999999485,-0.025314593333333333
59,-0.22499999999999476,-8.729226666666668e-08,-0.22499999999999476,-0.02531828666666667
