,sample_A_1F_V_D,sample_A_1F_J_D,sample_A_1F_V_L,sample_A_1F_J_L
0,-0.25,-1.4002913333333334e-08,-0.25,-0.025470013333333333
1,-0.225,-9.815980000000002e-10,-0.225,-0.025459433333333333
2,-0.2,2.5241993333333334e-10,-0.2,-0.02545140666666667
3,-0.17500000000000002,3.953993333333334e-09,-0.17500000000000002,-0.025449146666666665
4,-0.15000000000000002,4.740952e-09,-0.15000000000000002,-0.025443486666666668
5,-0.12500000000000003,6.017876e-09,-0.12500000000000003,-0.025439986666666668
6,-0.10000000000000003,6.6746266666666664e-09,-0.10000000000000003,-0.025438246666666667
7,-0.07500000000000004,7.263253333333333e-09,-0.07500000000000004,-0.025438366666666667
8,-0.050000000000000044,7.702206666666668e-09,-0.050000000000000044,-0.025434926666666666
9,-0.02500000000000005,8.1576e-09,-0.02500000000000005,-0.025435000000000003
10,-5.551115123125783e-17,7.524346666666668e-09,-5.551115123125783e-17,-0.02543618666666667
11,0.02499999999999991,9.172093333333335e-09,0.02499999999999991,-0.025435100000000002
12,0.04999999999999993,9.898646666666667e-09,0.04999999999999993,-0.025432446666666667
13,0.07499999999999996,1.082052e-08,0.07499999999999996,-0.02542932666666667
14,0.09999999999999992,1.20112e-08,0.09999999999999992,-0.025427773333333334
15,0.12499999999999989,1.3841853333333334e-08,0.12499999999999989,-0.02542408666666667
16,0.1499999999999999,1.6619846666666668e-08,0.1499999999999999,-0.02542078
17,0.17499999999999993,2.123256e-08,0.17499999999999993,-0.02541578666666667
18,0.1999999999999999,2.8539366666666667e-08,0.1999999999999999,-0.02541442
19,0.22499999999999987,4.208217333333334e-08,0.22499999999999987,-0.025411546666666666
20,0.2499999999999999,6.502014666666667e-08,0.2499999999999999,-0.025408573333333333
21,0.2749999999999999,1.0322886666666667e-07,0.2749999999999999,-0.025402960000000002
22,0.2999999999999998,1.6182133333333335e-07,0.2999999999999998,-0.025396833333333334
23,0.32499999999999984,2.4472293333333333e-07,0.32499999999999984,-0.025391433333333335
24,0.34999999999999987,3.4730160000000003e-07,0.34999999999999987,-0.025385539999999998
25,0.3749999999999999,4.6863773333333333e-07,0.3749999999999999,-0.025375333333333333
26,0.3999999999999999,5.992826666666667e-07,0.3999999999999999,-0.02536364
27,0.4249999999999998,7.4287e-07,0.4249999999999998,-0.025352013333333336
28,0.44999999999999984,9.055719999999999e-07,0.44999999999999984,-0.025334833333333334
29,0.47499999999999987,1.0869426666666667e-06,0.47499999999999987,-0.02531612
30,0.4999999999999998,1.3007473333333335e-06,0.4999999999999998,-0.02529338
31,0.5249999999999998,1.5514466666666668e-06,0.5249999999999998,-0.025265140000000002
32,0.5499999999999998,1.848464666666667e-06,0.5499999999999998,-0.02523134
33,0.5749999999999998,2.2093340000000003e-06,0.5749999999999998,-0.025186260000000002
34,0.5999999999999999,2.631903333333333e-06,0.5999999999999999,-0.02513652666666667
35,0.6249999999999998,3.157204666666667e-06,0.6249999999999998,-0.02506718
36,0.6499999999999998,3.825144e-06,0.6499999999999998,-0.024973846666666667
37,0.6749999999999998,4.719856000000001e-06,0.6749999999999998,-0.024837586666666668
38,0.6999999999999997,6.003087333333334e-06,0.6999999999999997,-0.024641820000000002
39,0.7249999999999998,6.999426666666668e-06,0.7249999999999998,-0.024359473333333336
40,0.7499999999999998,7.130473333333333e-06,0.7499999999999998,-0.02394837333333333
41,0.7749999999999997,1.136104e-05,0.7749999999999997,-0.023376666666666667
42,0.7999999999999998,1.8132626666666667e-05,0.7999999999999998,-0.022601173333333335
43,0.8249999999999997,2.929508e-05,0.8249999999999997,-0.021592300000000002
44,0.8499999999999996,4.816650666666666e-05,0.8499999999999996,-0.02033018666666667
45,0.8749999999999998,7.006246666666666e-05,0.8749999999999998,-0.01882176666666667
46,0.8999999999999997,0.00012323753333333333,0.8999999999999997,-0.01708678
47,0.9249999999999998,0.00021385293333333336,0.9249999999999998,-0.015155746666666668
48,0.9499999999999997,0.0003659348,0.9499999999999997,-0.013061593333333335
49,0.9749999999999996,0.0006078752,0.9749999999999996,-0.010860913333333333
50,0.9999999999999998,0.0009389173333333334,0.9999999999999998,-0.008578553333333332
51,1.0249999999999997,0.0014618986666666669,1.0249999999999997,-0.006291674
52,1.0499999999999998,0.0021515846666666665,1.0499999999999998,-0.003941818666666667
53,1.0749999999999997,0.003005138,1.0749999999999997,-0.0016231346666666668
54,1.0999999999999996,0.004011656666666667,1.0999999999999996,0.0006757600000000001
55,1.1249999999999998,0.005148980000000001,1.1249999999999998,0.002944022
56,1.1499999999999997,0.006406728666666667,1.1499999999999997,0.005195408666666667
57,1.1749999999999996,0.00785504,1.1749999999999996,0.007580406666666667
58,1.1999999999999997,0.009360733333333334,1.1999999999999997,0.009881506666666666
59,1.2249999999999996,0.01096772,1.2249999999999996,0.012205186666666666
