,sample_A_3d_1F_V_D,sample_A_3d_1F_J_D,sample_A_3d_1F_V_L,sample_A_3d_1F_J_L
0,-0.25,-0.0005194949333333334,-0.25,-0.07208526666666666
1,-0.225,-0.0004633070666666667,-0.225,-0.07186053333333334
2,-0.2,-0.00040665133333333333,-0.2,-0.07173153333333333
3,-0.17500000000000002,-0.0003529670666666667,-0.17500000000000002,-0.07162673333333333
4,-0.15000000000000002,-0.00029957726666666665,-0.15000000000000002,-0.07151333333333335
5,-0.12500000000000003,-0.0002508082666666667,-0.12500000000000003,-0.0714074
6,-0.10000000000000003,-0.00020228586666666667,-0.10000000000000003,-0.0712922
7,-0.07500000000000004,-0.0001554496666666667,-0.07500000000000004,-0.07117633333333334
8,-0.050000000000000044,-0.0001099514,-0.050000000000000044,-0.07105486666666666
9,-0.02500000000000005,-6.644360666666668e-05,-0.02500000000000005,-0.0709304
10,-5.551115123125783e-17,-2.290182e-05,-5.551115123125783e-17,-0.07079540000000001
11,0.02499999999999991,2.057788e-05,0.02499999999999991,-0.07067253333333334
12,0.04999999999999993,6.540726e-05,0.04999999999999993,-0.07054046666666666
13,0.07499999999999996,0.00011772606666666666,0.07499999999999996,-0.07041626666666667
14,0.09999999999999992,0.00016561913333333335,0.09999999999999992,-0.07027453333333335
15,0.12499999999999989,0.00021755806666666667,0.12499999999999989,-0.07012360000000001
16,0.1499999999999999,0.0002678958666666667,0.1499999999999999,-0.0699498
17,0.17499999999999993,0.0003214004666666667,0.17499999999999993,-0.06979273333333333
18,0.1999999999999999,0.00037621173333333334,0.1999999999999999,-0.06960233333333334
19,0.22499999999999987,0.0004304238666666667,0.22499999999999987,-0.0693898
20,0.2499999999999999,0.0004892439333333334,0.2499999999999999,-0.0691858
21,0.2749999999999999,0.0005516350666666667,0.2749999999999999,-0.06894766666666667
22,0.2999999999999998,0.0006169268666666668,0.2999999999999998,-0.06869333333333334
23,0.32499999999999984,0.0006818966666666667,0.32499999999999984,-0.06840600000000001
24,0.34999999999999987,0.0007999913333333333,0.34999999999999987,-0.06809353333333334
25,0.3749999999999999,0.000869136,0.3749999999999999,-0.0677032
26,0.3999999999999999,0.0009423266666666667,0.3999999999999999,-0.06725273333333334
27,0.4249999999999998,0.001017008,0.4249999999999998,-0.06673113333333333
28,0.44999999999999984,0.0010924993333333334,0.44999999999999984,-0.06623544
29,0.47499999999999987,0.001164188,0.47499999999999987,-0.06547018
30,0.4999999999999998,0.001235278,0.4999999999999998,-0.06462288000000001
31,0.5249999999999998,0.0013100013333333332,0.5249999999999998,-0.0636198
32,0.5499999999999998,0.001391602,0.5499999999999998,-0.06243574000000001
33,0.5749999999999998,0.0014697900000000001,0.5749999999999998,-0.06102990666666667
34,0.5999999999999999,0.001552036,0.5999999999999999,-0.059443300000000004
35,0.6249999999999998,0.001636262,0.6249999999999998,-0.05764232666666667
36,0.6499999999999998,0.0017206233333333333,0.6499999999999998,-0.05557210666666666
37,0.6749999999999998,0.0018182306666666666,0.6749999999999998,-0.053299780000000005
38,0.6999999999999997,0.00191352,0.6999999999999997,-0.050815
39,0.7249999999999998,0.002029542666666667,0.7249999999999998,-0.048154553333333336
40,0.7499999999999998,0.002133908666666667,0.7499999999999998,-0.04528790666666667
41,0.7749999999999997,0.0022664453333333333,0.7749999999999997,-0.042300573333333334
42,0.7999999999999998,0.0023959893333333334,0.7999999999999998,-0.03915708666666667
43,0.8249999999999997,0.0025552640000000002,0.8249999999999997,-0.035883200000000004
44,0.8499999999999996,0.002750784666666667,0.8499999999999996,-0.0324933
45,0.8749999999999998,0.0029586633333333334,0.8749999999999998,-0.02904804
46,0.8999999999999997,0.0032564060000000003,0.8999999999999997,-0.02554398
47,0.9249999999999998,0.003554780666666667,0.9249999999999998,-0.021989586666666668
48,0.9499999999999997,0.004015172000000001,0.9499999999999997,-0.018430020000000002
49,0.9749999999999996,0.004652503333333334,0.9749999999999996,-0.014882180000000002
50,0.9999999999999998,0.005442518666666667,0.9999999999999998,-0.011329226666666668
51,1.0249999999999997,0.006423044,1.0249999999999997,-0.00782652
52,1.0499999999999998,0.0075079000000000005,1.0499999999999998,-0.004402837333333333
53,1.0749999999999997,0.008869253333333334,1.0749999999999997,-0.0010272646666666667
54,1.0999999999999996,0.010380006666666667,1.0999999999999996,0.0023198913333333333
55,1.1249999999999998,0.012057613333333335,1.1249999999999998,0.005571258666666666
56,1.1499999999999997,0.013887073333333335,1.1499999999999997,0.008786913333333334
57,1.1749999999999996,0.01578414,1.1749999999999996,0.011947806666666666
58,1.1999999999999997,0.017759673333333333,1.1999999999999997,0.01503986
59,1.2249999999999996,0.019836193333333335,1.2249999999999996,0.01812610666666667
