,sample_A_3d_1R_V_D,sample_A_3d_1R_J_D,sample_A_3d_1R_V_L,sample_A_3d_1R_J_L
0,1.25,0.012027213333333333,1.25,0.01082726
1,1.225,0.010527513333333334,1.225,0.009013446666666668
2,1.2000000000000002,0.009063419999999999,1.2000000000000002,0.007125346666666667
3,1.1750000000000003,0.007628960000000001,1.1750000000000003,0.005183795333333334
4,1.1500000000000004,0.006246827333333333,1.1500000000000004,0.0031365973333333332
5,1.1250000000000004,0.004917582,1.1250000000000004,0.0010362806666666666
6,1.1000000000000005,0.003701328666666667,1.1000000000000005,-0.0011166153333333334
7,1.0750000000000006,0.0026457666666666667,1.0750000000000006,-0.003292976666666667
8,1.0500000000000007,0.001782474,1.0500000000000007,-0.005482574
9,1.0250000000000008,0.0011347086666666666,1.0250000000000008,-0.00765726
10,1.0000000000000009,0.000686224,1.0000000000000009,-0.009818093333333333
11,0.975000000000001,0.00040884613333333334,0.975000000000001,-0.01191548
12,0.9500000000000011,0.00023468366666666666,0.9500000000000011,-0.013939606666666667
13,0.9250000000000012,0.00013703133333333334,0.9250000000000012,-0.015846853333333334
14,0.9000000000000012,8.156553333333334e-05,0.9000000000000012,-0.017620286666666665
15,0.8750000000000013,5.143362000000001e-05,0.8750000000000013,-0.019215926666666668
16,0.8500000000000014,3.295666e-05,0.8500000000000014,-0.020614546666666667
17,0.8250000000000015,2.200326666666667e-05,0.8250000000000015,-0.02178744
18,0.8000000000000016,1.5709653333333334e-05,0.8000000000000016,-0.022728053333333335
19,0.7750000000000017,1.2386326666666666e-05,0.7750000000000017,-0.023449173333333333
20,0.7500000000000018,1.0069433333333334e-05,0.7500000000000018,-0.023975526666666667
21,0.7250000000000019,7.835606666666668e-06,0.7250000000000019,-0.02434506
22,0.700000000000002,7.0610733333333335e-06,0.700000000000002,-0.024595266666666667
23,0.675000000000002,6.412554e-06,0.675000000000002,-0.024760106666666667
24,0.6500000000000021,5.901832666666667e-06,0.6500000000000021,-0.02487236
25,0.6250000000000022,5.419756e-06,0.6250000000000022,-0.02494934
26,0.6000000000000023,4.276812666666667e-06,0.6000000000000023,-0.02500510666666667
27,0.5750000000000024,4.117110000000001e-06,0.5750000000000024,-0.025048833333333336
28,0.5500000000000025,3.977602e-06,0.5500000000000025,-0.025080993333333333
29,0.5250000000000026,3.6130079999999998e-06,0.5250000000000026,-0.025107400000000002
30,0.5000000000000027,3.3667053333333334e-06,0.5000000000000027,-0.025128553333333335
31,0.47500000000000275,3.0414106666666668e-06,0.47500000000000275,-0.025145193333333333
32,0.45000000000000284,2.739762666666667e-06,0.45000000000000284,-0.025159586666666667
33,0.42500000000000293,2.455858e-06,0.42500000000000293,-0.025171286666666667
34,0.400000000000003,2.240770666666667e-06,0.400000000000003,-0.025181206666666667
35,0.3750000000000031,1.9421633333333334e-06,0.3750000000000031,-0.025188673333333335
36,0.3500000000000032,1.4152713333333334e-06,0.3500000000000032,-0.025195493333333336
37,0.3250000000000033,1.4226593333333334e-06,0.3250000000000033,-0.025200653333333333
38,0.3000000000000034,1.274268e-06,0.3000000000000034,-0.025207860000000002
39,0.27500000000000346,1.1141346666666666e-06,0.27500000000000346,-0.025212373333333336
40,0.25000000000000355,8.967826666666668e-07,0.25000000000000355,-0.025215193333333333
41,0.22500000000000364,7.71476e-07,0.22500000000000364,-0.025219853333333337
42,0.20000000000000373,6.270498e-07,0.20000000000000373,-0.02522444
43,0.17500000000000382,4.904479333333333e-07,0.17500000000000382,-0.02522824
44,0.1500000000000039,3.9172846666666667e-07,0.1500000000000039,-0.025232106666666667
45,0.125000000000004,2.7995933333333334e-07,0.125000000000004,-0.025234853333333335
46,0.10000000000000409,2.102108e-07,0.10000000000000409,-0.02523926666666667
47,0.07500000000000417,1.1122893333333334e-07,0.07500000000000417,-0.025241453333333334
48,0.05000000000000426,3.9817813333333335e-08,0.05000000000000426,-0.02524394666666667
49,0.025000000000004352,-3.370646e-08,0.025000000000004352,-0.02524672
50,4.440892098500626e-15,-1.00315e-07,4.440892098500626e-15,-0.025250066666666668
51,-0.02499999999999547,-1.5882646666666667e-07,-0.02499999999999547,-0.025253153333333334
52,-0.04999999999999538,-2.204726e-07,-0.04999999999999538,-0.025256200000000003
53,-0.07499999999999529,-2.6614213333333333e-07,-0.07499999999999529,-0.025258826666666668
54,-0.0999999999999952,-3.683760666666667e-07,-0.0999999999999952,-0.025261113333333335
55,-0.12499999999999512,-4.094277333333333e-07,-0.12499999999999512,-0.02526212
56,-0.14999999999999503,-4.8676e-07,-0.14999999999999503,-0.025264353333333333
57,-0.17499999999999494,-5.514090666666667e-07,-0.17499999999999494,-0.025267513333333335
58,-0.19999999999999485,-7.603793333333334e-07,-0.19999999999999485,-0.025268953333333333
59,-0.22499999999999476,-8.884806666666667e-07,-0.22499999999999476,-0.025271326666666667
