,sample_A_1R_V_D,sample_A_1R_J_D,sample_A_1R_V_L,sample_A_1R_J_L
0,1.25,0.015112213333333332,1.25,0.0143345
1,1.225,0.013109433333333333,1.225,0.011889766666666666
2,1.2000000000000002,0.011169913333333333,1.2000000000000002,0.009361526666666667
3,1.1750000000000003,0.009294293333333334,1.1750000000000003,0.0067639
4,1.1500000000000004,0.007497793333333334,1.1500000000000004,0.004115961333333334
5,1.1250000000000004,0.00585291,1.1250000000000004,0.0013940673333333333
6,1.1000000000000005,0.00433737,1.1000000000000005,-0.0013491886666666666
7,1.0750000000000006,0.0030577240000000004,1.0750000000000006,-0.0040817760000000005
8,1.0500000000000007,0.002037380666666667,1.0500000000000007,-0.006784786666666666
9,1.0250000000000008,0.0012877513333333333,1.0250000000000008,-0.009413333333333334
10,1.0000000000000009,0.0007782233333333334,1.0000000000000009,-0.011950686666666667
11,0.975000000000001,0.00046385600000000007,0.975000000000001,-0.014326460000000001
12,0.9500000000000011,0.0002656677333333333,0.9500000000000011,-0.016511673333333334
13,0.9250000000000012,0.00015333053333333336,0.9250000000000012,-0.018446126666666667
14,0.9000000000000012,8.87968e-05,0.9000000000000012,-0.020100540000000004
15,0.8750000000000013,5.300322666666667e-05,0.8750000000000013,-0.021460053333333336
16,0.8500000000000014,3.044591333333333e-05,0.8500000000000014,-0.022527280000000004
17,0.8250000000000015,1.81046e-05,0.8250000000000015,-0.023330973333333335
18,0.8000000000000016,1.0890033333333334e-05,0.8000000000000016,-0.023914633333333334
19,0.7750000000000017,6.734526666666666e-06,0.7750000000000017,-0.02431522666666667
20,0.7500000000000018,4.068826e-06,0.7500000000000018,-0.024574626666666665
21,0.7250000000000019,2.543532666666667e-06,0.7250000000000019,-0.02477080666666667
22,0.700000000000002,1.6263153333333335e-06,0.700000000000002,-0.024901926666666668
23,0.675000000000002,1.061228e-06,0.675000000000002,-0.02499214666666667
24,0.6500000000000021,7.069986666666667e-07,0.6500000000000021,-0.025057553333333333
25,0.6250000000000022,4.777336666666667e-07,0.6250000000000022,-0.025105893333333334
26,0.6000000000000023,3.2375180000000004e-07,0.6000000000000023,-0.025144213333333335
27,0.5750000000000024,2.1652833333333336e-07,0.5750000000000024,-0.02517428
28,0.5500000000000025,1.402128e-07,0.5500000000000025,-0.025198226666666667
29,0.5250000000000026,8.486033333333334e-08,0.5250000000000026,-0.025219953333333336
30,0.5000000000000027,4.460363333333333e-08,0.5000000000000027,-0.02523654666666667
31,0.47500000000000275,1.5610020000000002e-08,0.47500000000000275,-0.025251486666666666
32,0.45000000000000284,-5.034771333333333e-09,0.45000000000000284,-0.025261673333333335
33,0.42500000000000293,-2.0624146666666668e-08,0.42500000000000293,-0.025272446666666667
34,0.400000000000003,-3.089336e-08,0.400000000000003,-0.025281533333333335
35,0.3750000000000031,-3.832432e-08,0.3750000000000031,-0.025288266666666667
36,0.3500000000000032,-4.335031333333334e-08,0.3500000000000032,-0.025295926666666666
37,0.3250000000000033,-4.714338e-08,0.3250000000000033,-0.025300146666666665
38,0.3000000000000034,-4.986952666666666e-08,0.3000000000000034,-0.02530554
39,0.27500000000000346,-5.192266e-08,0.27500000000000346,-0.02531028
40,0.25000000000000355,-5.382036666666667e-08,0.25000000000000355,-0.025315773333333333
41,0.22500000000000364,-5.113239333333333e-08,0.22500000000000364,-0.025318966666666668
42,0.20000000000000373,-5.615606e-08,0.20000000000000373,-0.02532356666666667
43,0.17500000000000382,-5.767206e-08,0.17500000000000382,-0.025329166666666666
44,0.1500000000000039,-5.8057146666666667e-08,0.1500000000000039,-0.025332466666666668
45,0.125000000000004,-5.8814466666666674e-08,0.125000000000004,-0.025334133333333335
46,0.10000000000000409,-5.7881926666666676e-08,0.10000000000000409,-0.025338560000000003
47,0.07500000000000417,-5.994164e-08,0.07500000000000417,-0.025341173333333335
48,0.05000000000000426,-6.027343333333333e-08,0.05000000000000426,-0.025345653333333336
49,0.025000000000004352,-6.083736e-08,0.025000000000004352,-0.025348313333333334
50,4.440892098500626e-15,-6.127037333333333e-08,4.440892098500626e-15,-0.025351113333333335
51,-0.02499999999999547,-6.095416666666666e-08,-0.02499999999999547,-0.02535302
52,-0.04999999999999538,-6.191392000000001e-08,-0.04999999999999538,-0.02535748
53,-0.07499999999999529,-6.221138e-08,-0.07499999999999529,-0.02535964
54,-0.0999999999999952,-6.285148666666667e-08,-0.0999999999999952,-0.02536330666666667
55,-0.12499999999999512,-6.279845333333333e-08,-0.12499999999999512,-0.02536634
56,-0.14999999999999503,-6.299382666666667e-08,-0.14999999999999503,-0.02536852666666667
57,-0.17499999999999494,-6.314760000000001e-08,-0.17499999999999494,-0.025371753333333337
58,-0.19999999999999485,-6.223819333333333e-08,-0.19999999999999485,-0.025374546666666668
59,-0.22499999999999476,-6.336747333333334e-08,-0.22499999999999476,-0.025378186666666667
