,sample_A_3d_1R_V_D,sample_A_3d_1R_J_D,sample_A_3d_1R_V_L,sample_A_3d_1R_J_L
0,1.25,0.027335833333333334,1.25,0.023963540000000002
1,1.225,0.023865353333333332,1.225,0.02080868
2,1.2000000000000002,0.021232653333333334,1.2000000000000002,0.017466660000000002
3,1.1750000000000003,0.019087133333333336,1.1750000000000003,0.014199893333333335
4,1.1500000000000004,0.016948726666666667,1.1500000000000004,0.010978986666666668
5,1.1250000000000004,0.01478632,1.1250000000000004,0.00739328
6,1.1000000000000005,0.01277808,1.1000000000000005,0.003911447333333333
7,1.0750000000000006,0.011018493333333334,1.0750000000000006,0.0002920062
8,1.0500000000000007,0.009345486666666666,1.0500000000000007,-0.0033782786666666665
9,1.0250000000000008,0.008127406666666667,1.0250000000000008,-0.0070817933333333334
10,1.0000000000000009,0.0070608933333333335,1.0000000000000009,-0.010838586666666667
11,0.975000000000001,0.006283577333333333,0.975000000000001,-0.014543840000000002
12,0.9500000000000011,0.005730296666666667,0.9500000000000011,-0.01818508
13,0.9250000000000012,0.00530888,0.9250000000000012,-0.021737333333333334
14,0.9000000000000012,0.004963016666666667,0.9000000000000012,-0.025186966666666668
15,0.8750000000000013,0.004732638,0.8750000000000013,-0.028485320000000005
16,0.8500000000000014,0.004492705333333334,0.8500000000000014,-0.031643946666666666
17,0.8250000000000015,0.004289816,0.8250000000000015,-0.03462609333333334
18,0.8000000000000016,0.004087429333333334,0.8000000000000016,-0.03745610666666667
19,0.7750000000000017,0.003917998666666667,0.7750000000000017,-0.040137973333333334
20,0.7500000000000018,0.003728158666666667,0.7500000000000018,-0.042690860000000004
21,0.7250000000000019,0.0035683286666666667,0.7250000000000019,-0.04513342666666667
22,0.700000000000002,0.0034034406666666665,0.700000000000002,-0.047478280000000005
23,0.675000000000002,0.0032408426666666666,0.675000000000002,-0.049733313333333334
24,0.6500000000000021,0.003080306,0.6500000000000021,-0.05188388
25,0.6250000000000022,0.0029236686666666667,0.6250000000000022,-0.053954140000000005
26,0.6000000000000023,0.0027735186666666667,0.6000000000000023,-0.05592382666666666
27,0.5750000000000024,0.0026305693333333333,0.5750000000000024,-0.057818393333333336
28,0.5500000000000025,0.002481242,0.5500000000000025,-0.059629806666666674
29,0.5250000000000026,0.0023389053333333337,0.5250000000000026,-0.06131849333333334
30,0.5000000000000027,0.0021947460000000005,0.5000000000000027,-0.06288857333333334
31,0.47500000000000275,0.0020525219999999998,0.47500000000000275,-0.06432909333333334
32,0.45000000000000284,0.0019141540000000002,0.45000000000000284,-0.06562602666666667
33,0.42500000000000293,0.0017812686666666667,0.42500000000000293,-0.06676126666666667
34,0.400000000000003,0.0016534686666666667,0.400000000000003,-0.06772066666666667
35,0.3750000000000031,0.0015238806666666668,0.3750000000000031,-0.0685144
36,0.3500000000000032,0.0014010786666666668,0.3500000000000032,-0.0691436
37,0.3250000000000033,0.0012762106666666668,0.3250000000000033,-0.06963280000000001
38,0.3000000000000034,0.0011584026666666667,0.3000000000000034,-0.07003733333333334
39,0.27500000000000346,0.0010405086666666666,0.27500000000000346,-0.07034460000000001
40,0.25000000000000355,0.0009223246666666666,0.25000000000000355,-0.07061506666666667
41,0.22500000000000364,0.0008133486666666666,0.22500000000000364,-0.07085633333333333
42,0.20000000000000373,0.0006996140000000001,0.20000000000000373,-0.07106353333333335
43,0.17500000000000382,0.0005935382666666667,0.17500000000000382,-0.07125606666666667
44,0.1500000000000039,0.0004887888666666667,0.1500000000000039,-0.07144
45,0.125000000000004,0.00038584133333333337,0.125000000000004,-0.07161026666666667
46,0.10000000000000409,0.0002830196,0.10000000000000409,-0.07176473333333334
47,0.07500000000000417,0.0001840406,0.07500000000000417,-0.0719268
48,0.05000000000000426,8.57502e-05,0.05000000000000426,-0.07207033333333333
49,0.025000000000004352,-1.2663873333333335e-05,0.025000000000004352,-0.072216
50,4.440892098500626e-15,-0.00010839980000000002,4.440892098500626e-15,-0.07234733333333333
51,-0.02499999999999547,-0.0002049844666666667,-0.02499999999999547,-0.0724862
52,-0.04999999999999538,-0.00030250646666666665,-0.04999999999999538,-0.07261593333333334
53,-0.07499999999999529,-0.00040133860000000004,-0.07499999999999529,-0.0727434
54,-0.0999999999999952,-0.0005050901333333333,-0.0999999999999952,-0.07287
55,-0.12499999999999512,-0.0006026271333333333,-0.12499999999999512,-0.0729882
56,-0.14999999999999503,-0.0009252593333333334,-0.14999999999999503,-0.07311306666666667
57,-0.17499999999999494,-0.001063772,-0.17499999999999494,-0.07324026666666668
58,-0.19999999999999485,-0.00118091,-0.19999999999999485,-0.07336293333333334
59,-0.22499999999999476,-0.0013421833333333334,-0.22499999999999476,-0.07350046666666667
