,sample_A_3d_1F_V_D,sample_A_3d_1F_J_D,sample_A_3d_1F_V_L,sample_A_3d_1F_J_L
0,-0.25,-8.509313333333334e-08,-0.25,-0.025241366666666668
1,-0.225,-5.326943333333334e-08,-0.225,-0.025226500000000002
2,-0.2,-3.63307e-08,-0.2,-0.025220573333333336
3,-0.17500000000000002,-2.224874e-08,-0.17500000000000002,-0.025212446666666666
4,-0.15000000000000002,-1.2707646666666666e-08,-0.15000000000000002,-0.025214386666666668
5,-0.12500000000000003,-7.4067400000000004e-09,-0.12500000000000003,-0.025210120000000003
6,-0.10000000000000003,-2.4639946666666667e-09,-0.10000000000000003,-0.025206440000000004
7,-0.07500000000000004,1.17995e-09,-0.07500000000000004,-0.025203213333333335
8,-0.050000000000000044,4.087532e-09,-0.050000000000000044,-0.02520092
9,-0.02500000000000005,6.570201333333334e-09,-0.02500000000000005,-0.025196593333333333
10,-5.551115123125783e-17,8.393120000000001e-09,-5.551115123125783e-17,-0.02519182
11,0.02499999999999991,1.1418440000000001e-08,0.02499999999999991,-0.025190106666666667
12,0.04999999999999993,1.4199806666666669e-08,0.04999999999999993,-0.02518598
13,0.07499999999999996,1.87856e-08,0.07499999999999996,-0.025183846666666666
14,0.09999999999999992,2.4241926666666667e-08,0.09999999999999992,-0.02518020666666667
15,0.12499999999999989,3.3980326666666667e-08,0.12499999999999989,-0.025175660000000002
16,0.1499999999999999,4.6254813333333335e-08,0.1499999999999999,-0.025172780000000002
17,0.17499999999999993,6.229213333333333e-08,0.17499999999999993,-0.02516972666666667
18,0.1999999999999999,8.455126666666668e-08,0.1999999999999999,-0.02516528
19,0.22499999999999987,1.1927766666666668e-07,0.22499999999999987,-0.0251624
20,0.2499999999999999,1.57157e-07,0.2499999999999999,-0.0251571
21,0.2749999999999999,2.2558339999999998e-07,0.2749999999999999,-0.025149586666666668
22,0.2999999999999998,2.997584e-07,0.2999999999999998,-0.025143293333333334
23,0.32499999999999984,4.478464e-07,0.32499999999999984,-0.025138213333333336
24,0.34999999999999987,6.366174666666667e-07,0.34999999999999987,-0.025130186666666665
25,0.3749999999999999,8.858413333333333e-07,0.3749999999999999,-0.02511956666666667
26,0.3999999999999999,1.191032e-06,0.3999999999999999,-0.025108046666666668
27,0.4249999999999998,1.5890226666666668e-06,0.4249999999999998,-0.025093260000000003
28,0.44999999999999984,1.9789073333333333e-06,0.44999999999999984,-0.025074833333333334
29,0.47499999999999987,2.597826e-06,0.47499999999999987,-0.025050246666666668
30,0.4999999999999998,3.2934233333333336e-06,0.4999999999999998,-0.025019626666666666
31,0.5249999999999998,4.1065326666666676e-06,0.5249999999999998,-0.024984713333333332
32,0.5499999999999998,5.201491333333334e-06,0.5499999999999998,-0.02494678666666667
33,0.5749999999999998,6.44834e-06,0.5749999999999998,-0.02489528666666667
34,0.5999999999999999,6.999406666666667e-06,0.5999999999999999,-0.02483
35,0.6249999999999998,5.497667333333334e-06,0.6249999999999998,-0.02474354
36,0.6499999999999998,7.3286066666666664e-06,0.6499999999999998,-0.024623120000000002
37,0.6749999999999998,9.896293333333334e-06,0.6749999999999998,-0.024450193333333335
38,0.6999999999999997,1.2834500000000002e-05,0.6999999999999997,-0.02420572666666667
39,0.7249999999999998,1.6852333333333335e-05,0.7249999999999998,-0.023840833333333332
40,0.7499999999999998,2.201748666666667e-05,0.7499999999999998,-0.023328853333333333
41,0.7749999999999997,2.9286093333333335e-05,0.7749999999999997,-0.02263442666666667
42,0.7999999999999998,3.9674560000000005e-05,0.7999999999999998,-0.02172494
43,0.8249999999999997,5.5253426666666666e-05,0.8249999999999997,-0.020594106666666667
44,0.8499999999999996,5.642108666666666e-05,0.8499999999999996,-0.01923458
45,0.8749999999999998,9.26056e-05,0.8749999999999998,-0.017682813333333335
46,0.8999999999999997,0.00015370113333333334,0.8999999999999997,-0.01595624
47,0.9249999999999998,0.0002572708,0.9249999999999998,-0.014078486666666667
48,0.9499999999999997,0.0004262330666666667,0.9499999999999997,-0.012081666666666668
49,0.9749999999999996,0.0006918713333333333,0.9749999999999996,-0.009999526666666668
50,0.9999999999999998,0.001072438,0.9999999999999998,-0.007843893333333334
51,1.0249999999999997,0.0016488453333333335,1.0249999999999997,-0.005662068666666667
52,1.0499999999999998,0.002414798,1.0499999999999998,-0.003429007333333333
53,1.0749999999999997,0.003354519333333334,1.0749999999999997,-0.001203406
54,1.0999999999999996,0.004450763333333334,1.0999999999999996,0.0010164266666666667
55,1.1249999999999998,0.005670198666666667,1.1249999999999998,0.0032081926666666667
56,1.1499999999999997,0.007027973333333334,1.1499999999999997,0.005368690666666667
57,1.1749999999999996,0.008440060000000001,1.1749999999999996,0.0075413400000000005
58,1.1999999999999997,0.009900553333333334,1.1999999999999997,0.009635213333333333
59,1.2249999999999996,0.011397233333333335,1.2249999999999996,0.01166822
