,sample_A_3d_1R_V_D,sample_A_3d_1R_J_D,sample_A_3d_1R_V_L,sample_A_3d_1R_J_L
0,1.25,0.011824766666666667,1.25,0.010700326666666668
1,1.225,0.010360480000000002,1.225,0.00890358
2,1.2000000000000002,0.008926640000000001,1.2000000000000002,0.007047013333333334
3,1.1750000000000003,0.007530126666666667,1.1750000000000003,0.0051466233333333335
4,1.1500000000000004,0.006183177333333334,1.1500000000000004,0.0031460466666666667
5,1.1250000000000004,0.004893516,1.1250000000000004,0.0011057093333333335
6,1.1000000000000005,0.003711222666666667,1.1000000000000005,-0.0009814366666666668
7,1.0750000000000006,0.0026784106666666667,1.0750000000000006,-0.0030942553333333333
8,1.0500000000000007,0.0018311753333333334,1.0500000000000007,-0.005215102
9,1.0250000000000008,0.0011856333333333333,1.0250000000000008,-0.0072261
10,1.0000000000000009,0.0007355613333333334,1.0000000000000009,-0.009291146666666668
11,0.975000000000001,0.00045492206666666667,0.975000000000001,-0.011308093333333333
12,0.9500000000000011,0.00027494913333333333,0.9500000000000011,-0.013271806666666669
13,0.9250000000000012,0.00017404393333333334,0.9250000000000012,-0.015143706666666668
14,0.9000000000000012,0.00011296926666666668,0.9000000000000012,-0.016901773333333335
15,0.8750000000000013,8.270646666666667e-05,0.8750000000000013,-0.0185158
16,0.8500000000000014,6.348018000000001e-05,0.8500000000000014,-0.019962493333333334
17,0.8250000000000015,4.983624e-05,0.8250000000000015,-0.02120898666666667
18,0.8000000000000016,4.2246113333333334e-05,0.8000000000000016,-0.022244820000000002
19,0.7750000000000017,3.7354820000000005e-05,0.7750000000000017,-0.02306466
20,0.7500000000000018,3.4188073333333335e-05,0.7500000000000018,-0.02368616
21,0.7250000000000019,3.0706660000000006e-05,0.7250000000000019,-0.024134693333333335
22,0.700000000000002,2.77979e-05,0.700000000000002,-0.024444673333333333
23,0.675000000000002,2.587228e-05,0.675000000000002,-0.024654726666666668
24,0.6500000000000021,2.469618e-05,0.6500000000000021,-0.02479430666666667
25,0.6250000000000022,2.3430966666666666e-05,0.6250000000000022,-0.024888386666666668
26,0.6000000000000023,2.109774666666667e-05,0.6000000000000023,-0.02495638
27,0.5750000000000024,1.9831266666666668e-05,0.5750000000000024,-0.0250089
28,0.5500000000000025,1.826546666666667e-05,0.5500000000000025,-0.02504712666666667
29,0.5250000000000026,1.7499786666666666e-05,0.5250000000000026,-0.0250795
30,0.5000000000000027,1.5697966666666668e-05,0.5000000000000027,-0.02510518
31,0.47500000000000275,1.4250846666666668e-05,0.47500000000000275,-0.025124633333333334
32,0.45000000000000284,1.2973546666666667e-05,0.45000000000000284,-0.02514132
33,0.42500000000000293,1.2096446666666667e-05,0.42500000000000293,-0.025154973333333334
34,0.400000000000003,1.1036346666666667e-05,0.400000000000003,-0.025165640000000003
35,0.3750000000000031,9.227386666666667e-06,0.3750000000000031,-0.02517568666666667
36,0.3500000000000032,8.60402e-06,0.3500000000000032,-0.025183193333333333
37,0.3250000000000033,7.132506666666668e-06,0.3250000000000033,-0.02518986
38,0.3000000000000034,6.772726666666666e-06,0.3000000000000034,-0.025196
39,0.27500000000000346,5.560422e-06,0.27500000000000346,-0.02520406
40,0.25000000000000355,5.0106873333333336e-06,0.25000000000000355,-0.02520844666666667
41,0.22500000000000364,4.274496e-06,0.22500000000000364,-0.025212853333333334
42,0.20000000000000373,3.603738e-06,0.20000000000000373,-0.025218293333333336
43,0.17500000000000382,2.810442e-06,0.17500000000000382,-0.025223373333333333
44,0.1500000000000039,2.2537113333333333e-06,0.1500000000000039,-0.025225260000000003
45,0.125000000000004,1.7088613333333332e-06,0.125000000000004,-0.025229046666666668
46,0.10000000000000409,1.2190573333333333e-06,0.10000000000000409,-0.02523328
47,0.07500000000000417,7.854586666666666e-07,0.07500000000000417,-0.025237626666666665
48,0.05000000000000426,3.6408473333333333e-07,0.05000000000000426,-0.02524104666666667
49,0.025000000000004352,1.599234e-08,0.025000000000004352,-0.025243893333333333
50,4.440892098500626e-15,-3.543106e-07,4.440892098500626e-15,-0.025247846666666667
51,-0.02499999999999547,-7.121386666666667e-07,-0.02499999999999547,-0.02525086666666667
52,-0.04999999999999538,-1.1668133333333333e-06,-0.04999999999999538,-0.02525388
53,-0.07499999999999529,-1.5018366666666668e-06,-0.07499999999999529,-0.025257513333333335
54,-0.0999999999999952,-2.011042e-06,-0.0999999999999952,-0.025260693333333334
55,-0.12499999999999512,-2.3598993333333334e-06,-0.12499999999999512,-0.02526378666666667
56,-0.14999999999999503,-2.9425040000000003e-06,-0.14999999999999503,-0.025266813333333336
57,-0.17499999999999494,-3.4331933333333336e-06,-0.17499999999999494,-0.025268620000000002
58,-0.19999999999999485,-3.942198666666667e-06,-0.19999999999999485,-0.02527122
59,-0.22499999999999476,-4.346954666666666e-06,-0.22499999999999476,-0.025274406666666666
