,sample_A_3d_1F_V_D,sample_A_3d_1F_J_D,sample_A_3d_1F_V_L,sample_A_3d_1F_J_L
0,-0.25,-1.585985333333333e-05,-0.25,-0.025453533333333334
1,-0.225,-1.5370313333333333e-05,-0.225,-0.025439933333333335
2,-0.2,-1.4665560000000001e-05,-0.2,-0.02543026
3,-0.17500000000000002,-1.4341633333333333e-05,-0.17500000000000002,-0.02542580666666667
4,-0.15000000000000002,-1.3848486666666666e-05,-0.15000000000000002,-0.025419746666666666
5,-0.12500000000000003,-1.3368033333333333e-05,-0.12500000000000003,-0.025411473333333334
6,-0.10000000000000003,-1.30056e-05,-0.10000000000000003,-0.025406420000000002
7,-0.07500000000000004,-1.2528340000000001e-05,-0.07500000000000004,-0.025401626666666666
8,-0.050000000000000044,-1.2173980000000001e-05,-0.050000000000000044,-0.025395786666666666
9,-0.02500000000000005,-1.1848213333333333e-05,-0.02500000000000005,-0.025390353333333334
10,-5.551115123125783e-17,-1.1544333333333334e-05,-5.551115123125783e-17,-0.025384493333333334
11,0.02499999999999991,-1.1217480000000001e-05,0.02499999999999991,-0.025378753333333334
12,0.04999999999999993,-1.0866686666666667e-05,0.04999999999999993,-0.02537556666666667
13,0.07499999999999996,-1.0473940000000001e-05,0.07499999999999996,-0.02536924
14,0.09999999999999992,-1.005548e-05,0.09999999999999992,-0.02536152666666667
15,0.12499999999999989,-9.55868e-06,0.12499999999999989,-0.025356840000000002
16,0.1499999999999999,-9.051613333333334e-06,0.1499999999999999,-0.025351426666666666
17,0.17499999999999993,-8.563133333333333e-06,0.17499999999999993,-0.025346886666666665
18,0.1999999999999999,-7.715813333333334e-06,0.1999999999999999,-0.025340480000000002
19,0.22499999999999987,-6.919526666666667e-06,0.22499999999999987,-0.02533418
20,0.2499999999999999,-6.226436666666667e-06,0.2499999999999999,-0.025325513333333334
21,0.2749999999999999,-5.577925333333334e-06,0.2749999999999999,-0.025317440000000004
22,0.2999999999999998,-4.8137786666666665e-06,0.2999999999999998,-0.025311513333333334
23,0.32499999999999984,-3.994608e-06,0.32499999999999984,-0.0253027
24,0.34999999999999987,-3.2508880000000006e-06,0.34999999999999987,-0.025290333333333335
25,0.3749999999999999,-2.2129146666666667e-06,0.3749999999999999,-0.025280293333333335
26,0.3999999999999999,-1.3607373333333335e-06,0.3999999999999999,-0.025266213333333336
27,0.4249999999999998,-1.7648073333333333e-08,0.4249999999999998,-0.025253293333333333
28,0.44999999999999984,7.65112e-07,0.44999999999999984,-0.0252376
29,0.47499999999999987,1.6573093333333334e-06,0.47499999999999987,-0.025214900000000002
30,0.4999999999999998,2.72394e-06,0.4999999999999998,-0.025191500000000002
31,0.5249999999999998,3.2077540000000004e-06,0.5249999999999998,-0.025160166666666667
32,0.5499999999999998,4.568913333333333e-06,0.5499999999999998,-0.025121886666666666
33,0.5749999999999998,5.701597333333333e-06,0.5749999999999998,-0.025076686666666667
34,0.5999999999999999,6.6568753333333345e-06,0.5999999999999999,-0.025019853333333335
35,0.6249999999999998,7.875040000000001e-06,0.6249999999999998,-0.024945333333333333
36,0.6499999999999998,9.266993333333334e-06,0.6499999999999998,-0.024846026666666667
37,0.6749999999999998,1.0860733333333334e-05,0.6749999999999998,-0.02471311333333333
38,0.6999999999999997,1.22524e-05,0.6999999999999997,-0.024521466666666665
39,0.7249999999999998,1.510498e-05,0.7249999999999998,-0.02424246
40,0.7499999999999998,1.8763886666666666e-05,0.7499999999999998,-0.02383714
41,0.7749999999999997,2.3645913333333335e-05,0.7749999999999997,-0.023257733333333336
42,0.7999999999999998,3.266810666666667e-05,0.7999999999999998,-0.022456553333333334
43,0.8249999999999997,4.6519553333333336e-05,0.8249999999999997,-0.021398673333333333
44,0.8499999999999996,7.030453333333333e-05,0.8499999999999996,-0.020063306666666666
45,0.8749999999999998,0.00011380233333333335,0.8749999999999998,-0.018464633333333334
46,0.8999999999999997,0.000188921,0.8999999999999997,-0.016633773333333334
47,0.9249999999999998,0.00031612573333333335,0.9249999999999998,-0.014616000000000002
48,0.9499999999999997,0.0005202414666666666,0.9499999999999997,-0.012458186666666668
49,0.9749999999999996,0.000786084,0.9749999999999996,-0.010232193333333334
50,0.9999999999999998,0.0012036793333333334,0.9999999999999998,-0.00797894
51,1.0249999999999997,0.0017500240000000002,1.0249999999999997,-0.005777791333333334
52,1.0499999999999998,0.0024225846666666665,1.0499999999999998,-0.0036087820000000005
53,1.0749999999999997,0.0032046453333333335,1.0749999999999997,-0.0015503006666666666
54,1.0999999999999996,0.004080650666666667,1.0999999999999996,0.0003881306666666667
55,1.1249999999999998,0.005026175333333334,1.1249999999999998,0.0022305093333333335
56,1.1499999999999997,0.006028466,1.1499999999999997,0.003959157333333334
57,1.1749999999999996,0.006976186666666668,1.1749999999999996,0.005583283333333334
58,1.1999999999999997,0.00806774,1.1999999999999997,0.007181886666666667
59,1.2249999999999996,0.009194306666666667,1.2249999999999996,0.008705873333333334
