,sample_A_3d_1F_V_D,sample_A_3d_1F_J_D,sample_A_3d_1F_V_L,sample_A_3d_1F_J_L
0,-0.25,-3.301474e-07,-0.25,-0.025417500000000003
1,-0.225,-1.9381026666666668e-07,-0.225,-0.02540366
2,-0.2,-1.7811533333333335e-07,-0.2,-0.025395266666666666
3,-0.17500000000000002,-1.2697853333333334e-07,-0.17500000000000002,-0.02538822666666667
4,-0.15000000000000002,-1.2017106666666668e-07,-0.15000000000000002,-0.025382653333333335
5,-0.12500000000000003,-7.503313333333333e-08,-0.12500000000000003,-0.02537728666666667
6,-0.10000000000000003,-4.9293540000000003e-08,-0.10000000000000003,-0.025373986666666667
7,-0.07500000000000004,-3.302484666666667e-08,-0.07500000000000004,-0.025371593333333334
8,-0.050000000000000044,-1.8626626666666667e-08,-0.050000000000000044,-0.025366426666666667
9,-0.02500000000000005,-6.770613333333334e-09,-0.02500000000000005,-0.0253624
10,-5.551115123125783e-17,5.175174666666666e-09,-5.551115123125783e-17,-0.025361213333333334
11,0.02499999999999991,1.902356e-08,0.02499999999999991,-0.02535749333333333
12,0.04999999999999993,3.258898666666667e-08,0.04999999999999993,-0.02535144
13,0.07499999999999996,5.035807333333333e-08,0.07499999999999996,-0.02534882
14,0.09999999999999992,7.037820000000001e-08,0.09999999999999992,-0.025343653333333334
15,0.12499999999999989,1.053046e-07,0.12499999999999989,-0.02534022
16,0.1499999999999999,1.560906e-07,0.1499999999999999,-0.025335253333333335
17,0.17499999999999993,2.086406e-07,0.17499999999999993,-0.025332126666666666
18,0.1999999999999999,2.9023073333333334e-07,0.1999999999999999,-0.025326086666666667
19,0.22499999999999987,3.830590666666667e-07,0.22499999999999987,-0.025322653333333334
20,0.2499999999999999,5.293544e-07,0.2499999999999999,-0.025318506666666667
21,0.2749999999999999,7.473213333333333e-07,0.2749999999999999,-0.025312346666666666
22,0.2999999999999998,9.21598e-07,0.2999999999999998,-0.0253068
23,0.32499999999999984,1.4522886666666668e-06,0.32499999999999984,-0.025301340000000002
24,0.34999999999999987,1.8931139999999999e-06,0.34999999999999987,-0.02529274
25,0.3749999999999999,2.6211160000000002e-06,0.3749999999999999,-0.025283566666666667
26,0.3999999999999999,3.6251133333333335e-06,0.3999999999999999,-0.025269366666666668
27,0.4249999999999998,4.640448666666666e-06,0.4249999999999998,-0.02525870666666667
28,0.44999999999999984,6.26206e-06,0.44999999999999984,-0.025243633333333335
29,0.47499999999999987,6.061032666666667e-06,0.47499999999999987,-0.025224393333333334
30,0.4999999999999998,8.533233333333333e-06,0.4999999999999998,-0.025204746666666666
31,0.5249999999999998,1.2082733333333334e-05,0.5249999999999998,-0.02518046
32,0.5499999999999998,1.6952180000000002e-05,0.5499999999999998,-0.025143846666666667
33,0.5749999999999998,2.361712666666667e-05,0.5749999999999998,-0.02510188
34,0.5999999999999999,3.104146e-05,0.5999999999999999,-0.0250538
35,0.6249999999999998,4.101664666666667e-05,0.6249999999999998,-0.024988906666666668
36,0.6499999999999998,5.140899333333333e-05,0.6499999999999998,-0.024902286666666665
37,0.6749999999999998,6.168232666666667e-05,0.6749999999999998,-0.02478892666666667
38,0.6999999999999997,6.99952e-05,0.6999999999999997,-0.024623166666666668
39,0.7249999999999998,4.43311e-05,0.7249999999999998,-0.024384866666666668
40,0.7499999999999998,4.488406666666667e-05,0.7499999999999998,-0.02403972
41,0.7749999999999997,5.690502666666667e-05,0.7749999999999997,-0.0235425
42,0.7999999999999998,6.999506666666668e-05,0.7999999999999998,-0.022847093333333336
43,0.8249999999999997,7.426126666666667e-05,0.8249999999999997,-0.021914740000000002
44,0.8499999999999996,0.00010177866666666668,0.8499999999999996,-0.020710353333333334
45,0.8749999999999998,0.00014551153333333336,0.8749999999999998,-0.019230486666666668
46,0.8999999999999997,0.00021412426666666667,0.8999999999999997,-0.017489093333333334
47,0.9249999999999998,0.0003252556666666667,0.9249999999999998,-0.015512086666666668
48,0.9499999999999997,0.0005035280666666667,0.9499999999999997,-0.013341746666666668
49,0.9749999999999996,0.0007176760000000001,0.9749999999999996,-0.011034406666666668
50,0.9999999999999998,0.0011250393333333334,0.9999999999999998,-0.0086256
51,1.0249999999999997,0.0016984220000000002,1.0249999999999997,-0.006196840666666667
52,1.0499999999999998,0.002452754666666667,1.0499999999999998,-0.0037170186666666666
53,1.0749999999999997,0.0033779273333333333,1.0749999999999997,-0.0012807406666666668
54,1.0999999999999996,0.004453685333333334,1.0999999999999996,0.0011007306666666666
55,1.1249999999999998,0.0056408406666666674,1.1249999999999998,0.003393354
56,1.1499999999999997,0.006917960000000001,1.1499999999999997,0.005592783333333334
57,1.1749999999999996,0.008284466666666667,1.1749999999999996,0.007752520000000001
58,1.1999999999999997,0.009684493333333334,1.1999999999999997,0.009775973333333333
59,1.2249999999999996,0.01111752,1.2249999999999996,0.01171178
