,sample_A_1R_V_D,sample_A_1R_J_D,sample_A_1R_V_L,sample_A_1R_J_L
0,1.25,0.016490213333333333,1.25,0.016889373333333336
1,1.225,0.014196293333333334,1.225,0.013952553333333333
2,1.2000000000000002,0.011999180000000002,1.2000000000000002,0.010948020000000001
3,1.1750000000000003,0.009899946666666668,1.1750000000000003,0.007887053333333335
4,1.1500000000000004,0.007915933333333333,1.1500000000000004,0.0048189673333333335
5,1.1250000000000004,0.006132706000000001,1.1250000000000004,0.0016452373333333335
6,1.1000000000000005,0.004500006,1.1000000000000005,-0.0015302813333333332
7,1.0750000000000006,0.003145658,1.0750000000000006,-0.004660361333333334
8,1.0500000000000007,0.0020830286666666665,1.0500000000000007,-0.007709026666666667
9,1.0250000000000008,0.0013130266666666667,1.0250000000000008,-0.010634086666666667
10,1.0000000000000009,0.0007942153333333334,1.0000000000000009,-0.013362506666666668
11,0.975000000000001,0.0004749304,0.975000000000001,-0.015818853333333334
12,0.9500000000000011,0.00027378673333333333,0.9500000000000011,-0.017973386666666667
13,0.9250000000000012,0.00015920033333333334,0.9250000000000012,-0.019776646666666665
14,0.9000000000000012,9.26626e-05,0.9000000000000012,-0.021229173333333334
15,0.8750000000000013,5.571631333333333e-05,0.8750000000000013,-0.022347886666666667
16,0.8500000000000014,3.22984e-05,0.8500000000000014,-0.023181386666666668
17,0.8250000000000015,1.931010666666667e-05,0.8250000000000015,-0.023780393333333334
18,0.8000000000000016,1.1649373333333333e-05,0.8000000000000016,-0.024205353333333336
19,0.7750000000000017,7.09864e-06,0.7750000000000017,-0.02449768
20,0.7500000000000018,4.405418e-06,0.7500000000000018,-0.024699193333333334
21,0.7250000000000019,2.6901093333333335e-06,0.7250000000000019,-0.024837553333333335
22,0.700000000000002,1.7007506666666669e-06,0.700000000000002,-0.024933373333333335
23,0.675000000000002,1.097282e-06,0.675000000000002,-0.025001053333333335
24,0.6500000000000021,7.221360000000001e-07,0.6500000000000021,-0.025056
25,0.6250000000000022,4.813114666666666e-07,0.6250000000000022,-0.025094553333333335
26,0.6000000000000023,3.216814e-07,0.6000000000000023,-0.025127
27,0.5750000000000024,2.121698666666667e-07,0.5750000000000024,-0.025152393333333335
28,0.5500000000000025,1.3416800000000001e-07,0.5500000000000025,-0.02517244
29,0.5250000000000026,7.791553333333333e-08,0.5250000000000026,-0.025191226666666667
30,0.5000000000000027,3.71941e-08,0.5000000000000027,-0.025205106666666668
31,0.47500000000000275,6.854813333333334e-09,0.47500000000000275,-0.02521756
32,0.45000000000000284,-1.4970646666666666e-08,0.45000000000000284,-0.02522834666666667
33,0.42500000000000293,-3.086410666666667e-08,0.42500000000000293,-0.02524022
34,0.400000000000003,-4.168856e-08,0.400000000000003,-0.025248133333333336
35,0.3750000000000031,-5.0411260000000004e-08,0.3750000000000031,-0.02525346666666667
36,0.3500000000000032,-5.616312e-08,0.3500000000000032,-0.02526076
37,0.3250000000000033,-6.059188666666667e-08,0.3250000000000033,-0.025266773333333332
38,0.3000000000000034,-6.364804666666666e-08,0.3000000000000034,-0.02527236
39,0.27500000000000346,-6.628836e-08,0.27500000000000346,-0.02527592
40,0.25000000000000355,-6.835746666666667e-08,0.25000000000000355,-0.02528048
41,0.22500000000000364,-6.608852000000001e-08,0.22500000000000364,-0.025284673333333334
42,0.20000000000000373,-7.159866666666666e-08,0.20000000000000373,-0.025288093333333334
43,0.17500000000000382,-7.243213333333334e-08,0.17500000000000382,-0.02529298666666667
44,0.1500000000000039,-7.350666666666667e-08,0.1500000000000039,-0.0252984
45,0.125000000000004,-7.413920000000001e-08,0.125000000000004,-0.025300633333333336
46,0.10000000000000409,-7.515873333333333e-08,0.10000000000000409,-0.02530492
47,0.07500000000000417,-7.582160000000001e-08,0.07500000000000417,-0.02530774666666667
48,0.05000000000000426,-7.64894e-08,0.05000000000000426,-0.02531158
49,0.025000000000004352,-7.702746666666668e-08,0.025000000000004352,-0.02531354666666667
50,4.440892098500626e-15,-7.705166666666666e-08,4.440892098500626e-15,-0.025317733333333335
51,-0.02499999999999547,-7.801913333333334e-08,-0.02499999999999547,-0.025321200000000002
52,-0.04999999999999538,-7.843273333333333e-08,-0.04999999999999538,-0.025322633333333334
53,-0.07499999999999529,-7.87738e-08,-0.07499999999999529,-0.025326240000000003
54,-0.0999999999999952,-7.932593333333333e-08,-0.0999999999999952,-0.025327580000000002
55,-0.12499999999999512,-7.972273333333334e-08,-0.12499999999999512,-0.025331486666666667
56,-0.14999999999999503,-8.002226666666666e-08,-0.14999999999999503,-0.025335893333333335
57,-0.17499999999999494,-8.028306666666667e-08,-0.17499999999999494,-0.025337853333333334
58,-0.19999999999999485,-7.98778e-08,-0.19999999999999485,-0.025339826666666666
59,-0.22499999999999476,-8.06828e-08,-0.22499999999999476,-0.025344639999999998
