,sample_A_3d_1F_V_D,sample_A_3d_1F_J_D,sample_A_3d_1F_V_L,sample_A_3d_1F_J_L
0,-0.25,-1.5648e-06,-0.25,-0.025266206666666666
1,-0.225,-1.3141166666666668e-06,-0.225,-0.0252522
2,-0.2,-1.0470453333333334e-06,-0.2,-0.02524574
3,-0.17500000000000002,-7.779733333333333e-07,-0.17500000000000002,-0.0252419
4,-0.15000000000000002,-5.340929333333334e-07,-0.15000000000000002,-0.02523754
5,-0.12500000000000003,-3.9450646666666665e-07,-0.12500000000000003,-0.025233533333333336
6,-0.10000000000000003,-2.428158e-07,-0.10000000000000003,-0.025229226666666667
7,-0.07500000000000004,-1.4923586666666667e-07,-0.07500000000000004,-0.025226440000000003
8,-0.050000000000000044,-7.850366666666667e-08,-0.050000000000000044,-0.0252223
9,-0.02500000000000005,-2.778572e-08,-0.02500000000000005,-0.025220273333333335
10,-5.551115123125783e-17,1.4115593333333335e-08,-5.551115123125783e-17,-0.025218046666666667
11,0.02499999999999991,5.8508906666666666e-08,0.02499999999999991,-0.025216453333333336
12,0.04999999999999993,1.0980393333333334e-07,0.04999999999999993,-0.02521274
13,0.07499999999999996,1.7630773333333333e-07,0.07499999999999996,-0.025210366666666668
14,0.09999999999999992,2.622250666666667e-07,0.09999999999999992,-0.025209000000000002
15,0.12499999999999989,3.841988666666667e-07,0.12499999999999989,-0.02520192666666667
16,0.1499999999999999,5.245778000000001e-07,0.1499999999999999,-0.025201246666666666
17,0.17499999999999993,7.70448e-07,0.17499999999999993,-0.025197746666666666
18,0.1999999999999999,1.0271960000000002e-06,0.1999999999999999,-0.025193766666666666
19,0.22499999999999987,1.2892786666666668e-06,0.22499999999999987,-0.025188326666666667
20,0.2499999999999999,1.7210086666666668e-06,0.2499999999999999,-0.025186526666666667
21,0.2749999999999999,2.116576e-06,0.2749999999999999,-0.025180860000000003
22,0.2999999999999998,2.5749573333333333e-06,0.2999999999999998,-0.025174933333333337
23,0.32499999999999984,3.0669313333333336e-06,0.32499999999999984,-0.02516972666666667
24,0.34999999999999987,1.9646226666666667e-06,0.34999999999999987,-0.025161233333333335
25,0.3749999999999999,1.699064666666667e-06,0.3749999999999999,-0.025152173333333333
26,0.3999999999999999,2.0049253333333337e-06,0.3999999999999999,-0.025145553333333334
27,0.4249999999999998,2.3812893333333334e-06,0.4249999999999998,-0.025135973333333336
28,0.44999999999999984,3.4693026666666667e-06,0.44999999999999984,-0.025121793333333333
29,0.47499999999999987,3.4821120000000004e-06,0.47499999999999987,-0.025107213333333333
30,0.4999999999999998,4.266462666666667e-06,0.4999999999999998,-0.02508406666666667
31,0.5249999999999998,5.244076666666667e-06,0.5249999999999998,-0.02506258
32,0.5499999999999998,6.545422e-06,0.5499999999999998,-0.02503376
33,0.5749999999999998,6.999413333333334e-06,0.5749999999999998,-0.025001020000000002
34,0.5999999999999999,6.8604533333333335e-06,0.5999999999999999,-0.024959460000000003
35,0.6249999999999998,9.073406666666668e-06,0.6249999999999998,-0.024905093333333333
36,0.6499999999999998,1.1411046666666667e-05,0.6499999999999998,-0.024837053333333334
37,0.6749999999999998,1.4411946666666667e-05,0.6749999999999998,-0.024744866666666667
38,0.6999999999999997,1.8114860000000002e-05,0.6999999999999997,-0.02461516
39,0.7249999999999998,2.312496666666667e-05,0.7249999999999998,-0.024425433333333333
40,0.7499999999999998,2.876e-05,0.7499999999999998,-0.024147733333333334
41,0.7749999999999997,3.698724000000001e-05,0.7749999999999997,-0.023740253333333333
42,0.7999999999999998,4.7897860000000005e-05,0.7999999999999998,-0.023146013333333333
43,0.8249999999999997,6.375803333333334e-05,0.8249999999999997,-0.02233834
44,0.8499999999999996,5.96252e-05,0.8499999999999996,-0.021249133333333337
45,0.8749999999999998,9.560566666666667e-05,0.8749999999999998,-0.019877813333333334
46,0.8999999999999997,0.00015943066666666668,0.8999999999999997,-0.018219426666666667
47,0.9249999999999998,0.0002664379333333334,0.9249999999999998,-0.016291319999999998
48,0.9499999999999997,0.0004420343333333334,0.9499999999999997,-0.014124546666666668
49,0.9749999999999996,0.0006808246666666668,0.9749999999999996,-0.011780113333333335
50,0.9999999999999998,0.0011162153333333334,0.9999999999999998,-0.009286986666666667
51,1.0249999999999997,0.0017420500000000002,1.0249999999999997,-0.006713613333333334
52,1.0499999999999998,0.0025815713333333335,1.0499999999999998,-0.004102643333333334
53,1.0749999999999997,0.00363088,1.0749999999999997,-0.0014505606666666668
54,1.0999999999999996,0.004868146666666667,1.0999999999999996,0.0011752800000000001
55,1.1249999999999998,0.006252652,1.1249999999999998,0.003740288
56,1.1499999999999997,0.007807886666666666,1.1499999999999997,0.006245014
57,1.1749999999999996,0.009408653333333334,1.1749999999999996,0.008725606666666667
58,1.1999999999999997,0.01106002,1.1999999999999997,0.011079933333333333
59,1.2249999999999996,0.012758773333333334,1.2249999999999996,0.013351133333333333
