,sample_A_3d_1R_V_D,sample_A_3d_1R_J_D,sample_A_3d_1R_V_L,sample_A_3d_1R_J_L
0,1.25,0.0117266,1.25,0.010591713333333334
1,1.225,0.010277553333333333,1.225,0.008823580000000001
2,1.2000000000000002,0.008844840000000001,1.2000000000000002,0.006987106666666667
3,1.1750000000000003,0.007448633333333333,1.1750000000000003,0.005055382000000001
4,1.1500000000000004,0.006126213333333333,1.1500000000000004,0.0031256120000000003
5,1.1250000000000004,0.004857826666666667,1.1250000000000004,0.0011538246666666669
6,1.1000000000000005,0.0036940133333333335,1.1000000000000005,-0.0008561119999999999
7,1.0750000000000006,0.0026737593333333335,1.0750000000000006,-0.002878962666666667
8,1.0500000000000007,0.0018322246666666669,1.0500000000000007,-0.004919004
9,1.0250000000000008,0.001184642,1.0250000000000008,-0.006917433333333334
10,1.0000000000000009,0.0007306173333333334,1.0000000000000009,-0.00892208
11,0.975000000000001,0.00044245493333333337,0.975000000000001,-0.010892306666666667
12,0.9500000000000011,0.0002581996,0.9500000000000011,-0.012817506666666667
13,0.9250000000000012,0.00015330593333333335,0.9250000000000012,-0.014662453333333336
14,0.9000000000000012,9.366413333333334e-05,0.9000000000000012,-0.0164095
15,0.8750000000000013,6.655422e-05,0.8750000000000013,-0.018031926666666667
16,0.8500000000000014,4.391243333333333e-05,0.8500000000000014,-0.019499753333333335
17,0.8250000000000015,3.075844666666667e-05,0.8250000000000015,-0.02079084
18,0.8000000000000016,2.540356e-05,0.8000000000000016,-0.021889106666666665
19,0.7750000000000017,1.8594493333333334e-05,0.7750000000000017,-0.022777733333333335
20,0.7500000000000018,1.4429480000000002e-05,0.7500000000000018,-0.023464213333333334
21,0.7250000000000019,1.2809093333333335e-05,0.7250000000000019,-0.023970746666666667
22,0.700000000000002,1.1009486666666667e-05,0.700000000000002,-0.02432873333333333
23,0.675000000000002,9.99042e-06,0.675000000000002,-0.024572113333333336
24,0.6500000000000021,9.559913333333333e-06,0.6500000000000021,-0.024743166666666667
25,0.6250000000000022,8.064393333333334e-06,0.6250000000000022,-0.024852466666666666
26,0.6000000000000023,7.2445066666666675e-06,0.6000000000000023,-0.024929546666666667
27,0.5750000000000024,6.1108406666666665e-06,0.5750000000000024,-0.024985253333333336
28,0.5500000000000025,5.738420666666667e-06,0.5500000000000025,-0.02503052
29,0.5250000000000026,5.6072680000000005e-06,0.5250000000000026,-0.025066106666666668
30,0.5000000000000027,4.47647e-06,0.5000000000000027,-0.025092926666666668
31,0.47500000000000275,5.088628666666667e-06,0.47500000000000275,-0.025115580000000002
32,0.45000000000000284,3.735946e-06,0.45000000000000284,-0.025133653333333332
33,0.42500000000000293,3.9072180000000005e-06,0.42500000000000293,-0.025148933333333335
34,0.400000000000003,3.4145906666666667e-06,0.400000000000003,-0.025159226666666666
35,0.3750000000000031,3.552618e-06,0.3750000000000031,-0.02516881333333333
36,0.3500000000000032,3.9384326666666666e-06,0.3500000000000032,-0.025178566666666666
37,0.3250000000000033,2.271085333333333e-06,0.3250000000000033,-0.025184666666666668
38,0.3000000000000034,2.3431633333333335e-06,0.3000000000000034,-0.025192600000000002
39,0.27500000000000346,1.6361966666666667e-06,0.27500000000000346,-0.025198726666666667
40,0.25000000000000355,1.1657186666666667e-06,0.25000000000000355,-0.025203993333333334
41,0.22500000000000364,8.225613333333334e-07,0.22500000000000364,-0.025210993333333334
42,0.20000000000000373,6.596698666666667e-07,0.20000000000000373,-0.02521192
43,0.17500000000000382,4.6989280000000003e-07,0.17500000000000382,-0.02521566
44,0.1500000000000039,3.3786813333333335e-07,0.1500000000000039,-0.02522388
45,0.125000000000004,2.841712e-07,0.125000000000004,-0.025225486666666668
46,0.10000000000000409,1.495142666666667e-07,0.10000000000000409,-0.025228340000000002
47,0.07500000000000417,9.73944e-08,0.07500000000000417,-0.02523422
48,0.05000000000000426,5.175383333333334e-08,0.05000000000000426,-0.025236493333333335
49,0.025000000000004352,-3.5826520000000006e-08,0.025000000000004352,-0.025238786666666665
50,4.440892098500626e-15,-1.1686966666666667e-07,4.440892098500626e-15,-0.0252404
51,-0.02499999999999547,-1.778728e-07,-0.02499999999999547,-0.025242853333333336
52,-0.04999999999999538,-2.627180666666667e-07,-0.04999999999999538,-0.025245293333333335
53,-0.07499999999999529,-3.84831e-07,-0.07499999999999529,-0.025248886666666668
54,-0.0999999999999952,-5.073422666666667e-07,-0.0999999999999952,-0.025252333333333335
55,-0.12499999999999512,-6.221395333333334e-07,-0.12499999999999512,-0.025255586666666666
56,-0.14999999999999503,-8.646233333333334e-07,-0.14999999999999503,-0.02525876
57,-0.17499999999999494,-1.4102546666666668e-06,-0.17499999999999494,-0.025262053333333333
58,-0.19999999999999485,-1.2175013333333334e-06,-0.19999999999999485,-0.025262886666666668
59,-0.22499999999999476,-1.8722993333333334e-06,-0.22499999999999476,-0.025265700000000002
