,sample_A_3d_1F_V_D,sample_A_3d_1F_J_D,sample_A_3d_1F_V_L,sample_A_3d_1F_J_L
0,-0.25,-3.466102e-06,-0.25,-0.025188146666666668
1,-0.225,-3.269662666666667e-06,-0.225,-0.025177026666666668
2,-0.2,-2.366118e-06,-0.2,-0.025167786666666667
3,-0.17500000000000002,-2.38959e-06,-0.17500000000000002,-0.025163213333333333
4,-0.15000000000000002,-2.043198666666667e-06,-0.15000000000000002,-0.025159093333333334
5,-0.12500000000000003,-1.4203053333333335e-06,-0.12500000000000003,-0.02515336
6,-0.10000000000000003,-1.1158866666666667e-06,-0.10000000000000003,-0.025151546666666667
7,-0.07500000000000004,-8.325886666666668e-07,-0.07500000000000004,-0.02514696
8,-0.050000000000000044,-5.268623333333333e-07,-0.050000000000000044,-0.025144693333333332
9,-0.02500000000000005,-2.620084666666667e-07,-0.02500000000000005,-0.025141413333333335
10,-5.551115123125783e-17,5.993448666666667e-08,-5.551115123125783e-17,-0.025139346666666666
11,0.02499999999999991,3.3820426666666667e-07,0.02499999999999991,-0.025136653333333335
12,0.04999999999999993,5.606164666666667e-07,0.04999999999999993,-0.025130913333333334
13,0.07499999999999996,1.0212580000000002e-06,0.07499999999999996,-0.025128993333333335
14,0.09999999999999992,1.5991466666666668e-06,0.09999999999999992,-0.025126713333333335
15,0.12499999999999989,1.689538e-06,0.12499999999999989,-0.025122146666666668
16,0.1499999999999999,1.6639393333333332e-06,0.1499999999999999,-0.025120160000000002
17,0.17499999999999993,2.441620666666667e-06,0.17499999999999993,-0.025115806666666667
18,0.1999999999999999,2.9108913333333335e-06,0.1999999999999999,-0.02511032666666667
19,0.22499999999999987,2.734466e-06,0.22499999999999987,-0.025108353333333333
20,0.2499999999999999,2.912536666666667e-06,0.2499999999999999,-0.025103900000000002
21,0.2749999999999999,4.087328e-06,0.2749999999999999,-0.025098806666666668
22,0.2999999999999998,3.3855613333333334e-06,0.2999999999999998,-0.025094713333333334
23,0.32499999999999984,4.771359333333334e-06,0.32499999999999984,-0.025087633333333335
24,0.34999999999999987,5.094982666666667e-06,0.34999999999999987,-0.025081486666666666
25,0.3749999999999999,5.9389620000000004e-06,0.3749999999999999,-0.0250718
26,0.3999999999999999,6.806100000000001e-06,0.3999999999999999,-0.02506630666666667
27,0.4249999999999998,7.077293333333333e-06,0.4249999999999998,-0.025053346666666667
28,0.44999999999999984,8.4553e-06,0.44999999999999984,-0.025043506666666666
29,0.47499999999999987,9.5023e-06,0.47499999999999987,-0.02502918
30,0.4999999999999998,1.1709686666666667e-05,0.4999999999999998,-0.02501058
31,0.5249999999999998,1.3731886666666666e-05,0.5249999999999998,-0.024988433333333334
32,0.5499999999999998,1.6284813333333336e-05,0.5499999999999998,-0.024963159999999998
33,0.5749999999999998,1.866766e-05,0.5749999999999998,-0.02492962
34,0.5999999999999999,2.4295573333333334e-05,0.5999999999999999,-0.024888413333333335
35,0.6249999999999998,2.8841839999999998e-05,0.6249999999999998,-0.02483658
36,0.6499999999999998,3.308892e-05,0.6499999999999998,-0.024772306666666667
37,0.6749999999999998,3.9956240000000005e-05,0.6749999999999998,-0.024683593333333333
38,0.6999999999999997,4.675588e-05,0.6999999999999997,-0.024565606666666667
39,0.7249999999999998,5.593864e-05,0.7249999999999998,-0.024393366666666666
40,0.7499999999999998,6.655766666666667e-05,0.7499999999999998,-0.02414306
41,0.7749999999999997,6.99952e-05,0.7749999999999997,-0.02377688666666667
42,0.7999999999999998,5.767173333333334e-05,0.7999999999999998,-0.0232434
43,0.8249999999999997,7.52884e-05,0.8249999999999997,-0.02250496
44,0.8499999999999996,0.00010185293333333335,0.8499999999999996,-0.021494086666666665
45,0.8749999999999998,0.00014367953333333335,0.8749999999999998,-0.020191546666666668
46,0.8999999999999997,0.00021225033333333333,0.8999999999999997,-0.01857932
47,0.9249999999999998,0.00032211433333333335,0.9249999999999998,-0.016671593333333335
48,0.9499999999999997,0.0004987624666666667,0.9499999999999997,-0.01449506
49,0.9749999999999996,0.0007202073333333334,0.9749999999999996,-0.01211412
50,0.9999999999999998,0.0011485526666666667,0.9999999999999998,-0.009561053333333335
51,1.0249999999999997,0.0017644806666666669,1.0249999999999997,-0.00690878
52,1.0499999999999998,0.0025982153333333332,1.0499999999999998,-0.004212731333333333
53,1.0749999999999997,0.0036258533333333337,1.0749999999999997,-0.001465854
54,1.0999999999999996,0.004862964,1.0999999999999996,0.0012543546666666668
55,1.1249999999999998,0.006256216,1.1249999999999998,0.003920468666666667
56,1.1499999999999997,0.007859393333333332,1.1499999999999997,0.006531558666666667
57,1.1749999999999996,0.009518233333333334,1.1749999999999996,0.009145626666666669
58,1.1999999999999997,0.011253026666666667,1.1999999999999997,0.011629833333333334
59,1.2249999999999996,0.013052846666666666,1.2249999999999996,0.014039600000000001
