,enfap4_2F_V_D,enfap4_2F_J_D,enfap4_2F_V_L,enfap4_2F_J_L
0,-0.25,-2.5671072e-05,-0.25,-0.020894272
1,-0.225,-2.3943968e-05,-0.225,-0.020093576
2,-0.2,-2.3651376e-05,-0.2,-0.019365968
3,-0.17500000000000002,-2.3516992e-05,-0.17500000000000002,-0.018858928
4,-0.15000000000000002,-2.3422343999999998e-05,-0.15000000000000002,-0.018500808
5,-0.12500000000000003,-2.3368744e-05,-0.12500000000000003,-0.0182308
6,-0.10000000000000003,-2.3314416e-05,-0.10000000000000003,-0.01800972
7,-0.07500000000000004,-2.3261904e-05,-0.07500000000000004,-0.017812816000000002
8,-0.050000000000000044,-2.3202720000000002e-05,-0.050000000000000044,-0.017642408000000002
9,-0.02500000000000005,-2.3166888e-05,-0.02500000000000005,-0.017479272
10,-5.551115123125783e-17,-2.3116056e-05,-5.551115123125783e-17,-0.017319872
11,0.02499999999999991,-2.3053944e-05,0.02499999999999991,-0.017151952
12,0.04999999999999993,-2.2994424e-05,0.04999999999999993,-0.016991864000000002
13,0.07499999999999996,-2.292912e-05,0.07499999999999996,-0.016824752000000002
14,0.09999999999999992,-2.2859023999999998e-05,0.09999999999999992,-0.016650912
15,0.12499999999999989,-2.2786752e-05,0.12499999999999989,-0.01646844
16,0.1499999999999999,-2.2705624e-05,0.1499999999999999,-0.016271056
17,0.17499999999999993,-2.2615368e-05,0.17499999999999993,-0.016061448
18,0.1999999999999999,-2.2523024e-05,0.1999999999999999,-0.015835088
19,0.22499999999999987,-2.2388656e-05,0.22499999999999987,-0.015591376
20,0.2499999999999999,-2.2288768e-05,0.2499999999999999,-0.015325632
21,0.2749999999999999,-2.2127808e-05,0.2749999999999999,-0.015037039999999998
22,0.2999999999999998,-2.1982895999999998e-05,0.2999999999999998,-0.014723168
23,0.32499999999999984,-2.1798031999999998e-05,0.32499999999999984,-0.01438516
24,0.34999999999999987,-2.1594936e-05,0.34999999999999987,-0.014021336
25,0.3749999999999999,-2.1364984e-05,0.3749999999999999,-0.013637688
26,0.3999999999999999,-2.1075616e-05,0.3999999999999999,-0.013233736
27,0.4249999999999998,-2.0748448e-05,0.4249999999999998,-0.01280384
28,0.44999999999999984,-2.03782e-05,0.44999999999999984,-0.0123526
29,0.47499999999999987,-1.995496e-05,0.47499999999999987,-0.011885608
30,0.4999999999999998,-1.9438896e-05,0.4999999999999998,-0.011400496
31,0.5249999999999998,-1.8842624e-05,0.5249999999999998,-0.010895976
32,0.5499999999999998,-1.8071208e-05,0.5499999999999998,-0.01037748
33,0.5749999999999998,-1.7135623999999998e-05,0.5749999999999998,-0.009840864000000001
34,0.5999999999999999,-1.5907736000000002e-05,0.5999999999999999,-0.009294064000000001
35,0.6249999999999998,-1.4225024e-05,0.6249999999999998,-0.008732752
36,0.6499999999999998,-1.1787776e-05,0.6499999999999998,-0.008161063999999999
37,0.6749999999999998,-8.184064e-06,0.6749999999999998,-0.0077115568
38,0.6999999999999997,-4.2847392e-06,0.6999999999999997,-0.0070602104
39,0.7249999999999998,5.0916744e-06,0.7249999999999998,-0.0064397056
40,0.7499999999999998,1.496488e-05,0.7499999999999998,-0.0058227104
41,0.7749999999999997,3.767936e-05,0.7749999999999997,-0.0052088416
42,0.7999999999999998,7.2238632e-05,0.7999999999999998,-0.00459412
43,0.8249999999999997,0.00011711712,0.8249999999999997,-0.0039806232
44,0.8499999999999996,0.00020794888,0.8499999999999996,-0.0033671576
45,0.8749999999999998,0.00033565888,0.8749999999999998,-0.0027578296
46,0.8999999999999997,0.00050895016,0.8999999999999997,-0.0021515584
47,0.9249999999999998,0.00072964552,0.9249999999999998,-0.0015496928
48,0.9499999999999997,0.0009733864,0.9499999999999997,-0.000949588
49,0.9749999999999996,0.0012941136000000002,0.9749999999999996,-0.00039452208
50,0.9999999999999998,0.0016508599999999999,0.9999999999999998,0.00021390576
51,1.0249999999999997,0.002040628,1.0249999999999997,0.0008104088
52,1.0499999999999998,0.0024624504,1.0499999999999998,0.0013670472
53,1.0749999999999997,0.0029128968,1.0749999999999997,0.0019733847999999997
54,1.0999999999999996,0.0033913567999999997,1.0999999999999996,0.0025771711999999997
55,1.1249999999999998,0.0038928456,1.1249999999999998,0.0031809768
56,1.1499999999999997,0.0044178552,1.1499999999999997,0.00378984
57,1.1749999999999996,0.004962793599999999,1.1749999999999996,0.004403988
58,1.1999999999999997,0.0055276688,1.1999999999999997,0.00502696
59,1.2249999999999996,0.0061101136,1.2249999999999996,0.0056582088
