,enfap3_2R_V_D,enfap3_2R_J_D,enfap3_2R_V_L,enfap3_2R_J_L
0,1.25,2.3881608e-10,1.25,2.4304464e-10
1,1.225,1.9375168e-10,1.225,1.945168e-10
2,1.2000000000000002,1.9024799999999997e-10,1.2000000000000002,1.9443624e-10
3,1.1750000000000003,1.8013968e-10,1.1750000000000003,1.8823439999999999e-10
4,1.1500000000000004,1.604868e-10,1.1500000000000004,1.7812608e-10
5,1.1250000000000004,1.7119928e-10,1.1250000000000004,1.6777616000000002e-10
6,1.1000000000000005,1.7530703999999998e-10,1.1000000000000005,1.6024504e-10
7,1.0750000000000006,1.8481128e-10,1.0750000000000006,1.6721232e-10
8,1.0500000000000007,1.9644984e-10,1.0500000000000007,1.67454e-10
9,1.0250000000000008,2.014436e-10,1.0250000000000008,1.6459464e-10
10,1.0000000000000009,1.4191552e-10,1.0000000000000009,1.8009944e-10
11,0.975000000000001,1.4678992e-10,0.975000000000001,2.1328359999999997e-10
12,0.9500000000000011,1.5077816e-10,0.9500000000000011,5.626444e-10
13,0.9250000000000012,1.4969048e-10,0.9250000000000012,8.607279999999999e-09
14,0.9000000000000012,1.1158112e-10,0.9000000000000012,-1.9283576e-09
15,0.8750000000000013,1.3478512e-10,0.8750000000000013,-1.1070704000000001e-09
16,0.8500000000000014,1.534772e-10,0.8500000000000014,-1.4260088e-09
17,0.8250000000000015,1.486028e-10,0.8250000000000015,-2.9876464e-09
18,0.8000000000000016,1.481596e-10,0.8000000000000016,-2.9665384000000003e-09
19,0.7750000000000017,1.5895592e-10,0.7750000000000017,-2.4104448e-09
20,0.7500000000000018,1.5021416000000001e-10,0.7500000000000018,-1.6378648e-09
21,0.7250000000000019,1.5702224e-10,0.7250000000000019,-5.0453392e-10
22,0.700000000000002,1.6181584e-10,0.700000000000002,-5.1883464e-10
23,0.675000000000002,1.5210752e-10,0.675000000000002,-2.3958072e-10
24,0.6500000000000021,1.5476632e-10,0.6500000000000021,5.2007672e-10
25,0.6250000000000022,1.5061704e-10,0.6250000000000022,6.8660136e-10
26,0.6000000000000023,1.3780648e-10,0.6000000000000023,6.332812e-10
27,0.5750000000000024,1.6084936e-10,0.5750000000000024,6.749224800000001e-10
28,0.5500000000000025,1.4465487999999999e-10,0.5500000000000025,6.7069416e-10
29,0.5250000000000026,1.10574e-10,0.5250000000000026,4.831067200000001e-10
30,0.5000000000000027,1.189532e-10,0.5000000000000027,2.7417504e-10
31,0.47500000000000275,1.0501472e-10,0.47500000000000275,2.7107416e-10
32,0.45000000000000284,8.761168e-11,0.45000000000000284,-2.5830312000000002e-11
33,0.42500000000000293,9.321128000000001e-11,0.42500000000000293,-2.0109736000000002e-11
34,0.400000000000003,9.37752e-11,0.400000000000003,-7.1552584e-08
35,0.3750000000000031,9.945544e-11,0.3750000000000031,-1.1356472000000001e-12
36,0.3500000000000032,9.848856e-11,0.3500000000000032,-1.3337768e-07
37,0.3250000000000033,9.574911999999999e-11,0.3250000000000033,-2.6673296e-10
38,0.3000000000000034,1.2419016e-10,0.3000000000000034,-2.6935144e-10
39,0.27500000000000346,1.3003152000000001e-10,0.27500000000000346,-2.3815935999999998e-11
40,0.25000000000000355,1.1351472000000001e-10,0.25000000000000355,-3.4548991999999997e-10
41,0.22500000000000364,8.128704000000001e-11,0.22500000000000364,-3.352456e-11
42,0.20000000000000373,7.8305896e-11,0.20000000000000373,6.327973599999999e-11
43,0.17500000000000382,7.4075992e-11,0.17500000000000382,2.3821208e-10
44,0.1500000000000039,6.2715688e-11,0.1500000000000039,4.8052072e-11
45,0.125000000000004,1.0461184e-10,0.125000000000004,-9.193743999999999e-11
46,0.10000000000000409,1.0634408000000001e-10,0.10000000000000409,-1.5268696e-10
47,0.07500000000000417,1.3285144e-10,0.07500000000000417,-1.1115311999999999e-10
48,0.05000000000000426,8.781304e-11,0.05000000000000426,-7.1352392e-11
49,0.025000000000004352,8.753104e-11,0.025000000000004352,4.5433536000000004e-11
50,4.440892098500626e-15,6.0379288e-11,4.440892098500626e-15,1.7494456000000001e-10
51,-0.02499999999999547,8.092447999999999e-11,-0.02499999999999547,2.3229208e-10
52,-0.04999999999999538,8.660456e-11,-0.04999999999999538,4.5801728e-10
53,-0.07499999999999529,8.886048e-11,-0.07499999999999529,2.7896744e-10
54,-0.0999999999999952,9.079408000000001e-11,-0.0999999999999952,2.3305728e-10
55,-0.12499999999999512,8.600024e-11,-0.12499999999999512,1.8585832e-10
56,-0.14999999999999503,8.608087999999999e-11,-0.14999999999999503,2.4191704000000003e-10
57,-0.17499999999999494,8.281776e-11,-0.17499999999999494,7.846698399999999e-11
58,-0.19999999999999485,8.5396e-11,-0.19999999999999485,9.50644e-11
59,-0.22499999999999476,7.3673152e-11,-0.22499999999999476,9.490312e-11
