,fp2_1R_V_D,fp2_1R_J_D,fp2_1R_V_L,fp2_1R_J_L
0,1.25,6.860438e-09,1.25,1.6153294e-08
1,1.225,6.342937999999999e-09,1.225,1.4600796e-08
2,1.2000000000000002,5.832486e-09,1.2000000000000002,1.3420816e-08
3,1.1750000000000003,5.589841999999999e-09,1.1750000000000003,1.289224e-08
4,1.1500000000000004,5.508293999999999e-09,1.1500000000000004,1.2140154000000001e-08
5,1.1250000000000004,5.210278e-09,1.1250000000000004,1.1209863999999999e-08
6,1.1000000000000005,5.353244e-09,1.1000000000000005,1.0533284e-08
7,1.0750000000000006,5.948268e-09,1.0750000000000006,9.774149999999999e-09
8,1.0500000000000007,6.672168e-09,1.0500000000000007,8.700886e-09
9,1.0250000000000008,4.5739719999999995e-09,1.0250000000000008,8.209564e-09
10,1.0000000000000009,3.23064e-09,1.0000000000000009,7.356794e-09
11,0.975000000000001,3.78758e-09,0.975000000000001,6.7325759999999995e-09
12,0.9500000000000011,3.867142e-09,0.9500000000000011,6.066064e-09
13,0.9250000000000012,4.460202e-09,0.9250000000000012,5.0008600000000005e-09
14,0.9000000000000012,4.621291999999999e-09,0.9000000000000012,3.515656e-09
15,0.8750000000000013,4.720966e-09,0.8750000000000013,2.2154559999999997e-09
16,0.8500000000000014,4.25884e-09,0.8500000000000014,1.2576789999999998e-09
17,0.8250000000000015,4.2971e-09,0.8250000000000015,6.372896e-10
18,0.8000000000000016,4.100772e-09,0.8000000000000016,-3.990444e-10
19,0.7750000000000017,3.9033999999999996e-09,0.7750000000000017,-1.258122e-09
20,0.7500000000000018,3.929584e-09,0.7500000000000018,-1.6196816e-09
21,0.7250000000000019,3.793621999999999e-09,0.7250000000000019,-2.8493819999999997e-09
22,0.700000000000002,3.764415999999999e-09,0.700000000000002,-3.868587999999999e-09
23,0.675000000000002,3.792616e-09,0.675000000000002,-4.384244e-09
24,0.6500000000000021,3.61939e-09,0.6500000000000021,-5.357122e-09
25,0.6250000000000022,3.411922e-09,0.6250000000000022,-6.345111999999999e-09
26,0.6000000000000023,3.6173759999999997e-09,0.6000000000000023,-6.966515999999999e-09
27,0.5750000000000024,3.182296e-09,0.5750000000000024,-8.010918e-09
28,0.5500000000000025,3.321282e-09,0.5500000000000025,-8.953584e-09
29,0.5250000000000026,3.259846e-09,0.5250000000000026,-1.000703e-08
30,0.5000000000000027,2.94663e-09,0.5000000000000027,-1.0724102e-08
31,0.47500000000000275,3.09065e-09,0.47500000000000275,-1.1554981999999999e-08
32,0.45000000000000284,3.114818e-09,0.45000000000000284,-1.2613473999999999e-08
33,0.42500000000000293,2.8056319999999998e-09,0.42500000000000293,-1.3534988e-08
34,0.400000000000003,3.1017279999999996e-09,0.400000000000003,-1.44978e-08
35,0.3750000000000031,2.815702e-09,0.3750000000000031,-1.541228e-08
36,0.3500000000000032,2.4420579999999995e-09,0.3500000000000032,-1.6031658e-08
37,0.3250000000000033,2.523638e-09,0.3250000000000033,-1.7058928e-08
38,0.3000000000000034,2.554858e-09,0.3000000000000034,-1.7932103999999998e-08
39,0.27500000000000346,2.43098e-09,0.27500000000000346,-1.8802267999999998e-08
40,0.25000000000000355,2.569966e-09,0.25000000000000355,-1.9575725999999998e-08
41,0.22500000000000364,2.46321e-09,0.22500000000000364,-2.0440839999999996e-08
42,0.20000000000000373,2.3806239999999996e-09,0.20000000000000373,-2.143388e-08
43,0.17500000000000382,2.1298499999999996e-09,0.17500000000000382,-2.2513519999999998e-08
44,0.1500000000000039,1.9495742e-09,0.1500000000000039,-2.329004e-08
45,0.125000000000004,2.082514e-09,0.125000000000004,-2.394364e-08
46,0.10000000000000409,1.8055551999999998e-09,0.10000000000000409,-2.5197479999999998e-08
47,0.07500000000000417,1.8992167999999998e-09,0.07500000000000417,-2.5846099999999997e-08
48,0.05000000000000426,1.8468476e-09,0.05000000000000426,-2.6775699999999998e-08
49,0.025000000000004352,1.9525954e-09,0.025000000000004352,-2.790266e-08
50,4.440892098500626e-15,8.367012e-10,4.440892098500626e-15,-2.9421399999999998e-08
51,-0.02499999999999547,1.6605298e-09,-0.02499999999999547,-2.971848e-08
52,-0.04999999999999538,1.3684628e-09,-0.04999999999999538,-3.01042e-08
53,-0.07499999999999529,1.3624203999999999e-09,-0.07499999999999529,-3.110732e-08
54,-0.0999999999999952,1.2969572e-09,-0.0999999999999952,-3.217186e-08
55,-0.12499999999999512,1.0532351999999999e-09,-0.12499999999999512,-3.3032959999999996e-08
56,-0.14999999999999503,1.3311997999999998e-09,-0.14999999999999503,-3.380844e-08
57,-0.17499999999999494,1.0512195999999999e-09,-0.17499999999999494,-3.495352e-08
58,-0.19999999999999485,1.1902007999999997e-09,-0.19999999999999485,-3.5595059999999995e-08
59,-0.22499999999999476,1.073375e-09,-0.22499999999999476,-3.6637459999999994e-08
