,S_MeO-2PAcZ_C_151223_1F_V_D,S_MeO-2PAcZ_C_151223_1F_J_D,S_MeO-2PAcZ_C_151223_1F_V_L,S_MeO-2PAcZ_C_151223_1F_J_L
0,-0.25,-6.235070666666667e-05,-0.25,-0.022320626666666666
1,-0.225,-6.144234e-05,-0.225,-0.022263053333333335
2,-0.2,-6.0859e-05,-0.2,-0.022186273333333336
3,-0.17500000000000002,-6.0486300000000004e-05,-0.17500000000000002,-0.022100033333333335
4,-0.15000000000000002,-6.0288313333333335e-05,-0.15000000000000002,-0.02200812666666667
5,-0.12500000000000003,-6.016326e-05,-0.12500000000000003,-0.021920313333333333
6,-0.10000000000000003,-6.0083826666666666e-05,-0.10000000000000003,-0.021840906666666667
7,-0.07500000000000004,-6.004639333333333e-05,-0.07500000000000004,-0.021777626666666668
8,-0.050000000000000044,-6.0009986666666664e-05,-0.050000000000000044,-0.02172192
9,-0.02500000000000005,-5.9962846666666673e-05,-0.02500000000000005,-0.02167406666666667
10,-5.551115123125783e-17,-5.997604666666667e-05,-5.551115123125783e-17,-0.02163266
11,0.02499999999999991,-5.992053333333334e-05,0.02499999999999991,-0.021588346666666668
12,0.04999999999999993,-5.988859333333334e-05,0.04999999999999993,-0.02155548
13,0.07499999999999996,-5.986342e-05,0.07499999999999996,-0.02152032
14,0.09999999999999992,-5.982832666666667e-05,0.09999999999999992,-0.02148728
15,0.12499999999999989,-5.9784600000000004e-05,0.12499999999999989,-0.02145862
16,0.1499999999999999,-5.972120666666667e-05,0.1499999999999999,-0.021421833333333334
17,0.17499999999999993,-5.961986666666666e-05,0.17499999999999993,-0.021392846666666666
18,0.1999999999999999,-5.9497946666666664e-05,0.1999999999999999,-0.021359200000000002
19,0.22499999999999987,-5.9362126666666676e-05,0.22499999999999987,-0.021322993333333335
20,0.2499999999999999,-5.9205786666666676e-05,0.2499999999999999,-0.02129882666666667
21,0.2749999999999999,-5.904973333333334e-05,0.2749999999999999,-0.021266240000000002
22,0.2999999999999998,-5.8891859999999995e-05,0.2999999999999998,-0.021236900000000003
23,0.32499999999999984,-5.872346666666667e-05,0.32499999999999984,-0.021204313333333336
24,0.34999999999999987,-5.855593333333334e-05,0.34999999999999987,-0.02116636666666667
25,0.3749999999999999,-5.8372313333333336e-05,0.3749999999999999,-0.02113644
26,0.3999999999999999,-5.817904000000001e-05,0.3999999999999999,-0.021102786666666668
27,0.4249999999999998,-5.796414666666667e-05,0.4249999999999998,-0.02106303333333333
28,0.44999999999999984,-5.7730393333333336e-05,0.44999999999999984,-0.02101782
29,0.47499999999999987,-5.746726666666667e-05,0.47499999999999987,-0.020982533333333334
30,0.4999999999999998,-5.7206799999999996e-05,0.4999999999999998,-0.02093686
31,0.5249999999999998,-5.6808820000000005e-05,0.5249999999999998,-0.020898073333333336
32,0.5499999999999998,-5.6363e-05,0.5499999999999998,-0.02083174
33,0.5749999999999998,-5.580060000000001e-05,0.5749999999999998,-0.020768026666666668
34,0.5999999999999999,-5.509074e-05,0.5999999999999999,-0.02069796
35,0.6249999999999998,-5.414444e-05,0.6249999999999998,-0.020618553333333334
36,0.6499999999999998,-5.282945333333334e-05,0.6499999999999998,-0.020525433333333332
37,0.6749999999999998,-5.0884146666666675e-05,0.6749999999999998,-0.020416986666666668
38,0.6999999999999997,-4.782102e-05,0.6999999999999997,-0.020296
39,0.7249999999999998,-4.2622453333333335e-05,0.7249999999999998,-0.02016836666666667
40,0.7499999999999998,-3.345438e-05,0.7499999999999998,-0.02000728
41,0.7749999999999997,-1.6821860000000003e-05,0.7749999999999997,-0.019791713333333332
42,0.7999999999999998,1.4271793333333335e-05,0.7999999999999998,-0.019553193333333333
43,0.8249999999999997,6.999473333333334e-05,0.8249999999999997,-0.01921014
44,0.8499999999999996,0.00016839833333333334,0.8499999999999996,-0.018668673333333333
45,0.8749999999999998,0.0004124425333333334,0.8749999999999998,-0.017787773333333333
46,0.8999999999999997,0.000806218,0.8999999999999997,-0.01641576
47,0.9249999999999998,0.001719964,0.9249999999999998,-0.014293786666666666
48,0.9499999999999997,0.0033233460000000005,0.9499999999999997,-0.011180926666666667
49,0.9749999999999996,0.005901510666666667,0.9749999999999996,-0.00693648
50,0.9999999999999998,0.008963453333333335,0.9999999999999998,-0.002673885333333333
51,1.0249999999999997,0.014301853333333335,1.0249999999999997,0.00443962
52,1.0499999999999998,0.02096126,1.0499999999999998,0.01073294
53,1.0749999999999997,0.028887193333333335,1.0749999999999997,0.02033888
54,1.0999999999999996,0.03800506666666667,1.0999999999999996,0.030753013333333336
55,1.1249999999999998,0.04812579333333333,1.1249999999999998,0.04189425333333333
56,1.1499999999999997,0.059175420000000006,1.1499999999999997,0.05377374666666667
57,1.1749999999999996,0.06946,1.1749999999999996,0.0662712
58,1.1999999999999997,0.08237086666666667,1.1999999999999997,0.07779873333333333
59,1.2249999999999996,0.09575193333333334,1.2249999999999996,0.0917858
