,S_MeO-2PAcZ_C_151223_2R_V_D,S_MeO-2PAcZ_C_151223_2R_J_D,S_MeO-2PAcZ_C_151223_2R_V_L,S_MeO-2PAcZ_C_151223_2R_J_L
0,1.25,0.06495560666666668,1.25,0.059293
1,1.225,0.05601674,1.225,0.049695586666666666
2,1.2000000000000002,0.047231833333333334,1.2000000000000002,0.04060411333333334
3,1.1750000000000003,0.03894824666666667,1.1750000000000003,0.031956526666666665
4,1.1500000000000004,0.031242926666666667,1.1500000000000004,0.02372028
5,1.1250000000000004,0.024224593333333332,1.1250000000000004,0.0159591
6,1.1000000000000005,0.01796908666666667,1.1000000000000005,0.008699373333333333
7,1.0750000000000006,0.012639166666666667,1.0750000000000006,0.0024304686666666666
8,1.0500000000000007,0.008333386666666666,1.0500000000000007,-0.0036227200000000003
9,1.0250000000000008,0.005397652,1.0250000000000008,-0.008123426666666668
10,1.0000000000000009,0.0030377993333333335,1.0000000000000009,-0.012534726666666668
11,0.975000000000001,0.0016310766666666665,0.975000000000001,-0.015795453333333334
12,0.9500000000000011,0.0008333139999999999,0.9500000000000011,-0.018063153333333335
13,0.9250000000000012,0.0004707430666666667,0.9250000000000012,-0.01952142
14,0.9000000000000012,0.00020236426666666666,0.9000000000000012,-0.020411313333333334
15,0.8750000000000013,7.490313333333334e-05,0.8750000000000013,-0.020940933333333335
16,0.8500000000000014,2.441684666666667e-05,0.8500000000000014,-0.02125118
17,0.8250000000000015,-1.4946513333333334e-05,0.8250000000000015,-0.02143334
18,0.8000000000000016,-3.395361333333334e-05,0.8000000000000016,-0.021527073333333334
19,0.7750000000000017,-4.439222e-05,0.7750000000000017,-0.021560273333333334
20,0.7500000000000018,-5.0513013333333334e-05,0.7500000000000018,-0.02154942
21,0.7250000000000019,-5.417284000000001e-05,0.7250000000000019,-0.02151920666666667
22,0.700000000000002,-5.632800000000001e-05,0.700000000000002,-0.02148698666666667
23,0.675000000000002,-5.75872e-05,0.675000000000002,-0.021465360000000003
24,0.6500000000000021,-5.832354666666667e-05,0.6500000000000021,-0.021453246666666665
25,0.6250000000000022,-5.877875333333334e-05,0.6250000000000022,-0.021448453333333336
26,0.6000000000000023,-5.9083266666666664e-05,0.6000000000000023,-0.021444233333333333
27,0.5750000000000024,-5.930750666666667e-05,0.5750000000000024,-0.021440986666666665
28,0.5500000000000025,-5.948319333333334e-05,0.5500000000000025,-0.021437173333333333
29,0.5250000000000026,-5.962670666666667e-05,0.5250000000000026,-0.021442373333333334
30,0.5000000000000027,-5.9747020000000004e-05,0.5000000000000027,-0.021448453333333336
31,0.47500000000000275,-5.985305333333333e-05,0.47500000000000275,-0.021450286666666665
32,0.45000000000000284,-5.995106000000001e-05,0.45000000000000284,-0.021453806666666665
33,0.42500000000000293,-6.0044900000000005e-05,0.42500000000000293,-0.021459813333333334
34,0.400000000000003,-6.013026666666667e-05,0.400000000000003,-0.021469480000000003
35,0.3750000000000031,-6.021088666666667e-05,0.3750000000000031,-0.021474466666666667
36,0.3500000000000032,-6.028894666666667e-05,0.3500000000000032,-0.021480826666666668
37,0.3250000000000033,-6.0368186666666664e-05,0.3250000000000033,-0.02149076
38,0.3000000000000034,-6.0438546666666666e-05,0.3000000000000034,-0.021499419999999998
39,0.27500000000000346,-6.049414666666667e-05,0.27500000000000346,-0.021512646666666666
40,0.25000000000000355,-6.057584666666667e-05,0.25000000000000355,-0.021515100000000002
41,0.22500000000000364,-6.058102e-05,0.22500000000000364,-0.021518406666666667
42,0.20000000000000373,-6.06967e-05,0.20000000000000373,-0.02153436
43,0.17500000000000382,-6.0766726666666666e-05,0.17500000000000382,-0.021543546666666667
44,0.1500000000000039,-6.0831453333333337e-05,0.1500000000000039,-0.021552846666666667
45,0.125000000000004,-6.0892626666666664e-05,0.125000000000004,-0.021561273333333335
46,0.10000000000000409,-6.09518e-05,0.10000000000000409,-0.02157944666666667
47,0.07500000000000417,-6.1010826666666666e-05,0.07500000000000417,-0.021589893333333332
48,0.05000000000000426,-6.106602e-05,0.05000000000000426,-0.021591833333333334
49,0.025000000000004352,-6.112324000000001e-05,0.025000000000004352,-0.021606946666666668
50,4.440892098500626e-15,-6.116292e-05,4.440892098500626e-15,-0.021613393333333335
51,-0.02499999999999547,-6.122277333333333e-05,-0.02499999999999547,-0.02162444
52,-0.04999999999999538,-6.126773333333333e-05,-0.04999999999999538,-0.021637326666666668
53,-0.07499999999999529,-6.130577333333333e-05,-0.07499999999999529,-0.021647566666666666
54,-0.0999999999999952,-6.132898666666667e-05,-0.0999999999999952,-0.021658346666666668
55,-0.12499999999999512,-6.135294e-05,-0.12499999999999512,-0.021660973333333333
56,-0.14999999999999503,-6.138e-05,-0.14999999999999503,-0.021675573333333333
57,-0.17499999999999494,-6.141601333333333e-05,-0.17499999999999494,-0.021687113333333334
58,-0.19999999999999485,-6.143986000000001e-05,-0.19999999999999485,-0.021687653333333334
59,-0.22499999999999476,-6.153228e-05,-0.22499999999999476,-0.02170418
