,E_Fapi5_2R_V_D,E_Fapi5_2R_J_D,E_Fapi5_2R_V_L,E_Fapi5_2R_J_L
0,1.25,0.0058702392,1.25,0.0043343135999999996
1,1.225,0.0052356392,1.225,0.0037166808000000003
2,1.2000000000000002,0.004667148,1.2000000000000002,0.0031030304000000002
3,1.1750000000000003,0.0041415335999999995,1.1750000000000003,0.0024924344
4,1.1500000000000004,0.003646916,1.1500000000000004,0.0018859264000000001
5,1.1250000000000004,0.0031831216000000003,1.1250000000000004,0.0012812512
6,1.1000000000000005,0.0027420848,1.1000000000000005,0.00067902008
7,1.0750000000000006,0.0023339327999999998,1.0750000000000006,8.289888e-05
8,1.0500000000000007,0.0019553775999999997,1.0500000000000007,-0.00050917224
9,1.0250000000000008,0.0016170607999999999,1.0250000000000008,-0.0011008063999999999
10,1.0000000000000009,0.001320072,1.0000000000000009,-0.0016960392000000002
11,0.975000000000001,0.0010674592,0.975000000000001,-0.0022804208
12,0.9500000000000011,0.0008668408000000001,0.9500000000000011,-0.0028599512
13,0.9250000000000012,0.00073031896,0.9250000000000012,-0.0034376487999999996
14,0.9000000000000012,0.00059641968,0.9000000000000012,-0.0040185376
15,0.8750000000000013,0.0005193408,0.8750000000000013,-0.0045897368
16,0.8500000000000014,0.00046140464000000005,0.8500000000000014,-0.0051591592
17,0.8250000000000015,0.00041991008,0.8250000000000015,-0.0057200528
18,0.8000000000000016,0.00039099512,0.8000000000000016,-0.0062813384
19,0.7750000000000017,0.0003655772,0.7750000000000017,-0.0068386112
20,0.7500000000000018,0.00034423504,0.7500000000000018,-0.007390575200000001
21,0.7250000000000019,0.00032497368,0.7250000000000019,-0.0079379704
22,0.700000000000002,0.00030624728,0.700000000000002,-0.008469576
23,0.675000000000002,0.00028811352,0.675000000000002,-0.009012728000000001
24,0.6500000000000021,0.0002711248,0.6500000000000021,-0.009547728
25,0.6250000000000022,0.00025441448000000004,0.6250000000000022,-0.010078336
26,0.6000000000000023,0.00023810200000000002,0.6000000000000023,-0.01060208
27,0.5750000000000024,0.00022323824,0.5750000000000024,-0.011120696
28,0.5500000000000025,0.00020507864,0.5500000000000025,-0.011632608
29,0.5250000000000026,0.00018782288,0.5250000000000026,-0.012137056
30,0.5000000000000027,0.00017269008,0.5000000000000027,-0.012634912000000002
31,0.47500000000000275,0.00016113456,0.47500000000000275,-0.013123888
32,0.45000000000000284,0.00015021456,0.45000000000000284,-0.013606199999999999
33,0.42500000000000293,0.00013959344,0.42500000000000293,-0.0140808
34,0.400000000000003,0.00012872856,0.400000000000003,-0.01454404
35,0.3750000000000031,0.00011798704000000001,0.3750000000000031,-0.014998023999999999
36,0.3500000000000032,0.00010849048,0.3500000000000032,-0.015439088
37,0.3250000000000033,9.788608000000001e-05,0.3250000000000033,-0.015870312
38,0.3000000000000034,8.705304e-05,0.3000000000000034,-0.016289144
39,0.27500000000000346,7.744396e-05,0.27500000000000346,-0.016693304
40,0.25000000000000355,6.7364152e-05,0.25000000000000355,-0.017079016
41,0.22500000000000364,5.7433615999999995e-05,0.22500000000000364,-0.017445072
42,0.20000000000000373,4.7503992e-05,0.20000000000000373,-0.017796712
43,0.17500000000000382,3.789516e-05,0.17500000000000382,-0.01812424
44,0.1500000000000039,2.8190208000000002e-05,0.1500000000000039,-0.018427624
45,0.125000000000004,1.839292e-05,0.125000000000004,-0.018705536000000002
46,0.10000000000000409,8.615936e-06,0.10000000000000409,-0.018954647999999998
47,0.07500000000000417,-1.28132e-06,0.07500000000000417,-0.019176064
48,0.05000000000000426,-1.1270984e-05,0.05000000000000426,-0.019361448
49,0.025000000000004352,-2.1266336000000002e-05,0.025000000000004352,-0.019520952
50,4.440892098500626e-15,-3.1227856e-05,4.440892098500626e-15,-0.019657024000000002
51,-0.02499999999999547,-4.1297448e-05,-0.02499999999999547,-0.01976708
52,-0.04999999999999538,-5.1318536e-05,-0.04999999999999538,-0.019854
53,-0.07499999999999529,-6.1936624e-05,-0.07499999999999529,-0.019925648
54,-0.0999999999999952,-7.2771176e-05,-0.0999999999999952,-0.019983288
55,-0.12499999999999512,-0.00048649608,-0.12499999999999512,-0.020026072
56,-0.14999999999999503,-0.00064028816,-0.14999999999999503,-0.020064512
57,-0.17499999999999494,-0.00072421224,-0.17499999999999494,-0.020095584
58,-0.19999999999999485,-0.0008526880000000001,-0.19999999999999485,-0.020121536000000002
59,-0.22499999999999476,-0.0009657015999999999,-0.22499999999999476,-0.020148024
