,E_Fapi5_2F_V_D,E_Fapi5_2F_J_D,E_Fapi5_2F_V_L,E_Fapi5_2F_J_L
0,-0.25,-0.0022579208,-0.25,-0.0032173472000000002
1,-0.225,-0.0019770872,-0.225,-0.0028784648
2,-0.2,-0.0017346960000000002,-0.2,-0.002549772
3,-0.17500000000000002,-0.0015014975999999998,-0.17500000000000002,-0.0022163432
4,-0.15000000000000002,-0.0012729088,-0.15000000000000002,-0.0018781464000000002
5,-0.12500000000000003,-0.001045996,-0.12500000000000003,-0.0015506712
6,-0.10000000000000003,-0.0008222488,-0.10000000000000003,-0.001225224
7,-0.07500000000000004,-0.00059745192,-0.07500000000000004,-0.0009013512
8,-0.050000000000000044,-0.000379414,-0.050000000000000044,-0.00057551496
9,-0.02500000000000005,-0.00016298136,-0.02500000000000005,-0.00025440512
10,-5.551115123125783e-17,5.240496000000001e-05,-5.551115123125783e-17,6.598268e-05
11,0.02499999999999991,0.00027826384,0.02499999999999991,0.00037548223999999997
12,0.04999999999999993,0.00048115232,0.04999999999999993,0.00068082992
13,0.07499999999999996,0.00066849904,0.07499999999999996,0.0009723328
14,0.09999999999999992,0.0008342496,0.09999999999999992,0.0012682280000000002
15,0.12499999999999989,0.0009942872,0.12499999999999989,0.0015267568
16,0.1499999999999999,0.0011774848,0.1499999999999999,0.001813644
17,0.17499999999999993,0.0013346048,0.17499999999999993,0.0020905632
18,0.1999999999999999,0.001539044,0.1999999999999999,0.0023746672
19,0.22499999999999987,0.001775336,0.22499999999999987,0.0026599616
20,0.2499999999999999,0.0019785408000000003,0.2499999999999999,0.0029387648
21,0.2749999999999999,0.0024921711999999997,0.2749999999999999,0.0032387328
22,0.2999999999999998,0.002675968,0.2999999999999998,0.0035118959999999996
23,0.32499999999999984,0.0029028656,0.32499999999999984,0.0037750192
24,0.34999999999999987,0.003215576,0.34999999999999987,0.0040405896
25,0.3749999999999999,0.0036816912,0.3749999999999999,0.0044579088
26,0.3999999999999999,0.0040395816,0.3999999999999999,0.004764232
27,0.4249999999999998,0.0039298768,0.4249999999999998,0.0051365352
28,0.44999999999999984,0.004029674400000001,0.44999999999999984,0.0054681424
29,0.47499999999999987,0.0043005032,0.47499999999999987,0.0057882712
30,0.4999999999999998,0.0045290336,0.4999999999999998,0.0061201496
31,0.5249999999999998,0.005076296,0.5249999999999998,0.006495527199999999
32,0.5499999999999998,0.0054122592,0.5499999999999998,0.006894056
33,0.5749999999999998,0.0057167768,0.5749999999999998,0.0073114024
34,0.5999999999999999,0.0062156256,0.5999999999999999,0.0076928776
35,0.6249999999999998,0.0065078663999999994,0.6249999999999998,0.008087336
36,0.6499999999999998,0.006783813599999999,0.6499999999999998,0.008444351999999999
37,0.6749999999999998,0.007374037599999999,0.6749999999999998,0.008786456
38,0.6999999999999997,0.007729796,0.6999999999999997,0.00918732
39,0.7249999999999998,0.008353848,0.7249999999999998,0.00959856
40,0.7499999999999998,0.009008344,0.7499999999999998,0.010075176
41,0.7749999999999997,0.009436792,0.7749999999999997,0.010546904
42,0.7999999999999998,0.009993344,0.7999999999999998,0.011065311999999999
43,0.8249999999999997,0.01061936,0.8249999999999997,0.011491664
44,0.8499999999999996,0.010934664,0.8499999999999996,0.01192556
45,0.8749999999999998,0.011539096,0.8749999999999998,0.012373855999999999
46,0.8999999999999997,0.012081472,0.8999999999999997,0.012941032
47,0.9249999999999998,0.012445552,0.9249999999999998,0.013479608
48,0.9499999999999997,0.013070224,0.9499999999999997,0.013809248
49,0.9749999999999996,0.013532848,0.9749999999999996,0.014299616000000001
50,0.9999999999999998,0.014329072000000002,0.9999999999999998,0.014934752
51,1.0249999999999997,0.014900816,1.0249999999999997,0.015488504
52,1.0499999999999998,0.015713664,1.0499999999999998,0.015905664
53,1.0749999999999997,0.016280344,1.0749999999999997,0.016560832
54,1.0999999999999996,0.017232912,1.0999999999999996,0.017216792
55,1.1249999999999998,0.017789368,1.1249999999999998,0.017858936
56,1.1499999999999997,0.01832608,1.1499999999999997,0.018382288
57,1.1749999999999996,0.0189036,1.1749999999999996,0.019036632
58,1.1999999999999997,0.019480096,1.1999999999999997,0.019469128
59,1.2249999999999996,0.020040928,1.2249999999999996,0.020032048
