,E_Fapi5_2F_V_D,E_Fapi5_2F_J_D,E_Fapi5_2F_V_L,E_Fapi5_2F_J_L
0,-0.25,-4.1691416e-05,-0.25,-0.021338904
1,-0.225,-3.9246791999999996e-05,-0.225,-0.02118956
2,-0.2,-3.7224792e-05,-0.2,-0.020961888
3,-0.17500000000000002,-3.1166008e-05,-0.17500000000000002,-0.020803552
4,-0.15000000000000002,-2.6687903999999997e-05,-0.15000000000000002,-0.020682584
5,-0.12500000000000003,-2.1851016000000002e-05,-0.12500000000000003,-0.02058392
6,-0.10000000000000003,-1.7078592e-05,-0.10000000000000003,-0.020499904
7,-0.07500000000000004,-1.2466191999999999e-05,-0.07500000000000004,-0.020440016
8,-0.050000000000000044,-7.783715199999999e-06,-0.050000000000000044,-0.020407352
9,-0.02500000000000005,-3.4720527999999996e-06,-0.02500000000000005,-0.020465439999999998
10,-5.551115123125783e-17,6.2236488e-07,-5.551115123125783e-17,-0.020446856
11,0.02499999999999991,4.539441599999999e-06,0.02499999999999991,-0.020422656
12,0.04999999999999993,8.312456e-06,0.04999999999999993,-0.020399519999999997
13,0.07499999999999996,1.2312991999999999e-05,0.07499999999999996,-0.020379696
14,0.09999999999999992,1.6188688e-05,0.09999999999999992,-0.020357408
15,0.12499999999999989,2.0141688e-05,0.12499999999999989,-0.020335416000000002
16,0.1499999999999999,2.4493456e-05,0.1499999999999999,-0.020306792
17,0.17499999999999993,2.8714472e-05,0.17499999999999993,-0.0202864
18,0.1999999999999999,3.3413768e-05,0.1999999999999999,-0.020261464
19,0.22499999999999987,3.8711136e-05,0.22499999999999987,-0.02022884
20,0.2499999999999999,4.5122296e-05,0.2499999999999999,-0.02020128
21,0.2749999999999999,5.170388e-05,0.2749999999999999,-0.020167768
22,0.2999999999999998,5.8155336e-05,0.2999999999999998,-0.020131896
23,0.32499999999999984,6.455444e-05,0.32499999999999984,-0.020095592000000002
24,0.34999999999999987,7.4662888e-05,0.34999999999999987,-0.020054040000000002
25,0.3749999999999999,8.045848e-05,0.3749999999999999,-0.020007528
26,0.3999999999999999,8.564496e-05,0.3999999999999999,-0.01995748
27,0.4249999999999998,9.112544000000001e-05,0.4249999999999998,-0.019898312
28,0.44999999999999984,9.742016000000001e-05,0.44999999999999984,-0.019829991999999998
29,0.47499999999999987,0.00010297831999999998,0.47499999999999987,-0.019742552
30,0.4999999999999998,0.00010901559999999999,0.4999999999999998,-0.01965216
31,0.5249999999999998,0.00011466344,0.5249999999999998,-0.01953428
32,0.5499999999999998,0.00012183535999999999,0.5499999999999998,-0.019385744
33,0.5749999999999998,0.00012796512,0.5749999999999998,-0.019191968
34,0.5999999999999999,0.00013313592,0.5999999999999999,-0.018966464
35,0.6249999999999998,0.0001392636,0.6249999999999998,-0.018688695999999998
36,0.6499999999999998,0.00014964112,0.6499999999999998,-0.01834056
37,0.6749999999999998,0.00015803232,0.6749999999999998,-0.017913672
38,0.6999999999999997,0.00019827272,0.6999999999999997,-0.017407048
39,0.7249999999999998,0.00020042431999999999,0.7249999999999998,-0.016811624
40,0.7499999999999998,0.00021050904,0.7499999999999998,-0.016113432
41,0.7749999999999997,0.00024400608,0.7749999999999997,-0.01531128
42,0.7999999999999998,0.00027035216000000003,0.7999999999999998,-0.014408048000000001
43,0.8249999999999997,0.00032614072,0.8249999999999997,-0.013405400000000001
44,0.8499999999999996,0.00041293663999999997,0.8499999999999996,-0.012293904
45,0.8749999999999998,0.00056211312,0.8749999999999998,-0.011083912
46,0.8999999999999997,0.0007889530400000001,0.8999999999999997,-0.00976916
47,0.9249999999999998,0.0010586567999999999,0.9249999999999998,-0.008364647999999999
48,0.9499999999999997,0.0015694840000000001,0.9499999999999997,-0.0070763648
49,0.9749999999999996,0.0021942904,0.9749999999999996,-0.0053767
50,0.9999999999999998,0.0029777927999999998,0.9999999999999998,-0.003662468
51,1.0249999999999997,0.0039244056,1.0249999999999997,-0.0018879104000000002
52,1.0499999999999998,0.0050393176,1.0499999999999998,-0.0002659924
53,1.0749999999999997,0.0063079,1.0749999999999997,0.0016377920000000001
54,1.0999999999999996,0.0077317632,1.0999999999999996,0.0036944751999999997
55,1.1249999999999998,0.009206288,1.1249999999999998,0.0057618928
56,1.1499999999999997,0.010936640000000001,1.1499999999999997,0.0078727368
57,1.1749999999999996,0.012749688,1.1749999999999996,0.009987288
58,1.1999999999999997,0.014659440000000001,1.1999999999999997,0.012224839999999999
59,1.2249999999999996,0.016661752,1.2249999999999996,0.014494224
