,O8_5R_V_D,O8_5R_J_D,O8_5R_V_L,O8_5R_J_L
0,1.3,0.0118771,1.3,0.012397726666666668
1,1.2750000000000001,0.012149666666666666,1.2750000000000001,0.01250472
2,1.2500000000000002,0.011903866666666667,1.2500000000000002,0.01203396
3,1.2250000000000003,0.011384013333333333,1.2250000000000003,0.011286560000000001
4,1.2000000000000004,0.01070608,1.2000000000000004,0.01039022
5,1.1750000000000005,0.00992866,1.1750000000000005,0.009418026666666668
6,1.1500000000000006,0.009116946666666667,1.1500000000000006,0.008401246666666667
7,1.1250000000000007,0.00828026,1.1250000000000007,0.0073598733333333334
8,1.1000000000000008,0.007457773333333333,1.1000000000000008,0.006332217333333334
9,1.0750000000000008,0.006613249333333334,1.0750000000000008,0.005314908
10,1.050000000000001,0.005880033333333334,1.050000000000001,0.004311552666666667
11,1.025000000000001,0.005179052666666667,1.025000000000001,0.0033280653333333334
12,1.000000000000001,0.004525780666666667,1.000000000000001,0.0023683373333333335
13,0.9750000000000012,0.00392851,0.9750000000000012,0.001442896
14,0.9500000000000013,0.0033875593333333336,0.9500000000000013,0.0005936499333333334
15,0.9250000000000014,0.002906024,0.9250000000000014,-0.0003100820666666667
16,0.9000000000000015,0.0024776286666666667,0.9000000000000015,-0.0010786273333333333
17,0.8750000000000016,0.0021024153333333334,0.8750000000000016,-0.001914264
18,0.8500000000000016,0.0017759986666666667,0.8500000000000016,-0.002659138
19,0.8250000000000017,0.00149383,0.8250000000000017,-0.0033671806666666667
20,0.8000000000000018,0.0012498086666666668,0.8000000000000018,-0.004038546666666667
21,0.7750000000000019,0.0010418606666666667,0.7750000000000019,-0.004669307333333333
22,0.750000000000002,0.0008645866666666667,0.750000000000002,-0.005275248
23,0.7250000000000021,0.000714728,0.7250000000000021,-0.005842617333333334
24,0.7000000000000022,0.0005843844666666666,0.7000000000000022,-0.006376682000000001
25,0.6750000000000023,0.00047332940000000006,0.6750000000000023,-0.006883773333333333
26,0.6500000000000024,0.00038822373333333333,0.6500000000000024,-0.00724878
27,0.6250000000000024,0.0003182730666666667,0.6250000000000024,-0.007717206666666667
28,0.6000000000000025,0.0002599464,0.6000000000000025,-0.008157926666666667
29,0.5750000000000026,0.00021206006666666668,0.5750000000000026,-0.0085634
30,0.5500000000000027,0.00017230593333333332,0.5500000000000027,-0.008940380000000001
31,0.5250000000000028,0.00014053659999999999,0.5250000000000028,-0.009291146666666668
32,0.5000000000000029,0.00011463686666666667,0.5000000000000029,-0.00962224
33,0.475000000000003,9.342560000000001e-05,0.475000000000003,-0.009930593333333333
34,0.45000000000000306,7.58312e-05,0.45000000000000306,-0.01021882
35,0.42500000000000315,6.265602666666667e-05,0.42500000000000315,-0.010488893333333334
36,0.40000000000000324,4.925516e-05,0.40000000000000324,-0.01074164
37,0.37500000000000333,3.997349333333333e-05,0.37500000000000333,-0.010987506666666667
38,0.3500000000000034,3.230018666666667e-05,0.3500000000000034,-0.011203933333333334
39,0.3250000000000035,2.5837e-05,0.3250000000000035,-0.011411533333333335
40,0.3000000000000036,2.027112e-05,0.3000000000000036,-0.011610193333333333
41,0.2750000000000037,1.5451006666666668e-05,0.2750000000000037,-0.011790586666666667
42,0.2500000000000038,1.156864e-05,0.2500000000000038,-0.01197002
43,0.22500000000000386,8.186153333333333e-06,0.22500000000000386,-0.012121653333333333
44,0.20000000000000395,7.4937866666666664e-06,0.20000000000000395,-0.012289826666666667
45,0.17500000000000404,4.976755333333334e-06,0.17500000000000404,-0.012437693333333335
46,0.15000000000000413,1.5071746666666668e-06,0.15000000000000413,-0.01258096
47,0.12500000000000422,-9.171766666666667e-07,0.12500000000000422,-0.012712173333333333
48,0.10000000000000431,-3.0204473333333333e-06,0.10000000000000431,-0.012837653333333334
49,0.0750000000000044,-4.757032e-06,0.0750000000000044,-0.012958186666666668
50,0.050000000000004485,-6.2985413333333335e-06,0.050000000000004485,-0.013083786666666668
51,0.025000000000004574,-6.997573333333334e-06,0.025000000000004574,-0.013187346666666665
52,4.6629367034256575e-15,-6.059749333333334e-06,4.6629367034256575e-15,-0.013292506666666667
53,-0.024999999999995248,-8.510206666666666e-06,-0.024999999999995248,-0.013388360000000002
54,-0.04999999999999516,-1.0115440000000001e-05,-0.04999999999999516,-0.013489679999999999
55,-0.07499999999999507,-1.1545566666666667e-05,-0.07499999999999507,-0.01357384
56,-0.09999999999999498,-1.2916700000000001e-05,-0.09999999999999498,-0.01366042
57,-0.12499999999999489,-1.4183433333333336e-05,-0.12499999999999489,-0.013741573333333335
58,-0.1499999999999948,-1.55264e-05,-0.1499999999999948,-0.013821893333333333
59,-0.17499999999999472,-1.7131493333333334e-05,-0.17499999999999472,-0.013897326666666666
60,-0.19999999999999463,-1.8520553333333335e-05,-0.19999999999999463,-0.013960866666666667
61,-0.22499999999999454,-2.011156e-05,-0.22499999999999454,-0.01403178
62,-0.24999999999999445,-2.1602446666666667e-05,-0.24999999999999445,-0.014097700000000001
63,-0.27499999999999436,-2.3120113333333334e-05,-0.27499999999999436,-0.014166606666666668
