,O8_5R_V_D,O8_5R_J_D,O8_5R_V_L,O8_5R_J_L
0,1.3,0.016611006666666667,1.3,0.019153026666666666
1,1.2750000000000001,0.017603806666666666,1.2750000000000001,0.019534193333333335
2,1.2500000000000002,0.017483426666666666,1.2500000000000002,0.018888873333333334
3,1.2250000000000003,0.01692334666666667,1.2250000000000003,0.017875460000000003
4,1.2000000000000004,0.01611134666666667,1.2000000000000004,0.016686853333333335
5,1.1750000000000005,0.015112720000000001,1.1750000000000005,0.015413306666666668
6,1.1500000000000006,0.014034126666666667,1.1500000000000006,0.014097440000000001
7,1.1250000000000007,0.0129423,1.1250000000000007,0.012793446666666668
8,1.1000000000000008,0.011831193333333333,1.1000000000000008,0.011497246666666667
9,1.0750000000000008,0.010737093333333335,1.0750000000000008,0.01022204
10,1.050000000000001,0.00968418,1.050000000000001,0.008985960000000001
11,1.025000000000001,0.008690153333333334,1.025000000000001,0.007785306666666667
12,1.000000000000001,0.007751646666666667,1.000000000000001,0.006573781333333334
13,0.9750000000000012,0.006877053333333333,0.9750000000000012,0.005507222666666667
14,0.9500000000000013,0.005984424666666667,0.9500000000000013,0.004467408666666667
15,0.9250000000000014,0.005300991333333334,0.9250000000000014,0.0034762746666666673
16,0.9000000000000015,0.004666777333333334,0.9000000000000015,0.0025341113333333335
17,0.8750000000000016,0.004086204666666668,0.8750000000000016,0.0016201393333333334
18,0.8500000000000016,0.003563822,0.8500000000000016,0.0007607426666666668
19,0.8250000000000017,0.0031001600000000002,0.8250000000000017,-1.6269853333333333e-05
20,0.8000000000000018,0.002686402,0.8000000000000018,-0.0008150246666666668
21,0.7750000000000019,0.002321974666666667,0.7750000000000019,-0.0015761866666666668
22,0.750000000000002,0.0020042600000000003,0.750000000000002,-0.00226728
23,0.7250000000000021,0.0017274193333333336,0.7250000000000021,-0.002914476
24,0.7000000000000022,0.0014855093333333335,0.7000000000000022,-0.0035213573333333333
25,0.6750000000000023,0.001274262,0.6750000000000023,-0.004100168666666668
26,0.6500000000000024,0.0010940533333333334,0.6500000000000024,-0.004641716
27,0.6250000000000024,0.0009414766666666668,0.6250000000000024,-0.005157072
28,0.6000000000000025,0.0008091233333333334,0.6000000000000025,-0.005641573333333334
29,0.5750000000000026,0.000695338,0.5750000000000026,-0.0061008446666666665
30,0.5500000000000027,0.0005894386666666667,0.5500000000000027,-0.006534180666666667
31,0.5250000000000028,0.0005057932666666667,0.5250000000000028,-0.006942366666666667
32,0.5000000000000029,0.00043140146666666667,0.5000000000000029,-0.0072488733333333335
33,0.475000000000003,0.00037285613333333333,0.475000000000003,-0.00760578
34,0.45000000000000306,0.00032048866666666665,0.45000000000000306,-0.007959466666666666
35,0.42500000000000315,0.00027683353333333337,0.42500000000000315,-0.008288360000000002
36,0.40000000000000324,0.00023827520000000002,0.40000000000000324,-0.0085948
37,0.37500000000000333,0.00020405533333333337,0.37500000000000333,-0.008886413333333334
38,0.3500000000000034,0.00017358366666666666,0.3500000000000034,-0.009162120000000001
39,0.3250000000000035,0.00014809973333333335,0.3250000000000035,-0.009414360000000002
40,0.3000000000000036,0.00012707893333333334,0.3000000000000036,-0.009647553333333333
41,0.2750000000000037,0.00010712206666666668,0.2750000000000037,-0.00987366
42,0.2500000000000038,8.749953333333334e-05,0.2500000000000038,-0.010092693333333333
43,0.22500000000000386,7.186833333333334e-05,0.22500000000000386,-0.010269453333333334
44,0.20000000000000395,5.946702666666667e-05,0.20000000000000395,-0.010469433333333333
45,0.17500000000000404,4.536068666666667e-05,0.17500000000000404,-0.010651406666666667
46,0.15000000000000413,3.3922193333333336e-05,0.15000000000000413,-0.010819566666666667
47,0.12500000000000422,2.3959913333333336e-05,0.12500000000000422,-0.010979273333333333
48,0.10000000000000431,1.4234920000000001e-05,0.10000000000000431,-0.011129346666666666
49,0.0750000000000044,9.316106666666666e-06,0.0750000000000044,-0.01127246
50,0.050000000000004485,2.001398e-06,0.050000000000004485,-0.011406426666666667
51,0.025000000000004574,-6.609157333333334e-06,0.025000000000004574,-0.011542646666666666
52,4.6629367034256575e-15,-1.0806686666666667e-05,4.6629367034256575e-15,-0.0116606
53,-0.024999999999995248,-1.914402e-05,-0.024999999999995248,-0.011770880000000001
54,-0.04999999999999516,-2.6237033333333336e-05,-0.04999999999999516,-0.011882226666666667
55,-0.07499999999999507,-3.3214013333333336e-05,-0.07499999999999507,-0.011992866666666668
56,-0.09999999999999498,-4.1052433333333334e-05,-0.09999999999999498,-0.012086006666666668
57,-0.12499999999999489,-4.475124666666667e-05,-0.12499999999999489,-0.012178386666666667
58,-0.1499999999999948,-5.448685333333333e-05,-0.1499999999999948,-0.012270813333333335
59,-0.17499999999999472,-6.466614666666667e-05,-0.17499999999999472,-0.012358686666666667
60,-0.19999999999999463,-7.377526666666667e-05,-0.19999999999999463,-0.012436160000000002
61,-0.22499999999999454,-8.873906666666667e-05,-0.22499999999999454,-0.012520400000000001
62,-0.24999999999999445,-0.00010320360000000001,-0.24999999999999445,-0.012597373333333333
63,-0.27499999999999436,-0.0012000326666666667,-0.27499999999999436,-0.012675913333333334
