,O8_5F_V_D,O8_5F_J_D,O8_5F_V_L,O8_5F_J_L
0,-0.3,-0.0010132466666666667,-0.3,-0.018374733333333334
1,-0.27499999999999997,-0.0009705946666666666,-0.27499999999999997,-0.020977946666666667
2,-0.24999999999999994,-0.0008478040000000001,-0.24999999999999994,-0.01933068666666667
3,-0.22499999999999992,-0.0007234673333333334,-0.22499999999999992,-0.017699273333333335
4,-0.1999999999999999,-0.0006293296666666667,-0.1999999999999999,-0.016678873333333333
5,-0.17499999999999988,-0.0005457646,-0.17499999999999988,-0.014960480000000002
6,-0.14999999999999986,-0.0004658567333333334,-0.14999999999999986,-0.013217833333333335
7,-0.12499999999999983,-0.0003830508,-0.12499999999999983,-0.011979386666666668
8,-0.09999999999999981,-0.00030230653333333335,-0.09999999999999981,-0.011014880000000001
9,-0.07499999999999979,-0.0002206898,-0.07499999999999979,-0.0101693
10,-0.04999999999999977,-0.0001410376,-0.04999999999999977,-0.009423846666666668
11,-0.024999999999999745,-6.297962666666667e-05,-0.024999999999999745,-0.008742273333333333
12,2.7755575615628914e-16,1.717278e-05,2.7755575615628914e-16,-0.008101213333333334
13,0.0250000000000003,5.2272026666666664e-06,0.0250000000000003,-0.00751046
14,0.05000000000000032,8.693893333333334e-06,0.05000000000000032,-0.007056806666666667
15,0.07500000000000034,1.3447640000000001e-05,0.07500000000000034,-0.006771946666666666
16,0.10000000000000037,1.7746873333333334e-05,0.10000000000000037,-0.008321553333333334
17,0.1250000000000004,2.2802813333333333e-05,0.1250000000000004,-0.007684533333333333
18,0.1500000000000004,2.850954666666667e-05,0.1500000000000004,-0.00734814
19,0.17500000000000043,3.501676666666667e-05,0.17500000000000043,-0.007033500000000001
20,0.20000000000000046,4.259814666666667e-05,0.20000000000000046,-0.006693506666666667
21,0.22500000000000048,5.184875333333333e-05,0.22500000000000048,-0.006946266666666668
22,0.2500000000000005,6.179814e-05,0.2500000000000005,-0.006340131333333334
23,0.2750000000000005,8.0008e-05,0.2750000000000005,-0.006002833333333334
24,0.30000000000000054,9.52582e-05,0.30000000000000054,-0.005664961333333334
25,0.32500000000000057,0.000112629,0.32500000000000057,-0.005332616
26,0.3500000000000006,0.00013222946666666666,0.3500000000000006,-0.004990919333333334
27,0.3750000000000006,0.0001566006,0.3750000000000006,-0.004680333333333333
28,0.40000000000000063,0.00018217733333333335,0.40000000000000063,-0.004326593333333333
29,0.42500000000000066,0.0002150086,0.42500000000000066,-0.003935910666666667
30,0.4500000000000007,0.0002528085333333333,0.4500000000000007,-0.003625848
31,0.4750000000000007,0.00029718160000000003,0.4750000000000007,-0.0033435686666666666
32,0.5000000000000007,0.0003483179333333333,0.5000000000000007,-0.003013236
33,0.5250000000000008,0.0004110884,0.5250000000000008,-0.0026839006666666667
34,0.5500000000000007,0.0004797119333333334,0.5500000000000007,-0.002328278
35,0.5750000000000008,0.0005587047333333333,0.5750000000000008,-0.0018828806666666665
36,0.6000000000000008,0.0006530754666666667,0.6000000000000008,-0.0012186546666666668
37,0.6250000000000009,0.0008385213333333333,0.6250000000000009,-0.0007567653333333333
38,0.6500000000000008,0.0009496346666666667,0.6500000000000008,-0.0005500281333333333
39,0.6750000000000009,0.0010906606666666668,0.6750000000000009,0.00021308653333333333
40,0.7000000000000008,0.0012513966666666666,0.7000000000000008,0.0006509130666666667
41,0.7250000000000008,0.0014284053333333334,0.7250000000000008,-5.1041060000000006e-05
42,0.7500000000000009,0.0016309653333333337,0.7500000000000009,0.0005526644
43,0.775000000000001,0.0018696520000000003,0.775000000000001,0.0012038793333333335
44,0.8000000000000009,0.0021539946666666665,0.8000000000000009,0.001958712666666667
45,0.8250000000000008,0.0024665746666666668,0.8250000000000008,0.0027397386666666666
46,0.850000000000001,0.0028284513333333336,0.850000000000001,0.00357478
47,0.8750000000000011,0.003252832,0.8750000000000011,0.004483549333333334
48,0.900000000000001,0.0037379993333333333,0.900000000000001,0.005477324
49,0.9250000000000009,0.0043149673333333334,0.9250000000000009,0.006570109333333333
50,0.9500000000000011,0.004999265333333333,0.9500000000000011,0.008148653333333334
51,0.9750000000000012,0.005816236,0.9750000000000012,0.009437480000000002
52,1.000000000000001,0.007566273333333333,1.000000000000001,0.010859626666666667
53,1.025000000000001,0.008640673333333335,1.025000000000001,0.012428746666666667
54,1.0500000000000012,0.00997424,1.0500000000000012,0.014133766666666667
55,1.0750000000000013,0.0115446,1.0750000000000013,0.015987153333333334
56,1.1000000000000012,0.013332146666666668,1.1000000000000012,0.017977553333333333
57,1.125000000000001,0.01534616,1.125000000000001,0.020115833333333336
58,1.1500000000000012,0.017572753333333337,1.1500000000000012,0.022369906666666668
59,1.1750000000000014,0.020049006666666667,1.1750000000000014,0.024773566666666667
60,1.2000000000000013,0.02265338,1.2000000000000013,0.027307146666666667
61,1.2250000000000012,0.02542316,1.2250000000000012,0.029956600000000003
62,1.2500000000000013,0.02834573333333333,1.2500000000000013,0.03271707333333334
63,1.2750000000000015,0.031387406666666666,1.2750000000000015,0.035592860000000004
