,O8_5R_V_D,O8_5R_J_D,O8_5R_V_L,O8_5R_J_L
0,1.3,0.00990042,1.3,0.010671300000000002
1,1.2750000000000001,0.010191640000000002,1.2750000000000001,0.010897693333333333
2,1.2500000000000002,0.010069680000000001,1.2500000000000002,0.0105804
3,1.2250000000000003,0.009718366666666667,1.2250000000000003,0.009996793333333334
4,1.2000000000000004,0.009229126666666667,1.2000000000000004,0.009281693333333334
5,1.1750000000000005,0.008626526666666667,1.1750000000000005,0.00848248
6,1.1500000000000006,0.00798748,1.1500000000000006,0.007633539999999999
7,1.1250000000000007,0.007317573333333333,1.1250000000000007,0.00675582
8,1.1000000000000008,0.006638860666666667,1.1000000000000008,0.005885652000000001
9,1.0750000000000008,0.006003151333333333,1.0750000000000008,0.005001502666666667
10,1.050000000000001,0.005377982666666667,1.050000000000001,0.004121824666666667
11,1.025000000000001,0.004773921333333334,1.025000000000001,0.00325252
12,1.000000000000001,0.004207718666666666,1.000000000000001,0.0023935473333333334
13,0.9750000000000012,0.0036870726666666663,0.9750000000000012,0.0015509973333333333
14,0.9500000000000013,0.00321783,0.9500000000000013,0.0007343006666666668
15,0.9250000000000014,0.002792788,0.9250000000000014,-4.353032666666667e-05
16,0.9000000000000015,0.002413293333333333,0.9000000000000015,-0.0008117526666666666
17,0.8750000000000016,0.002077264666666667,0.8750000000000016,-0.0016001400000000001
18,0.8500000000000016,0.001778336666666667,0.8500000000000016,-0.002313138
19,0.8250000000000017,0.0015186846666666667,0.8250000000000017,-0.0030023846666666666
20,0.8000000000000018,0.0012902913333333334,0.8000000000000018,-0.0036520473333333334
21,0.7750000000000019,0.0010957573333333335,0.7750000000000019,-0.004274696666666667
22,0.750000000000002,0.00092592,0.750000000000002,-0.0048686
23,0.7250000000000021,0.0007819146666666667,0.7250000000000021,-0.005432976
24,0.7000000000000022,0.0006502743333333334,0.7000000000000022,-0.0059662866666666675
25,0.6750000000000023,0.000540897,0.6750000000000023,-0.006478506
26,0.6500000000000024,0.0004546424,0.6500000000000024,-0.006949346666666667
27,0.6250000000000024,0.00038389866666666667,0.6250000000000024,-0.007308553333333334
28,0.6000000000000025,0.0003217742,0.6000000000000025,-0.007749953333333333
29,0.5750000000000026,0.00027235013333333334,0.5750000000000026,-0.008172786666666668
30,0.5500000000000027,0.00022630226666666667,0.5500000000000027,-0.008564726666666666
31,0.5250000000000028,0.00019021273333333334,0.5250000000000028,-0.008924846666666668
32,0.5000000000000029,0.00016049886666666668,0.5000000000000029,-0.00927704
33,0.475000000000003,0.0001326796,0.475000000000003,-0.00958702
34,0.45000000000000306,0.00011555226666666667,0.45000000000000306,-0.009885433333333334
35,0.42500000000000315,9.46096e-05,0.42500000000000315,-0.0101682
36,0.40000000000000324,8.370493333333333e-05,0.40000000000000324,-0.010438286666666668
37,0.37500000000000333,7.06704e-05,0.37500000000000333,-0.01067976
38,0.3500000000000034,6.114926000000001e-05,0.3500000000000034,-0.010911720000000001
39,0.3250000000000035,5.077022666666667e-05,0.3250000000000035,-0.011126266666666667
40,0.3000000000000036,4.281582e-05,0.3000000000000036,-0.01133292
41,0.2750000000000037,3.2886880000000004e-05,0.2750000000000037,-0.011527306666666667
42,0.2500000000000038,2.4839413333333333e-05,0.2500000000000038,-0.011708186666666667
43,0.22500000000000386,1.9585753333333333e-05,0.22500000000000386,-0.011867246666666668
44,0.20000000000000395,1.496054e-05,0.20000000000000395,-0.012042073333333334
45,0.17500000000000404,1.0125626666666666e-05,0.17500000000000404,-0.012205066666666667
46,0.15000000000000413,8.226893333333335e-06,0.15000000000000413,-0.0123457
47,0.12500000000000422,5.301150666666666e-06,0.12500000000000422,-0.012480593333333333
48,0.10000000000000431,1.6398039999999999e-06,0.10000000000000431,-0.012613520000000001
49,0.0750000000000044,-1.306526e-06,0.0750000000000044,-0.01274794
50,0.050000000000004485,-4.1936973333333334e-06,0.050000000000004485,-0.012858620000000001
51,0.025000000000004574,-6.7474800000000005e-06,0.025000000000004574,-0.01297276
52,4.6629367034256575e-15,-7.209760000000001e-06,4.6629367034256575e-15,-0.013085033333333334
53,-0.024999999999995248,-1.0794713333333334e-05,-0.024999999999995248,-0.013186300000000001
54,-0.04999999999999516,-1.362314e-05,-0.04999999999999516,-0.013286673333333334
55,-0.07499999999999507,-1.5489993333333333e-05,-0.07499999999999507,-0.01338382
56,-0.09999999999999498,-1.784268666666667e-05,-0.09999999999999498,-0.013476206666666669
57,-0.12499999999999489,-2.1881180000000002e-05,-0.12499999999999489,-0.013563673333333333
58,-0.1499999999999948,-2.4555166666666668e-05,-0.1499999999999948,-0.01364722
59,-0.17499999999999472,-2.7348373333333337e-05,-0.17499999999999472,-0.013728813333333334
60,-0.19999999999999463,-2.819308e-05,-0.19999999999999463,-0.013798233333333335
61,-0.22499999999999454,-3.0598806666666665e-05,-0.22499999999999454,-0.013876840000000001
62,-0.24999999999999445,-3.370777333333334e-05,-0.24999999999999445,-0.013952653333333336
63,-0.27499999999999436,-3.796508666666667e-05,-0.27499999999999436,-0.014015946666666666
