,O8_5R_V_D,O8_5R_J_D,O8_5R_V_L,O8_5R_J_L
0,1.3,0.010984693333333333,1.3,0.011916146666666667
1,1.2750000000000001,0.011239313333333334,1.2750000000000001,0.012179213333333333
2,1.2500000000000002,0.011075366666666668,1.2500000000000002,0.011822786666666666
3,1.2250000000000003,0.010659326666666667,1.2250000000000003,0.01116276
4,1.2000000000000004,0.01010296,1.2000000000000004,0.010347786666666667
5,1.1750000000000005,0.009440293333333334,1.1750000000000005,0.009456933333333334
6,1.1500000000000006,0.00872976,1.1500000000000006,0.008516693333333334
7,1.1250000000000007,0.007994086666666667,1.1250000000000007,0.007551706666666666
8,1.1000000000000008,0.007263433333333335,1.1000000000000008,0.006588478666666667
9,1.0750000000000008,0.00650795,1.0750000000000008,0.005639066
10,1.050000000000001,0.005841156,1.050000000000001,0.004690259333333334
11,1.025000000000001,0.005199079333333333,1.025000000000001,0.003754320666666667
12,1.000000000000001,0.004590662666666667,1.000000000000001,0.002840239333333333
13,0.9750000000000012,0.004033170666666667,0.9750000000000012,0.001951562
14,0.9500000000000013,0.0035290273333333337,0.9500000000000013,0.0010938446666666668
15,0.9250000000000014,0.0030692973333333335,0.9250000000000014,0.0003075742666666667
16,0.9000000000000015,0.002653448666666667,0.9000000000000015,-0.0005441296666666667
17,0.8750000000000016,0.0022874326666666666,0.8750000000000016,-0.0012624586666666667
18,0.8500000000000016,0.0019637193333333336,0.8500000000000016,-0.0020431913333333338
19,0.8250000000000017,0.0016841186666666668,0.8250000000000017,-0.0027427826666666668
20,0.8000000000000018,0.001435892,0.8000000000000018,-0.0034118973333333337
21,0.7750000000000019,0.0012213953333333335,0.7750000000000019,-0.00405212
22,0.750000000000002,0.00103558,0.750000000000002,-0.004648304666666667
23,0.7250000000000021,0.0008735626666666668,0.7250000000000021,-0.005222348000000001
24,0.7000000000000022,0.000736364,0.7000000000000022,-0.005761375333333333
25,0.6750000000000023,0.0006157114666666667,0.6750000000000023,-0.006284568000000001
26,0.6500000000000024,0.0005160286000000001,0.6500000000000024,-0.006761473333333334
27,0.6250000000000024,0.0004344132,0.6250000000000024,-0.00711552
28,0.6000000000000025,0.00036623773333333335,0.6000000000000025,-0.007564846666666667
29,0.5750000000000026,0.00030911873333333334,0.5750000000000026,-0.007990306666666667
30,0.5500000000000027,0.000261228,0.5500000000000027,-0.008387673333333335
31,0.5250000000000028,0.00022198793333333332,0.5250000000000028,-0.008747426666666667
32,0.5000000000000029,0.0001875768,0.5000000000000029,-0.009100246666666667
33,0.475000000000003,0.0001594172666666667,0.475000000000003,-0.009411833333333335
34,0.45000000000000306,0.000134971,0.45000000000000306,-0.009713226666666666
35,0.42500000000000315,0.00011464853333333334,0.42500000000000315,-0.009995893333333334
36,0.40000000000000324,0.00010061733333333334,0.40000000000000324,-0.010255813333333334
37,0.37500000000000333,8.47872e-05,0.37500000000000333,-0.010509526666666668
38,0.3500000000000034,7.206740000000001e-05,0.3500000000000034,-0.010742286666666668
39,0.3250000000000035,6.203850666666666e-05,0.3250000000000035,-0.010963133333333335
40,0.3000000000000036,5.130734666666667e-05,0.3000000000000036,-0.011168113333333334
41,0.2750000000000037,4.229587333333334e-05,0.2750000000000037,-0.011363073333333334
42,0.2500000000000038,3.499009333333333e-05,0.2500000000000038,-0.01154718
43,0.22500000000000386,2.8360606666666667e-05,0.22500000000000386,-0.0117032
44,0.20000000000000395,2.22963e-05,0.20000000000000395,-0.011879386666666667
45,0.17500000000000404,1.671554e-05,0.17500000000000404,-0.012043906666666666
46,0.15000000000000413,1.1860473333333334e-05,0.15000000000000413,-0.01218516
47,0.12500000000000422,7.122393333333333e-06,0.12500000000000422,-0.012321393333333333
48,0.10000000000000431,4.496896666666666e-06,0.10000000000000431,-0.01245706
49,0.0750000000000044,-4.044728e-07,0.0750000000000044,-0.012579006666666667
50,0.050000000000004485,-4.2074486666666665e-06,0.050000000000004485,-0.01270274
51,0.025000000000004574,-6.997573333333334e-06,0.025000000000004574,-0.01281582
52,4.6629367034256575e-15,-8.524913333333334e-06,4.6629367034256575e-15,-0.012926873333333333
53,-0.024999999999995248,-1.2769433333333335e-05,-0.024999999999995248,-0.013031286666666668
54,-0.04999999999999516,-1.6341073333333334e-05,-0.04999999999999516,-0.013132913333333334
55,-0.07499999999999507,-1.9642873333333334e-05,-0.07499999999999507,-0.013227053333333334
56,-0.09999999999999498,-2.3187173333333333e-05,-0.09999999999999498,-0.013320493333333332
57,-0.12499999999999489,-2.6880546666666667e-05,-0.12499999999999489,-0.013408973333333333
58,-0.1499999999999948,-3.088963333333334e-05,-0.1499999999999948,-0.013500146666666667
59,-0.17499999999999472,-3.4718526666666674e-05,-0.17499999999999472,-0.0135767
60,-0.19999999999999463,-3.808697333333334e-05,-0.19999999999999463,-0.01364662
61,-0.22499999999999454,-4.291696e-05,-0.22499999999999454,-0.013724046666666668
62,-0.24999999999999445,-4.582799333333333e-05,-0.24999999999999445,-0.013798146666666667
63,-0.27499999999999436,-5.066593333333333e-05,-0.27499999999999436,-0.013866199999999999
