,O8_5R_V_D,O8_5R_J_D,O8_5R_V_L,O8_5R_J_L
0,1.3,0.02048762,1.3,0.02216546
1,1.2750000000000001,0.021279333333333334,1.2750000000000001,0.02264464
2,1.2500000000000002,0.020944473333333335,1.2500000000000002,0.021988526666666668
3,1.2250000000000003,0.02013288,1.2250000000000003,0.0208821
4,1.2000000000000004,0.019086233333333334,1.2000000000000004,0.019581406666666665
5,1.1750000000000005,0.017901566666666667,1.1750000000000005,0.018196193333333333
6,1.1500000000000006,0.01664674,1.1500000000000006,0.01675586
7,1.1250000000000007,0.01536706,1.1250000000000007,0.015309813333333333
8,1.1000000000000008,0.01409136,1.1000000000000008,0.013873793333333334
9,1.0750000000000008,0.01283482,1.0750000000000008,0.012467240000000001
10,1.050000000000001,0.011628413333333334,1.050000000000001,0.011093926666666669
11,1.025000000000001,0.010473340000000001,1.025000000000001,0.009768513333333334
12,1.000000000000001,0.009385933333333334,1.000000000000001,0.008484266666666667
13,0.9750000000000012,0.008374693333333334,0.9750000000000012,0.0072622599999999995
14,0.9500000000000013,0.007435893333333334,0.9500000000000013,0.0060338146666666665
15,0.9250000000000014,0.006462562666666667,0.9250000000000014,0.004948765333333334
16,0.9000000000000015,0.005730306,0.9000000000000015,0.003914226
17,0.8750000000000016,0.00504249,0.8750000000000016,0.002920736
18,0.8500000000000016,0.004417605333333334,0.8500000000000016,0.0019805066666666667
19,0.8250000000000017,0.003855110666666667,0.8250000000000017,0.0010906073333333333
20,0.8000000000000018,0.003354488666666667,0.8000000000000018,0.00027012733333333337
21,0.7750000000000019,0.0029094800000000003,0.7750000000000019,-0.0005718779333333334
22,0.750000000000002,0.002515284,0.750000000000002,-0.0012965866666666667
23,0.7250000000000021,0.0021707506666666667,0.7250000000000021,-0.002044778
24,0.7000000000000022,0.001870512,0.7000000000000022,-0.0027148366666666667
25,0.6750000000000023,0.0016094413333333335,0.6750000000000023,-0.003342918666666667
26,0.6500000000000024,0.0013834326666666667,0.6500000000000024,-0.0039377073333333335
27,0.6250000000000024,0.001187958,0.6250000000000024,-0.004496504666666667
28,0.6000000000000025,0.0010223566666666666,0.6000000000000025,-0.005023240000000001
29,0.5750000000000026,0.0008781473333333334,0.5750000000000026,-0.005521222666666667
30,0.5500000000000027,0.000754828,0.5500000000000027,-0.005987846666666667
31,0.5250000000000028,0.0006385029333333334,0.5250000000000028,-0.006426646666666667
32,0.5000000000000029,0.0005483088666666667,0.5000000000000029,-0.0068457733333333335
33,0.475000000000003,0.00047304819999999996,0.475000000000003,-0.0071648933333333335
34,0.45000000000000306,0.0004074409333333333,0.45000000000000306,-0.007530853333333333
35,0.42500000000000315,0.0003501616666666667,0.42500000000000315,-0.007893886666666667
36,0.40000000000000324,0.00030026293333333334,0.40000000000000324,-0.008230526666666666
37,0.37500000000000333,0.00025504840000000004,0.37500000000000333,-0.00854442
38,0.3500000000000034,0.00021802580000000003,0.3500000000000034,-0.008838366666666668
39,0.3250000000000035,0.00018534986666666667,0.3250000000000035,-0.009113940000000001
40,0.3000000000000036,0.00015713533333333335,0.3000000000000036,-0.00937512
41,0.2750000000000037,0.0001304754666666667,0.2750000000000037,-0.009627893333333333
42,0.2500000000000038,0.00010801593333333332,0.2500000000000038,-0.009851566666666667
43,0.22500000000000386,8.819753333333333e-05,0.22500000000000386,-0.010052453333333334
44,0.20000000000000395,7.035153333333334e-05,0.20000000000000395,-0.010271293333333334
45,0.17500000000000404,5.659084e-05,0.17500000000000404,-0.010467073333333334
46,0.15000000000000413,4.121901333333334e-05,0.15000000000000413,-0.010650613333333333
47,0.12500000000000422,2.8425766666666668e-05,0.12500000000000422,-0.010819726666666666
48,0.10000000000000431,1.7475326666666666e-05,0.10000000000000431,-0.010981453333333334
49,0.0750000000000044,7.229033333333333e-06,0.0750000000000044,-0.011134886666666666
50,0.050000000000004485,1.2312106666666667e-06,0.050000000000004485,-0.011280853333333334
51,0.025000000000004574,-5.433268e-06,0.025000000000004574,-0.011417293333333333
52,4.6629367034256575e-15,-1.562000666666667e-05,4.6629367034256575e-15,-0.011548166666666667
53,-0.024999999999995248,-2.4205853333333336e-05,-0.024999999999995248,-0.011671053333333334
54,-0.04999999999999516,-3.2855040000000006e-05,-0.04999999999999516,-0.011795466666666667
55,-0.07499999999999507,-4.220239333333333e-05,-0.07499999999999507,-0.011899706666666668
56,-0.09999999999999498,-5.217517333333333e-05,-0.09999999999999498,-0.012005193333333334
57,-0.12499999999999489,-6.211256666666667e-05,-0.12499999999999489,-0.012106206666666668
58,-0.1499999999999948,-7.000773333333333e-05,-0.1499999999999948,-0.012211053333333333
59,-0.17499999999999472,-0.0015019586666666668,-0.17499999999999472,-0.012299486666666668
60,-0.19999999999999463,-0.0016626520000000001,-0.19999999999999463,-0.012383146666666667
61,-0.22499999999999454,-0.0016108326666666667,-0.22499999999999454,-0.012475386666666666
62,-0.24999999999999445,-0.001661540666666667,-0.24999999999999445,-0.012560566666666667
63,-0.27499999999999436,-0.0015730553333333334,-0.27499999999999436,-0.01264692
