,O8_5R_V_D,O8_5R_J_D,O8_5R_V_L,O8_5R_J_L
0,1.3,0.011267319999999999,1.3,0.011577033333333334
1,1.2750000000000001,0.011553780000000001,1.2750000000000001,0.011735839999999999
2,1.2500000000000002,0.011344439999999999,1.2500000000000002,0.011331273333333333
3,1.2250000000000003,0.010889386666666667,1.2250000000000003,0.010658526666666668
4,1.2000000000000004,0.010281193333333334,1.2000000000000004,0.00984288
5,1.1750000000000005,0.009562900000000001,1.1750000000000005,0.008954
6,1.1500000000000006,0.00880388,1.1500000000000006,0.00801374
7,1.1250000000000007,0.00802734,1.1250000000000007,0.0070561800000000004
8,1.1000000000000008,0.007252873333333334,1.1000000000000008,0.006116826666666667
9,1.0750000000000008,0.006476611333333333,1.0750000000000008,0.005159761333333334
10,1.050000000000001,0.005777644,1.050000000000001,0.004211534666666667
11,1.025000000000001,0.005114993333333334,1.025000000000001,0.0032757820000000005
12,1.000000000000001,0.004493218,1.000000000000001,0.0023626606666666667
13,0.9750000000000012,0.003927425333333333,0.9750000000000012,0.00147049
14,0.9500000000000013,0.0034040753333333335,0.9500000000000013,0.0006572978000000001
15,0.9250000000000014,0.0029364693333333337,0.9250000000000014,-0.0002261164
16,0.9000000000000015,0.0025244473333333336,0.9000000000000015,-0.000969862
17,0.8750000000000016,0.0021581793333333337,0.8750000000000016,-0.0017943173333333335
18,0.8500000000000016,0.0018364153333333335,0.8500000000000016,-0.0025340393333333332
19,0.8250000000000017,0.0015546713333333335,0.8250000000000017,-0.003235332666666667
20,0.8000000000000018,0.0013124626666666667,0.8000000000000018,-0.0038990766666666663
21,0.7750000000000019,0.0011083166666666666,0.7750000000000019,-0.004532866666666667
22,0.750000000000002,0.0009232333333333335,0.750000000000002,-0.005134385333333333
23,0.7250000000000021,0.0007828513333333334,0.7250000000000021,-0.005701424
24,0.7000000000000022,0.0006450758666666668,0.7000000000000022,-0.006236760666666666
25,0.6750000000000023,0.0005344396,0.6750000000000023,-0.006750126666666667
26,0.6500000000000024,0.00044036780000000005,0.6500000000000024,-0.0071172200000000005
27,0.6250000000000024,0.0003715816666666667,0.6250000000000024,-0.007593360000000001
28,0.6000000000000025,0.00030437993333333333,0.6000000000000025,-0.008038366666666666
29,0.5750000000000026,0.0002509107333333333,0.5750000000000026,-0.008448653333333334
30,0.5500000000000027,0.00021285113333333335,0.5500000000000027,-0.008831393333333335
31,0.5250000000000028,0.000174808,0.5250000000000028,-0.009186673333333334
32,0.5000000000000029,0.00014495886666666667,0.5000000000000029,-0.009523653333333333
33,0.475000000000003,0.0001197422,0.475000000000003,-0.009843873333333334
34,0.45000000000000306,9.995133333333334e-05,0.45000000000000306,-0.01013074
35,0.42500000000000315,8.481520000000001e-05,0.42500000000000315,-0.010406546666666667
36,0.40000000000000324,7.13028e-05,0.40000000000000324,-0.010659666666666668
37,0.37500000000000333,6.127308666666666e-05,0.37500000000000333,-0.01089876
38,0.3500000000000034,4.5084520000000007e-05,0.3500000000000034,-0.011130753333333333
39,0.3250000000000035,4.179616e-05,0.3250000000000035,-0.011344246666666667
40,0.3000000000000036,3.441014666666667e-05,0.3000000000000036,-0.011543366666666667
41,0.2750000000000037,2.889862e-05,0.2750000000000037,-0.011734606666666666
42,0.2500000000000038,2.3560426666666666e-05,0.2500000000000038,-0.011912653333333334
43,0.22500000000000386,1.9270693333333336e-05,0.22500000000000386,-0.01206798
44,0.20000000000000395,1.1758846666666667e-05,0.20000000000000395,-0.01223924
45,0.17500000000000404,8.331366666666668e-06,0.17500000000000404,-0.01239166
46,0.15000000000000413,5.983382e-06,0.15000000000000413,-0.01254508
47,0.12500000000000422,2.3883600000000005e-06,0.12500000000000422,-0.012675026666666667
48,0.10000000000000431,-5.605909333333333e-07,0.10000000000000431,-0.012803
49,0.0750000000000044,-2.769584666666667e-06,0.0750000000000044,-0.012924766666666667
50,0.050000000000004485,-5.188285333333333e-06,0.050000000000004485,-0.013048440000000001
51,0.025000000000004574,-6.99756e-06,0.025000000000004574,-0.013153546666666667
52,4.6629367034256575e-15,-6.927233333333333e-06,4.6629367034256575e-15,-0.013260826666666668
53,-0.024999999999995248,-9.934653333333335e-06,-0.024999999999995248,-0.01335964
54,-0.04999999999999516,-1.1504526666666667e-05,-0.04999999999999516,-0.013456486666666666
55,-0.07499999999999507,-1.3245833333333333e-05,-0.07499999999999507,-0.013548233333333333
56,-0.09999999999999498,-1.5035446666666667e-05,-0.09999999999999498,-0.013636760000000001
57,-0.12499999999999489,-1.681788e-05,-0.12499999999999489,-0.013719953333333335
58,-0.1499999999999948,-1.846232e-05,-0.1499999999999948,-0.013800713333333332
59,-0.17499999999999472,-2.005282e-05,-0.17499999999999472,-0.013884300000000002
60,-0.19999999999999463,-2.196668e-05,-0.19999999999999463,-0.01394672
61,-0.22499999999999454,-2.4143073333333335e-05,-0.22499999999999454,-0.014019066666666666
62,-0.24999999999999445,-2.606574e-05,-0.24999999999999445,-0.014085846666666667
63,-0.27499999999999436,-2.748532e-05,-0.27499999999999436,-0.014147553333333333
