,O8_5R_V_D,O8_5R_J_D,O8_5R_V_L,O8_5R_J_L
0,1.3,0.013056346666666666,1.3,0.013458146666666669
1,1.2750000000000001,0.013351973333333333,1.2750000000000001,0.013912753333333335
2,1.2500000000000002,0.013074053333333334,1.2500000000000002,0.013550786666666667
3,1.2250000000000003,0.012531933333333335,1.2250000000000003,0.012871353333333333
4,1.2000000000000004,0.011848946666666667,1.2000000000000004,0.012011566666666668
5,1.1750000000000005,0.01106912,1.1750000000000005,0.01105346
6,1.1500000000000006,0.010233480000000001,1.1500000000000006,0.010049
7,1.1250000000000007,0.009374866666666667,1.1250000000000007,0.00901946
8,1.1000000000000008,0.008521226666666666,1.1000000000000008,0.007986853333333334
9,1.0750000000000008,0.007687573333333333,1.0750000000000008,0.006961573333333334
10,1.050000000000001,0.006885833333333333,1.050000000000001,0.0059210600000000006
11,1.025000000000001,0.006051761333333333,1.025000000000001,0.004958508
12,1.000000000000001,0.005395892,1.000000000000001,0.004021139333333333
13,0.9750000000000012,0.0047735780000000005,0.9750000000000012,0.0031101726666666668
14,0.9500000000000013,0.004200252666666667,0.9500000000000013,0.002227434
15,0.9250000000000014,0.003676626666666667,0.9250000000000014,0.0013768053333333334
16,0.9000000000000015,0.003206734666666667,0.9000000000000015,0.0005947786666666667
17,0.8750000000000016,0.002786312,0.8750000000000016,-0.00022816193333333336
18,0.8500000000000016,0.002413584666666667,0.8500000000000016,-0.0009317846666666667
19,0.8250000000000017,0.002083546,0.8250000000000017,-0.0016889539999999999
20,0.8000000000000018,0.0017920293333333335,0.8000000000000018,-0.002371432
21,0.7750000000000019,0.001540012,0.7750000000000019,-0.003019042
22,0.750000000000002,0.0013165206666666666,0.750000000000002,-0.003634674
23,0.7250000000000021,0.0011238213333333335,0.7250000000000021,-0.004219162
24,0.7000000000000022,0.0009571666666666667,0.7000000000000022,-0.0047707420000000006
25,0.6750000000000023,0.0008129273333333334,0.6750000000000023,-0.005299114666666667
26,0.6500000000000024,0.000690806,0.6500000000000024,-0.005799472666666667
27,0.6250000000000024,0.0005761886,0.6250000000000024,-0.006270028666666667
28,0.6000000000000025,0.00048456580000000006,0.6000000000000025,-0.006713273333333334
29,0.5750000000000026,0.0004117027333333333,0.5750000000000026,-0.007048046666666666
30,0.5500000000000027,0.0003503384666666667,0.5500000000000027,-0.007453433333333334
31,0.5250000000000028,0.00029734573333333337,0.5250000000000028,-0.00784356
32,0.5000000000000029,0.00025300373333333337,0.5000000000000029,-0.008204206666666667
33,0.475000000000003,0.00021406226666666667,0.475000000000003,-0.008540993333333335
34,0.45000000000000306,0.00018268026666666667,0.45000000000000306,-0.008855746666666667
35,0.42500000000000315,0.00015446046666666666,0.42500000000000315,-0.009153373333333334
36,0.40000000000000324,0.000131711,0.40000000000000324,-0.00942894
37,0.37500000000000333,0.00011183146666666666,0.37500000000000333,-0.009699046666666667
38,0.3500000000000034,9.428613333333333e-05,0.3500000000000034,-0.009934073333333333
39,0.3250000000000035,7.9034e-05,0.3250000000000035,-0.01016368
40,0.3000000000000036,6.617202666666667e-05,0.3000000000000036,-0.010377780000000001
41,0.2750000000000037,5.3929773333333336e-05,0.2750000000000037,-0.010578173333333333
42,0.2500000000000038,4.354222666666667e-05,0.2500000000000038,-0.010774013333333334
43,0.22500000000000386,3.525018e-05,0.22500000000000386,-0.0109403
44,0.20000000000000395,2.7134e-05,0.20000000000000395,-0.011123473333333335
45,0.17500000000000404,2.0151066666666668e-05,0.17500000000000404,-0.01128434
46,0.15000000000000413,1.4065406666666669e-05,0.15000000000000413,-0.011437873333333333
47,0.12500000000000422,8.866373333333335e-06,0.12500000000000422,-0.011579693333333333
48,0.10000000000000431,5.781395333333334e-06,0.10000000000000431,-0.011715866666666666
49,0.0750000000000044,3.4639073333333333e-07,0.0750000000000044,-0.011847826666666667
50,0.050000000000004485,-3.9278873333333335e-06,0.050000000000004485,-0.01197978
51,0.025000000000004574,-6.997573333333334e-06,0.025000000000004574,-0.012092460000000001
52,4.6629367034256575e-15,-8.976826666666668e-06,4.6629367034256575e-15,-0.01220648
53,-0.024999999999995248,-1.3789773333333334e-05,-0.024999999999995248,-0.01231058
54,-0.04999999999999516,-1.772984666666667e-05,-0.04999999999999516,-0.012411326666666668
55,-0.07499999999999507,-2.1846306666666667e-05,-0.07499999999999507,-0.012510673333333335
56,-0.09999999999999498,-2.5907286666666666e-05,-0.09999999999999498,-0.01260392
57,-0.12499999999999489,-3.0156946666666668e-05,-0.12499999999999489,-0.012693880000000001
58,-0.1499999999999948,-3.455971333333333e-05,-0.1499999999999948,-0.012779786666666668
59,-0.17499999999999472,-3.9475473333333334e-05,-0.17499999999999472,-0.012861666666666667
60,-0.19999999999999463,-4.4425413333333335e-05,-0.19999999999999463,-0.01293524
61,-0.22499999999999454,-4.98592e-05,-0.22499999999999454,-0.013013686666666668
62,-0.24999999999999445,-5.554729333333333e-05,-0.24999999999999445,-0.013089020000000002
63,-0.27499999999999436,-6.176694e-05,-0.27499999999999436,-0.013166373333333333
