,O8_5R_V_D,O8_5R_J_D,O8_5R_V_L,O8_5R_J_L
0,1.3,0.010656913333333334,1.3,0.010997053333333333
1,1.2750000000000001,0.010938166666666667,1.2750000000000001,0.011248006666666666
2,1.2500000000000002,0.010762666666666667,1.2500000000000002,0.010918886666666667
3,1.2250000000000003,0.010357513333333334,1.2250000000000003,0.010326826666666667
4,1.2000000000000004,0.009810253333333335,1.2000000000000004,0.009589086666666666
5,1.1750000000000005,0.00915918,1.1750000000000005,0.008762540000000001
6,1.1500000000000006,0.008462086666666667,1.1500000000000006,0.007883926666666667
7,1.1250000000000007,0.007742059999999999,1.1250000000000007,0.006978106666666668
8,1.1000000000000008,0.007022840000000001,1.1000000000000008,0.006087852
9,1.0750000000000008,0.006288844666666667,1.0750000000000008,0.005182562666666667
10,1.050000000000001,0.0056383146666666665,1.050000000000001,0.0042837786666666666
11,1.025000000000001,0.005011386666666667,1.025000000000001,0.0033881713333333333
12,1.000000000000001,0.004422000000000001,1.000000000000001,0.0025089653333333333
13,0.9750000000000012,0.003878434666666667,0.9750000000000012,0.0016556706666666667
14,0.9500000000000013,0.0033852459999999997,0.9500000000000013,0.0008207566666666667
15,0.9250000000000014,0.0029404033333333334,0.9250000000000014,6.99952e-05
16,0.9000000000000015,0.0025439273333333332,0.9000000000000015,-0.00071342
17,0.8750000000000016,0.002184874666666667,0.8750000000000016,-0.0015130526666666667
18,0.8500000000000016,0.001872604666666667,0.8500000000000016,-0.0022373833333333335
19,0.8250000000000017,0.0016008386666666668,0.8250000000000017,-0.0029239273333333334
20,0.8000000000000018,0.0013637173333333333,0.8000000000000018,-0.0035781660000000002
21,0.7750000000000019,0.0011579533333333334,0.7750000000000019,-0.004208261333333334
22,0.750000000000002,0.000978912,0.750000000000002,-0.004805246000000001
23,0.7250000000000021,0.0008270160000000001,0.7250000000000021,-0.005366257333333334
24,0.7000000000000022,0.0006971106666666667,0.7000000000000022,-0.0059034253333333335
25,0.6750000000000023,0.0005810142000000001,0.6750000000000023,-0.006412921333333333
26,0.6500000000000024,0.0004813627333333334,0.6500000000000024,-0.006900853333333333
27,0.6250000000000024,0.0004071142,0.6250000000000024,-0.0072469733333333335
28,0.6000000000000025,0.0003381324,0.6000000000000025,-0.00769172
29,0.5750000000000026,0.0002852882666666667,0.5750000000000026,-0.008115193333333333
30,0.5500000000000027,0.00024033473333333336,0.5500000000000027,-0.00850584
31,0.5250000000000028,0.0002026566,0.5250000000000028,-0.008870880000000001
32,0.5000000000000029,0.00016980320000000001,0.5000000000000029,-0.00920662
33,0.475000000000003,0.00014458693333333332,0.475000000000003,-0.009538346666666668
34,0.45000000000000306,0.00012194926666666667,0.45000000000000306,-0.009828706666666668
35,0.42500000000000315,0.00010263866666666667,0.42500000000000315,-0.01011074
36,0.40000000000000324,8.714266666666667e-05,0.40000000000000324,-0.01037626
37,0.37500000000000333,7.346613333333334e-05,0.37500000000000333,-0.010618926666666667
38,0.3500000000000034,6.186540666666667e-05,0.3500000000000034,-0.010855666666666666
39,0.3250000000000035,4.937838666666667e-05,0.3250000000000035,-0.011074746666666668
40,0.3000000000000036,4.105035333333334e-05,0.3000000000000036,-0.01127884
41,0.2750000000000037,3.311526666666667e-05,0.2750000000000037,-0.01147464
42,0.2500000000000038,2.6510273333333332e-05,0.2500000000000038,-0.011657606666666667
43,0.22500000000000386,2.118144666666667e-05,0.22500000000000386,-0.011814706666666666
44,0.20000000000000395,1.54137e-05,0.20000000000000395,-0.011991400000000001
45,0.17500000000000404,1.1070446666666667e-05,0.17500000000000404,-0.01214482
46,0.15000000000000413,8.754126666666667e-06,0.15000000000000413,-0.0122996
47,0.12500000000000422,6.439832000000001e-06,0.12500000000000422,-0.012434113333333333
48,0.10000000000000431,1.8747993333333333e-06,0.10000000000000431,-0.012562553333333334
49,0.0750000000000044,-1.5583546666666667e-06,0.0750000000000044,-0.012689293333333334
50,0.050000000000004485,-4.722725333333334e-06,0.050000000000004485,-0.01281794
51,0.025000000000004574,-6.997566666666667e-06,0.025000000000004574,-0.012927153333333333
52,4.6629367034256575e-15,-8.242713333333334e-06,4.6629367034256575e-15,-0.013036113333333335
53,-0.024999999999995248,-1.210302e-05,-0.024999999999995248,-0.013141933333333335
54,-0.04999999999999516,-1.530102666666667e-05,-0.04999999999999516,-0.013240913333333333
55,-0.07499999999999507,-1.825448e-05,-0.07499999999999507,-0.013337353333333335
56,-0.09999999999999498,-2.0297493333333334e-05,-0.09999999999999498,-0.013429133333333334
57,-0.12499999999999489,-2.383550666666667e-05,-0.12499999999999489,-0.013518566666666666
58,-0.1499999999999948,-2.718092e-05,-0.1499999999999948,-0.013603306666666669
59,-0.17499999999999472,-3.0435486666666665e-05,-0.17499999999999472,-0.013684073333333335
60,-0.19999999999999463,-3.3159760000000005e-05,-0.19999999999999463,-0.013755520000000002
61,-0.22499999999999454,-3.716365333333334e-05,-0.22499999999999454,-0.013832540000000003
62,-0.24999999999999445,-3.9977540000000004e-05,-0.24999999999999445,-0.013902126666666667
63,-0.27499999999999436,-4.363970666666667e-05,-0.27499999999999436,-0.013977340000000001
