,2_4F_V_D,2_4F_J_D,2_4F_V_L,2_4F_J_L
0,-0.25,-3.720178666666667e-06,-0.25,-0.023841653333333334
1,-0.225,-3.1426573333333334e-06,-0.225,-0.02313824
2,-0.2,-2.7271606666666668e-06,-0.2,-0.022537753333333334
3,-0.17500000000000002,-2.292222e-06,-0.17500000000000002,-0.02197346666666667
4,-0.15000000000000002,-1.899886e-06,-0.15000000000000002,-0.021436566666666667
5,-0.12500000000000003,-1.5190013333333334e-06,-0.12500000000000003,-0.020900033333333335
6,-0.10000000000000003,-1.1563013333333334e-06,-0.10000000000000003,-0.020355353333333333
7,-0.07500000000000004,-8.260666666666667e-07,-0.07500000000000004,-0.01979692666666667
8,-0.050000000000000044,-5.013464666666667e-07,-0.050000000000000044,-0.019227713333333334
9,-0.02500000000000005,-1.8272766666666668e-07,-0.02500000000000005,-0.018639693333333332
10,-5.551115123125783e-17,1.2674433333333333e-07,-5.551115123125783e-17,-0.018041500000000002
11,0.02499999999999991,4.4137086666666666e-07,0.02499999999999991,-0.01739414666666667
12,0.04999999999999993,7.666613333333333e-07,0.04999999999999993,-0.016758213333333334
13,0.07499999999999996,1.09334e-06,0.07499999999999996,-0.016101093333333334
14,0.09999999999999992,1.4475013333333333e-06,0.09999999999999992,-0.015419666666666667
15,0.12499999999999989,1.8063553333333333e-06,0.12499999999999989,-0.014714206666666669
16,0.1499999999999999,2.1786713333333334e-06,0.1499999999999999,-0.014023413333333335
17,0.17499999999999993,2.570246e-06,0.17499999999999993,-0.013303899999999999
18,0.1999999999999999,2.9765133333333335e-06,0.1999999999999999,-0.01257166
19,0.22499999999999987,3.4071046666666663e-06,0.22499999999999987,-0.011829086666666667
20,0.2499999999999999,3.891591333333334e-06,0.2499999999999999,-0.011091446666666668
21,0.2749999999999999,4.362189333333333e-06,0.2749999999999999,-0.01033864
22,0.2999999999999998,4.8976073333333335e-06,0.2999999999999998,-0.009582080000000001
23,0.32499999999999984,5.470686666666667e-06,0.32499999999999984,-0.008815513333333334
24,0.34999999999999987,6.084746e-06,0.34999999999999987,-0.008044273333333334
25,0.3749999999999999,6.790093333333334e-06,0.3749999999999999,-0.0072896666666666665
26,0.3999999999999999,7.264453333333334e-06,0.3999999999999999,-0.0069318266666666675
27,0.4249999999999998,8.048626666666667e-06,0.4249999999999998,-0.005944370666666666
28,0.44999999999999984,8.832606666666667e-06,0.44999999999999984,-0.005162358666666667
29,0.47499999999999987,9.658220000000002e-06,0.47499999999999987,-0.004429148666666667
30,0.4999999999999998,1.0603733333333333e-05,0.4999999999999998,-0.0037332373333333335
31,0.5249999999999998,1.1484066666666667e-05,0.5249999999999998,-0.0030874293333333336
32,0.5499999999999998,1.2545880000000002e-05,0.5499999999999998,-0.0024941146666666667
33,0.5749999999999998,1.3609766666666666e-05,0.5749999999999998,-0.001971688666666667
34,0.5999999999999999,1.4830406666666666e-05,0.5999999999999999,-0.0015145806666666667
35,0.6249999999999998,1.6137533333333336e-05,0.6249999999999998,-0.0011300540000000001
36,0.6499999999999998,1.7591666666666666e-05,0.6499999999999998,-0.0008130446666666667
37,0.6749999999999998,1.9213e-05,0.6749999999999998,-0.0006173950666666667
38,0.6999999999999997,2.080124e-05,0.6999999999999997,-0.00038606286666666666
39,0.7249999999999998,2.2659773333333332e-05,0.7249999999999998,-0.0002150768
40,0.7499999999999998,2.4696053333333333e-05,0.7499999999999998,-7.974246666666666e-05
41,0.7749999999999997,2.692568666666667e-05,0.7749999999999997,1.4128726666666666e-05
42,0.7999999999999998,2.950292666666667e-05,0.7999999999999998,0.00010203473333333334
43,0.8249999999999997,3.228600666666667e-05,0.8249999999999997,0.0002019756
44,0.8499999999999996,3.575222666666667e-05,0.8499999999999996,0.00028997693333333337
45,0.8749999999999998,3.947991333333333e-05,0.8749999999999998,0.00037323200000000003
46,0.8999999999999997,4.372561333333333e-05,0.8999999999999997,0.00045661033333333336
47,0.9249999999999998,4.890608e-05,0.9249999999999998,0.0005403692
48,0.9499999999999997,5.5099106666666665e-05,0.9499999999999997,0.0006297816666666667
49,0.9749999999999996,6.222686666666667e-05,0.9749999999999996,0.000744552
50,0.9999999999999998,7.607213333333335e-05,0.9999999999999998,0.0008552720000000001
51,1.0249999999999997,8.71202e-05,1.0249999999999997,0.0009814113333333333
52,1.0499999999999998,0.00010093446666666667,1.0499999999999998,0.0011253913333333333
53,1.0749999999999997,0.00011835980000000001,1.0749999999999997,0.0012944186666666668
54,1.0999999999999996,0.00014094206666666667,1.0999999999999996,0.0014927733333333333
55,1.1249999999999998,0.00016941973333333335,1.1249999999999998,0.0017280793333333334
56,1.1499999999999997,0.0002071056,1.1499999999999997,0.0020016366666666665
57,1.1749999999999996,0.0002570772666666667,1.1749999999999996,0.002327326666666667
58,1.1999999999999997,0.00032356013333333333,1.1999999999999997,0.0027110733333333336
59,1.2249999999999996,0.0004116298666666667,1.2249999999999996,0.0031642686666666668
60,1.2499999999999996,0.0005274439333333333,1.2499999999999996,0.0036907893333333335
61,1.2749999999999997,0.0008108513333333334,1.2749999999999997,0.004301912
