,2_4F_V_D,2_4F_J_D,2_4F_V_L,2_4F_J_L
0,-0.25,-3.913009333333334e-06,-0.25,-0.023791466666666667
1,-0.225,-3.309134666666667e-06,-0.225,-0.023055326666666667
2,-0.2,-2.732072e-06,-0.2,-0.022429373333333332
3,-0.17500000000000002,-2.298378666666667e-06,-0.17500000000000002,-0.0218461
4,-0.15000000000000002,-1.8989973333333334e-06,-0.15000000000000002,-0.021295166666666667
5,-0.12500000000000003,-1.502002e-06,-0.12500000000000003,-0.020747206666666667
6,-0.10000000000000003,-1.1504966666666668e-06,-0.10000000000000003,-0.020191760000000003
7,-0.07500000000000004,-8.051306666666667e-07,-0.07500000000000004,-0.019626886666666666
8,-0.050000000000000044,-4.798767333333333e-07,-0.050000000000000044,-0.019054866666666666
9,-0.02500000000000005,-1.7212026666666667e-07,-0.02500000000000005,-0.01846096
10,-5.551115123125783e-17,1.1668520000000001e-07,-5.551115123125783e-17,-0.01786032666666667
11,0.02499999999999991,4.2278806666666667e-07,0.02499999999999991,-0.0172107
12,0.04999999999999993,7.26722e-07,0.04999999999999993,-0.01657762
13,0.07499999999999996,1.041228e-06,0.07499999999999996,-0.015911940000000003
14,0.09999999999999992,1.3734526666666667e-06,0.09999999999999992,-0.015236053333333334
15,0.12499999999999989,1.7132086666666669e-06,0.12499999999999989,-0.014552933333333334
16,0.1499999999999999,2.0659913333333333e-06,0.1499999999999999,-0.013839213333333333
17,0.17499999999999993,2.4692093333333336e-06,0.17499999999999993,-0.013120706666666666
18,0.1999999999999999,2.8895473333333334e-06,0.1999999999999999,-0.01239652
19,0.22499999999999987,3.2950973333333333e-06,0.22499999999999987,-0.011658120000000001
20,0.2499999999999999,3.824986000000001e-06,0.2499999999999999,-0.01092458
21,0.2749999999999999,4.343882666666667e-06,0.2749999999999999,-0.0101773
22,0.2999999999999998,4.901994e-06,0.2999999999999998,-0.009429566666666667
23,0.32499999999999984,5.467004666666667e-06,0.32499999999999984,-0.0086753
24,0.34999999999999987,6.206133333333333e-06,0.34999999999999987,-0.00791562
25,0.3749999999999999,6.888053333333333e-06,0.3749999999999999,-0.007174446666666667
26,0.3999999999999999,7.344346666666666e-06,0.3999999999999999,-0.00684762
27,0.4249999999999998,8.135426666666667e-06,0.4249999999999998,-0.0058576746666666665
28,0.44999999999999984,8.931533333333334e-06,0.44999999999999984,-0.005088117333333334
29,0.47499999999999987,9.790460000000001e-06,0.47499999999999987,-0.00436733
30,0.4999999999999998,1.0647193333333334e-05,0.4999999999999998,-0.003684288
31,0.5249999999999998,1.15975e-05,0.5249999999999998,-0.0030495813333333336
32,0.5499999999999998,1.2685406666666667e-05,0.5499999999999998,-0.0024664406666666666
33,0.5749999999999998,1.3793693333333332e-05,0.5749999999999998,-0.001951636
34,0.5999999999999999,1.5035113333333333e-05,0.5999999999999999,-0.0015018646666666666
35,0.6249999999999998,1.621704e-05,0.6249999999999998,-0.0011226986666666668
36,0.6499999999999998,1.75137e-05,0.6499999999999998,-0.0008107826666666667
37,0.6749999999999998,1.910082e-05,0.6749999999999998,-0.0006202996666666667
38,0.6999999999999997,2.0796866666666667e-05,0.6999999999999997,-0.0003939345333333333
39,0.7249999999999998,2.25848e-05,0.7249999999999998,-0.00022840673333333333
40,0.7499999999999998,2.4626746666666668e-05,0.7499999999999998,-9.799880000000001e-05
41,0.7749999999999997,2.677642666666667e-05,0.7749999999999997,-1.0389833333333333e-05
42,0.7999999999999998,2.918698e-05,0.7999999999999998,7.041346666666667e-05
43,0.8249999999999997,3.185416e-05,0.8249999999999997,0.00016394980000000001
44,0.8499999999999996,3.489934e-05,0.8499999999999996,0.00024582213333333334
45,0.8749999999999998,3.8481646666666666e-05,0.8749999999999998,0.0003228904666666667
46,0.8999999999999997,4.243692e-05,0.8999999999999997,0.0003988796666666667
47,0.9249999999999998,4.7165540000000004e-05,0.9249999999999998,0.00047687506666666663
48,0.9499999999999997,5.249343333333334e-05,0.9499999999999997,0.0005587024
49,0.9749999999999996,5.912638e-05,0.9749999999999996,0.0006477552
50,0.9999999999999998,6.694533333333334e-05,0.9999999999999998,0.0007673133333333333
51,1.0249999999999997,8.272046666666668e-05,1.0249999999999997,0.0008813646666666667
52,1.0499999999999998,9.519813333333334e-05,1.0499999999999998,0.0010134606666666666
53,1.0749999999999997,0.00011119093333333333,1.0749999999999997,0.0011663713333333334
54,1.0999999999999996,0.00013194446666666668,1.0999999999999996,0.0013460646666666666
55,1.1249999999999998,0.00015841593333333336,1.1249999999999998,0.00155677
56,1.1499999999999997,0.00019293926666666666,1.1499999999999997,0.0018072593333333332
57,1.1749999999999996,0.0002385124,1.1749999999999996,0.0021031906666666668
58,1.1999999999999997,0.00029854893333333335,1.1999999999999997,0.0024526233333333333
59,1.2249999999999996,0.0003793214,1.2249999999999996,0.0028672153333333334
60,1.2499999999999996,0.00048610540000000005,1.2499999999999996,0.0033524193333333333
61,1.2749999999999997,0.0006281426,1.2749999999999997,0.003918635333333333
