,2_4F_V_D,2_4F_J_D,2_4F_V_L,2_4F_J_L
0,-0.25,-3.34449e-06,-0.25,-0.023856126666666665
1,-0.225,-2.836396e-06,-0.225,-0.023158153333333334
2,-0.2,-2.4183353333333337e-06,-0.2,-0.022560053333333333
3,-0.17500000000000002,-2.0158566666666668e-06,-0.17500000000000002,-0.022000713333333335
4,-0.15000000000000002,-1.6512633333333334e-06,-0.15000000000000002,-0.021463853333333335
5,-0.12500000000000003,-1.3109866666666667e-06,-0.12500000000000003,-0.020931253333333334
6,-0.10000000000000003,-9.985060000000002e-07,-0.10000000000000003,-0.020386946666666666
7,-0.07500000000000004,-7.059193333333333e-07,-0.07500000000000004,-0.01983202666666667
8,-0.050000000000000044,-4.211605333333334e-07,-0.050000000000000044,-0.01926302666666667
9,-0.02500000000000005,-1.4582146666666667e-07,-0.02500000000000005,-0.018673906666666667
10,-5.551115123125783e-17,1.205354e-07,-5.551115123125783e-17,-0.018070286666666668
11,0.02499999999999991,3.9579873333333335e-07,0.02499999999999991,-0.01742790666666667
12,0.04999999999999993,6.788533333333334e-07,0.04999999999999993,-0.016793513333333336
13,0.07499999999999996,9.7296e-07,0.07499999999999996,-0.016133933333333336
14,0.09999999999999992,1.2744526666666667e-06,0.09999999999999992,-0.01545312
15,0.12499999999999989,1.597908e-06,0.12499999999999989,-0.014748066666666667
16,0.1499999999999999,1.9562573333333337e-06,0.1499999999999999,-0.014049673333333335
17,0.17499999999999993,2.3378133333333336e-06,0.17499999999999993,-0.01333266
18,0.1999999999999999,2.7443793333333335e-06,0.1999999999999999,-0.012601880000000001
19,0.22499999999999987,3.2024126666666666e-06,0.22499999999999987,-0.011857566666666666
20,0.2499999999999999,3.664512e-06,0.2499999999999999,-0.0111173
21,0.2749999999999999,4.186062000000001e-06,0.2749999999999999,-0.010363306666666667
22,0.2999999999999998,4.745647333333333e-06,0.2999999999999998,-0.009599806666666667
23,0.32499999999999984,5.363197333333334e-06,0.32499999999999984,-0.008835393333333334
24,0.34999999999999987,6.088442000000001e-06,0.34999999999999987,-0.008071126666666666
25,0.3749999999999999,6.7942866666666675e-06,0.3749999999999999,-0.007306740000000001
26,0.3999999999999999,7.302866666666667e-06,0.3999999999999999,-0.006941780000000001
27,0.4249999999999998,8.13816e-06,0.4249999999999998,-0.0059558580000000005
28,0.44999999999999984,8.91682e-06,0.44999999999999984,-0.005169792
29,0.47499999999999987,9.6289e-06,0.47499999999999987,-0.004434303333333334
30,0.4999999999999998,1.0482186666666667e-05,0.4999999999999998,-0.003736374666666667
31,0.5249999999999998,1.1404346666666667e-05,0.5249999999999998,-0.0030885486666666667
32,0.5499999999999998,1.2369406666666667e-05,0.5499999999999998,-0.002497713333333333
33,0.5749999999999998,1.3438826666666668e-05,0.5749999999999998,-0.001971548666666667
34,0.5999999999999999,1.4700953333333333e-05,0.5999999999999999,-0.0015126986666666668
35,0.6249999999999998,1.589766e-05,0.6249999999999998,-0.0011278013333333333
36,0.6499999999999998,1.72145e-05,0.6499999999999998,-0.0008101240000000001
37,0.6749999999999998,1.8722706666666665e-05,0.6749999999999998,-0.0006137515333333334
38,0.6999999999999997,2.0436953333333332e-05,0.6999999999999997,-0.00038201366666666664
39,0.7249999999999998,2.19706e-05,0.7249999999999998,-0.0002105890666666667
40,0.7499999999999998,2.4080466666666668e-05,0.7499999999999998,-7.443146666666667e-05
41,0.7749999999999997,2.6266993333333335e-05,0.7749999999999997,2.0559506666666668e-05
42,0.7999999999999998,2.879692e-05,0.7999999999999998,0.0001091758
43,0.8249999999999997,3.1604880000000005e-05,0.8249999999999997,0.00021029133333333336
44,0.8499999999999996,3.486919333333333e-05,0.8499999999999996,0.0002994466666666667
45,0.8749999999999998,3.851182666666667e-05,0.8749999999999998,0.00038414346666666667
46,0.8999999999999997,4.2916060000000005e-05,0.8999999999999997,0.0004674161333333333
47,0.9249999999999998,4.798441333333333e-05,0.9249999999999998,0.0005524240666666667
48,0.9499999999999997,5.3950259999999995e-05,0.9499999999999997,0.0006427970666666667
49,0.9749999999999996,6.107534666666667e-05,0.9749999999999996,0.0007623486666666667
50,0.9999999999999998,7.55182e-05,0.9999999999999998,0.0008760266666666668
51,1.0249999999999997,8.675413333333334e-05,1.0249999999999997,0.0010037800000000001
52,1.0499999999999998,0.0001009428,1.0499999999999998,0.0011512053333333334
53,1.0749999999999997,0.00011861993333333333,1.0749999999999997,0.0013234826666666667
54,1.0999999999999996,0.00014161880000000001,1.0999999999999996,0.0015257326666666667
55,1.1249999999999998,0.0001711184,1.1249999999999998,0.0017641006666666665
56,1.1499999999999997,0.0002095646,1.1499999999999997,0.0020461800000000003
57,1.1749999999999996,0.0002609830666666667,1.1749999999999996,0.002378132666666667
58,1.1999999999999997,0.0003284428,1.1999999999999997,0.0027677506666666666
59,1.2249999999999996,0.00041835520000000004,1.2249999999999996,0.0032274820000000003
60,1.2499999999999996,0.0005348723333333334,1.2499999999999996,0.0037630473333333334
61,1.2749999999999997,0.000826064,1.2749999999999997,0.004381696666666666
