,2_4F_V_D,2_4F_J_D,2_4F_V_L,2_4F_J_L
0,-0.25,-2.7709906666666666e-06,-0.25,-0.023852360000000003
1,-0.225,-2.342782666666667e-06,-0.225,-0.023155893333333333
2,-0.2,-2.010472e-06,-0.2,-0.022562686666666665
3,-0.17500000000000002,-1.681064e-06,-0.17500000000000002,-0.022000166666666668
4,-0.15000000000000002,-1.3820880000000002e-06,-0.15000000000000002,-0.021459753333333335
5,-0.12500000000000003,-1.102542e-06,-0.12500000000000003,-0.020921373333333337
6,-0.10000000000000003,-8.3219e-07,-0.10000000000000003,-0.02037298666666667
7,-0.07500000000000004,-5.848958e-07,-0.07500000000000004,-0.019812486666666667
8,-0.050000000000000044,-3.4442313333333334e-07,-0.050000000000000044,-0.01922592
9,-0.02500000000000005,-1.109822e-07,-0.02500000000000005,-0.01864672666666667
10,-5.551115123125783e-17,1.1616213333333334e-07,-5.551115123125783e-17,-0.018035286666666667
11,0.02499999999999991,3.471754666666667e-07,0.02499999999999991,-0.017403833333333334
12,0.04999999999999993,5.847868666666667e-07,0.04999999999999993,-0.016738346666666667
13,0.07499999999999996,8.306993333333334e-07,0.07499999999999996,-0.01608832666666667
14,0.09999999999999992,1.0915666666666667e-06,0.09999999999999992,-0.015406286666666668
15,0.12499999999999989,1.3754393333333334e-06,0.12499999999999989,-0.014706013333333334
16,0.1499999999999999,1.667290666666667e-06,0.1499999999999999,-0.013999786666666666
17,0.17499999999999993,1.991722666666667e-06,0.17499999999999993,-0.013278439999999999
18,0.1999999999999999,2.3257726666666666e-06,0.1999999999999999,-0.01255084
19,0.22499999999999987,2.670258666666667e-06,0.22499999999999987,-0.011802206666666667
20,0.2499999999999999,3.06743e-06,0.2499999999999999,-0.011057626666666667
21,0.2749999999999999,3.4521366666666668e-06,0.2749999999999999,-0.010289893333333333
22,0.2999999999999998,3.872272e-06,0.2999999999999998,-0.00953526
23,0.32499999999999984,4.310784e-06,0.32499999999999984,-0.008766086666666667
24,0.34999999999999987,4.7923840000000005e-06,0.34999999999999987,-0.007999073333333334
25,0.3749999999999999,5.342334e-06,0.3749999999999999,-0.007217500000000001
26,0.3999999999999999,5.984832666666667e-06,0.3999999999999999,-0.00684804
27,0.4249999999999998,6.7573600000000005e-06,0.4249999999999998,-0.005852638
28,0.44999999999999984,7.256120000000001e-06,0.44999999999999984,-0.005068636666666667
29,0.47499999999999987,8.013113333333333e-06,0.47499999999999987,-0.004327274666666667
30,0.4999999999999998,8.807366666666668e-06,0.4999999999999998,-0.0036323086666666666
31,0.5249999999999998,9.613353333333333e-06,0.5249999999999998,-0.002988486666666667
32,0.5499999999999998,1.04991e-05,0.5499999999999998,-0.0024014353333333335
33,0.5749999999999998,1.1505406666666666e-05,0.5749999999999998,-0.0018790640000000002
34,0.5999999999999999,1.2596733333333333e-05,0.5999999999999999,-0.0014310026666666665
35,0.6249999999999998,1.378584e-05,0.6249999999999998,-0.0010531446666666667
36,0.6499999999999998,1.5158360000000001e-05,0.6499999999999998,-0.0007414673333333334
37,0.6749999999999998,1.6727373333333334e-05,0.6749999999999998,-0.0005437462
38,0.6999999999999997,1.8421293333333333e-05,0.6999999999999997,-0.00031282073333333335
39,0.7249999999999998,2.0232313333333335e-05,0.7249999999999998,-0.00013824033333333333
40,0.7499999999999998,2.237264666666667e-05,0.7499999999999998,-4.826794666666667e-05
41,0.7749999999999997,2.486064666666667e-05,0.7749999999999997,7.472886666666668e-05
42,0.7999999999999998,2.77088e-05,0.7999999999999998,0.00020589553333333335
43,0.8249999999999997,3.0883233333333336e-05,0.8249999999999997,0.00031768059999999997
44,0.8499999999999996,3.468776666666666e-05,0.8499999999999996,0.0004209189333333334
45,0.8749999999999998,3.903614e-05,0.8749999999999998,0.000520341
46,0.8999999999999997,4.4125900000000004e-05,0.8999999999999997,0.0006199668666666667
47,0.9249999999999998,5.026932666666667e-05,0.9249999999999998,0.0007387926666666667
48,0.9499999999999997,5.766592666666667e-05,0.9499999999999997,0.0008530953333333333
49,0.9749999999999996,6.666614e-05,0.9749999999999996,0.0009785213333333334
50,0.9999999999999998,8.5515e-05,0.9999999999999998,0.0011192946666666666
51,1.0249999999999997,9.965853333333333e-05,1.0249999999999997,0.0012797433333333334
52,1.0499999999999998,0.00011788846666666666,1.0499999999999998,0.0014647500000000001
53,1.0749999999999997,0.00014093453333333334,1.0749999999999997,0.0016800646666666667
54,1.0999999999999996,0.0001708354666666667,1.0999999999999996,0.001932252666666667
55,1.1249999999999998,0.0002096164,1.1249999999999998,0.002228152
56,1.1499999999999997,0.0002600055333333334,1.1499999999999997,0.002575048
57,1.1749999999999996,0.0003255236,1.1749999999999996,0.002979896
58,1.1999999999999997,0.00041300326666666667,1.1999999999999997,0.0034498653333333335
59,1.2249999999999996,0.000528184,1.2249999999999996,0.003996414
60,1.2499999999999996,0.0008099473333333334,1.2499999999999996,0.004623390666666667
61,1.2749999999999997,0.0010094953333333334,1.2749999999999997,0.005339402000000001
