,2_4F_V_D,2_4F_J_D,2_4F_V_L,2_4F_J_L
0,-0.25,-3.7837373333333334e-06,-0.25,-0.023804266666666667
1,-0.225,-3.226672666666667e-06,-0.225,-0.023077453333333334
2,-0.2,-2.780222666666667e-06,-0.2,-0.02245978666666667
3,-0.17500000000000002,-2.3429933333333334e-06,-0.17500000000000002,-0.02188212
4,-0.15000000000000002,-1.9333073333333337e-06,-0.15000000000000002,-0.021333326666666666
5,-0.12500000000000003,-1.5547753333333334e-06,-0.12500000000000003,-0.020786593333333332
6,-0.10000000000000003,-1.1853880000000002e-06,-0.10000000000000003,-0.02023782
7,-0.07500000000000004,-8.36776e-07,-0.07500000000000004,-0.019669306666666667
8,-0.050000000000000044,-5.070529333333333e-07,-0.050000000000000044,-0.019106633333333334
9,-0.02500000000000005,-1.864442e-07,-0.02500000000000005,-0.0185217
10,-5.551115123125783e-17,1.2567993333333335e-07,-5.551115123125783e-17,-0.017916593333333335
11,0.02499999999999991,4.417859333333334e-07,0.02499999999999991,-0.01726782
12,0.04999999999999993,7.55186e-07,0.04999999999999993,-0.016636786666666667
13,0.07499999999999996,1.084962666666667e-06,0.07499999999999996,-0.01597498
14,0.09999999999999992,1.4322233333333334e-06,0.09999999999999992,-0.015292486666666667
15,0.12499999999999989,1.7995933333333335e-06,0.12499999999999989,-0.014597913333333334
16,0.1499999999999999,2.1921933333333335e-06,0.1499999999999999,-0.013891073333333335
17,0.17499999999999993,2.609550666666667e-06,0.17499999999999993,-0.013172986666666667
18,0.1999999999999999,3.0353593333333337e-06,0.1999999999999999,-0.012445306666666668
19,0.22499999999999987,3.511821333333333e-06,0.22499999999999987,-0.011703700000000001
20,0.2499999999999999,4.012174e-06,0.2499999999999999,-0.010955659999999999
21,0.2749999999999999,4.534089333333333e-06,0.2749999999999999,-0.010215693333333335
22,0.2999999999999998,5.103205333333334e-06,0.2999999999999998,-0.009464346666666667
23,0.32499999999999984,5.739206666666667e-06,0.32499999999999984,-0.008709673333333333
24,0.34999999999999987,6.43989e-06,0.34999999999999987,-0.007948953333333333
25,0.3749999999999999,6.9821466666666676e-06,0.3749999999999999,-0.007205486666666668
26,0.3999999999999999,7.773626666666667e-06,0.3999999999999999,-0.006877813333333333
27,0.4249999999999998,8.537120000000001e-06,0.4249999999999998,-0.005886585333333333
28,0.44999999999999984,9.336633333333335e-06,0.44999999999999984,-0.005116636
29,0.47499999999999987,1.0184733333333334e-05,0.47499999999999987,-0.004394508
30,0.4999999999999998,1.1053713333333333e-05,0.4999999999999998,-0.003709636666666667
31,0.5249999999999998,1.200176e-05,0.5249999999999998,-0.0030726773333333334
32,0.5499999999999998,1.3005933333333334e-05,0.5499999999999998,-0.0024869673333333332
33,0.5749999999999998,1.4100840000000002e-05,0.5749999999999998,-0.0019694260000000002
34,0.5999999999999999,1.532624e-05,0.5999999999999999,-0.0015170753333333335
35,0.6249999999999998,1.6565066666666668e-05,0.6249999999999998,-0.00113508
36,0.6499999999999998,1.7952226666666668e-05,0.6499999999999998,-0.0008209820000000002
37,0.6749999999999998,1.9410873333333333e-05,0.6749999999999998,-0.0006289878666666667
38,0.6999999999999997,2.1042620000000002e-05,0.6999999999999997,-0.0004006590666666667
39,0.7249999999999998,2.2823793333333334e-05,0.7249999999999998,-0.0002340428
40,0.7499999999999998,2.4719853333333335e-05,0.7499999999999998,-0.00010305346666666669
41,0.7749999999999997,2.675886666666667e-05,0.7749999999999997,-3.784317333333333e-05
42,0.7999999999999998,2.9160333333333336e-05,0.7999999999999998,6.9995e-05
43,0.8249999999999997,3.182512666666667e-05,0.8249999999999997,0.0001493618
44,0.8499999999999996,3.490056666666667e-05,0.8499999999999996,0.00023736493333333333
45,0.8749999999999998,3.8444933333333335e-05,0.8749999999999998,0.00031719733333333334
46,0.8999999999999997,4.243028666666667e-05,0.8999999999999997,0.0003950614
47,0.9249999999999998,4.709178e-05,0.9249999999999998,0.00047413920000000006
48,0.9499999999999997,5.2595540000000004e-05,0.9499999999999997,0.0005571202
49,0.9749999999999996,5.909690666666667e-05,0.9749999999999996,0.0006471567333333334
50,0.9999999999999998,6.705246666666668e-05,0.9999999999999998,0.000766906
51,1.0249999999999997,8.213086666666667e-05,1.0249999999999997,0.0008821293333333333
52,1.0499999999999998,9.453453333333333e-05,1.0499999999999998,0.0010148726666666667
53,1.0749999999999997,0.00011045493333333335,1.0749999999999997,0.0011686766666666668
54,1.0999999999999996,0.00013093673333333333,1.0999999999999996,0.0013496953333333333
55,1.1249999999999998,0.00015686513333333334,1.1249999999999998,0.0015625313333333334
56,1.1499999999999997,0.0001910662,1.1499999999999997,0.0018143393333333335
57,1.1749999999999996,0.00023573293333333336,1.1749999999999996,0.0021116426666666667
58,1.1999999999999997,0.0002953224,1.1999999999999997,0.002464460666666667
59,1.2249999999999996,0.00037464346666666665,1.2249999999999996,0.0028817513333333337
60,1.2499999999999996,0.00048024173333333336,1.2499999999999996,0.0033698160000000003
61,1.2749999999999997,0.0006204567333333334,1.2749999999999997,0.0039392486666666665
