,2_4F_V_D,2_4F_J_D,2_4F_V_L,2_4F_J_L
0,-0.25,-3.224422e-06,-0.25,-0.023838473333333336
1,-0.225,-2.7652406666666667e-06,-0.225,-0.023133860000000003
2,-0.2,-2.3620793333333334e-06,-0.2,-0.022535473333333333
3,-0.17500000000000002,-1.9506353333333335e-06,-0.17500000000000002,-0.02197142666666667
4,-0.15000000000000002,-1.5950320000000002e-06,-0.15000000000000002,-0.021432233333333335
5,-0.12500000000000003,-1.2703853333333333e-06,-0.12500000000000003,-0.02089656
6,-0.10000000000000003,-9.70996e-07,-0.10000000000000003,-0.02035524
7,-0.07500000000000004,-6.82572e-07,-0.07500000000000004,-0.019799546666666668
8,-0.050000000000000044,-4.0914213333333333e-07,-0.050000000000000044,-0.019233733333333336
9,-0.02500000000000005,-1.419836e-07,-0.02500000000000005,-0.018645853333333334
10,-5.551115123125783e-17,1.1903113333333335e-07,-5.551115123125783e-17,-0.018043153333333336
11,0.02499999999999991,3.85067e-07,0.02499999999999991,-0.01741514666666667
12,0.04999999999999993,6.532688666666667e-07,0.04999999999999993,-0.01677414
13,0.07499999999999996,9.301446666666666e-07,0.07499999999999996,-0.016112713333333334
14,0.09999999999999992,1.23348e-06,0.09999999999999992,-0.015434000000000002
15,0.12499999999999989,1.5364913333333333e-06,0.12499999999999989,-0.014730993333333334
16,0.1499999999999999,1.8667646666666666e-06,0.1499999999999999,-0.014034926666666668
17,0.17499999999999993,2.233734e-06,0.17499999999999993,-0.013319793333333335
18,0.1999999999999999,2.6168953333333335e-06,0.1999999999999999,-0.012590746666666668
19,0.22499999999999987,2.9942126666666667e-06,0.22499999999999987,-0.011867066666666667
20,0.2499999999999999,3.400134e-06,0.2499999999999999,-0.011111906666666668
21,0.2749999999999999,3.8727293333333335e-06,0.2749999999999999,-0.010358133333333333
22,0.2999999999999998,4.3849793333333336e-06,0.2999999999999998,-0.009604900000000001
23,0.32499999999999984,4.907563333333334e-06,0.32499999999999984,-0.008838426666666666
24,0.34999999999999987,5.457980666666667e-06,0.34999999999999987,-0.008077073333333334
25,0.3749999999999999,6.1516566666666675e-06,0.3749999999999999,-0.007315713333333334
26,0.3999999999999999,6.831166666666667e-06,0.3999999999999999,-0.006952379999999999
27,0.4249999999999998,7.290253333333333e-06,0.4249999999999998,-0.005973917333333334
28,0.44999999999999984,8.104620000000002e-06,0.44999999999999984,-0.005187599333333334
29,0.47499999999999987,8.833246666666668e-06,0.47499999999999987,-0.0044532926666666665
30,0.4999999999999998,9.695033333333335e-06,0.4999999999999998,-0.0037568106666666665
31,0.5249999999999998,1.0547573333333333e-05,0.5249999999999998,-0.0031084993333333334
32,0.5499999999999998,1.152962e-05,0.5499999999999998,-0.002517151333333333
33,0.5749999999999998,1.2565266666666668e-05,0.5749999999999998,-0.0019892866666666666
34,0.5999999999999999,1.3648239999999999e-05,0.5999999999999999,-0.0015291200000000001
35,0.6249999999999998,1.4880486666666667e-05,0.6249999999999998,-0.0011420920000000002
36,0.6499999999999998,1.6158000000000004e-05,0.6499999999999998,-0.000822768
37,0.6749999999999998,1.7699326666666666e-05,0.6749999999999998,-0.0006258267333333334
38,0.6999999999999997,1.939894e-05,0.6999999999999997,-0.00039256846666666667
39,0.7249999999999998,2.1482213333333334e-05,0.7249999999999998,-0.00021976546666666668
40,0.7499999999999998,2.347986666666667e-05,0.7499999999999998,-8.327426666666667e-05
41,0.7749999999999997,2.56856e-05,0.7749999999999997,1.1229866666666667e-05
42,0.7999999999999998,2.8232320000000002e-05,0.7999999999999998,9.81208e-05
43,0.8249999999999997,3.102586e-05,0.8249999999999997,0.00019894606666666668
44,0.8499999999999996,3.411219333333333e-05,0.8499999999999996,0.00028727373333333335
45,0.8749999999999998,3.83775e-05,0.8749999999999998,0.0003707624666666667
46,0.8999999999999997,4.3441933333333335e-05,0.8999999999999997,0.000452946
47,0.9249999999999998,4.805572e-05,0.9249999999999998,0.0005369985333333333
48,0.9499999999999997,5.343646666666666e-05,0.9499999999999997,0.0006255974666666667
49,0.9749999999999996,6.037563333333333e-05,0.9749999999999996,0.0007419586666666667
50,0.9999999999999998,7.45594e-05,0.9999999999999998,0.0008526019999999999
51,1.0249999999999997,8.59812e-05,1.0249999999999997,0.0009779666666666666
52,1.0499999999999998,0.00010019273333333334,1.0499999999999998,0.0011233966666666666
53,1.0749999999999997,0.00011769193333333333,1.0749999999999997,0.001292504
54,1.0999999999999996,0.00014010086666666667,1.0999999999999996,0.0014904846666666668
55,1.1249999999999998,0.00016901173333333335,1.1249999999999998,0.0017243213333333334
56,1.1499999999999997,0.00020825860000000003,1.1499999999999997,0.0020006393333333334
57,1.1749999999999996,0.0002587354,1.1749999999999996,0.0023270866666666667
58,1.1999999999999997,0.00032519653333333337,1.1999999999999997,0.0027116886666666666
59,1.2249999999999996,0.00041397000000000005,1.2249999999999996,0.003165690666666667
60,1.2499999999999996,0.0005314472666666667,1.2499999999999996,0.003694164666666667
61,1.2749999999999997,0.0008182440000000001,1.2749999999999997,0.004306669333333334
