,2_4F_V_D,2_4F_J_D,2_4F_V_L,2_4F_J_L
0,-0.25,-4.25958e-06,-0.25,-0.023783693333333335
1,-0.225,-3.6295800000000002e-06,-0.225,-0.02304154666666667
2,-0.2,-3.125476e-06,-0.2,-0.02241370666666667
3,-0.17500000000000002,-2.6104293333333337e-06,-0.17500000000000002,-0.021824266666666668
4,-0.15000000000000002,-2.1520373333333334e-06,-0.15000000000000002,-0.02127724666666667
5,-0.12500000000000003,-1.7108966666666668e-06,-0.12500000000000003,-0.020729873333333333
6,-0.10000000000000003,-1.3076326666666667e-06,-0.10000000000000003,-0.020174853333333336
7,-0.07500000000000004,-9.840086666666667e-07,-0.07500000000000004,-0.019615786666666666
8,-0.050000000000000044,-6.015129333333334e-07,-0.050000000000000044,-0.01903986666666667
9,-0.02500000000000005,-2.2284766666666667e-07,-0.02500000000000005,-0.0184524
10,-5.551115123125783e-17,1.324976e-07,-5.551115123125783e-17,-0.01784870666666667
11,0.02499999999999991,4.916174666666667e-07,0.02499999999999991,-0.0172109
12,0.04999999999999993,8.511893333333335e-07,0.04999999999999993,-0.01656182
13,0.07499999999999996,1.2189633333333335e-06,0.07499999999999996,-0.01589802666666667
14,0.09999999999999992,1.5996913333333334e-06,0.09999999999999992,-0.015220866666666668
15,0.12499999999999989,2.006602e-06,0.12499999999999989,-0.014527826666666667
16,0.1499999999999999,2.403956e-06,0.1499999999999999,-0.013808079999999999
17,0.17499999999999993,2.8631566666666667e-06,0.17499999999999993,-0.013103686666666668
18,0.1999999999999999,3.270968e-06,0.1999999999999999,-0.012375259999999999
19,0.22499999999999987,3.7710433333333337e-06,0.22499999999999987,-0.011636493333333333
20,0.2499999999999999,4.295232666666667e-06,0.2499999999999999,-0.010891746666666667
21,0.2749999999999999,4.891576e-06,0.2749999999999999,-0.010155066666666667
22,0.2999999999999998,5.406012e-06,0.2999999999999998,-0.009406633333333334
23,0.32499999999999984,6.107667333333333e-06,0.32499999999999984,-0.008655886666666666
24,0.34999999999999987,6.832973333333333e-06,0.34999999999999987,-0.007908986666666668
25,0.3749999999999999,7.390126666666666e-06,0.3749999999999999,-0.007163126666666667
26,0.3999999999999999,8.18798e-06,0.3999999999999999,-0.006842106666666667
27,0.4249999999999998,9.103266666666668e-06,0.4249999999999998,-0.005851329333333334
28,0.44999999999999984,1.000836e-05,0.44999999999999984,-0.005081022666666667
29,0.47499999999999987,1.089256e-05,0.47499999999999987,-0.004368133333333334
30,0.4999999999999998,1.1849653333333334e-05,0.4999999999999998,-0.0036885920000000005
31,0.5249999999999998,1.2814446666666668e-05,0.5249999999999998,-0.003058162
32,0.5499999999999998,1.3846953333333333e-05,0.5499999999999998,-0.00247867
33,0.5749999999999998,1.5004053333333334e-05,0.5749999999999998,-0.001961476666666667
34,0.5999999999999999,1.6233506666666666e-05,0.5999999999999999,-0.0015110573333333335
35,0.6249999999999998,1.7516893333333332e-05,0.6249999999999998,-0.0011309986666666666
36,0.6499999999999998,1.9005226666666666e-05,0.6499999999999998,-0.000819688
37,0.6749999999999998,2.0540173333333336e-05,0.6749999999999998,-0.000627593
38,0.6999999999999997,2.2351846666666667e-05,0.6999999999999997,-0.00040020733333333335
39,0.7249999999999998,2.399982e-05,0.7249999999999998,-0.0002348828
40,0.7499999999999998,2.593958666666667e-05,0.7499999999999998,-0.0001062118
41,0.7749999999999997,2.8090926666666666e-05,0.7749999999999997,-4.195486666666667e-05
42,0.7999999999999998,3.0346493333333336e-05,0.7999999999999998,6.56879e-05
43,0.8249999999999997,3.303899333333334e-05,0.8249999999999997,0.0001415842
44,0.8499999999999996,3.6037313333333333e-05,0.8499999999999996,0.00022779686666666668
45,0.8749999999999998,3.952931333333333e-05,0.8749999999999998,0.0003058984666666667
46,0.8999999999999997,4.335724666666667e-05,0.8999999999999997,0.00038218493333333335
47,0.9249999999999998,4.816030000000001e-05,0.9249999999999998,0.00045966080000000003
48,0.9499999999999997,5.360515333333334e-05,0.9499999999999997,0.0005411876666666667
49,0.9749999999999996,6.001566e-05,0.9749999999999996,0.0006291908666666667
50,0.9999999999999998,6.764946666666667e-05,0.9999999999999998,0.0007465786666666667
51,1.0249999999999997,8.333933333333333e-05,1.0249999999999997,0.0008595880000000001
52,1.0499999999999998,9.578866666666667e-05,1.0499999999999998,0.0009894093333333333
53,1.0749999999999997,0.0001111576,1.0749999999999997,0.0011403606666666667
54,1.0999999999999996,0.00013128140000000002,1.0999999999999996,0.0013173866666666668
55,1.1249999999999998,0.00015696606666666668,1.1249999999999998,0.0015252226666666669
56,1.1499999999999997,0.00019024826666666668,1.1499999999999997,0.0017716753333333333
57,1.1749999999999996,0.00023355533333333336,1.1749999999999996,0.0020631733333333333
58,1.1999999999999997,0.00029141666666666666,1.1999999999999997,0.0024071640000000003
59,1.2249999999999996,0.0003687962,1.2249999999999996,0.0028154673333333335
60,1.2499999999999996,0.00047139173333333334,1.2499999999999996,0.0032936633333333337
61,1.2749999999999997,0.0006081502,1.2749999999999997,0.003851738
