,2_4F_V_D,2_4F_J_D,2_4F_V_L,2_4F_J_L
0,-0.25,-3.956368000000001e-06,-0.25,-0.023292673333333336
1,-0.225,-3.301591333333334e-06,-0.225,-0.02240996
2,-0.2,-2.726424e-06,-0.2,-0.02170766666666667
3,-0.17500000000000002,-2.2312353333333334e-06,-0.17500000000000002,-0.02106494
4,-0.15000000000000002,-1.8211140000000002e-06,-0.15000000000000002,-0.020472506666666668
5,-0.12500000000000003,-1.4010133333333333e-06,-0.12500000000000003,-0.019884973333333333
6,-0.10000000000000003,-1.0473313333333333e-06,-0.10000000000000003,-0.019298873333333334
7,-0.07500000000000004,-7.260773333333334e-07,-0.07500000000000004,-0.01870808666666667
8,-0.050000000000000044,-4.457754e-07,-0.050000000000000044,-0.01811234
9,-0.02500000000000005,-1.5330533333333332e-07,-0.02500000000000005,-0.017499053333333334
10,-5.551115123125783e-17,1.2117486666666667e-07,-5.551115123125783e-17,-0.016877446666666667
11,0.02499999999999991,4.2173593333333333e-07,0.02499999999999991,-0.01622752666666667
12,0.04999999999999993,6.988553333333334e-07,0.04999999999999993,-0.015600573333333333
13,0.07499999999999996,9.926433333333333e-07,0.07499999999999996,-0.01494764
14,0.09999999999999992,1.3302520000000002e-06,0.09999999999999992,-0.014280619999999999
15,0.12499999999999989,1.682654e-06,0.12499999999999989,-0.013596726666666668
16,0.1499999999999999,2.0611766666666667e-06,0.1499999999999999,-0.012931540000000002
17,0.17499999999999993,2.4572293333333337e-06,0.17499999999999993,-0.012252806666666666
18,0.1999999999999999,2.9411593333333334e-06,0.1999999999999999,-0.011568946666666666
19,0.22499999999999987,3.406964e-06,0.22499999999999987,-0.010872153333333334
20,0.2499999999999999,3.901915333333334e-06,0.2499999999999999,-0.010187846666666667
21,0.2749999999999999,4.523744666666667e-06,0.2749999999999999,-0.009489206666666668
22,0.2999999999999998,5.114928666666667e-06,0.2999999999999998,-0.008791193333333332
23,0.32499999999999984,5.904544e-06,0.32499999999999984,-0.008082206666666668
24,0.34999999999999987,7.337553333333334e-06,0.34999999999999987,-0.007366673333333334
25,0.3749999999999999,1.032066e-05,0.3749999999999999,-0.007335513333333333
26,0.3999999999999999,1.0993020000000001e-05,0.3999999999999999,-0.006638567333333333
27,0.4249999999999998,1.0209813333333334e-05,0.4249999999999998,-0.005617080000000001
28,0.44999999999999984,1.3280053333333333e-05,0.44999999999999984,-0.004835792
29,0.47499999999999987,1.4254453333333335e-05,0.47499999999999987,-0.004115042
30,0.4999999999999998,1.669724666666667e-05,0.4999999999999998,-0.0034371366666666667
31,0.5249999999999998,1.801866e-05,0.5249999999999998,-0.002819006666666667
32,0.5499999999999998,1.910104e-05,0.5499999999999998,-0.0022539673333333335
33,0.5749999999999998,2.1168006666666667e-05,0.5749999999999998,-0.0017523773333333334
34,0.5999999999999999,2.2891833333333333e-05,0.5999999999999999,-0.0013151353333333334
35,0.6249999999999998,2.3362353333333333e-05,0.6249999999999998,-0.0009490193333333334
36,0.6499999999999998,2.5898913333333336e-05,0.6499999999999998,-0.00078631
37,0.6749999999999998,3.219704e-05,0.6749999999999998,-0.0005072119999999999
38,0.6999999999999997,3.5672913333333334e-05,0.6999999999999997,-0.00024229193333333336
39,0.7249999999999998,3.924549333333333e-05,0.7249999999999998,-0.00010086840000000001
40,0.7499999999999998,4.3233280000000004e-05,0.7499999999999998,0.00010216026666666668
41,0.7749999999999997,4.757758666666667e-05,0.7749999999999997,0.00026676993333333334
42,0.7999999999999998,5.312528e-05,0.7999999999999998,0.00041635626666666666
43,0.8249999999999997,5.917972666666666e-05,0.8249999999999997,0.0005568367333333334
44,0.8499999999999996,6.630724666666668e-05,0.8499999999999996,0.0006939480000000001
45,0.8749999999999998,7.988920000000001e-05,0.8749999999999998,0.0008497240000000002
46,0.8999999999999997,9.025580000000001e-05,0.8999999999999997,0.0010055166666666667
47,0.9249999999999998,0.00010249813333333333,0.9249999999999998,0.0011584066666666668
48,0.9499999999999997,0.00011724453333333334,0.9499999999999997,0.0013332253333333333
49,0.9749999999999996,0.00013521853333333335,0.9749999999999996,0.0015206486666666666
50,0.9999999999999998,0.00015801986666666667,0.9999999999999998,0.001738764
51,1.0249999999999997,0.0001853830666666667,1.0249999999999997,0.0019791686666666666
52,1.0499999999999998,0.0002212760666666667,1.0499999999999998,0.0022520226666666665
53,1.0749999999999997,0.0002653824,1.0749999999999997,0.0025750060000000003
54,1.0999999999999996,0.0003181078666666667,1.0999999999999996,0.002947266666666667
55,1.1249999999999998,0.0003875522,1.1249999999999998,0.0033842700000000004
56,1.1499999999999997,0.00047362140000000005,1.1499999999999997,0.003883066666666667
57,1.1749999999999996,0.0005855536666666667,1.1749999999999996,0.004452624666666667
58,1.1999999999999997,0.000870914,1.1999999999999997,0.005103708
59,1.2249999999999996,0.0010584253333333334,1.2249999999999996,0.005841702000000001
60,1.2499999999999996,0.0013140293333333334,1.2499999999999996,0.006661235333333334
61,1.2749999999999997,0.0016345746666666667,1.2749999999999997,0.007959626666666667
