,2_4F_V_D,2_4F_J_D,2_4F_V_L,2_4F_J_L
0,-0.25,-4.089900666666667e-06,-0.25,-0.022963373333333335
1,-0.225,-3.4584933333333336e-06,-0.225,-0.02198394
2,-0.2,-2.9524346666666667e-06,-0.2,-0.02123588666666667
3,-0.17500000000000002,-2.4279253333333337e-06,-0.17500000000000002,-0.020568433333333334
4,-0.15000000000000002,-1.963892666666667e-06,-0.15000000000000002,-0.01995784
5,-0.12500000000000003,-1.5765946666666668e-06,-0.12500000000000003,-0.019369726666666667
6,-0.10000000000000003,-1.1697573333333334e-06,-0.10000000000000003,-0.018779880000000002
7,-0.07500000000000004,-8.142726666666666e-07,-0.07500000000000004,-0.01821950666666667
8,-0.050000000000000044,-4.848554e-07,-0.050000000000000044,-0.01764184
9,-0.02500000000000005,-1.6847993333333333e-07,-0.02500000000000005,-0.01705974
10,-5.551115123125783e-17,1.357128e-07,-5.551115123125783e-17,-0.01648602
11,0.02499999999999991,4.436858666666667e-07,0.02499999999999991,-0.015878453333333334
12,0.04999999999999993,7.654426666666667e-07,0.04999999999999993,-0.01528176
13,0.07499999999999996,1.093564e-06,0.07499999999999996,-0.014672106666666667
14,0.09999999999999992,1.473954e-06,0.09999999999999992,-0.014060786666666669
15,0.12499999999999989,1.8850453333333335e-06,0.12499999999999989,-0.013438199999999999
16,0.1499999999999999,2.2689246666666665e-06,0.1499999999999999,-0.012811353333333334
17,0.17499999999999993,2.741142e-06,0.17499999999999993,-0.0121852
18,0.1999999999999999,3.277628e-06,0.1999999999999999,-0.011545773333333334
19,0.22499999999999987,3.891124666666667e-06,0.22499999999999987,-0.010894066666666667
20,0.2499999999999999,4.490992666666667e-06,0.2499999999999999,-0.010250286666666667
21,0.2749999999999999,5.094174666666667e-06,0.2749999999999999,-0.009592826666666667
22,0.2999999999999998,5.85809e-06,0.2999999999999998,-0.008930533333333334
23,0.32499999999999984,6.789440000000001e-06,0.32499999999999984,-0.008250293333333334
24,0.34999999999999987,7.340913333333334e-06,0.34999999999999987,-0.00757028
25,0.3749999999999999,8.359333333333333e-06,0.3749999999999999,-0.006883280000000001
26,0.3999999999999999,9.437526666666666e-06,0.3999999999999999,-0.006632751333333333
27,0.4249999999999998,1.0502886666666667e-05,0.4249999999999998,-0.0056450580000000005
28,0.44999999999999984,1.1716333333333333e-05,0.44999999999999984,-0.004919038666666667
29,0.47499999999999987,1.3033293333333335e-05,0.47499999999999987,-0.004233107333333333
30,0.4999999999999998,1.4168266666666666e-05,0.4999999999999998,-0.0035765246666666665
31,0.5249999999999998,1.5830520000000002e-05,0.5249999999999998,-0.0029673140000000004
32,0.5499999999999998,1.73801e-05,0.5499999999999998,-0.002406730666666667
33,0.5749999999999998,1.9367166666666666e-05,0.5749999999999998,-0.001905724
34,0.5999999999999999,2.170724e-05,0.5999999999999999,-0.0014638746666666667
35,0.6249999999999998,2.491286666666667e-05,0.6249999999999998,-0.0010851846666666669
36,0.6499999999999998,2.714866e-05,0.6499999999999998,-0.0007160786666666666
37,0.6749999999999998,3.567731333333334e-05,0.6749999999999998,-0.0005320740666666668
38,0.6999999999999997,3.922830666666667e-05,0.6999999999999997,-0.0002468162666666667
39,0.7249999999999998,4.353654666666667e-05,0.7249999999999998,-0.00012927326666666667
40,0.7499999999999998,4.9097033333333334e-05,0.7499999999999998,9.606513333333334e-05
41,0.7749999999999997,5.507844666666668e-05,0.7749999999999997,0.00027504106666666666
42,0.7999999999999998,6.185827333333333e-05,0.7999999999999998,0.00045737306666666667
43,0.8249999999999997,8.003173333333333e-05,0.8249999999999997,0.0006286412666666667
44,0.8499999999999996,8.95054e-05,0.8499999999999996,0.00078978
45,0.8749999999999998,0.00010329633333333333,0.8749999999999998,0.0009805093333333334
46,0.8999999999999997,0.00011943700000000002,0.8999999999999997,0.0011839133333333334
47,0.9249999999999998,0.00014343213333333334,0.9249999999999998,0.0014047573333333333
48,0.9499999999999997,0.00016988966666666667,0.9499999999999997,0.0016511633333333334
49,0.9749999999999996,0.00020357146666666667,0.9749999999999996,0.0019346119999999998
50,0.9999999999999998,0.0002466497333333334,0.9999999999999998,0.0022599266666666665
51,1.0249999999999997,0.000299845,1.0249999999999997,0.002632705333333333
52,1.0499999999999998,0.0003668846,1.0499999999999998,0.0030650620000000003
53,1.0749999999999997,0.0004544129333333333,1.0749999999999997,0.0035578426666666666
54,1.0999999999999996,0.0005658946,1.0999999999999996,0.004131670666666667
55,1.1249999999999998,0.000843928,1.1249999999999998,0.004778054
56,1.1499999999999997,0.0010290806666666667,1.1499999999999997,0.005510719333333334
57,1.1749999999999996,0.0012669220000000002,1.1749999999999996,0.0063397900000000005
58,1.1999999999999997,0.0015729753333333335,1.1999999999999997,0.007582953333333333
59,1.2249999999999996,0.0019607393333333336,1.2249999999999996,0.0085763
60,1.2499999999999996,0.0024379,1.2499999999999996,0.009699133333333334
61,1.2749999999999997,0.0030053533333333333,1.2749999999999997,0.01093264
