,2_4F_V_D,2_4F_J_D,2_4F_V_L,2_4F_J_L
0,-0.25,-4.101855333333334e-06,-0.25,-0.023774046666666666
1,-0.225,-3.4980953333333336e-06,-0.225,-0.023028086666666666
2,-0.2,-3.0232360000000003e-06,-0.2,-0.022397426666666668
3,-0.17500000000000002,-2.5443453333333332e-06,-0.17500000000000002,-0.021801086666666667
4,-0.15000000000000002,-2.080807333333333e-06,-0.15000000000000002,-0.021250833333333333
5,-0.12500000000000003,-1.6675606666666666e-06,-0.12500000000000003,-0.020697073333333333
6,-0.10000000000000003,-1.2605586666666666e-06,-0.10000000000000003,-0.020138353333333334
7,-0.07500000000000004,-8.858946666666667e-07,-0.07500000000000004,-0.019571793333333334
8,-0.050000000000000044,-5.371215333333334e-07,-0.050000000000000044,-0.01899224
9,-0.02500000000000005,-2.0461333333333335e-07,-0.02500000000000005,-0.01840070666666667
10,-5.551115123125783e-17,1.2874140000000002e-07,-5.551115123125783e-17,-0.017793113333333332
11,0.02499999999999991,4.69051e-07,0.02499999999999991,-0.01715098
12,0.04999999999999993,8.144646666666667e-07,0.04999999999999993,-0.016501173333333334
13,0.07499999999999996,1.1806213333333333e-06,0.07499999999999996,-0.01583468666666667
14,0.09999999999999992,1.5652386666666667e-06,0.09999999999999992,-0.015153786666666667
15,0.12499999999999989,1.980984e-06,0.12499999999999989,-0.014459633333333333
16,0.1499999999999999,2.4043646666666668e-06,0.1499999999999999,-0.01373982
17,0.17499999999999993,2.8730086666666668e-06,0.17499999999999993,-0.013035173333333335
18,0.1999999999999999,3.3572380000000004e-06,0.1999999999999999,-0.012312426666666666
19,0.22499999999999987,3.902658666666667e-06,0.22499999999999987,-0.011571306666666666
20,0.2499999999999999,4.428945333333334e-06,0.2499999999999999,-0.010826386666666667
21,0.2749999999999999,4.978287333333334e-06,0.2749999999999999,-0.010091373333333334
22,0.2999999999999998,5.602606666666667e-06,0.2999999999999998,-0.00934472
23,0.32499999999999984,6.301058666666667e-06,0.32499999999999984,-0.008597
24,0.34999999999999987,6.962553333333334e-06,0.34999999999999987,-0.00784866
25,0.3749999999999999,7.5783266666666665e-06,0.3749999999999999,-0.00710462
26,0.3999999999999999,8.32482e-06,0.3999999999999999,-0.0067865066666666675
27,0.4249999999999998,9.0712e-06,0.4249999999999998,-0.005796004
28,0.44999999999999984,9.930906666666668e-06,0.44999999999999984,-0.005028818
29,0.47499999999999987,1.0881366666666667e-05,0.47499999999999987,-0.0043172973333333335
30,0.4999999999999998,1.1917753333333334e-05,0.4999999999999998,-0.0036432926666666665
31,0.5249999999999998,1.2847380000000002e-05,0.5249999999999998,-0.0030142813333333333
32,0.5499999999999998,1.3879459999999999e-05,0.5499999999999998,-0.0024406126666666667
33,0.5749999999999998,1.5012226666666666e-05,0.5749999999999998,-0.0019285433333333336
34,0.5999999999999999,1.614528e-05,0.5999999999999999,-0.0014830413333333334
35,0.6249999999999998,1.7394280000000002e-05,0.6249999999999998,-0.0011089413333333334
36,0.6499999999999998,1.8746253333333335e-05,0.6499999999999998,-0.0008027446666666667
37,0.6749999999999998,2.0200433333333334e-05,0.6749999999999998,-0.0006141604
38,0.6999999999999997,2.1802480000000002e-05,0.6999999999999997,-0.00039103280000000003
39,0.7249999999999998,2.3410740000000002e-05,0.7249999999999998,-0.00022896253333333334
40,0.7499999999999998,2.569308666666667e-05,0.7499999999999998,-0.0001024688
41,0.7749999999999997,2.7670160000000002e-05,0.7749999999999997,-3.903804666666667e-05
42,0.7999999999999998,3.0165506666666667e-05,0.7999999999999998,6.70684e-05
43,0.8249999999999997,3.2467473333333336e-05,0.8249999999999997,0.00014227093333333334
44,0.8499999999999996,3.555584e-05,0.8499999999999996,0.00022751920000000002
45,0.8749999999999998,3.9114746666666665e-05,0.8749999999999998,0.0003049812666666667
46,0.8999999999999997,4.3071513333333335e-05,0.8999999999999997,0.00038087353333333333
47,0.9249999999999998,4.7679866666666664e-05,0.9249999999999998,0.00045760326666666667
48,0.9499999999999997,5.288456000000001e-05,0.9499999999999997,0.0005381775333333334
49,0.9749999999999996,5.929444666666667e-05,0.9749999999999996,0.0006258138666666667
50,0.9999999999999998,6.68528e-05,0.9999999999999998,0.0007413913333333334
51,1.0249999999999997,8.160780000000001e-05,1.0249999999999997,0.0008532826666666668
52,1.0499999999999998,9.352826666666667e-05,1.0499999999999998,0.0009821246666666668
53,1.0749999999999997,0.00010878413333333333,1.0749999999999997,0.0011313686666666667
54,1.0999999999999996,0.0001283484,1.0999999999999996,0.001306562
55,1.1249999999999998,0.00015282706666666667,1.1249999999999998,0.0015130206666666667
56,1.1499999999999997,0.00018522106666666666,1.1499999999999997,0.0017566766666666665
57,1.1749999999999996,0.00022859893333333336,1.1749999999999996,0.0020451573333333337
58,1.1999999999999997,0.00028537813333333334,1.1999999999999997,0.0023857453333333335
59,1.2249999999999996,0.0003614024666666667,1.2249999999999996,0.0027896926666666666
60,1.2499999999999996,0.0004631769333333333,1.2499999999999996,0.0032633253333333337
61,1.2749999999999997,0.0005979799333333334,1.2749999999999997,0.003816931333333333
