,2_4F_V_D,2_4F_J_D,2_4F_V_L,2_4F_J_L
0,-0.25,-2.9291093333333336e-06,-0.25,-0.023854126666666666
1,-0.225,-2.482178e-06,-0.225,-0.023153713333333333
2,-0.2,-2.132709333333333e-06,-0.2,-0.02255834
3,-0.17500000000000002,-1.77786e-06,-0.17500000000000002,-0.02199208
4,-0.15000000000000002,-1.4544966666666666e-06,-0.15000000000000002,-0.021463753333333335
5,-0.12500000000000003,-1.152766e-06,-0.12500000000000003,-0.020924733333333334
6,-0.10000000000000003,-8.777853333333333e-07,-0.10000000000000003,-0.020380846666666667
7,-0.07500000000000004,-6.171792666666667e-07,-0.07500000000000004,-0.019822653333333332
8,-0.050000000000000044,-3.639252666666667e-07,-0.050000000000000044,-0.01925212
9,-0.02500000000000005,-1.2059546666666668e-07,-0.02500000000000005,-0.018665733333333333
10,-5.551115123125783e-17,1.168228e-07,-5.551115123125783e-17,-0.018063186666666668
11,0.02499999999999991,3.598956e-07,0.02499999999999991,-0.017425000000000003
12,0.04999999999999993,6.085175333333333e-07,0.04999999999999993,-0.016777113333333333
13,0.07499999999999996,8.692746666666667e-07,0.07499999999999996,-0.016112826666666667
14,0.09999999999999992,1.138468e-06,0.09999999999999992,-0.015430306666666666
15,0.12499999999999989,1.4145613333333333e-06,0.12499999999999989,-0.014735226666666667
16,0.1499999999999999,1.713184e-06,0.1499999999999999,-0.014014460000000001
17,0.17499999999999993,2.0480633333333335e-06,0.17499999999999993,-0.0133043
18,0.1999999999999999,2.38476e-06,0.1999999999999999,-0.012580206666666666
19,0.22499999999999987,2.757792666666667e-06,0.22499999999999987,-0.011832426666666666
20,0.2499999999999999,3.1602226666666667e-06,0.2499999999999999,-0.011080846666666666
21,0.2749999999999999,3.5687960000000003e-06,0.2749999999999999,-0.01033698
22,0.2999999999999998,4.022146000000001e-06,0.2999999999999998,-0.009576733333333334
23,0.32499999999999984,4.503007333333334e-06,0.32499999999999984,-0.008816266666666668
24,0.34999999999999987,5.0297146666666665e-06,0.34999999999999987,-0.008048953333333334
25,0.3749999999999999,5.588408666666667e-06,0.3749999999999999,-0.007285473333333333
26,0.3999999999999999,6.346512666666667e-06,0.3999999999999999,-0.0069235
27,0.4249999999999998,6.999373333333334e-06,0.4249999999999998,-0.005934991333333334
28,0.44999999999999984,7.551066666666666e-06,0.44999999999999984,-0.005143078666666667
29,0.47499999999999987,8.343026666666667e-06,0.47499999999999987,-0.0044120033333333334
30,0.4999999999999998,9.183473333333334e-06,0.4999999999999998,-0.0037173340000000005
31,0.5249999999999998,1.0050766666666667e-05,0.5249999999999998,-0.0030691340000000003
32,0.5499999999999998,1.0981420000000001e-05,0.5499999999999998,-0.002478694666666667
33,0.5749999999999998,1.1964033333333334e-05,0.5749999999999998,-0.0019536773333333336
34,0.5999999999999999,1.2997846666666668e-05,0.5999999999999999,-0.0014968546666666667
35,0.6249999999999998,1.4164766666666667e-05,0.6249999999999998,-0.0011122786666666667
36,0.6499999999999998,1.5383100000000002e-05,0.6499999999999998,-0.0007961326666666667
37,0.6749999999999998,1.688735333333333e-05,0.6749999999999998,-0.0005980785333333334
38,0.6999999999999997,1.8443473333333333e-05,0.6999999999999997,-0.0003650236
39,0.7249999999999998,2.0169000000000003e-05,0.7249999999999998,-0.00019197973333333335
40,0.7499999999999998,2.2155e-05,0.7499999999999998,-0.0001059652
41,0.7749999999999997,2.438586e-05,0.7749999999999997,1.9064866666666668e-05
42,0.7999999999999998,2.7135753333333333e-05,0.7999999999999998,0.0001238958
43,0.8249999999999997,2.9954786666666665e-05,0.8249999999999997,0.00023531993333333334
44,0.8499999999999996,3.331798666666667e-05,0.8499999999999996,0.00033328493333333335
45,0.8749999999999998,3.727551333333333e-05,0.8749999999999998,0.0004255803333333333
46,0.8999999999999997,4.174976e-05,0.8999999999999997,0.0005163067333333334
47,0.9249999999999998,4.6996533333333337e-05,0.9249999999999998,0.0006094462666666668
48,0.9499999999999997,5.302334000000001e-05,0.9499999999999997,0.00072326
49,0.9749999999999996,6.0738153333333335e-05,0.9749999999999996,0.0008336666666666667
50,0.9999999999999998,7.627266666666666e-05,0.9999999999999998,0.0009562506666666666
51,1.0249999999999997,8.828626666666667e-05,1.0249999999999997,0.001095304
52,1.0499999999999998,0.00010326480000000001,1.0499999999999998,0.0012557653333333334
53,1.0749999999999997,0.0001222148,1.0749999999999997,0.0014425053333333333
54,1.0999999999999996,0.00014667226666666668,1.0999999999999996,0.001661732
55,1.1249999999999998,0.000178542,1.1249999999999998,0.0019185253333333333
56,1.1499999999999997,0.00022017519999999999,1.1499999999999997,0.002221278
57,1.1749999999999996,0.0002739100666666667,1.1749999999999996,0.0025776006666666665
58,1.1999999999999997,0.0003462716,1.1999999999999997,0.002995404
59,1.2249999999999996,0.0004420944,1.2249999999999996,0.003483808666666667
60,1.2499999999999996,0.0005682544666666667,1.2499999999999996,0.00405
61,1.2749999999999997,0.0008737886666666667,1.2749999999999997,0.004702908666666667
