,2_4F_V_D,2_4F_J_D,2_4F_V_L,2_4F_J_L
0,-0.25,-3.08204e-06,-0.25,-0.023573333333333335
1,-0.225,-2.565120666666667e-06,-0.225,-0.022771093333333336
2,-0.2,-2.1818173333333334e-06,-0.2,-0.022115853333333334
3,-0.17500000000000002,-1.7697573333333332e-06,-0.17500000000000002,-0.021510586666666668
4,-0.15000000000000002,-1.463122e-06,-0.15000000000000002,-0.020942773333333334
5,-0.12500000000000003,-1.1362666666666668e-06,-0.12500000000000003,-0.020382293333333336
6,-0.10000000000000003,-8.740673333333334e-07,-0.10000000000000003,-0.01981272666666667
7,-0.07500000000000004,-5.941778e-07,-0.07500000000000004,-0.019226880000000002
8,-0.050000000000000044,-3.32622e-07,-0.050000000000000044,-0.018647206666666666
9,-0.02500000000000005,-1.1960113333333332e-07,-0.02500000000000005,-0.01804274
10,-5.551115123125783e-17,1.0776766666666667e-07,-5.551115123125783e-17,-0.017425533333333337
11,0.02499999999999991,3.3331e-07,0.02499999999999991,-0.016760513333333334
12,0.04999999999999993,5.563462e-07,0.04999999999999993,-0.01611118
13,0.07499999999999996,7.95768e-07,0.07499999999999996,-0.015443080000000001
14,0.09999999999999992,1.115848e-06,0.09999999999999992,-0.014753033333333334
15,0.12499999999999989,1.4017933333333332e-06,0.12499999999999989,-0.014061940000000002
16,0.1499999999999999,1.7255733333333335e-06,0.1499999999999999,-0.013355086666666667
17,0.17499999999999993,2.004548e-06,0.17499999999999993,-0.0126443
18,0.1999999999999999,2.3109153333333335e-06,0.1999999999999999,-0.011935193333333335
19,0.22499999999999987,2.8965273333333334e-06,0.22499999999999987,-0.011207126666666668
20,0.2499999999999999,3.31374e-06,0.2499999999999999,-0.01048144
21,0.2749999999999999,3.862252000000001e-06,0.2749999999999999,-0.00976484
22,0.2999999999999998,4.3565026666666664e-06,0.2999999999999998,-0.009039700000000001
23,0.32499999999999984,4.958538666666667e-06,0.32499999999999984,-0.0083114
24,0.34999999999999987,5.598048e-06,0.34999999999999987,-0.007576066666666667
25,0.3749999999999999,6.4169293333333345e-06,0.3749999999999999,-0.0068572066666666666
26,0.3999999999999999,7.187493333333333e-06,0.3999999999999999,-0.0065424820000000005
27,0.4249999999999998,7.8594e-06,0.4249999999999998,-0.005575234666666667
28,0.44999999999999984,8.582726666666667e-06,0.44999999999999984,-0.004828318000000001
29,0.47499999999999987,9.402173333333334e-06,0.47499999999999987,-0.004127938
30,0.4999999999999998,1.0503806666666667e-05,0.4999999999999998,-0.003467318666666667
31,0.5249999999999998,1.1893633333333334e-05,0.5249999999999998,-0.002856078666666667
32,0.5499999999999998,1.3382860000000003e-05,0.5499999999999998,-0.0022935633333333334
33,0.5749999999999998,1.5166166666666667e-05,0.5749999999999998,-0.0017989833333333333
34,0.5999999999999999,1.6484773333333334e-05,0.5999999999999999,-0.001367072
35,0.6249999999999998,1.80073e-05,0.6249999999999998,-0.001001226
36,0.6499999999999998,2.0001360000000002e-05,0.6499999999999998,-0.0006975600000000001
37,0.6749999999999998,2.2296826666666667e-05,0.6749999999999998,-0.0005037367333333334
38,0.6999999999999997,2.5114886666666667e-05,0.6999999999999997,-0.00027500053333333335
39,0.7249999999999998,2.870466666666667e-05,0.7249999999999998,-9.824526666666667e-05
40,0.7499999999999998,3.179382666666667e-05,0.7499999999999998,2.7772333333333335e-05
41,0.7749999999999997,3.5840686666666665e-05,0.7749999999999997,0.00014780086666666667
42,0.7999999999999998,4.035086666666667e-05,0.7999999999999998,0.00028153039999999997
43,0.8249999999999997,4.4963113333333335e-05,0.8249999999999997,0.0004002364666666667
44,0.8499999999999996,5.213609333333334e-05,0.8499999999999996,0.0005133568666666667
45,0.8749999999999998,5.807216666666667e-05,0.8749999999999998,0.0006246048666666667
46,0.8999999999999997,6.418959333333333e-05,0.8999999999999997,0.0007538973333333334
47,0.9249999999999998,8.334293333333334e-05,0.9249999999999998,0.0008763299999999999
48,0.9499999999999997,9.272586666666667e-05,0.9499999999999997,0.0010064786666666666
49,0.9749999999999996,0.00010691193333333334,0.9749999999999996,0.0011490346666666667
50,0.9999999999999998,0.00012782,0.9999999999999998,0.0013084906666666668
51,1.0249999999999997,0.0001435232666666667,1.0249999999999997,0.0014895353333333333
52,1.0499999999999998,0.00016401013333333333,1.0499999999999998,0.0016979473333333332
53,1.0749999999999997,0.0002066516,1.0749999999999997,0.001940366666666667
54,1.0999999999999996,0.00024640566666666664,1.0999999999999996,0.0022225393333333335
55,1.1249999999999998,0.00028985800000000004,1.1249999999999998,0.002564348666666667
56,1.1499999999999997,0.00034840193333333334,1.1499999999999997,0.0029571373333333335
57,1.1749999999999996,0.00042967393333333335,1.1749999999999996,0.003401218666666667
58,1.1999999999999997,0.0005286548,1.1999999999999997,0.003917204666666667
59,1.2249999999999996,0.0007856440000000001,1.2249999999999996,0.004513204
60,1.2499999999999996,0.0009562086666666668,1.2499999999999996,0.005193320666666667
61,1.2749999999999997,0.0011880206666666667,1.2749999999999997,0.005963718
