,2_4F_V_D,2_4F_J_D,2_4F_V_L,2_4F_J_L
0,-0.25,-3.832074666666667e-06,-0.25,-0.023892346666666665
1,-0.225,-3.2745520000000003e-06,-0.225,-0.023204446666666666
2,-0.2,-2.813854666666667e-06,-0.2,-0.02261306
3,-0.17500000000000002,-2.3559273333333334e-06,-0.17500000000000002,-0.022054419999999998
4,-0.15000000000000002,-1.9412753333333334e-06,-0.15000000000000002,-0.02152254666666667
5,-0.12500000000000003,-1.551978e-06,-0.12500000000000003,-0.020987926666666667
6,-0.10000000000000003,-1.1901393333333334e-06,-0.10000000000000003,-0.02045118
7,-0.07500000000000004,-8.42272e-07,-0.07500000000000004,-0.019893973333333332
8,-0.050000000000000044,-5.128144e-07,-0.050000000000000044,-0.019340066666666666
9,-0.02500000000000005,-1.9463586666666666e-07,-0.02500000000000005,-0.01875676
10,-5.551115123125783e-17,1.195626e-07,-5.551115123125783e-17,-0.018163933333333333
11,0.02499999999999991,4.516643333333333e-07,0.02499999999999991,-0.017541593333333334
12,0.04999999999999993,7.810026666666667e-07,0.04999999999999993,-0.016890153333333335
13,0.07499999999999996,1.1204633333333335e-06,0.07499999999999996,-0.0162312
14,0.09999999999999992,1.47432e-06,0.09999999999999992,-0.015549633333333333
15,0.12499999999999989,1.8530900000000002e-06,0.12499999999999989,-0.014857746666666668
16,0.1499999999999999,2.2558520000000002e-06,0.1499999999999999,-0.014148186666666666
17,0.17499999999999993,2.6919493333333334e-06,0.17499999999999993,-0.013427353333333334
18,0.1999999999999999,3.1430246666666667e-06,0.1999999999999999,-0.012693
19,0.22499999999999987,3.6237899999999997e-06,0.22499999999999987,-0.011948766666666668
20,0.2499999999999999,4.13141e-06,0.2499999999999999,-0.011193686666666668
21,0.2749999999999999,4.675197333333333e-06,0.2749999999999999,-0.010447866666666668
22,0.2999999999999998,5.265184e-06,0.2999999999999998,-0.009686426666666666
23,0.32499999999999984,5.932868666666667e-06,0.32499999999999984,-0.00892116
24,0.34999999999999987,6.626109333333333e-06,0.34999999999999987,-0.00815652
25,0.3749999999999999,7.090093333333334e-06,0.3749999999999999,-0.00739482
26,0.3999999999999999,7.850446666666667e-06,0.3999999999999999,-0.007300426666666667
27,0.4249999999999998,8.601273333333333e-06,0.4249999999999998,-0.006563917333333334
28,0.44999999999999984,9.37022e-06,0.44999999999999984,-0.005532812666666667
29,0.47499999999999987,1.0175293333333333e-05,0.47499999999999987,-0.004726242666666667
30,0.4999999999999998,1.1074133333333333e-05,0.4999999999999998,-0.003977199333333333
31,0.5249999999999998,1.2006386666666667e-05,0.5249999999999998,-0.0032956533333333335
32,0.5499999999999998,1.2998753333333335e-05,0.5499999999999998,-0.002670000666666667
33,0.5749999999999998,1.4100293333333333e-05,0.5749999999999998,-0.0021113853333333335
34,0.5999999999999999,1.5230093333333332e-05,0.5999999999999999,-0.001624126
35,0.6249999999999998,1.645804e-05,0.6249999999999998,-0.0012174446666666668
36,0.6499999999999998,1.7802193333333334e-05,0.6499999999999998,-0.0008823346666666668
37,0.6749999999999998,1.9277433333333336e-05,0.6749999999999998,-0.0006720806666666667
38,0.6999999999999997,2.100408e-05,0.6999999999999997,-0.0004272634666666667
39,0.7249999999999998,2.2774966666666668e-05,0.7249999999999998,-0.00024945793333333333
40,0.7499999999999998,2.4732113333333332e-05,0.7499999999999998,-0.00011035353333333334
41,0.7749999999999997,2.6864193333333333e-05,0.7749999999999997,-3.98381e-05
42,0.7999999999999998,2.933366e-05,0.7999999999999998,6.999526666666668e-05
43,0.8249999999999997,3.205162e-05,0.8249999999999997,0.00015786593333333334
44,0.8499999999999996,3.51249e-05,0.8499999999999996,0.0002503025333333333
45,0.8749999999999998,3.881618e-05,0.8749999999999998,0.00033358000000000004
46,0.8999999999999997,4.296213333333333e-05,0.8999999999999997,0.0004150510666666667
47,0.9249999999999998,4.772052e-05,0.9249999999999998,0.0004973354666666667
48,0.9499999999999997,5.340320666666667e-05,0.9499999999999997,0.0005840867333333333
49,0.9749999999999996,6.0289653333333334e-05,0.9749999999999996,0.0006786453333333333
50,0.9999999999999998,7.377413333333334e-05,0.9999999999999998,0.000806434
51,1.0249999999999997,8.4177e-05,1.0249999999999997,0.0009279546666666668
52,1.0499999999999998,9.751753333333334e-05,1.0499999999999998,0.0010685393333333335
53,1.0749999999999997,0.00011436366666666667,1.0749999999999997,0.0012321926666666668
54,1.0999999999999996,0.00013610893333333333,1.0999999999999996,0.0014247206666666667
55,1.1249999999999998,0.00016400580000000003,1.1249999999999998,0.0016511906666666668
56,1.1499999999999997,0.0002006072,1.1499999999999997,0.0019198540000000001
57,1.1749999999999996,0.0002487526,1.1749999999999996,0.0022374946666666668
58,1.1999999999999997,0.00031269606666666666,1.1999999999999997,0.0026125073333333336
59,1.2249999999999996,0.00039791993333333336,1.2249999999999996,0.0030547193333333336
60,1.2499999999999996,0.0005107512666666667,1.2499999999999996,0.0035713146666666667
61,1.2749999999999997,0.0007831466666666667,1.2749999999999997,0.004171246666666667
