,2_4F_V_D,2_4F_J_D,2_4F_V_L,2_4F_J_L
0,-0.25,-3.196838666666667e-06,-0.25,-0.023841693333333334
1,-0.225,-2.6387486666666666e-06,-0.225,-0.023139426666666667
2,-0.2,-2.2546333333333334e-06,-0.2,-0.02254124
3,-0.17500000000000002,-1.8714780000000002e-06,-0.17500000000000002,-0.021974053333333333
4,-0.15000000000000002,-1.535256e-06,-0.15000000000000002,-0.021436773333333332
5,-0.12500000000000003,-1.2242346666666666e-06,-0.12500000000000003,-0.02089764666666667
6,-0.10000000000000003,-9.296786666666668e-07,-0.10000000000000003,-0.020352773333333334
7,-0.07500000000000004,-6.534297333333333e-07,-0.07500000000000004,-0.019797286666666667
8,-0.050000000000000044,-3.8868513333333335e-07,-0.050000000000000044,-0.019227286666666666
9,-0.02500000000000005,-1.3313513333333334e-07,-0.02500000000000005,-0.018635806666666668
10,-5.551115123125783e-17,1.1086933333333333e-07,-5.551115123125783e-17,-0.01803768
11,0.02499999999999991,3.74877e-07,0.02499999999999991,-0.01738906
12,0.04999999999999993,6.368808e-07,0.04999999999999993,-0.016754286666666666
13,0.07499999999999996,9.097953333333334e-07,0.07499999999999996,-0.016090700000000003
14,0.09999999999999992,1.1952580000000001e-06,0.09999999999999992,-0.01541242
15,0.12499999999999989,1.5085706666666668e-06,0.12499999999999989,-0.014706880000000002
16,0.1499999999999999,1.8305020000000001e-06,0.1499999999999999,-0.014008940000000001
17,0.17499999999999993,2.1787706666666665e-06,0.17499999999999993,-0.0132949
18,0.1999999999999999,2.5323953333333337e-06,0.1999999999999999,-0.012562173333333334
19,0.22499999999999987,2.9437053333333334e-06,0.22499999999999987,-0.011818853333333334
20,0.2499999999999999,3.432759333333333e-06,0.2499999999999999,-0.0110779
21,0.2749999999999999,3.907531333333334e-06,0.2749999999999999,-0.010324193333333334
22,0.2999999999999998,4.360470666666667e-06,0.2999999999999998,-0.009567673333333334
23,0.32499999999999984,4.9138286666666665e-06,0.32499999999999984,-0.00880052
24,0.34999999999999987,5.461592666666667e-06,0.34999999999999987,-0.00803614
25,0.3749999999999999,6.081968e-06,0.3749999999999999,-0.00727714
26,0.3999999999999999,6.842940000000001e-06,0.3999999999999999,-0.006915100000000001
27,0.4249999999999998,7.3712e-06,0.4249999999999998,-0.005924962000000001
28,0.44999999999999984,8.218353333333334e-06,0.44999999999999984,-0.005141482
29,0.47499999999999987,9.057806666666668e-06,0.47499999999999987,-0.0044079
30,0.4999999999999998,9.8828e-06,0.4999999999999998,-0.0037116506666666667
31,0.5249999999999998,1.1182560000000001e-05,0.5249999999999998,-0.003066182
32,0.5499999999999998,1.21868e-05,0.5499999999999998,-0.0024777920000000004
33,0.5749999999999998,1.2999226666666668e-05,0.5749999999999998,-0.00195443
34,0.5999999999999999,1.4327266666666667e-05,0.5999999999999999,-0.0014983366666666666
35,0.6249999999999998,1.536054666666667e-05,0.6249999999999998,-0.0011161686666666668
36,0.6499999999999998,1.6710813333333335e-05,0.6499999999999998,-0.0008007593333333333
37,0.6749999999999998,1.8139526666666665e-05,0.6749999999999998,-0.0006058426000000001
38,0.6999999999999997,2.0071053333333333e-05,0.6999999999999997,-0.00037604993333333335
39,0.7249999999999998,2.165834e-05,0.7249999999999998,-0.0002055702666666667
40,0.7499999999999998,2.3650880000000003e-05,0.7499999999999998,-7.04862e-05
41,0.7749999999999997,2.591356666666667e-05,0.7749999999999997,2.3896420000000002e-05
42,0.7999999999999998,2.8479773333333337e-05,0.7999999999999998,0.0001121602
43,0.8249999999999997,3.125784e-05,0.8249999999999997,0.00021253940000000003
44,0.8499999999999996,3.441663333333333e-05,0.8499999999999996,0.00030167906666666666
45,0.8749999999999998,3.79571e-05,0.8749999999999998,0.00038601886666666667
46,0.8999999999999997,4.219282e-05,0.8999999999999997,0.0004691128
47,0.9249999999999998,4.722584e-05,0.9249999999999998,0.0005542808
48,0.9499999999999997,5.376149333333334e-05,0.9499999999999997,0.0006444589333333334
49,0.9749999999999996,6.085e-05,0.9749999999999996,0.0007625280000000001
50,0.9999999999999998,7.535179999999999e-05,0.9999999999999998,0.0008749306666666666
51,1.0249999999999997,8.638606666666668e-05,1.0249999999999997,0.001003166
52,1.0499999999999998,0.00010042813333333334,1.0499999999999998,0.001150932
53,1.0749999999999997,0.00011834826666666667,1.0749999999999997,0.0013227940000000002
54,1.0999999999999996,0.0001413862,1.0999999999999996,0.001525354
55,1.1249999999999998,0.00017092533333333334,1.1249999999999998,0.0017634253333333335
56,1.1499999999999997,0.00020932819999999999,1.1499999999999997,0.0020451806666666665
57,1.1749999999999996,0.00025989920000000003,1.1749999999999996,0.0023775326666666667
58,1.1999999999999997,0.00032751773333333334,1.1999999999999997,0.002767041333333333
59,1.2249999999999996,0.0004177163333333333,1.2249999999999996,0.0032265786666666667
60,1.2499999999999996,0.0005369542,1.2499999999999996,0.0037610353333333334
61,1.2749999999999997,0.0008268373333333335,1.2749999999999997,0.004379201333333334
