,2_4F_V_D,2_4F_J_D,2_4F_V_L,2_4F_J_L
0,-0.25,-2.9058073333333337e-06,-0.25,-0.023884226666666668
1,-0.225,-2.477888666666667e-06,-0.225,-0.023202533333333334
2,-0.2,-2.122740666666667e-06,-0.2,-0.022613186666666667
3,-0.17500000000000002,-1.7480473333333332e-06,-0.17500000000000002,-0.022047466666666668
4,-0.15000000000000002,-1.4343393333333333e-06,-0.15000000000000002,-0.021514546666666665
5,-0.12500000000000003,-1.1403693333333332e-06,-0.12500000000000003,-0.02096708666666667
6,-0.10000000000000003,-8.605526666666667e-07,-0.10000000000000003,-0.02041414
7,-0.07500000000000004,-6.028348666666667e-07,-0.07500000000000004,-0.019846193333333335
8,-0.050000000000000044,-3.521078666666667e-07,-0.050000000000000044,-0.019266773333333334
9,-0.02500000000000005,-1.198578e-07,-0.02500000000000005,-0.01867438
10,-5.551115123125783e-17,1.1064266666666668e-07,-5.551115123125783e-17,-0.01806734
11,0.02499999999999991,3.544988e-07,0.02499999999999991,-0.01742558
12,0.04999999999999993,5.894459333333334e-07,0.04999999999999993,-0.01677506
13,0.07499999999999996,8.411813333333333e-07,0.07499999999999996,-0.016116273333333337
14,0.09999999999999992,1.0931866666666667e-06,0.09999999999999992,-0.015434226666666667
15,0.12499999999999989,1.3692166666666667e-06,0.12499999999999989,-0.014739806666666667
16,0.1499999999999999,1.6572893333333332e-06,0.1499999999999999,-0.014019180000000001
17,0.17499999999999993,1.9787833333333337e-06,0.17499999999999993,-0.013308346666666667
18,0.1999999999999999,2.30572e-06,0.1999999999999999,-0.01258194
19,0.22499999999999987,2.6633933333333333e-06,0.22499999999999987,-0.011828360000000001
20,0.2499999999999999,3.046876666666667e-06,0.2499999999999999,-0.01108892
21,0.2749999999999999,3.4605913333333335e-06,0.2749999999999999,-0.0103156
22,0.2999999999999998,3.898626666666667e-06,0.2999999999999998,-0.00954072
23,0.32499999999999984,4.3764546666666675e-06,0.32499999999999984,-0.008757860000000001
24,0.34999999999999987,4.886813333333333e-06,0.34999999999999987,-0.007966626666666667
25,0.3749999999999999,5.466290000000001e-06,0.3749999999999999,-0.007177933333333333
26,0.3999999999999999,6.220515333333334e-06,0.3999999999999999,-0.00677262
27,0.4249999999999998,6.908673333333333e-06,0.4249999999999998,-0.005763866
28,0.44999999999999984,7.537760000000001e-06,0.44999999999999984,-0.004964103333333333
29,0.47499999999999987,8.346133333333333e-06,0.47499999999999987,-0.004209112
30,0.4999999999999998,9.256313333333333e-06,0.4999999999999998,-0.0035046213333333335
31,0.5249999999999998,1.0258986666666668e-05,0.5249999999999998,-0.0028541633333333334
32,0.5499999999999998,1.126004e-05,0.5499999999999998,-0.0022682360000000003
33,0.5749999999999998,1.2390746666666667e-05,0.5749999999999998,-0.001752514
34,0.5999999999999999,1.3654873333333333e-05,0.5999999999999999,-0.0013083093333333333
35,0.6249999999999998,1.5130180000000002e-05,0.6249999999999998,-0.0009382920000000001
36,0.6499999999999998,1.673837333333333e-05,0.6499999999999998,-0.0007821493333333334
37,0.6749999999999998,1.850432e-05,0.6749999999999998,-0.0005110585333333333
38,0.6999999999999997,2.0588686666666666e-05,0.6999999999999997,-0.0002549704666666667
39,0.7249999999999998,2.299190666666667e-05,0.7249999999999998,-0.00012254373333333334
40,0.7499999999999998,2.5629679999999998e-05,0.7499999999999998,4.77676e-05
41,0.7749999999999997,2.8734966666666665e-05,0.7749999999999997,0.00018940393333333335
42,0.7999999999999998,3.227037333333334e-05,0.7999999999999998,0.0003356363333333333
43,0.8249999999999997,3.644024e-05,0.8249999999999997,0.0004623370666666667
44,0.8499999999999996,4.129342e-05,0.8499999999999996,0.0005808792666666667
45,0.8749999999999998,4.718048666666667e-05,0.8749999999999998,0.0007058433333333333
46,0.8999999999999997,5.403335333333333e-05,0.8999999999999997,0.0008292953333333333
47,0.9249999999999998,6.223788666666666e-05,0.9249999999999998,0.0009577446666666667
48,0.9499999999999997,8.073793333333333e-05,0.9499999999999997,0.0010967306666666667
49,0.9749999999999996,9.31664e-05,0.9749999999999996,0.0012524293333333334
50,0.9999999999999998,0.00010918313333333335,0.9999999999999998,0.0014286246666666666
51,1.0249999999999997,0.00012945326666666666,1.0249999999999997,0.0016312793333333334
52,1.0499999999999998,0.00015455246666666667,1.0499999999999998,0.001866858
53,1.0749999999999997,0.00018669973333333334,1.0749999999999997,0.00214194
54,1.0999999999999996,0.0002281746,1.0999999999999996,0.0024634433333333336
55,1.1249999999999998,0.0002817488,1.1249999999999998,0.0028386066666666668
56,1.1499999999999997,0.00035135,1.1499999999999997,0.0032742139999999997
57,1.1749999999999996,0.00044236786666666664,1.1749999999999996,0.0037806926666666667
58,1.1999999999999997,0.0005615665333333333,1.1999999999999997,0.00436352
59,1.2249999999999996,0.000851128,1.2249999999999996,0.0050292593333333335
60,1.2499999999999996,0.0010551093333333334,1.2499999999999996,0.005780709333333333
61,1.2749999999999997,0.001329378,1.2749999999999997,0.006629038
