,2_4F_V_D,2_4F_J_D,2_4F_V_L,2_4F_J_L
0,-0.25,-4.0317060000000005e-06,-0.25,-0.02341456
1,-0.225,-3.3360600000000003e-06,-0.225,-0.022576853333333334
2,-0.2,-2.803892e-06,-0.2,-0.02190514
3,-0.17500000000000002,-2.2570860000000004e-06,-0.17500000000000002,-0.021286293333333334
4,-0.15000000000000002,-1.9318213333333334e-06,-0.15000000000000002,-0.020705273333333336
5,-0.12500000000000003,-1.500074e-06,-0.12500000000000003,-0.020131626666666666
6,-0.10000000000000003,-1.1541646666666669e-06,-0.10000000000000003,-0.019559066666666666
7,-0.07500000000000004,-8.1333e-07,-0.07500000000000004,-0.01898398
8,-0.050000000000000044,-4.986315333333334e-07,-0.050000000000000044,-0.018401406666666665
9,-0.02500000000000005,-2.2345726666666668e-07,-0.02500000000000005,-0.01780048
10,-5.551115123125783e-17,6.868713333333334e-08,-5.551115123125783e-17,-0.017195553333333335
11,0.02499999999999991,3.836135333333334e-07,0.02499999999999991,-0.016570706666666667
12,0.04999999999999993,6.957320000000001e-07,0.04999999999999993,-0.015943080000000002
13,0.07499999999999996,1.048138e-06,0.07499999999999996,-0.015304653333333335
14,0.09999999999999992,1.4550313333333334e-06,0.09999999999999992,-0.01465964
15,0.12499999999999989,1.921412666666667e-06,0.12499999999999989,-0.013989833333333333
16,0.1499999999999999,4.334748000000001e-06,0.1499999999999999,-0.013339486666666667
17,0.17499999999999993,5.14876e-06,0.17499999999999993,-0.012669753333333334
18,0.1999999999999999,5.766356e-06,0.1999999999999999,-0.011990460000000001
19,0.22499999999999987,6.5697800000000005e-06,0.22499999999999987,-0.01130122
20,0.2499999999999999,6.977800000000001e-06,0.2499999999999999,-0.010614986666666668
21,0.2749999999999999,8.302573333333333e-06,0.2749999999999999,-0.009916000000000001
22,0.2999999999999998,9.267466666666667e-06,0.2999999999999998,-0.009215106666666667
23,0.32499999999999984,1.0289506666666666e-05,0.32499999999999984,-0.0084951
24,0.34999999999999987,1.1122220000000001e-05,0.34999999999999987,-0.0077745466666666666
25,0.3749999999999999,1.2576866666666668e-05,0.3749999999999999,-0.0070471200000000005
26,0.3999999999999999,1.372198e-05,0.3999999999999999,-0.006730013333333334
27,0.4249999999999998,1.4826846666666667e-05,0.4249999999999998,-0.005731158666666666
28,0.44999999999999984,1.6206473333333334e-05,0.44999999999999984,-0.0049740186666666665
29,0.47499999999999987,1.7539053333333334e-05,0.47499999999999987,-0.0042559293333333335
30,0.4999999999999998,1.904610666666667e-05,0.4999999999999998,-0.003574112
31,0.5249999999999998,2.071886666666667e-05,0.5249999999999998,-0.0029407233333333337
32,0.5499999999999998,2.2320846666666667e-05,0.5499999999999998,-0.0023622626666666667
33,0.5749999999999998,2.4109726666666668e-05,0.5749999999999998,-0.0018470766666666668
34,0.5999999999999999,2.644066666666667e-05,0.5999999999999999,-0.0013985346666666666
35,0.6249999999999998,2.8712373333333332e-05,0.6249999999999998,-0.00101647
36,0.6499999999999998,3.162050000000001e-05,0.6499999999999998,-0.0006965346666666667
37,0.6749999999999998,3.4489886666666665e-05,0.6749999999999998,-0.0004867186666666667
38,0.6999999999999997,3.82476e-05,0.6999999999999997,-0.00023498000000000003
39,0.7249999999999998,4.218748e-05,0.7249999999999998,-4.983578666666667e-05
40,0.7499999999999998,4.673756e-05,0.7499999999999998,9.294053333333334e-05
41,0.7749999999999997,5.2173226666666675e-05,0.7749999999999997,0.00027303986666666664
42,0.7999999999999998,5.850382666666667e-05,0.7999999999999998,0.00043197840000000004
43,0.8249999999999997,6.612698e-05,0.8249999999999997,0.0005828360666666666
44,0.8499999999999996,8.24004e-05,0.8499999999999996,0.0007476553333333334
45,0.8749999999999998,9.338933333333333e-05,0.8749999999999998,0.0009077673333333333
46,0.8999999999999997,0.00010777293333333333,0.8999999999999997,0.0010743073333333334
47,0.9249999999999998,0.00012466206666666667,0.9249999999999998,0.0012456146666666669
48,0.9499999999999997,0.00014521840000000002,0.9499999999999997,0.0014419773333333335
49,0.9749999999999996,0.00017098673333333333,0.9749999999999996,0.001663438
50,0.9999999999999998,0.00020163893333333333,0.9999999999999998,0.0019152393333333334
51,1.0249999999999997,0.00024127153333333335,1.0249999999999997,0.002205752666666667
52,1.0499999999999998,0.0002907924666666667,1.0499999999999998,0.0025414673333333335
53,1.0749999999999997,0.00035343833333333335,1.0749999999999997,0.002931318
54,1.0999999999999996,0.0004332282666666667,1.0999999999999996,0.003380358
55,1.1249999999999998,0.0005354982,1.1249999999999998,0.0038986413333333336
56,1.1499999999999997,0.000788828,1.1499999999999997,0.0044930226666666665
57,1.1749999999999996,0.0009546786666666667,1.1749999999999996,0.00516799
58,1.1999999999999997,0.0011787633333333334,1.1999999999999997,0.0059284586666666665
59,1.2249999999999996,0.0014639700000000002,1.2249999999999996,0.006787706666666667
60,1.2499999999999996,0.0018203913333333334,1.2499999999999996,0.008111086666666666
61,1.2749999999999997,0.0022638420000000003,1.2749999999999997,0.0091355
