,2_4F_V_D,2_4F_J_D,2_4F_V_L,2_4F_J_L
0,-0.25,-3.337028666666667e-06,-0.25,-0.023853153333333335
1,-0.225,-2.845962e-06,-0.225,-0.023154980000000002
2,-0.2,-2.4514326666666667e-06,-0.2,-0.02255974666666667
3,-0.17500000000000002,-2.0601493333333334e-06,-0.17500000000000002,-0.021999493333333335
4,-0.15000000000000002,-1.7048433333333332e-06,-0.15000000000000002,-0.021464833333333336
5,-0.12500000000000003,-1.3615446666666666e-06,-0.12500000000000003,-0.02093094666666667
6,-0.10000000000000003,-1.0373566666666668e-06,-0.10000000000000003,-0.020389013333333334
7,-0.07500000000000004,-7.289626666666667e-07,-0.07500000000000004,-0.01983476
8,-0.050000000000000044,-4.3821760000000004e-07,-0.050000000000000044,-0.019269406666666666
9,-0.02500000000000005,-1.6361446666666667e-07,-0.02500000000000005,-0.018684586666666666
10,-5.551115123125783e-17,1.1499226666666667e-07,-5.551115123125783e-17,-0.01808892
11,0.02499999999999991,4.0649626666666665e-07,0.02499999999999991,-0.017444
12,0.04999999999999993,6.959626666666667e-07,0.04999999999999993,-0.016814653333333332
13,0.07499999999999996,1.0006613333333335e-06,0.07499999999999996,-0.016149593333333337
14,0.09999999999999992,1.30874e-06,0.09999999999999992,-0.015472946666666666
15,0.12499999999999989,1.644750666666667e-06,0.12499999999999989,-0.014790653333333334
16,0.1499999999999999,1.9865953333333334e-06,0.1499999999999999,-0.014075320000000002
17,0.17499999999999993,2.375928e-06,0.17499999999999993,-0.013356546666666667
18,0.1999999999999999,2.7591713333333336e-06,0.1999999999999999,-0.012623206666666668
19,0.22499999999999987,3.1844140000000003e-06,0.22499999999999987,-0.011883020000000001
20,0.2499999999999999,3.6168806666666666e-06,0.2499999999999999,-0.011142333333333334
21,0.2749999999999999,4.076383333333334e-06,0.2749999999999999,-0.010389546666666668
22,0.2999999999999998,4.565673333333334e-06,0.2999999999999998,-0.009633186666666666
23,0.32499999999999984,5.083954e-06,0.32499999999999984,-0.008866966666666667
24,0.34999999999999987,5.657054e-06,0.34999999999999987,-0.008094440000000001
25,0.3749999999999999,6.462572e-06,0.3749999999999999,-0.007340200000000001
26,0.3999999999999999,6.999366666666667e-06,0.3999999999999999,-0.006971426666666667
27,0.4249999999999998,7.620266666666666e-06,0.4249999999999998,-0.005992356666666667
28,0.44999999999999984,8.411653333333334e-06,0.44999999999999984,-0.005209683333333334
29,0.47499999999999987,9.25008e-06,0.47499999999999987,-0.004472112666666667
30,0.4999999999999998,1.0087093333333334e-05,0.4999999999999998,-0.0037781520000000003
31,0.5249999999999998,1.0994393333333333e-05,0.5249999999999998,-0.0031276453333333332
32,0.5499999999999998,1.199336e-05,0.5499999999999998,-0.002530062
33,0.5749999999999998,1.3091880000000001e-05,0.5749999999999998,-0.0020035493333333335
34,0.5999999999999999,1.4179253333333335e-05,0.5999999999999999,-0.0015406826666666668
35,0.6249999999999998,1.562364e-05,0.6249999999999998,-0.0011514420000000001
36,0.6499999999999998,1.6913453333333335e-05,0.6499999999999998,-0.00083013
37,0.6749999999999998,1.841332e-05,0.6749999999999998,-0.0006322332666666667
38,0.6999999999999997,1.9996706666666667e-05,0.6999999999999997,-0.0003975799333333333
39,0.7249999999999998,2.162464666666667e-05,0.7249999999999998,-0.00022435606666666667
40,0.7499999999999998,2.367904e-05,0.7499999999999998,-8.773333333333333e-05
41,0.7749999999999997,2.5837020000000005e-05,0.7749999999999997,-2.6542560000000003e-05
42,0.7999999999999998,2.8376413333333334e-05,0.7999999999999998,7.691913333333333e-05
43,0.8249999999999997,3.115867333333334e-05,0.8249999999999997,0.00018514899999999999
44,0.8499999999999996,3.428353333333333e-05,0.8499999999999996,0.0002785145333333334
45,0.8749999999999998,3.7885606666666665e-05,0.8749999999999998,0.0003651054
46,0.8999999999999997,4.2130953333333335e-05,0.8999999999999997,0.00045013173333333334
47,0.9249999999999998,4.690182e-05,0.9249999999999998,0.0005362953333333334
48,0.9499999999999997,5.233157333333334e-05,0.9499999999999997,0.0006273981333333333
49,0.9749999999999996,5.9420686666666666e-05,0.9749999999999996,0.0007441906666666667
50,0.9999999999999998,7.338293333333333e-05,0.9999999999999998,0.000856642
51,1.0249999999999997,8.43196e-05,1.0249999999999997,0.00098371
52,1.0499999999999998,9.805653333333333e-05,1.0499999999999998,0.0011302126666666668
53,1.0749999999999997,0.00011547966666666668,1.0749999999999997,0.0012998226666666667
54,1.0999999999999996,0.00013789446666666666,1.0999999999999996,0.0015006666666666666
55,1.1249999999999998,0.00016679340000000001,1.1249999999999998,0.001735826
56,1.1499999999999997,0.00020475893333333334,1.1499999999999997,0.0020145093333333334
57,1.1749999999999996,0.0002543158666666667,1.1749999999999996,0.0023425673333333334
58,1.1999999999999997,0.0003206300666666667,1.1999999999999997,0.0027299413333333336
59,1.2249999999999996,0.0004088286666666667,1.2249999999999996,0.0031856433333333333
60,1.2499999999999996,0.0005248386666666668,1.2499999999999996,0.0037165133333333334
61,1.2749999999999997,0.0008061920000000001,1.2749999999999997,0.004331730666666667
