,2_4F_V_D,2_4F_J_D,2_4F_V_L,2_4F_J_L
0,-0.25,-2.9179133333333338e-06,-0.25,-0.0238545
1,-0.225,-2.463774666666667e-06,-0.225,-0.0231568
2,-0.2,-2.118884666666667e-06,-0.2,-0.022561346666666666
3,-0.17500000000000002,-1.7669513333333335e-06,-0.17500000000000002,-0.02199628
4,-0.15000000000000002,-1.4290153333333333e-06,-0.15000000000000002,-0.021470306666666668
5,-0.12500000000000003,-1.1422406666666668e-06,-0.12500000000000003,-0.020929080000000003
6,-0.10000000000000003,-8.625826666666666e-07,-0.10000000000000003,-0.02038312
7,-0.07500000000000004,-5.988698e-07,-0.07500000000000004,-0.01982472
8,-0.050000000000000044,-3.53038e-07,-0.050000000000000044,-0.01925262
9,-0.02500000000000005,-1.1518513333333334e-07,-0.02500000000000005,-0.01866442
10,-5.551115123125783e-17,1.1622933333333334e-07,-5.551115123125783e-17,-0.01806022666666667
11,0.02499999999999991,3.5338853333333334e-07,0.02499999999999991,-0.017422126666666666
12,0.04999999999999993,5.955889333333333e-07,0.04999999999999993,-0.01677346
13,0.07499999999999996,8.472560000000001e-07,0.07499999999999996,-0.016109880000000004
14,0.09999999999999992,1.1075853333333333e-06,0.09999999999999992,-0.015428686666666669
15,0.12499999999999989,1.3900566666666666e-06,0.12499999999999989,-0.014734653333333333
16,0.1499999999999999,1.689834e-06,0.1499999999999999,-0.014012973333333333
17,0.17499999999999993,1.9968246666666666e-06,0.17499999999999993,-0.013304500000000002
18,0.1999999999999999,2.336398e-06,0.1999999999999999,-0.012573613333333334
19,0.22499999999999987,2.7235273333333335e-06,0.22499999999999987,-0.01182888
20,0.2499999999999999,3.1009153333333336e-06,0.2499999999999999,-0.01107622
21,0.2749999999999999,3.5262353333333333e-06,0.2749999999999999,-0.010329646666666668
22,0.2999999999999998,3.981066666666667e-06,0.2999999999999998,-0.009572093333333335
23,0.32499999999999984,4.447939333333333e-06,0.32499999999999984,-0.00880734
24,0.34999999999999987,4.957303333333334e-06,0.34999999999999987,-0.008039020000000001
25,0.3749999999999999,5.524785333333334e-06,0.3749999999999999,-0.007271833333333333
26,0.3999999999999999,6.165758666666667e-06,0.3999999999999999,-0.006901126666666668
27,0.4249999999999998,6.828873333333334e-06,0.4249999999999998,-0.005911613333333334
28,0.44999999999999984,7.552980000000001e-06,0.44999999999999984,-0.005119933333333333
29,0.47499999999999987,8.38602e-06,0.47499999999999987,-0.004387498
30,0.4999999999999998,9.21456e-06,0.4999999999999998,-0.0036903613333333337
31,0.5249999999999998,1.000248e-05,0.5249999999999998,-0.0030438726666666667
32,0.5499999999999998,1.0947760000000001e-05,0.5499999999999998,-0.0024541786666666668
33,0.5749999999999998,1.2083606666666668e-05,0.5749999999999998,-0.0019298933333333334
34,0.5999999999999999,1.3141693333333334e-05,0.5999999999999999,-0.001474396
35,0.6249999999999998,1.451300666666667e-05,0.6249999999999998,-0.001091612
36,0.6499999999999998,1.5785573333333336e-05,0.6499999999999998,-0.0007754206666666667
37,0.6749999999999998,1.7300886666666667e-05,0.6749999999999998,-0.0005764710666666667
38,0.6999999999999997,1.90136e-05,0.6999999999999997,-0.0003436752
39,0.7249999999999998,2.0952113333333334e-05,0.7249999999999998,-0.00016862753333333336
40,0.7499999999999998,2.3161040000000003e-05,0.7499999999999998,-5.080665333333334e-05
41,0.7749999999999997,2.545442666666667e-05,0.7749999999999997,6.9995e-05
42,0.7999999999999998,2.8343300000000004e-05,0.7999999999999998,0.0001715744
43,0.8249999999999997,3.1304486666666666e-05,0.8249999999999997,0.00027906426666666665
44,0.8499999999999996,3.484370666666667e-05,0.8499999999999996,0.0003760046666666667
45,0.8749999999999998,3.903866666666667e-05,0.8749999999999998,0.0004687694
46,0.8999999999999997,4.3713153333333335e-05,0.8999999999999997,0.0005616901333333334
47,0.9249999999999998,4.9215026666666666e-05,0.9249999999999998,0.0006574359333333334
48,0.9499999999999997,5.6192706666666664e-05,0.9499999999999997,0.0007787766666666667
49,0.9749999999999996,6.460696e-05,0.9749999999999996,0.0008944706666666668
50,0.9999999999999998,8.239440000000001e-05,0.9999999999999998,0.0010234826666666668
51,1.0249999999999997,9.52402e-05,1.0249999999999997,0.0011700406666666668
52,1.0499999999999998,0.00011158319999999999,1.0499999999999998,0.0013397173333333334
53,1.0749999999999997,0.0001324718,1.0749999999999997,0.0015365873333333334
54,1.0999999999999996,0.00015958446666666668,1.0999999999999996,0.0017676920000000002
55,1.1249999999999998,0.0001946894,1.1249999999999998,0.0020376913333333335
56,1.1499999999999997,0.00024030473333333334,1.1499999999999997,0.002356124666666667
57,1.1749999999999996,0.0002993028666666667,1.1749999999999996,0.0027292733333333335
58,1.1999999999999997,0.00037818853333333334,1.1999999999999997,0.0031657053333333336
59,1.2249999999999996,0.00048242,1.2249999999999996,0.0036723493333333337
60,1.2499999999999996,0.0006204238666666666,1.2499999999999996,0.004259243333333333
61,1.2749999999999997,0.0009474893333333333,1.2749999999999997,0.004931572
