,2_4F_V_D,2_4F_J_D,2_4F_V_L,2_4F_J_L
0,-0.25,-5.324039333333333e-06,-0.25,-0.023315633333333332
1,-0.225,-4.5551059999999995e-06,-0.225,-0.022398280000000003
2,-0.2,-3.896953333333334e-06,-0.2,-0.021618886666666667
3,-0.17500000000000002,-3.2761906666666665e-06,-0.17500000000000002,-0.020898346666666668
4,-0.15000000000000002,-2.6933913333333334e-06,-0.15000000000000002,-0.02022174666666667
5,-0.12500000000000003,-2.1465546666666666e-06,-0.12500000000000003,-0.019569660000000003
6,-0.10000000000000003,-1.6462546666666667e-06,-0.10000000000000003,-0.018930973333333333
7,-0.07500000000000004,-1.1679173333333335e-06,-0.07500000000000004,-0.0183005
8,-0.050000000000000044,-7.154666666666667e-07,-0.050000000000000044,-0.01766100666666667
9,-0.02500000000000005,-2.784152e-07,-0.02500000000000005,-0.017044393333333335
10,-5.551115123125783e-17,1.502024e-07,-5.551115123125783e-17,-0.0164177
11,0.02499999999999991,5.859406e-07,0.02499999999999991,-0.015782253333333336
12,0.04999999999999993,1.036434e-06,0.04999999999999993,-0.015127546666666668
13,0.07499999999999996,1.5079793333333334e-06,0.07499999999999996,-0.014488986666666667
14,0.09999999999999992,2.021906666666667e-06,0.09999999999999992,-0.013838040000000001
15,0.12499999999999989,2.57206e-06,0.12499999999999989,-0.01317318
16,0.1499999999999999,3.1607566666666666e-06,0.1499999999999999,-0.01250394
17,0.17499999999999993,3.816472e-06,0.17499999999999993,-0.011821306666666668
18,0.1999999999999999,4.498123333333333e-06,0.1999999999999999,-0.0111277
19,0.22499999999999987,5.231709333333334e-06,0.22499999999999987,-0.01042178
20,0.2499999999999999,6.103884666666667e-06,0.2499999999999999,-0.009714113333333333
21,0.2749999999999999,6.9321933333333335e-06,0.2749999999999999,-0.008991893333333334
22,0.2999999999999998,7.68332e-06,0.2999999999999998,-0.008259566666666667
23,0.32499999999999984,8.679673333333334e-06,0.32499999999999984,-0.0075233
24,0.34999999999999987,9.686533333333333e-06,0.34999999999999987,-0.006780253333333334
25,0.3749999999999999,1.076872e-05,0.3749999999999999,-0.0063680586666666665
26,0.3999999999999999,1.1913893333333334e-05,0.3999999999999999,-0.005432106666666667
27,0.4249999999999998,1.323852e-05,0.4249999999999998,-0.004670784666666667
28,0.44999999999999984,1.4562500000000002e-05,0.44999999999999984,-0.003950068
29,0.47499999999999987,1.601774e-05,0.47499999999999987,-0.0032713473333333336
30,0.4999999999999998,1.7590473333333333e-05,0.4999999999999998,-0.002639372
31,0.5249999999999998,1.932166e-05,0.5249999999999998,-0.0020607553333333336
32,0.5499999999999998,2.1276526666666666e-05,0.5499999999999998,-0.0015433313333333334
33,0.5749999999999998,2.3446980000000003e-05,0.5749999999999998,-0.0010898600000000002
34,0.5999999999999999,2.5968820000000003e-05,0.5999999999999999,-0.000699408
35,0.6249999999999998,2.877904666666667e-05,0.6249999999999998,-0.0004346794
36,0.6499999999999998,3.203192e-05,0.6499999999999998,-0.00012485300000000002
37,0.6749999999999998,3.5730173333333335e-05,0.6749999999999998,0.00012178566666666668
38,0.6999999999999997,4.016992666666667e-05,0.6999999999999997,0.0003291596
39,0.7249999999999998,4.5412826666666664e-05,0.7249999999999998,0.0005093013333333334
40,0.7499999999999998,5.1806480000000005e-05,0.7499999999999998,0.0006713833333333334
41,0.7749999999999997,5.949891333333333e-05,0.7749999999999997,0.0008234646666666666
42,0.7999999999999998,7.563553333333334e-05,0.7999999999999998,0.0009861786666666666
43,0.8249999999999997,8.750473333333333e-05,0.8249999999999997,0.0011513466666666667
44,0.8499999999999996,0.0001029354,0.8499999999999996,0.0013299433333333335
45,0.8749999999999998,0.00012256533333333334,0.8749999999999998,0.0015304653333333333
46,0.8999999999999997,0.00014754486666666668,0.8999999999999997,0.0017604533333333335
47,0.9249999999999998,0.00017958566666666668,0.9249999999999998,0.002029758
48,0.9499999999999997,0.0002204692666666667,0.9499999999999997,0.002345732
49,0.9749999999999996,0.0002739948,0.9749999999999996,0.0027198333333333332
50,0.9999999999999998,0.000342853,0.9999999999999998,0.0031561600000000003
51,1.0249999999999997,0.0004319341333333334,1.0249999999999997,0.003662230666666667
52,1.0499999999999998,0.0005458775333333334,1.0499999999999998,0.004242116
53,1.0749999999999997,0.0008003606666666667,1.0749999999999997,0.004905395333333334
54,1.0999999999999996,0.0009898580000000001,1.0999999999999996,0.005654226666666666
55,1.1249999999999998,0.0012401353333333334,1.1249999999999998,0.006488405333333334
56,1.1499999999999997,0.0015607506666666668,1.1499999999999997,0.007660813333333334
57,1.1749999999999996,0.001956674,1.1749999999999996,0.0086583
58,1.1999999999999997,0.0024429906666666667,1.1999999999999997,0.00976172
59,1.2249999999999996,0.003029986666666667,1.2249999999999996,0.010955326666666668
60,1.2499999999999996,0.003719584666666667,1.2499999999999996,0.012234733333333334
61,1.2749999999999997,0.0045272540000000005,1.2749999999999997,0.013598273333333332
