,2_4F_V_D,2_4F_J_D,2_4F_V_L,2_4F_J_L
0,-0.25,-2.8477073333333334e-06,-0.25,-0.023573173333333336
1,-0.225,-2.503380666666667e-06,-0.225,-0.022765993333333335
2,-0.2,-2.1848206666666666e-06,-0.2,-0.022108933333333334
3,-0.17500000000000002,-1.8303379999999999e-06,-0.17500000000000002,-0.021501033333333332
4,-0.15000000000000002,-1.4061153333333335e-06,-0.15000000000000002,-0.020929526666666667
5,-0.12500000000000003,-1.1245253333333334e-06,-0.12500000000000003,-0.02036612
6,-0.10000000000000003,-8.56786e-07,-0.10000000000000003,-0.01979296666666667
7,-0.07500000000000004,-6.189957333333333e-07,-0.07500000000000004,-0.019205653333333336
8,-0.050000000000000044,-3.856658e-07,-0.050000000000000044,-0.018623753333333336
9,-0.02500000000000005,-1.1225433333333334e-07,-0.02500000000000005,-0.018017973333333336
10,-5.551115123125783e-17,1.1867753333333334e-07,-5.551115123125783e-17,-0.01739657333333333
11,0.02499999999999991,3.67323e-07,0.02499999999999991,-0.016742013333333333
12,0.04999999999999993,5.762634e-07,0.04999999999999993,-0.01608064
13,0.07499999999999996,8.198886666666668e-07,0.07499999999999996,-0.015409200000000001
14,0.09999999999999992,1.1071353333333334e-06,0.09999999999999992,-0.014717186666666666
15,0.12499999999999989,1.299168e-06,0.12499999999999989,-0.014020693333333336
16,0.1499999999999999,1.6252333333333335e-06,0.1499999999999999,-0.013315546666666667
17,0.17499999999999993,1.99223e-06,0.17499999999999993,-0.01260548
18,0.1999999999999999,2.2468873333333334e-06,0.1999999999999999,-0.011887706666666666
19,0.22499999999999987,2.708482e-06,0.22499999999999987,-0.01116306
20,0.2499999999999999,2.957626666666667e-06,0.2499999999999999,-0.010435620000000001
21,0.2749999999999999,3.5408946666666664e-06,0.2749999999999999,-0.009717713333333334
22,0.2999999999999998,3.8554106666666665e-06,0.2999999999999998,-0.008994593333333334
23,0.32499999999999984,4.260174666666667e-06,0.32499999999999984,-0.008263786666666667
24,0.34999999999999987,5.076922666666667e-06,0.34999999999999987,-0.007543146666666666
25,0.3749999999999999,5.5713566666666665e-06,0.3749999999999999,-0.006812906666666667
26,0.3999999999999999,6.555483333333334e-06,0.3999999999999999,-0.006493290666666667
27,0.4249999999999998,6.94544e-06,0.4249999999999998,-0.005527819333333333
28,0.44999999999999984,7.836100000000001e-06,0.44999999999999984,-0.004776434
29,0.47499999999999987,8.708806666666668e-06,0.47499999999999987,-0.004080712666666667
30,0.4999999999999998,9.67456e-06,0.4999999999999998,-0.0034258093333333333
31,0.5249999999999998,1.1018153333333334e-05,0.5249999999999998,-0.00281292
32,0.5499999999999998,1.2735213333333335e-05,0.5499999999999998,-0.002253430666666667
33,0.5749999999999998,1.419608e-05,0.5749999999999998,-0.0017637220000000001
34,0.5999999999999999,1.5231873333333333e-05,0.5999999999999999,-0.0013343186666666667
35,0.6249999999999998,1.708530666666667e-05,0.6249999999999998,-0.000975384
36,0.6499999999999998,1.8917480000000002e-05,0.6499999999999998,-0.000676594
37,0.6749999999999998,2.1779353333333335e-05,0.6749999999999998,-0.00048362206666666667
38,0.6999999999999997,2.5496073333333337e-05,0.6999999999999997,-0.0002552372666666667
39,0.7249999999999998,2.8662033333333334e-05,0.7249999999999998,-7.924053333333334e-05
40,0.7499999999999998,3.1059693333333334e-05,0.7499999999999998,4.557334e-05
41,0.7749999999999997,3.4249620000000006e-05,0.7749999999999997,0.0001643714
42,0.7999999999999998,3.8309700000000004e-05,0.7999999999999998,0.00029861013333333335
43,0.8249999999999997,4.3303900000000004e-05,0.8249999999999997,0.00042173906666666673
44,0.8499999999999996,4.8735553333333336e-05,0.8499999999999996,0.0005361945333333334
45,0.8749999999999998,5.475188e-05,0.8749999999999998,0.0006462948666666667
46,0.8999999999999997,6.310368666666666e-05,0.8999999999999997,0.0007780413333333334
47,0.9249999999999998,7.984393333333334e-05,0.9249999999999998,0.0009045713333333333
48,0.9499999999999997,9.024266666666666e-05,0.9499999999999997,0.001036548
49,0.9749999999999996,0.00010224866666666667,0.9749999999999996,0.0011802986666666667
50,0.9999999999999998,0.00011745606666666668,0.9999999999999998,0.0013437706666666667
51,1.0249999999999997,0.00013625726666666667,1.0249999999999997,0.0015313933333333334
52,1.0499999999999998,0.0001589604,1.0499999999999998,0.0017434753333333336
53,1.0749999999999997,0.00018718466666666668,1.0749999999999997,0.0019912253333333333
54,1.0999999999999996,0.00022321046666666668,1.0999999999999996,0.0022771880000000003
55,1.1249999999999998,0.0002685451333333334,1.1249999999999998,0.002610798
56,1.1499999999999997,0.0003280464666666667,1.1499999999999997,0.0030011440000000003
57,1.1749999999999996,0.00040343460000000003,1.1749999999999996,0.00345411
58,1.1999999999999997,0.0005038956666666667,1.1999999999999997,0.003976550000000001
59,1.2249999999999996,0.0006334161333333335,1.2249999999999996,0.004576432
60,1.2499999999999996,0.0009496140000000001,1.2499999999999996,0.005259499333333333
61,1.2749999999999997,0.0011700726666666666,1.2749999999999997,0.006034224
