,2_4F_V_D,2_4F_J_D,2_4F_V_L,2_4F_J_L
0,-0.25,-3.177318666666667e-06,-0.25,-0.023851920000000002
1,-0.225,-2.7021073333333335e-06,-0.225,-0.023151980000000003
2,-0.2,-2.318528666666667e-06,-0.2,-0.02255692
3,-0.17500000000000002,-1.948916666666667e-06,-0.17500000000000002,-0.021995453333333335
4,-0.15000000000000002,-1.6081620000000001e-06,-0.15000000000000002,-0.021456926666666667
5,-0.12500000000000003,-1.2864700000000001e-06,-0.12500000000000003,-0.02092352
6,-0.10000000000000003,-9.830160000000002e-07,-0.10000000000000003,-0.02037672
7,-0.07500000000000004,-6.98088e-07,-0.07500000000000004,-0.019819353333333335
8,-0.050000000000000044,-4.1500406666666663e-07,-0.050000000000000044,-0.019248960000000002
9,-0.02500000000000005,-1.4386433333333334e-07,-0.02500000000000005,-0.0186566
10,-5.551115123125783e-17,1.197472e-07,-5.551115123125783e-17,-0.018051193333333337
11,0.02499999999999991,3.9135513333333336e-07,0.02499999999999991,-0.017406973333333336
12,0.04999999999999993,6.637654666666667e-07,0.04999999999999993,-0.016771293333333336
13,0.07499999999999996,9.510753333333335e-07,0.07499999999999996,-0.016109686666666668
14,0.09999999999999992,1.2397466666666669e-06,0.09999999999999992,-0.015426720000000001
15,0.12499999999999989,1.5676340000000001e-06,0.12499999999999989,-0.014719566666666666
16,0.1499999999999999,1.8962826666666668e-06,0.1499999999999999,-0.014020913333333334
17,0.17499999999999993,2.244970666666667e-06,0.17499999999999993,-0.013302273333333333
18,0.1999999999999999,2.607768666666667e-06,0.1999999999999999,-0.012571833333333332
19,0.22499999999999987,2.9992853333333336e-06,0.22499999999999987,-0.01182556
20,0.2499999999999999,3.412104e-06,0.2499999999999999,-0.01108486
21,0.2749999999999999,3.851224666666667e-06,0.2749999999999999,-0.0103304
22,0.2999999999999998,4.3376740000000005e-06,0.2999999999999998,-0.0095663
23,0.32499999999999984,4.804509333333333e-06,0.32499999999999984,-0.008800346666666667
24,0.34999999999999987,5.332468666666667e-06,0.34999999999999987,-0.008026653333333333
25,0.3749999999999999,5.971733333333333e-06,0.3749999999999999,-0.00727138
26,0.3999999999999999,6.635934e-06,0.3999999999999999,-0.0069104
27,0.4249999999999998,7.148353333333334e-06,0.4249999999999998,-0.005918535333333334
28,0.44999999999999984,7.871306666666668e-06,0.44999999999999984,-0.005134812000000001
29,0.47499999999999987,8.583473333333333e-06,0.47499999999999987,-0.0044008020000000005
30,0.4999999999999998,9.330573333333333e-06,0.4999999999999998,-0.00370559
31,0.5249999999999998,1.0233520000000001e-05,0.5249999999999998,-0.003060586666666667
32,0.5499999999999998,1.1157846666666667e-05,0.5499999999999998,-0.002472134
33,0.5749999999999998,1.2169206666666668e-05,0.5749999999999998,-0.001948680666666667
34,0.5999999999999999,1.3224166666666668e-05,0.5999999999999999,-0.0014937066666666668
35,0.6249999999999998,1.4477733333333334e-05,0.6249999999999998,-0.0011120893333333335
36,0.6499999999999998,1.5711566666666667e-05,0.6499999999999998,-0.000797388
37,0.6749999999999998,1.714764e-05,0.6749999999999998,-0.0006024390666666667
38,0.6999999999999997,1.863278e-05,0.6999999999999997,-0.0003731404
39,0.7249999999999998,2.03799e-05,0.7249999999999998,-0.00020329853333333334
40,0.7499999999999998,2.228698e-05,0.7499999999999998,-6.839593333333333e-05
41,0.7749999999999997,2.4421540000000003e-05,0.7749999999999997,2.590528e-05
42,0.7999999999999998,2.688518666666667e-05,0.7999999999999998,0.0001141838
43,0.8249999999999997,2.969534666666667e-05,0.8249999999999997,0.0002141544666666667
44,0.8499999999999996,3.286206e-05,0.8499999999999996,0.0003030142
45,0.8749999999999998,3.6375013333333335e-05,0.8749999999999998,0.00038719220000000003
46,0.8999999999999997,4.0562813333333336e-05,0.8999999999999997,0.00047074206666666667
47,0.9249999999999998,4.570612e-05,0.9249999999999998,0.0005565713333333333
48,0.9499999999999997,5.1592680000000004e-05,0.9499999999999997,0.0006466616000000001
49,0.9749999999999996,5.868215333333333e-05,0.9749999999999996,0.0007650846666666667
50,0.9999999999999998,6.705213333333334e-05,0.9999999999999998,0.0008777466666666667
51,1.0249999999999997,8.460146666666668e-05,1.0249999999999997,0.001006134
52,1.0499999999999998,9.820453333333333e-05,1.0499999999999998,0.001154048
53,1.0749999999999997,0.00011614700000000001,1.0749999999999997,0.001326612
54,1.0999999999999996,0.00013902593333333334,1.0999999999999996,0.0015297426666666667
55,1.1249999999999998,0.0001684048,1.1249999999999998,0.001768192
56,1.1499999999999997,0.0002070822,1.1499999999999997,0.00205031
57,1.1749999999999996,0.0002582024666666667,1.1749999999999996,0.002382682
58,1.1999999999999997,0.00032565673333333336,1.1999999999999997,0.0027733466666666666
59,1.2249999999999996,0.00041542393333333336,1.2249999999999996,0.003233392666666667
60,1.2499999999999996,0.0005349947333333333,1.2499999999999996,0.003768709333333334
61,1.2749999999999997,0.0008238786666666666,1.2749999999999997,0.004388894000000001
