,2_4F_V_D,2_4F_J_D,2_4F_V_L,2_4F_J_L
0,-0.25,-4.108769333333334e-06,-0.25,-0.02376896
1,-0.225,-3.5163766666666668e-06,-0.225,-0.023020753333333335
2,-0.2,-2.9875413333333334e-06,-0.2,-0.022385726666666668
3,-0.17500000000000002,-2.499281333333333e-06,-0.17500000000000002,-0.02179088666666667
4,-0.15000000000000002,-2.0596266666666667e-06,-0.15000000000000002,-0.021238173333333332
5,-0.12500000000000003,-1.6382126666666666e-06,-0.12500000000000003,-0.020683820000000002
6,-0.10000000000000003,-1.2522113333333335e-06,-0.10000000000000003,-0.02012752666666667
7,-0.07500000000000004,-8.84016e-07,-0.07500000000000004,-0.019561446666666666
8,-0.050000000000000044,-5.3341e-07,-0.050000000000000044,-0.018983433333333334
9,-0.02500000000000005,-1.9939606666666667e-07,-0.02500000000000005,-0.018393346666666668
10,-5.551115123125783e-17,1.2721933333333334e-07,-5.551115123125783e-17,-0.01778740666666667
11,0.02499999999999991,4.5714266666666666e-07,0.02499999999999991,-0.01714618
12,0.04999999999999993,7.91242e-07,0.04999999999999993,-0.016496246666666665
13,0.07499999999999996,1.1382566666666667e-06,0.07499999999999996,-0.015832113333333335
14,0.09999999999999992,1.4994553333333334e-06,0.09999999999999992,-0.015150166666666668
15,0.12499999999999989,1.8809753333333334e-06,0.12499999999999989,-0.014454666666666666
16,0.1499999999999999,2.2727846666666667e-06,0.1499999999999999,-0.01373576
17,0.17499999999999993,2.7031626666666667e-06,0.17499999999999993,-0.013027213333333336
18,0.1999999999999999,3.1499593333333334e-06,0.1999999999999999,-0.012305420000000001
19,0.22499999999999987,3.6276280000000006e-06,0.22499999999999987,-0.011565886666666667
20,0.2499999999999999,4.1435966666666674e-06,0.2499999999999999,-0.01084324
21,0.2749999999999999,4.6962333333333334e-06,0.2749999999999999,-0.01009154
22,0.2999999999999998,5.257213333333333e-06,0.2999999999999998,-0.009344913333333333
23,0.32499999999999984,5.9334380000000004e-06,0.32499999999999984,-0.0085988
24,0.34999999999999987,6.617536666666666e-06,0.34999999999999987,-0.007851586666666667
25,0.3749999999999999,7.091693333333334e-06,0.3749999999999999,-0.007107860000000001
26,0.3999999999999999,7.856313333333333e-06,0.3999999999999999,-0.006794806666666668
27,0.4249999999999998,8.590746666666666e-06,0.4249999999999998,-0.005805876666666667
28,0.44999999999999984,9.375946666666667e-06,0.44999999999999984,-0.005048887333333334
29,0.47499999999999987,1.0213586666666668e-05,0.47499999999999987,-0.004331804000000001
30,0.4999999999999998,1.1095853333333333e-05,0.4999999999999998,-0.003659150666666667
31,0.5249999999999998,1.2021533333333333e-05,0.5249999999999998,-0.0030289826666666667
32,0.5499999999999998,1.3002593333333334e-05,0.5499999999999998,-0.0024543953333333334
33,0.5749999999999998,1.4090253333333334e-05,0.5749999999999998,-0.001941938
34,0.5999999999999999,1.522816e-05,0.5999999999999999,-0.0014950940000000002
35,0.6249999999999998,1.6584493333333334e-05,0.6249999999999998,-0.001119458
36,0.6499999999999998,1.791382666666667e-05,0.6499999999999998,-0.0008110513333333334
37,0.6749999999999998,1.951176e-05,0.6749999999999998,-0.0006212044666666668
38,0.6999999999999997,2.1125993333333335e-05,0.6999999999999997,-0.0003970955333333333
39,0.7249999999999998,2.2998473333333333e-05,0.7249999999999998,-0.0002343966666666667
40,0.7499999999999998,2.48676e-05,0.7499999999999998,-0.0001076372
41,0.7749999999999997,2.70531e-05,0.7749999999999997,-4.475408666666667e-05
42,0.7999999999999998,2.9423453333333335e-05,0.7999999999999998,6.0951960000000006e-05
43,0.8249999999999997,3.213922e-05,0.8249999999999997,0.00013528933333333335
44,0.8499999999999996,3.510588e-05,0.8499999999999996,0.00021964293333333337
45,0.8749999999999998,3.856658e-05,0.8749999999999998,0.00029603480000000003
46,0.8999999999999997,4.250394666666667e-05,0.8999999999999997,0.000370889
47,0.9249999999999998,4.703327333333333e-05,0.9249999999999998,0.00044672053333333334
48,0.9499999999999997,5.2275126666666674e-05,0.9499999999999997,0.0005262293333333334
49,0.9749999999999996,5.856022666666667e-05,0.9749999999999996,0.0006125500666666667
50,0.9999999999999998,6.605074e-05,0.9999999999999998,0.0007265793333333334
51,1.0249999999999997,8.0931e-05,1.0249999999999997,0.0008369400000000001
52,1.0499999999999998,9.286193333333334e-05,1.0499999999999998,0.0009637226666666667
53,1.0749999999999997,0.00010788860000000001,1.0749999999999997,0.0011107859999999999
54,1.0999999999999996,0.00012714873333333334,1.0999999999999996,0.0012833413333333333
55,1.1249999999999998,0.0001519762,1.1249999999999998,0.0014861833333333335
56,1.1499999999999997,0.000184028,1.1499999999999997,0.0017259546666666668
57,1.1749999999999996,0.00022602306666666668,1.1749999999999996,0.0020099153333333337
58,1.1999999999999997,0.0002820030666666667,1.1999999999999997,0.002345186
59,1.2249999999999996,0.0003566733333333334,1.2249999999999996,0.0027438286666666666
60,1.2499999999999996,0.0004556706666666667,1.2499999999999996,0.003211486
61,1.2749999999999997,0.0005868927333333334,1.2749999999999997,0.0037571346666666664
