,2_4F_V_D,2_4F_J_D,2_4F_V_L,2_4F_J_L
0,-0.25,-2.6187773333333334e-06,-0.25,-0.023860093333333336
1,-0.225,-2.1664993333333337e-06,-0.225,-0.023164013333333334
2,-0.2,-1.8269193333333333e-06,-0.2,-0.022571473333333335
3,-0.17500000000000002,-1.5035413333333333e-06,-0.17500000000000002,-0.02200742
4,-0.15000000000000002,-1.2280073333333333e-06,-0.15000000000000002,-0.021465046666666668
5,-0.12500000000000003,-9.629320000000002e-07,-0.12500000000000003,-0.020924766666666667
6,-0.10000000000000003,-7.213806666666668e-07,-0.10000000000000003,-0.020375873333333332
7,-0.07500000000000004,-5.018483333333334e-07,-0.07500000000000004,-0.019812633333333333
8,-0.050000000000000044,-2.8839633333333335e-07,-0.050000000000000044,-0.0192253
9,-0.02500000000000005,-9.430393333333333e-08,-0.02500000000000005,-0.018642453333333333
10,-5.551115123125783e-17,1.0474740000000001e-07,-5.551115123125783e-17,-0.018035746666666665
11,0.02499999999999991,3.1507353333333333e-07,0.02499999999999991,-0.017398653333333333
12,0.04999999999999993,5.206878e-07,0.04999999999999993,-0.016753173333333336
13,0.07499999999999996,7.360553333333333e-07,0.07499999999999996,-0.016077513333333335
14,0.09999999999999992,9.685733333333334e-07,0.09999999999999992,-0.015395926666666665
15,0.12499999999999989,1.2147213333333333e-06,0.12499999999999989,-0.014697620000000002
16,0.1499999999999999,1.4871773333333335e-06,0.1499999999999999,-0.013989006666666668
17,0.17499999999999993,1.7838199999999999e-06,0.17499999999999993,-0.013264733333333334
18,0.1999999999999999,2.0996806666666665e-06,0.1999999999999999,-0.012536326666666667
19,0.22499999999999987,2.4554493333333332e-06,0.22499999999999987,-0.011786206666666667
20,0.2499999999999999,2.8219973333333335e-06,0.2499999999999999,-0.011041513333333332
21,0.2749999999999999,3.2262413333333333e-06,0.2749999999999999,-0.010270806666666667
22,0.2999999999999998,3.6691793333333336e-06,0.2999999999999998,-0.009515633333333334
23,0.32499999999999984,4.129816666666667e-06,0.32499999999999984,-0.008742360000000001
24,0.34999999999999987,4.66158e-06,0.34999999999999987,-0.007973453333333335
25,0.3749999999999999,5.190936e-06,0.3749999999999999,-0.007199086666666667
26,0.3999999999999999,5.847348e-06,0.3999999999999999,-0.006818080000000001
27,0.4249999999999998,6.5318093333333335e-06,0.4249999999999998,-0.0058209460000000005
28,0.44999999999999984,7.162866666666667e-06,0.44999999999999984,-0.005032906
29,0.47499999999999987,7.991060000000001e-06,0.47499999999999987,-0.0042883366666666665
30,0.4999999999999998,8.789233333333334e-06,0.4999999999999998,-0.003597886
31,0.5249999999999998,9.699446666666668e-06,0.5249999999999998,-0.0029546353333333333
32,0.5499999999999998,1.0618933333333334e-05,0.5499999999999998,-0.0023696726666666665
33,0.5749999999999998,1.1648413333333334e-05,0.5749999999999998,-0.001849972
34,0.5999999999999999,1.2836886666666667e-05,0.5999999999999999,-0.00140451
35,0.6249999999999998,1.41041e-05,0.6249999999999998,-0.0010297973333333334
36,0.6499999999999998,1.5501786666666666e-05,0.6499999999999998,-0.0007217273333333334
37,0.6749999999999998,1.702246666666667e-05,0.6749999999999998,-0.0005253278666666667
38,0.6999999999999997,1.8701233333333333e-05,0.6999999999999997,-0.00029644686666666667
39,0.7249999999999998,2.0693913333333334e-05,0.7249999999999998,-0.00012257666666666667
40,0.7499999999999998,2.2961073333333335e-05,0.7499999999999998,-4.4395480000000004e-05
41,0.7749999999999997,2.5482793333333337e-05,0.7749999999999997,8.509580000000001e-05
42,0.7999999999999998,2.8285126666666665e-05,0.7999999999999998,0.00021984033333333336
43,0.8249999999999997,3.174846000000001e-05,0.8249999999999997,0.0003347968
44,0.8499999999999996,3.550160666666667e-05,0.8499999999999996,0.000440555
45,0.8749999999999998,4.013438666666667e-05,0.8749999999999998,0.0005425415333333333
46,0.8999999999999997,4.547821333333334e-05,0.8999999999999997,0.0006447548
47,0.9249999999999998,5.177956666666666e-05,0.9249999999999998,0.000767502
48,0.9499999999999997,5.9381153333333335e-05,0.9499999999999997,0.0008853466666666667
49,0.9749999999999996,7.614213333333334e-05,0.9749999999999996,0.0010148313333333335
50,0.9999999999999998,8.7733e-05,0.9999999999999998,0.0011595193333333333
51,1.0249999999999997,0.00010278099999999999,1.0249999999999997,0.0013251060000000002
52,1.0499999999999998,0.00012175106666666667,1.0499999999999998,0.0015162880000000002
53,1.0749999999999997,0.0001457530666666667,1.0749999999999997,0.001738994
54,1.0999999999999996,0.00017659966666666666,1.0999999999999996,0.0019985413333333335
55,1.1249999999999998,0.00021659653333333333,1.1249999999999998,0.0023036853333333334
56,1.1499999999999997,0.0002686465333333334,1.1499999999999997,0.0026606673333333334
57,1.1749999999999996,0.0003365168666666667,1.1749999999999996,0.0030770006666666666
58,1.1999999999999997,0.00042595253333333334,1.1999999999999997,0.0035609893333333337
59,1.2249999999999996,0.0005441536,1.2249999999999996,0.004120386
60,1.2499999999999996,0.0008322953333333334,1.2499999999999996,0.004760860666666667
61,1.2749999999999997,0.001036502,1.2749999999999997,0.005489648666666667
