,2_4F_V_D,2_4F_J_D,2_4F_V_L,2_4F_J_L
0,-0.25,-4.288429333333334e-06,-0.25,-0.023796913333333333
1,-0.225,-3.645314e-06,-0.225,-0.023059553333333333
2,-0.2,-3.1270186666666666e-06,-0.2,-0.022429013333333334
3,-0.17500000000000002,-2.6186233333333334e-06,-0.17500000000000002,-0.0218429
4,-0.15000000000000002,-2.140980666666667e-06,-0.15000000000000002,-0.02128544
5,-0.12500000000000003,-1.6959833333333332e-06,-0.12500000000000003,-0.020735973333333334
6,-0.10000000000000003,-1.2728293333333334e-06,-0.10000000000000003,-0.020181613333333334
7,-0.07500000000000004,-8.998333333333334e-07,-0.07500000000000004,-0.019615940000000002
8,-0.050000000000000044,-5.389061333333334e-07,-0.050000000000000044,-0.019029253333333333
9,-0.02500000000000005,-2.0099273333333334e-07,-0.02500000000000005,-0.018444446666666666
10,-5.551115123125783e-17,1.212318e-07,-5.551115123125783e-17,-0.017841386666666667
11,0.02499999999999991,4.5949953333333336e-07,0.02499999999999991,-0.0172033
12,0.04999999999999993,7.931293333333334e-07,0.04999999999999993,-0.01653864
13,0.07499999999999996,1.148622e-06,0.07499999999999996,-0.015883506666666665
14,0.09999999999999992,1.5173766666666667e-06,0.09999999999999992,-0.015203106666666667
15,0.12499999999999989,1.9214733333333336e-06,0.12499999999999989,-0.014505506666666668
16,0.1499999999999999,2.3228446666666666e-06,0.1499999999999999,-0.013797666666666668
17,0.17499999999999993,2.7798733333333333e-06,0.17499999999999993,-0.013077213333333334
18,0.1999999999999999,3.2457073333333336e-06,0.1999999999999999,-0.012352773333333334
19,0.22499999999999987,3.724564666666667e-06,0.22499999999999987,-0.01160792
20,0.2499999999999999,4.263535333333334e-06,0.2499999999999999,-0.01087388
21,0.2749999999999999,4.869932666666667e-06,0.2749999999999999,-0.010114773333333334
22,0.2999999999999998,5.449959333333334e-06,0.2999999999999998,-0.009376006666666667
23,0.32499999999999984,6.166142666666667e-06,0.32499999999999984,-0.008623480000000001
24,0.34999999999999987,6.846493333333334e-06,0.34999999999999987,-0.007878153333333334
25,0.3749999999999999,7.4725333333333334e-06,0.3749999999999999,-0.00712018
26,0.3999999999999999,8.307040000000001e-06,0.3999999999999999,-0.006807593333333333
27,0.4249999999999998,9.104626666666667e-06,0.4249999999999998,-0.0058165533333333335
28,0.44999999999999984,9.90332e-06,0.44999999999999984,-0.005052828666666667
29,0.47499999999999987,1.0800646666666668e-05,0.47499999999999987,-0.004335608
30,0.4999999999999998,1.1745526666666667e-05,0.4999999999999998,-0.003659330666666667
31,0.5249999999999998,1.2714073333333333e-05,0.5249999999999998,-0.0030311033333333334
32,0.5499999999999998,1.3753453333333334e-05,0.5499999999999998,-0.0024533573333333334
33,0.5749999999999998,1.4863713333333335e-05,0.5749999999999998,-0.00193694
34,0.5999999999999999,1.601664e-05,0.5999999999999999,-0.0014910306666666667
35,0.6249999999999998,1.7357459999999998e-05,0.6249999999999998,-0.0011159813333333334
36,0.6499999999999998,1.8792666666666667e-05,0.6499999999999998,-0.0008079933333333334
37,0.6749999999999998,2.0259360000000002e-05,0.6749999999999998,-0.0006177969333333334
38,0.6999999999999997,2.1873573333333336e-05,0.6999999999999997,-0.00039401273333333336
39,0.7249999999999998,2.3625446666666668e-05,0.7249999999999998,-0.00023122246666666666
40,0.7499999999999998,2.5526733333333334e-05,0.7499999999999998,-0.00010434539999999999
41,0.7749999999999997,2.764124e-05,0.7749999999999997,-4.0188700000000004e-05
42,0.7999999999999998,2.9971720000000004e-05,0.7999999999999998,6.601605333333334e-05
43,0.8249999999999997,3.267993333333333e-05,0.8249999999999997,0.00014019433333333333
44,0.8499999999999996,3.565000666666667e-05,0.8499999999999996,0.00022550813333333333
45,0.8749999999999998,3.904023333333334e-05,0.8749999999999998,0.00030289766666666664
46,0.8999999999999997,4.2773566666666666e-05,0.8999999999999997,0.00037825866666666666
47,0.9249999999999998,4.7459806666666665e-05,0.9249999999999998,0.00045486459999999996
48,0.9499999999999997,5.263587333333334e-05,0.9499999999999997,0.0005354691333333334
49,0.9749999999999996,5.889719333333333e-05,0.9749999999999996,0.0006227058666666667
50,0.9999999999999998,6.647821333333334e-05,0.9999999999999998,0.0007378313333333334
51,1.0249999999999997,8.103713333333334e-05,1.0249999999999997,0.0008492913333333333
52,1.0499999999999998,9.285913333333333e-05,1.0499999999999998,0.000977548
53,1.0749999999999997,0.00010801293333333334,1.0749999999999997,0.00112605
54,1.0999999999999996,0.00012736593333333333,1.0999999999999996,0.0012998453333333334
55,1.1249999999999998,0.00015229233333333335,1.1249999999999998,0.0015050126666666668
56,1.1499999999999997,0.00018453246666666668,1.1499999999999997,0.001747216666666667
57,1.1749999999999996,0.00022654220000000003,1.1749999999999996,0.002034890666666667
58,1.1999999999999997,0.00028299493333333337,1.1999999999999997,0.0023737560000000003
59,1.2249999999999996,0.0003580872,1.2249999999999996,0.00277556
60,1.2499999999999996,0.00045804940000000006,1.2499999999999996,0.003247032
61,1.2749999999999997,0.0005898646,1.2749999999999997,0.003797066
