,2_4F_V_D,2_4F_J_D,2_4F_V_L,2_4F_J_L
0,-0.25,-3.7917053333333335e-06,-0.25,-0.023789493333333335
1,-0.225,-3.2275113333333337e-06,-0.225,-0.023057093333333334
2,-0.2,-2.7718166666666666e-06,-0.2,-0.02243172666666667
3,-0.17500000000000002,-2.310278e-06,-0.17500000000000002,-0.021846513333333335
4,-0.15000000000000002,-1.8924226666666667e-06,-0.15000000000000002,-0.021302746666666667
5,-0.12500000000000003,-1.5002286666666667e-06,-0.12500000000000003,-0.02075422
6,-0.10000000000000003,-1.1435646666666667e-06,-0.10000000000000003,-0.020200633333333336
7,-0.07500000000000004,-8.136833333333333e-07,-0.07500000000000004,-0.019639333333333335
8,-0.050000000000000044,-4.885808666666666e-07,-0.050000000000000044,-0.019065193333333334
9,-0.02500000000000005,-1.7948440000000002e-07,-0.02500000000000005,-0.018476593333333333
10,-5.551115123125783e-17,1.248356e-07,-5.551115123125783e-17,-0.017872486666666666
11,0.02499999999999991,4.3738953333333333e-07,0.02499999999999991,-0.01723566666666667
12,0.04999999999999993,7.55016e-07,0.04999999999999993,-0.01658738666666667
13,0.07499999999999996,1.085654e-06,0.07499999999999996,-0.01592408
14,0.09999999999999992,1.4354906666666667e-06,0.09999999999999992,-0.015244380000000002
15,0.12499999999999989,1.8302320000000001e-06,0.12499999999999989,-0.01455048
16,0.1499999999999999,2.2245773333333334e-06,0.1499999999999999,-0.013832526666666668
17,0.17499999999999993,2.684100666666667e-06,0.17499999999999993,-0.013129406666666666
18,0.1999999999999999,3.160958e-06,0.1999999999999999,-0.012406066666666667
19,0.22499999999999987,3.613652e-06,0.22499999999999987,-0.011662213333333333
20,0.2499999999999999,4.173205333333334e-06,0.2499999999999999,-0.010936826666666667
21,0.2749999999999999,4.724334e-06,0.2749999999999999,-0.010182733333333334
22,0.2999999999999998,5.3253493333333335e-06,0.2999999999999998,-0.009433206666666668
23,0.32499999999999984,6.010142e-06,0.32499999999999984,-0.008677586666666667
24,0.34999999999999987,6.7222733333333334e-06,0.34999999999999987,-0.007926926666666667
25,0.3749999999999999,7.204286666666667e-06,0.3749999999999999,-0.00717888
26,0.3999999999999999,8.01776e-06,0.3999999999999999,-0.006851546666666666
27,0.4249999999999998,8.898906666666668e-06,0.4249999999999998,-0.0058620113333333335
28,0.44999999999999984,9.74378e-06,0.44999999999999984,-0.005097419333333334
29,0.47499999999999987,1.0707713333333335e-05,0.47499999999999987,-0.004372124
30,0.4999999999999998,1.16189e-05,0.4999999999999998,-0.0036908360000000003
31,0.5249999999999998,1.2650513333333334e-05,0.5249999999999998,-0.00305572
32,0.5499999999999998,1.3729546666666668e-05,0.5499999999999998,-0.0024757873333333333
33,0.5749999999999998,1.4834446666666667e-05,0.5749999999999998,-0.001957962
34,0.5999999999999999,1.598994e-05,0.5999999999999999,-0.0015065453333333334
35,0.6249999999999998,1.7299593333333334e-05,0.6249999999999998,-0.0011271166666666666
36,0.6499999999999998,1.8741519999999998e-05,0.6499999999999998,-0.000816202
37,0.6749999999999998,2.0284266666666668e-05,0.6749999999999998,-0.0006235775333333334
38,0.6999999999999997,2.1831273333333335e-05,0.6999999999999997,-0.000396574
39,0.7249999999999998,2.357722e-05,0.7249999999999998,-0.00023085666666666668
40,0.7499999999999998,2.5428853333333334e-05,0.7499999999999998,-0.0001011738
41,0.7749999999999997,2.7518553333333332e-05,0.7749999999999997,-3.5461960000000004e-05
42,0.7999999999999998,2.9961773333333334e-05,0.7999999999999998,6.999513333333333e-05
43,0.8249999999999997,3.272084666666667e-05,0.8249999999999997,0.00015110486666666668
44,0.8499999999999996,3.579404e-05,0.8499999999999996,0.00023882886666666667
45,0.8749999999999998,3.9249946666666664e-05,0.8749999999999998,0.00031860140000000004
46,0.8999999999999997,4.318452666666667e-05,0.8999999999999997,0.00039631973333333336
47,0.9249999999999998,4.761281333333334e-05,0.9249999999999998,0.0004752604666666667
48,0.9499999999999997,5.285858000000001e-05,0.9499999999999997,0.0005579977333333334
49,0.9749999999999996,5.929135333333334e-05,0.9749999999999996,0.0006479229333333334
50,0.9999999999999998,6.72406e-05,0.9999999999999998,0.0007675466666666667
51,1.0249999999999997,8.254533333333334e-05,1.0249999999999997,0.0008826513333333333
52,1.0499999999999998,9.496713333333333e-05,1.0499999999999998,0.001015464
53,1.0749999999999997,0.00011093999999999999,1.0749999999999997,0.0011694626666666668
54,1.0999999999999996,0.0001317942,1.0999999999999996,0.0013504699999999999
55,1.1249999999999998,0.0001581276,1.1249999999999998,0.0015623953333333334
56,1.1499999999999997,0.0001921874,1.1499999999999997,0.0018136846666666668
57,1.1749999999999996,0.00023683606666666666,1.1749999999999996,0.002111256
58,1.1999999999999997,0.0002966488666666667,1.1999999999999997,0.0024623320000000002
59,1.2249999999999996,0.00037659106666666667,1.2249999999999996,0.0028781733333333335
60,1.2499999999999996,0.00048237566666666664,1.2499999999999996,0.0033649793333333337
61,1.2749999999999997,0.0006232920666666667,1.2749999999999997,0.003932173333333334
