,2_4F_V_D,2_4F_J_D,2_4F_V_L,2_4F_J_L
0,-0.25,-3.237210666666667e-06,-0.25,-0.02386408666666667
1,-0.225,-2.754302e-06,-0.225,-0.023172726666666667
2,-0.2,-2.3613406666666667e-06,-0.2,-0.02258136
3,-0.17500000000000002,-1.972470666666667e-06,-0.17500000000000002,-0.02202226666666667
4,-0.15000000000000002,-1.5957593333333335e-06,-0.15000000000000002,-0.021499313333333336
5,-0.12500000000000003,-1.2785153333333332e-06,-0.12500000000000003,-0.020968200000000003
6,-0.10000000000000003,-9.565186666666666e-07,-0.10000000000000003,-0.02042918666666667
7,-0.07500000000000004,-6.697793333333334e-07,-0.07500000000000004,-0.019880966666666666
8,-0.050000000000000044,-3.9957093333333337e-07,-0.050000000000000044,-0.01931268666666667
9,-0.02500000000000005,-1.357986e-07,-0.02500000000000005,-0.018732540000000002
10,-5.551115123125783e-17,1.1962793333333334e-07,-5.551115123125783e-17,-0.018134180000000003
11,0.02499999999999991,3.8237166666666666e-07,0.02499999999999991,-0.017501806666666668
12,0.04999999999999993,6.470928e-07,0.04999999999999993,-0.016856553333333336
13,0.07499999999999996,9.248280000000001e-07,0.07499999999999996,-0.016193273333333334
14,0.09999999999999992,1.223646e-06,0.09999999999999992,-0.015514
15,0.12499999999999989,1.5382046666666667e-06,0.12499999999999989,-0.01481884
16,0.1499999999999999,1.8721366666666669e-06,0.1499999999999999,-0.014099326666666667
17,0.17499999999999993,2.2258673333333334e-06,0.17499999999999993,-0.013393806666666666
18,0.1999999999999999,2.6081733333333333e-06,0.1999999999999999,-0.012656486666666666
19,0.22499999999999987,3.0118e-06,0.22499999999999987,-0.011914626666666667
20,0.2499999999999999,3.4473033333333334e-06,0.2499999999999999,-0.011161913333333334
21,0.2749999999999999,3.918494e-06,0.2749999999999999,-0.010415433333333335
22,0.2999999999999998,4.432587333333334e-06,0.2999999999999998,-0.009654393333333334
23,0.32499999999999984,4.966904666666667e-06,0.32499999999999984,-0.00889172
24,0.34999999999999987,5.471832666666667e-06,0.34999999999999987,-0.00812304
25,0.3749999999999999,6.1768233333333334e-06,0.3749999999999999,-0.007356833333333333
26,0.3999999999999999,6.82854e-06,0.3999999999999999,-0.0069783733333333335
27,0.4249999999999998,7.349240000000001e-06,0.4249999999999998,-0.006002465333333333
28,0.44999999999999984,8.115200000000002e-06,0.44999999999999984,-0.005206504000000001
29,0.47499999999999987,8.868333333333335e-06,0.47499999999999987,-0.00447013
30,0.4999999999999998,9.748093333333333e-06,0.4999999999999998,-0.00377158
31,0.5249999999999998,1.0746846666666667e-05,0.5249999999999998,-0.003118652
32,0.5499999999999998,1.1741966666666667e-05,0.5499999999999998,-0.0025234233333333335
33,0.5749999999999998,1.2766973333333333e-05,0.5749999999999998,-0.0019914240000000003
34,0.5999999999999999,1.3861080000000002e-05,0.5999999999999999,-0.00152853
35,0.6249999999999998,1.5137726666666668e-05,0.6249999999999998,-0.0011375833333333333
36,0.6499999999999998,1.6678980000000003e-05,0.6499999999999998,-0.00081652
37,0.6749999999999998,1.8303893333333333e-05,0.6749999999999998,-0.0006144223333333334
38,0.6999999999999997,2.011502e-05,0.6999999999999997,-0.0003766326
39,0.7249999999999998,2.2046846666666666e-05,0.7249999999999998,-0.00019976733333333332
40,0.7499999999999998,2.43123e-05,0.7499999999999998,-0.00011230673333333333
41,0.7749999999999997,2.6270426666666666e-05,0.7749999999999997,1.575348666666667e-05
42,0.7999999999999998,2.883404e-05,0.7999999999999998,0.00012173086666666667
43,0.8249999999999997,3.163563333333333e-05,0.8249999999999997,0.0002349822
44,0.8499999999999996,3.534882666666667e-05,0.8499999999999996,0.0003342346
45,0.8749999999999998,3.911868666666667e-05,0.8749999999999998,0.00042830053333333334
46,0.8999999999999997,4.370516e-05,0.8999999999999997,0.0005200550000000001
47,0.9249999999999998,4.900334e-05,0.9249999999999998,0.0006144159333333334
48,0.9499999999999997,5.532578666666667e-05,0.9499999999999997,0.0007306120000000001
49,0.9749999999999996,6.327452666666668e-05,0.9749999999999996,0.0008422646666666667
50,0.9999999999999998,7.883886666666668e-05,0.9999999999999998,0.0009666626666666668
51,1.0249999999999997,9.038513333333334e-05,1.0249999999999997,0.0011077226666666668
52,1.0499999999999998,0.00010593866666666667,1.0499999999999998,0.0012704513333333333
53,1.0749999999999997,0.0001261928,1.0749999999999997,0.0014599740000000002
54,1.0999999999999996,0.00015119500000000002,1.0999999999999996,0.0016823313333333334
55,1.1249999999999998,0.00018352273333333333,1.1249999999999998,0.0019419113333333333
56,1.1499999999999997,0.00022543600000000003,1.1499999999999997,0.0022498313333333335
57,1.1749999999999996,0.0002803802,1.1749999999999996,0.0026108626666666666
58,1.1999999999999997,0.0003537153333333333,1.1999999999999997,0.0030363406666666665
59,1.2249999999999996,0.0004514874,1.2249999999999996,0.003531952
60,1.2499999999999996,0.0005802746666666666,1.2499999999999996,0.004105843333333334
61,1.2749999999999997,0.0008892273333333333,1.2749999999999997,0.004765272666666666
