,2_4F_V_D,2_4F_J_D,2_4F_V_L,2_4F_J_L
0,-0.25,-4.033802666666667e-06,-0.25,-0.023783806666666667
1,-0.225,-3.4465220000000006e-06,-0.225,-0.023041273333333334
2,-0.2,-2.9524726666666664e-06,-0.2,-0.022408186666666666
3,-0.17500000000000002,-2.458374e-06,-0.17500000000000002,-0.02181958
4,-0.15000000000000002,-2.0260886666666667e-06,-0.15000000000000002,-0.021260300000000003
5,-0.12500000000000003,-1.6215206666666667e-06,-0.12500000000000003,-0.02070898666666667
6,-0.10000000000000003,-1.2393366666666668e-06,-0.10000000000000003,-0.02015388666666667
7,-0.07500000000000004,-8.752646666666668e-07,-0.07500000000000004,-0.01958746
8,-0.050000000000000044,-5.265003333333334e-07,-0.050000000000000044,-0.01901532666666667
9,-0.02500000000000005,-1.95138e-07,-0.02500000000000005,-0.018416980000000003
10,-5.551115123125783e-17,1.2609453333333334e-07,-5.551115123125783e-17,-0.01779498666666667
11,0.02499999999999991,4.509134e-07,0.02499999999999991,-0.01716989333333333
12,0.04999999999999993,7.79294e-07,0.04999999999999993,-0.01652166
13,0.07499999999999996,1.1188753333333333e-06,0.07499999999999996,-0.01585384
14,0.09999999999999992,1.4739113333333334e-06,0.09999999999999992,-0.015158973333333334
15,0.12499999999999989,1.842874e-06,0.12499999999999989,-0.014473366666666668
16,0.1499999999999999,2.2375153333333335e-06,0.1499999999999999,-0.013766313333333335
17,0.17499999999999993,2.6588926666666665e-06,0.17499999999999993,-0.013044673333333333
18,0.1999999999999999,3.110716666666667e-06,0.1999999999999999,-0.012321066666666667
19,0.22499999999999987,3.5941453333333338e-06,0.22499999999999987,-0.011579733333333335
20,0.2499999999999999,4.1106933333333335e-06,0.2499999999999999,-0.010848186666666667
21,0.2749999999999999,4.657226e-06,0.2749999999999999,-0.010099586666666667
22,0.2999999999999998,5.2426180000000005e-06,0.2999999999999998,-0.00935586
23,0.32499999999999984,5.93081e-06,0.32499999999999984,-0.00859206
24,0.34999999999999987,6.670573333333334e-06,0.34999999999999987,-0.007854653333333335
25,0.3749999999999999,7.2954e-06,0.3749999999999999,-0.00711098
26,0.3999999999999999,8.127713333333334e-06,0.3999999999999999,-0.006797033333333333
27,0.4249999999999998,8.957613333333334e-06,0.4249999999999998,-0.005806800666666667
28,0.44999999999999984,9.798793333333334e-06,0.44999999999999984,-0.005044619333333333
29,0.47499999999999987,1.07218e-05,0.47499999999999987,-0.004328704
30,0.4999999999999998,1.1674106666666668e-05,0.4999999999999998,-0.0036550740000000003
31,0.5249999999999998,1.271904e-05,0.5249999999999998,-0.0030258100000000003
32,0.5499999999999998,1.384312e-05,0.5499999999999998,-0.002451322
33,0.5749999999999998,1.5016186666666668e-05,0.5749999999999998,-0.0019400020000000001
34,0.5999999999999999,1.625564e-05,0.5999999999999999,-0.0014925486666666668
35,0.6249999999999998,1.749024e-05,0.6249999999999998,-0.001115384
36,0.6499999999999998,1.8920813333333336e-05,0.6499999999999998,-0.0008091
37,0.6749999999999998,2.044192e-05,0.6749999999999998,-0.0006193765333333334
38,0.6999999999999997,2.2155446666666667e-05,0.6999999999999997,-0.00039570693333333337
39,0.7249999999999998,2.3843633333333337e-05,0.7249999999999998,-0.00023311059999999998
40,0.7499999999999998,2.5838853333333335e-05,0.7499999999999998,-0.00010658393333333333
41,0.7749999999999997,2.80093e-05,0.7749999999999997,-4.268368e-05
42,0.7999999999999998,3.042646e-05,0.7999999999999998,6.280187333333334e-05
43,0.8249999999999997,3.312134666666667e-05,0.8249999999999997,0.00013710420000000002
44,0.8499999999999996,3.611333333333333e-05,0.8499999999999996,0.00022163100000000002
45,0.8749999999999998,3.9598866666666665e-05,0.8749999999999998,0.0002994274
46,0.8999999999999997,4.3563220000000005e-05,0.8999999999999997,0.0003742890666666667
47,0.9249999999999998,4.80212e-05,0.9249999999999998,0.0004492612666666667
48,0.9499999999999997,5.3370353333333334e-05,0.9499999999999997,0.0005298268000000001
49,0.9749999999999996,5.940987333333334e-05,0.9749999999999996,0.0006164942
50,0.9999999999999998,6.691973333333334e-05,0.9999999999999998,0.000728378
51,1.0249999999999997,8.13472e-05,1.0249999999999997,0.0008389080000000001
52,1.0499999999999998,9.295153333333333e-05,1.0499999999999998,0.000965868
53,1.0749999999999997,0.00010792259999999999,1.0749999999999997,0.001112928
54,1.0999999999999996,0.00012720726666666667,1.0999999999999996,0.0012857673333333333
55,1.1249999999999998,0.00015197006666666668,1.1249999999999998,0.0014880726666666668
56,1.1499999999999997,0.00018374046666666668,1.1499999999999997,0.0017271126666666668
57,1.1749999999999996,0.00022518,1.1749999999999996,0.00201101
58,1.1999999999999997,0.00028071920000000003,1.1999999999999997,0.0023470973333333334
59,1.2249999999999996,0.00035449146666666665,1.2249999999999996,0.002744624
60,1.2499999999999996,0.0004529338,1.2499999999999996,0.0032094286666666666
61,1.2749999999999997,0.000585077,1.2749999999999997,0.003755302666666667
