,2_4F_V_D,2_4F_J_D,2_4F_V_L,2_4F_J_L
0,-0.25,-2.1684340000000004e-06,-0.25,-0.02355214
1,-0.225,-1.818858e-06,-0.225,-0.02274168
2,-0.2,-1.5745206666666667e-06,-0.2,-0.02208066666666667
3,-0.17500000000000002,-1.3038780000000002e-06,-0.17500000000000002,-0.021472693333333334
4,-0.15000000000000002,-1.0725653333333333e-06,-0.15000000000000002,-0.020898393333333334
5,-0.12500000000000003,-8.430613333333334e-07,-0.12500000000000003,-0.020331473333333336
6,-0.10000000000000003,-6.342226e-07,-0.10000000000000003,-0.019761086666666667
7,-0.07500000000000004,-4.467129333333334e-07,-0.07500000000000004,-0.019184233333333335
8,-0.050000000000000044,-2.5642393333333334e-07,-0.050000000000000044,-0.01859364
9,-0.02500000000000005,-6.822526666666667e-08,-0.02500000000000005,-0.01797896
10,-5.551115123125783e-17,1.1000826666666668e-07,-5.551115123125783e-17,-0.01736080666666667
11,0.02499999999999991,2.949435333333334e-07,0.02499999999999991,-0.0166935
12,0.04999999999999993,4.830384666666667e-07,0.04999999999999993,-0.016045033333333333
13,0.07499999999999996,6.810280000000001e-07,0.07499999999999996,-0.015368913333333335
14,0.09999999999999992,8.955353333333333e-07,0.09999999999999992,-0.014684413333333335
15,0.12499999999999989,1.1079926666666667e-06,0.12499999999999989,-0.01400028
16,0.1499999999999999,1.392202e-06,0.1499999999999999,-0.013287160000000001
17,0.17499999999999993,1.5822046666666667e-06,0.17499999999999993,-0.012577813333333333
18,0.1999999999999999,1.877272e-06,0.1999999999999999,-0.011864093333333332
19,0.22499999999999987,2.241872666666667e-06,0.22499999999999987,-0.011140933333333334
20,0.2499999999999999,2.543910666666667e-06,0.2499999999999999,-0.010427806666666668
21,0.2749999999999999,2.9339546666666665e-06,0.2749999999999999,-0.009703166666666667
22,0.2999999999999998,3.34384e-06,0.2999999999999998,-0.008978713333333334
23,0.32499999999999984,3.816323333333334e-06,0.32499999999999984,-0.00824966
24,0.34999999999999987,4.326853333333334e-06,0.34999999999999987,-0.007514993333333334
25,0.3749999999999999,4.936706e-06,0.3749999999999999,-0.006797846666666668
26,0.3999999999999999,5.5011206666666665e-06,0.3999999999999999,-0.006476402666666666
27,0.4249999999999998,6.152727333333333e-06,0.4249999999999998,-0.005513964666666667
28,0.44999999999999984,7.205833333333334e-06,0.44999999999999984,-0.004769395333333333
29,0.47499999999999987,8.438846666666667e-06,0.47499999999999987,-0.004073589333333333
30,0.4999999999999998,9.266320000000001e-06,0.4999999999999998,-0.003415186666666667
31,0.5249999999999998,1.032054e-05,0.5249999999999998,-0.0028056673333333336
32,0.5499999999999998,1.133672e-05,0.5499999999999998,-0.0022515486666666667
33,0.5749999999999998,1.2703466666666666e-05,0.5749999999999998,-0.0017591413333333335
34,0.5999999999999999,1.3698586666666666e-05,0.5999999999999999,-0.0013313493333333335
35,0.6249999999999998,1.5384373333333334e-05,0.6249999999999998,-0.000971902
36,0.6499999999999998,1.7023513333333333e-05,0.6499999999999998,-0.000671264
37,0.6749999999999998,1.9124613333333335e-05,0.6749999999999998,-0.00047911093333333335
38,0.6999999999999997,2.140924e-05,0.6999999999999997,-0.00025200073333333335
39,0.7249999999999998,2.4023773333333335e-05,0.7249999999999998,-7.679813333333334e-05
40,0.7499999999999998,2.78588e-05,0.7499999999999998,7.022606666666667e-05
41,0.7749999999999997,2.9824426666666666e-05,0.7749999999999997,0.00019858286666666667
42,0.7999999999999998,3.340310666666667e-05,0.7999999999999998,0.00031409086666666665
43,0.8249999999999997,3.8034700000000004e-05,0.8249999999999997,0.0004253378
44,0.8499999999999996,4.1882206666666666e-05,0.8499999999999996,0.0005348765333333334
45,0.8749999999999998,4.787483333333334e-05,0.8749999999999998,0.0006432502666666667
46,0.8999999999999997,5.5584813333333336e-05,0.8999999999999997,0.0007734020000000001
47,0.9249999999999998,7.526266666666668e-05,0.9249999999999998,0.0008948166666666667
48,0.9499999999999997,8.572833333333334e-05,0.9499999999999997,0.001025654
49,0.9749999999999996,0.00010228599999999999,0.9749999999999996,0.0011677666666666667
50,0.9999999999999998,0.00011700066666666667,0.9999999999999998,0.0013295346666666666
51,1.0249999999999997,0.00013513966666666666,1.0249999999999997,0.001511738
52,1.0499999999999998,0.00015837186666666666,1.0499999999999998,0.0017234986666666667
53,1.0749999999999997,0.00018812693333333336,1.0749999999999997,0.001967358666666667
54,1.0999999999999996,0.000223984,1.0999999999999996,0.002255140666666667
55,1.1249999999999998,0.0002743918,1.1249999999999998,0.002588536666666667
56,1.1499999999999997,0.00033398773333333335,1.1499999999999997,0.0029800206666666666
57,1.1749999999999996,0.00041415073333333336,1.1749999999999996,0.0034325400000000004
58,1.1999999999999997,0.0005159979333333334,1.1999999999999997,0.003955882000000001
59,1.2249999999999996,0.0007731606666666667,1.2249999999999996,0.004558075333333334
60,1.2499999999999996,0.0009503653333333334,1.2499999999999996,0.005245628666666667
61,1.2749999999999997,0.0011882393333333334,1.2749999999999997,0.006019618666666666
