,2_4F_V_D,2_4F_J_D,2_4F_V_L,2_4F_J_L
0,-0.25,-2.8489553333333335e-06,-0.25,-0.023874873333333334
1,-0.225,-2.4212700000000005e-06,-0.225,-0.02319228
2,-0.2,-2.0864286666666667e-06,-0.2,-0.022606986666666665
3,-0.17500000000000002,-1.7344066666666667e-06,-0.17500000000000002,-0.022048573333333335
4,-0.15000000000000002,-1.4244013333333334e-06,-0.15000000000000002,-0.021509546666666667
5,-0.12500000000000003,-1.1400926666666668e-06,-0.12500000000000003,-0.020970413333333337
6,-0.10000000000000003,-8.574566666666668e-07,-0.10000000000000003,-0.02042098666666667
7,-0.07500000000000004,-6.018514666666667e-07,-0.07500000000000004,-0.01985716
8,-0.050000000000000044,-3.5985480000000003e-07,-0.050000000000000044,-0.01927166666666667
9,-0.02500000000000005,-1.1711013333333334e-07,-0.02500000000000005,-0.018696933333333332
10,-5.551115123125783e-17,1.1926846666666668e-07,-5.551115123125783e-17,-0.01808996
11,0.02499999999999991,3.60058e-07,0.02499999999999991,-0.01745936
12,0.04999999999999993,6.034707333333334e-07,0.04999999999999993,-0.016819780000000003
13,0.07499999999999996,8.563720000000001e-07,0.07499999999999996,-0.016149633333333333
14,0.09999999999999992,1.124342e-06,0.09999999999999992,-0.015472606666666666
15,0.12499999999999989,1.4005280000000001e-06,0.12499999999999989,-0.014778473333333335
16,0.1499999999999999,1.6938506666666666e-06,0.1499999999999999,-0.014075513333333334
17,0.17499999999999993,2.010574666666667e-06,0.17499999999999993,-0.013354666666666667
18,0.1999999999999999,2.3516913333333334e-06,0.1999999999999999,-0.012623780000000001
19,0.22499999999999987,2.725996e-06,0.22499999999999987,-0.011875733333333334
20,0.2499999999999999,3.118938e-06,0.2499999999999999,-0.0111296
21,0.2749999999999999,3.5440213333333334e-06,0.2749999999999999,-0.01035338
22,0.2999999999999998,3.975894000000001e-06,0.2999999999999998,-0.009587113333333333
23,0.32499999999999984,4.461054e-06,0.32499999999999984,-0.008809393333333334
24,0.34999999999999987,4.979389333333333e-06,0.34999999999999987,-0.008025666666666667
25,0.3749999999999999,5.535866e-06,0.3749999999999999,-0.0072356799999999995
26,0.3999999999999999,6.236146666666667e-06,0.3999999999999999,-0.00683384
27,0.4249999999999998,6.908273333333334e-06,0.4249999999999998,-0.005826820666666666
28,0.44999999999999984,7.481020000000001e-06,0.44999999999999984,-0.005024944000000001
29,0.47499999999999987,8.311806666666667e-06,0.47499999999999987,-0.00426573
30,0.4999999999999998,9.138313333333334e-06,0.4999999999999998,-0.003563618666666667
31,0.5249999999999998,1.0058706666666667e-05,0.5249999999999998,-0.0029109333333333337
32,0.5499999999999998,1.097722e-05,0.5499999999999998,-0.0023195906666666666
33,0.5749999999999998,1.2150266666666666e-05,0.5749999999999998,-0.0017955253333333334
34,0.5999999999999999,1.3400673333333333e-05,0.5999999999999999,-0.0013470506666666668
35,0.6249999999999998,1.4789953333333334e-05,0.6249999999999998,-0.0009698446666666667
36,0.6499999999999998,1.632030666666667e-05,0.6499999999999998,-0.0008126593333333333
37,0.6749999999999998,1.8032079999999998e-05,0.6749999999999998,-0.0005359793333333334
38,0.6999999999999997,2.003078666666667e-05,0.6999999999999997,-0.00027387613333333335
39,0.7249999999999998,2.232304e-05,0.7249999999999998,-7.51848e-05
40,0.7499999999999998,2.5003573333333335e-05,0.7499999999999998,8.55954e-05
41,0.7749999999999997,2.8175653333333337e-05,0.7749999999999997,0.00022257359999999999
42,0.7999999999999998,3.207595333333334e-05,0.7999999999999998,0.0003445980666666667
43,0.8249999999999997,3.621892e-05,0.8249999999999997,0.0004575232666666667
44,0.8499999999999996,4.1021573333333336e-05,0.8499999999999996,0.0005660518666666667
45,0.8749999999999998,4.680938666666667e-05,0.8749999999999998,0.000674186
46,0.8999999999999997,5.356326000000001e-05,0.8999999999999997,0.0008038853333333333
47,0.9249999999999998,6.181757333333333e-05,0.9249999999999998,0.0009255753333333334
48,0.9499999999999997,8.050333333333333e-05,0.9499999999999997,0.001059096
49,0.9749999999999996,9.318986666666667e-05,0.9749999999999996,0.001208616
50,0.9999999999999998,0.00010942,0.9999999999999998,0.0013785393333333334
51,1.0249999999999997,0.0001298748666666667,1.0249999999999997,0.0015743006666666668
52,1.0499999999999998,0.00015538886666666667,1.0499999999999998,0.0018022626666666668
53,1.0749999999999997,0.0001877604,1.0749999999999997,0.0020687986666666665
54,1.0999999999999996,0.00022986480000000004,1.0999999999999996,0.002381432666666667
55,1.1249999999999998,0.00028409633333333333,1.1249999999999998,0.0027450306666666666
56,1.1499999999999997,0.0003545153333333334,1.1499999999999997,0.0031705913333333335
57,1.1749999999999996,0.00044568186666666667,1.1749999999999996,0.003664836
58,1.1999999999999997,0.0005669989333333333,1.1999999999999997,0.004232984666666667
59,1.2249999999999996,0.0008612746666666667,1.2249999999999996,0.004883102666666667
60,1.2499999999999996,0.001064658,1.2499999999999996,0.005623533333333333
61,1.2749999999999997,0.0013436686666666667,1.2749999999999997,0.006457503333333334
