,2_4F_V_D,2_4F_J_D,2_4F_V_L,2_4F_J_L
0,-0.25,-2.8215080000000002e-06,-0.25,-0.023864726666666666
1,-0.225,-2.4140006666666668e-06,-0.225,-0.023173333333333334
2,-0.2,-2.077831333333333e-06,-0.2,-0.022583426666666667
3,-0.17500000000000002,-1.7473246666666667e-06,-0.17500000000000002,-0.022026026666666667
4,-0.15000000000000002,-1.4341733333333334e-06,-0.15000000000000002,-0.021494786666666668
5,-0.12500000000000003,-1.1478113333333335e-06,-0.12500000000000003,-0.02096398
6,-0.10000000000000003,-8.75514e-07,-0.10000000000000003,-0.02042874
7,-0.07500000000000004,-6.106569333333334e-07,-0.07500000000000004,-0.019874506666666666
8,-0.050000000000000044,-3.606897333333333e-07,-0.050000000000000044,-0.019299153333333336
9,-0.02500000000000005,-1.1973513333333334e-07,-0.02500000000000005,-0.018723993333333334
10,-5.551115123125783e-17,1.0875446666666667e-07,-5.551115123125783e-17,-0.018124166666666667
11,0.02499999999999991,3.5843660000000003e-07,0.02499999999999991,-0.017497406666666666
12,0.04999999999999993,6.031814666666667e-07,0.04999999999999993,-0.016838493333333336
13,0.07499999999999996,8.569560000000001e-07,0.07499999999999996,-0.01618568
14,0.09999999999999992,1.121202e-06,0.09999999999999992,-0.015510466666666667
15,0.12499999999999989,1.4048260000000002e-06,0.12499999999999989,-0.014812700000000002
16,0.1499999999999999,1.6992333333333334e-06,0.1499999999999999,-0.014106686666666667
17,0.17499999999999993,2.0119640000000002e-06,0.17499999999999993,-0.013383833333333334
18,0.1999999999999999,2.3535246666666665e-06,0.1999999999999999,-0.012654420000000001
19,0.22499999999999987,2.701532e-06,0.22499999999999987,-0.011906793333333334
20,0.2499999999999999,3.0728113333333333e-06,0.2499999999999999,-0.011164473333333334
21,0.2749999999999999,3.485028e-06,0.2749999999999999,-0.010397046666666668
22,0.2999999999999998,3.9165000000000005e-06,0.2999999999999998,-0.009643213333333334
23,0.32499999999999984,4.369772666666666e-06,0.32499999999999984,-0.008877886666666666
24,0.34999999999999987,4.863034e-06,0.34999999999999987,-0.008111720000000001
25,0.3749999999999999,5.396084666666667e-06,0.3749999999999999,-0.007337860000000001
26,0.3999999999999999,6.141148666666666e-06,0.3999999999999999,-0.006969526666666667
27,0.4249999999999998,6.8741200000000005e-06,0.4249999999999998,-0.005988337333333333
28,0.44999999999999984,7.3839600000000005e-06,0.44999999999999984,-0.005201303333333333
29,0.47499999999999987,8.176773333333334e-06,0.47499999999999987,-0.0044607959999999995
30,0.4999999999999998,8.887326666666666e-06,0.4999999999999998,-0.0037619253333333333
31,0.5249999999999998,9.732153333333334e-06,0.5249999999999998,-0.0031088206666666667
32,0.5499999999999998,1.0604319999999999e-05,0.5499999999999998,-0.00251606
33,0.5749999999999998,1.1610566666666667e-05,0.5749999999999998,-0.0019818113333333336
34,0.5999999999999999,1.256384e-05,0.5999999999999999,-0.0015225733333333333
35,0.6249999999999998,1.383484e-05,0.6249999999999998,-0.0011339693333333332
36,0.6499999999999998,1.5125266666666667e-05,0.6499999999999998,-0.0008134873333333334
37,0.6749999999999998,1.6542366666666666e-05,0.6749999999999998,-0.0006116071333333334
38,0.6999999999999997,1.8074893333333336e-05,0.6999999999999997,-0.00037493113333333337
39,0.7249999999999998,1.9900513333333336e-05,0.7249999999999998,-0.0001990358
40,0.7499999999999998,2.1839406666666666e-05,0.7499999999999998,-0.00011216620000000001
41,0.7749999999999997,2.410598e-05,0.7749999999999997,1.5408593333333334e-05
42,0.7999999999999998,2.6772033333333334e-05,0.7999999999999998,0.00012149213333333334
43,0.8249999999999997,2.9641053333333334e-05,0.8249999999999997,0.00023436513333333336
44,0.8499999999999996,3.3198506666666673e-05,0.8499999999999996,0.00033348473333333334
45,0.8749999999999998,3.6991853333333335e-05,0.8749999999999998,0.0004269206666666667
46,0.8999999999999997,4.151338666666667e-05,0.8999999999999997,0.0005186966
47,0.9249999999999998,4.704052e-05,0.9249999999999998,0.0006121374
48,0.9499999999999997,5.335504666666667e-05,0.9499999999999997,0.000728128
49,0.9749999999999996,6.101819333333334e-05,0.9749999999999996,0.000840002
50,0.9999999999999998,7.715006666666667e-05,0.9999999999999998,0.000963928
51,1.0249999999999997,8.893e-05,1.0249999999999997,0.001104068
52,1.0499999999999998,0.00010426713333333334,1.0499999999999998,0.0012661126666666668
53,1.0749999999999997,0.00012385066666666667,1.0749999999999997,0.0014548766666666667
54,1.0999999999999996,0.00014855193333333333,1.0999999999999996,0.0016762593333333336
55,1.1249999999999998,0.00018102960000000002,1.1249999999999998,0.0019367766666666668
56,1.1499999999999997,0.00022343080000000002,1.1499999999999997,0.0022435846666666666
57,1.1749999999999996,0.0002783656,1.1749999999999996,0.0026037860000000003
58,1.1999999999999997,0.00035185246666666667,1.1999999999999997,0.0030255
59,1.2249999999999996,0.00044898473333333333,1.2249999999999996,0.0035202993333333333
60,1.2499999999999996,0.0005777064666666667,1.2499999999999996,0.004092877333333333
61,1.2749999999999997,0.0008870440000000001,1.2749999999999997,0.0047522626666666665
