,2_4F_V_D,2_4F_J_D,2_4F_V_L,2_4F_J_L
0,-0.25,-4.2084e-06,-0.25,-0.023241346666666666
1,-0.225,-3.6213166666666667e-06,-0.225,-0.022347973333333333
2,-0.2,-3.0738793333333335e-06,-0.2,-0.02164306666666667
3,-0.17500000000000002,-2.357076e-06,-0.17500000000000002,-0.021001139999999998
4,-0.15000000000000002,-2.1944093333333337e-06,-0.15000000000000002,-0.0204033
5,-0.12500000000000003,-1.8723720000000001e-06,-0.12500000000000003,-0.019818520000000003
6,-0.10000000000000003,-1.43675e-06,-0.10000000000000003,-0.01923376666666667
7,-0.07500000000000004,-8.283520000000001e-07,-0.07500000000000004,-0.018645993333333333
8,-0.050000000000000044,-6.317975333333334e-07,-0.050000000000000044,-0.01805362
9,-0.02500000000000005,-2.454434e-07,-0.02500000000000005,-0.017444840000000003
10,-5.551115123125783e-17,1.369602666666667e-07,-5.551115123125783e-17,-0.016839313333333335
11,0.02499999999999991,5.344216e-07,0.02499999999999991,-0.01618840666666667
12,0.04999999999999993,9.409873333333334e-07,0.04999999999999993,-0.015562166666666667
13,0.07499999999999996,1.3435033333333334e-06,0.07499999999999996,-0.01491722
14,0.09999999999999992,1.7588133333333333e-06,0.09999999999999992,-0.014263906666666668
15,0.12499999999999989,2.207912666666667e-06,0.12499999999999989,-0.013612933333333334
16,0.1499999999999999,2.8336833333333334e-06,0.1499999999999999,-0.012933833333333334
17,0.17499999999999993,3.300514666666667e-06,0.17499999999999993,-0.012264153333333335
18,0.1999999999999999,3.955292e-06,0.1999999999999999,-0.01158564
19,0.22499999999999987,4.477006e-06,0.22499999999999987,-0.010898513333333333
20,0.2499999999999999,5.011680666666667e-06,0.2499999999999999,-0.010218360000000001
21,0.2749999999999999,5.652930666666667e-06,0.2749999999999999,-0.009526526666666667
22,0.2999999999999998,4.085098666666667e-06,0.2999999999999998,-0.008833140000000001
23,0.32499999999999984,4.620783333333334e-06,0.32499999999999984,-0.008128526666666667
24,0.34999999999999987,4.881444666666667e-06,0.34999999999999987,-0.007416526666666667
25,0.3749999999999999,5.61513e-06,0.3749999999999999,-0.006717606666666667
26,0.3999999999999999,9.664393333333334e-06,0.3999999999999999,-0.00641462
27,0.4249999999999998,1.070282e-05,0.4249999999999998,-0.005457765333333334
28,0.44999999999999984,1.184884e-05,0.44999999999999984,-0.004726374
29,0.47499999999999987,1.323712e-05,0.47499999999999987,-0.004037616
30,0.4999999999999998,1.4685259999999999e-05,0.4999999999999998,-0.0033855793333333333
31,0.5249999999999998,1.5583333333333334e-05,0.5249999999999998,-0.0027823053333333337
32,0.5499999999999998,1.7088433333333334e-05,0.5499999999999998,-0.0022290113333333335
33,0.5749999999999998,1.8970546666666666e-05,0.5749999999999998,-0.0017361320000000003
34,0.5999999999999999,2.0826253333333335e-05,0.5999999999999999,-0.0013080773333333333
35,0.6249999999999998,2.31957e-05,0.6249999999999998,-0.000944196
36,0.6499999999999998,2.5567293333333336e-05,0.6499999999999998,-0.000789438
37,0.6749999999999998,3.2073673333333334e-05,0.6749999999999998,-0.0005137860666666667
38,0.6999999999999997,3.5030820000000005e-05,0.6999999999999997,-0.00024673040000000005
39,0.7249999999999998,4.008070666666667e-05,0.7249999999999998,-9.772873333333333e-05
40,0.7499999999999998,4.5761073333333334e-05,0.7499999999999998,0.00010909313333333333
41,0.7749999999999997,4.8519353333333336e-05,0.7749999999999997,0.00028026866666666666
42,0.7999999999999998,5.7813966666666666e-05,0.7999999999999998,0.00043381720000000004
43,0.8249999999999997,6.453663333333333e-05,0.8249999999999997,0.0005782026000000001
44,0.8499999999999996,8.027813333333334e-05,0.8499999999999996,0.0007287846666666668
45,0.8749999999999998,8.955740000000001e-05,0.8749999999999998,0.000878676
46,0.8999999999999997,0.00010067446666666667,0.8999999999999997,0.001032998
47,0.9249999999999998,0.00011299400000000001,0.9249999999999998,0.0011954273333333334
48,0.9499999999999997,0.00012781566666666668,0.9499999999999997,0.0013715873333333334
49,0.9749999999999996,0.000148817,0.9749999999999996,0.0015702226666666668
50,0.9999999999999998,0.00017266246666666668,0.9999999999999998,0.0017922200000000002
51,1.0249999999999997,0.00020268086666666669,1.0249999999999997,0.002047437333333333
52,1.0499999999999998,0.0002410026,1.0499999999999998,0.0023395713333333335
53,1.0749999999999997,0.0002865042,1.0749999999999997,0.002679578
54,1.0999999999999996,0.00034837553333333333,1.0999999999999996,0.0030746473333333334
55,1.1249999999999998,0.0004241258000000001,1.1249999999999998,0.003530784666666667
56,1.1499999999999997,0.0005220154666666667,1.1499999999999997,0.004053334
57,1.1749999999999996,0.0006468776666666668,1.1749999999999996,0.004652508666666667
58,1.1999999999999997,0.0009581233333333333,1.1999999999999997,0.005331868666666667
59,1.2249999999999996,0.0011658873333333334,1.2249999999999996,0.006100924000000001
60,1.2499999999999996,0.001443388,1.2499999999999996,0.007321406666666667
61,1.2749999999999997,0.001794454,1.2749999999999997,0.008259500000000001
