,2_4F_V_D,2_4F_J_D,2_4F_V_L,2_4F_J_L
0,-0.25,-2.877432e-06,-0.25,-0.023852646666666668
1,-0.225,-2.4398893333333336e-06,-0.225,-0.023160780000000002
2,-0.2,-2.075438e-06,-0.2,-0.02256916
3,-0.17500000000000002,-1.7474113333333332e-06,-0.17500000000000002,-0.02201276
4,-0.15000000000000002,-1.4281846666666668e-06,-0.15000000000000002,-0.021475833333333333
5,-0.12500000000000003,-1.144426e-06,-0.12500000000000003,-0.02094186
6,-0.10000000000000003,-8.701093333333333e-07,-0.10000000000000003,-0.020401693333333335
7,-0.07500000000000004,-6.074906666666666e-07,-0.07500000000000004,-0.01984600666666667
8,-0.050000000000000044,-3.5661393333333334e-07,-0.050000000000000044,-0.019277146666666665
9,-0.02500000000000005,-1.2457906666666667e-07,-0.02500000000000005,-0.01868858666666667
10,-5.551115123125783e-17,1.0832346666666668e-07,-5.551115123125783e-17,-0.01808386
11,0.02499999999999991,3.575272666666667e-07,0.02499999999999991,-0.01745216
12,0.04999999999999993,6.015900666666667e-07,0.04999999999999993,-0.01681004666666667
13,0.07499999999999996,8.562846666666667e-07,0.07499999999999996,-0.016145553333333333
14,0.09999999999999992,1.1231146666666667e-06,0.09999999999999992,-0.015466466666666668
15,0.12499999999999989,1.416484e-06,0.12499999999999989,-0.014760440000000001
16,0.1499999999999999,1.7198553333333334e-06,0.1499999999999999,-0.0140645
17,0.17499999999999993,2.0461133333333335e-06,0.17499999999999993,-0.013347166666666667
18,0.1999999999999999,2.414058e-06,0.1999999999999999,-0.012610026666666668
19,0.22499999999999987,2.799106666666667e-06,0.22499999999999987,-0.011880386666666668
20,0.2499999999999999,3.1806926666666668e-06,0.2499999999999999,-0.011124286666666667
21,0.2749999999999999,3.6044373333333337e-06,0.2749999999999999,-0.010369013333333335
22,0.2999999999999998,4.055898e-06,0.2999999999999998,-0.009602933333333334
23,0.32499999999999984,4.559949333333333e-06,0.32499999999999984,-0.00883486
24,0.34999999999999987,5.0938753333333336e-06,0.34999999999999987,-0.008067033333333334
25,0.3749999999999999,5.815182666666667e-06,0.3749999999999999,-0.007299346666666667
26,0.3999999999999999,6.5094660000000004e-06,0.3999999999999999,-0.006930426666666667
27,0.4249999999999998,6.999393333333333e-06,0.4249999999999998,-0.005944054666666667
28,0.44999999999999984,7.686286666666666e-06,0.44999999999999984,-0.0051537273333333335
29,0.47499999999999987,8.380213333333334e-06,0.47499999999999987,-0.004415834666666667
30,0.4999999999999998,9.10902e-06,0.4999999999999998,-0.003716174
31,0.5249999999999998,9.946246666666667e-06,0.5249999999999998,-0.0030668820000000004
32,0.5499999999999998,1.0886153333333334e-05,0.5499999999999998,-0.0024759353333333334
33,0.5749999999999998,1.185974e-05,0.5749999999999998,-0.0019503140000000003
34,0.5999999999999999,1.2875733333333334e-05,0.5999999999999999,-0.001493876
35,0.6249999999999998,1.4109773333333333e-05,0.6249999999999998,-0.0011093046666666667
36,0.6499999999999998,1.5389840000000002e-05,0.6499999999999998,-0.0007930033333333334
37,0.6749999999999998,1.6828880000000003e-05,0.6749999999999998,-0.0005969572
38,0.6999999999999997,1.826554e-05,0.6999999999999997,-0.0003662847333333333
39,0.7249999999999998,1.9996286666666668e-05,0.7249999999999998,-0.0001946162666666667
40,0.7499999999999998,2.193434e-05,0.7499999999999998,-0.00011066653333333334
41,0.7749999999999997,2.4091746666666667e-05,0.7749999999999997,1.1782826666666667e-05
42,0.7999999999999998,2.664836e-05,0.7999999999999998,0.00011377453333333335
43,0.8249999999999997,2.9477066666666666e-05,0.8249999999999997,0.00022227220000000002
44,0.8499999999999996,3.260986666666667e-05,0.8499999999999996,0.00031714213333333333
45,0.8749999999999998,3.655008e-05,0.8749999999999998,0.0004066804666666667
46,0.8999999999999997,4.081808666666667e-05,0.8999999999999997,0.0004947402666666667
47,0.9249999999999998,4.597968e-05,0.9249999999999998,0.0005850388
48,0.9499999999999997,5.238253333333334e-05,0.9499999999999997,0.00068061
49,0.9749999999999996,5.9640939999999996e-05,0.9749999999999996,0.0008060306666666666
50,0.9999999999999998,7.53838e-05,0.9999999999999998,0.000925634
51,1.0249999999999997,8.676586666666667e-05,1.0249999999999997,0.0010619873333333333
52,1.0499999999999998,0.00010175373333333333,1.0499999999999998,0.0012193626666666668
53,1.0749999999999997,0.00012059946666666667,1.0749999999999997,0.001402362
54,1.0999999999999996,0.00014509606666666667,1.0999999999999996,0.0016176733333333334
55,1.1249999999999998,0.00017641106666666667,1.1249999999999998,0.0018707313333333334
56,1.1499999999999997,0.0002177446,1.1499999999999997,0.002169384666666667
57,1.1749999999999996,0.0002711902666666667,1.1749999999999996,0.002520050666666667
58,1.1999999999999997,0.0003427544666666667,1.1999999999999997,0.0029336213333333336
59,1.2249999999999996,0.0004381079333333334,1.2249999999999996,0.003417660666666667
60,1.2499999999999996,0.0005637684666666668,1.2499999999999996,0.003978237333333334
61,1.2749999999999997,0.0008650520000000002,1.2749999999999997,0.004622317333333333
