,2_4F_V_D,2_4F_J_D,2_4F_V_L,2_4F_J_L
0,-0.25,-3.0420626666666665e-06,-0.25,-0.023603506666666666
1,-0.225,-2.6424513333333334e-06,-0.225,-0.02280648
2,-0.2,-2.261360666666667e-06,-0.2,-0.022151646666666667
3,-0.17500000000000002,-1.8764693333333335e-06,-0.17500000000000002,-0.021548566666666668
4,-0.15000000000000002,-1.5554966666666668e-06,-0.15000000000000002,-0.020979533333333335
5,-0.12500000000000003,-1.2276826666666667e-06,-0.12500000000000003,-0.02041462
6,-0.10000000000000003,-9.424246666666667e-07,-0.10000000000000003,-0.019846660000000002
7,-0.07500000000000004,-6.609319333333334e-07,-0.07500000000000004,-0.01927110666666667
8,-0.050000000000000044,-3.9042826666666664e-07,-0.050000000000000044,-0.01868196
9,-0.02500000000000005,-1.272906e-07,-0.02500000000000005,-0.018070313333333334
10,-5.551115123125783e-17,1.2054513333333333e-07,-5.551115123125783e-17,-0.017451773333333333
11,0.02499999999999991,3.7579e-07,0.02499999999999991,-0.01678548666666667
12,0.04999999999999993,6.180182000000001e-07,0.04999999999999993,-0.01613484
13,0.07499999999999996,9.1541e-07,0.07499999999999996,-0.015462013333333335
14,0.09999999999999992,1.17779e-06,0.09999999999999992,-0.014772466666666668
15,0.12499999999999989,1.478622e-06,0.12499999999999989,-0.014064326666666667
16,0.1499999999999999,1.7263713333333335e-06,0.1499999999999999,-0.013372186666666666
17,0.17499999999999993,2.0623053333333336e-06,0.17499999999999993,-0.01266038
18,0.1999999999999999,2.427786666666667e-06,0.1999999999999999,-0.011943833333333332
19,0.22499999999999987,2.757670666666667e-06,0.22499999999999987,-0.011219933333333335
20,0.2499999999999999,3.1743833333333333e-06,0.2499999999999999,-0.010506353333333333
21,0.2749999999999999,3.591658e-06,0.2749999999999999,-0.00978056
22,0.2999999999999998,4.037275333333333e-06,0.2999999999999998,-0.009056493333333334
23,0.32499999999999984,4.506212666666667e-06,0.32499999999999984,-0.00832582
24,0.34999999999999987,5.039236e-06,0.34999999999999987,-0.0075905799999999995
25,0.3749999999999999,5.6205486666666665e-06,0.3749999999999999,-0.006874553333333333
26,0.3999999999999999,6.262696666666666e-06,0.3999999999999999,-0.006550075333333334
27,0.4249999999999998,6.933920000000001e-06,0.4249999999999998,-0.005594009333333334
28,0.44999999999999984,7.834633333333335e-06,0.44999999999999984,-0.004850989333333334
29,0.47499999999999987,8.51326e-06,0.47499999999999987,-0.004155671333333334
30,0.4999999999999998,9.565760000000001e-06,0.4999999999999998,-0.0034967466666666665
31,0.5249999999999998,1.0445786666666667e-05,0.5249999999999998,-0.002884500666666667
32,0.5499999999999998,1.157934e-05,0.5499999999999998,-0.002325582666666667
33,0.5749999999999998,1.284986e-05,0.5749999999999998,-0.0018273013333333333
34,0.5999999999999999,1.407912e-05,0.5999999999999999,-0.0013928286666666668
35,0.6249999999999998,1.5442766666666667e-05,0.6249999999999998,-0.0010260533333333332
36,0.6499999999999998,1.7059180000000003e-05,0.6499999999999998,-0.0007197526666666667
37,0.6749999999999998,1.8943306666666668e-05,0.6749999999999998,-0.0005246990666666668
38,0.6999999999999997,2.097736e-05,0.6999999999999997,-0.00029433026666666665
39,0.7249999999999998,2.32183e-05,0.7249999999999998,-0.0001173316
40,0.7499999999999998,2.5785733333333333e-05,0.7499999999999998,7.015e-06
41,0.7749999999999997,2.8979673333333336e-05,0.7749999999999997,0.0001239532
42,0.7999999999999998,3.235562e-05,0.7999999999999998,0.0002551952
43,0.8249999999999997,3.614170666666667e-05,0.8249999999999997,0.00037035400000000004
44,0.8499999999999996,4.067637333333334e-05,0.8499999999999996,0.00048002073333333335
45,0.8749999999999998,4.597811333333334e-05,0.8749999999999998,0.0005854913333333333
46,0.8999999999999997,5.1952380000000006e-05,0.8999999999999997,0.0006931213333333334
47,0.9249999999999998,5.909486666666666e-05,0.9249999999999998,0.00082866
48,0.9499999999999997,7.609273333333334e-05,0.9499999999999997,0.00095103
49,0.9749999999999996,8.628620000000001e-05,0.9749999999999996,0.001085484
50,0.9999999999999998,0.0001003596,0.9999999999999998,0.0012350640000000001
51,1.0249999999999997,0.000116806,1.0249999999999997,0.0014038933333333334
52,1.0499999999999998,0.0001369856,1.0499999999999998,0.0015995093333333334
53,1.0749999999999997,0.00016210946666666667,1.0749999999999997,0.00182608
54,1.0999999999999996,0.0001944008666666667,1.0999999999999996,0.0020887166666666668
55,1.1249999999999998,0.00023591206666666667,1.1249999999999998,0.002395174666666667
56,1.1499999999999997,0.00028853473333333336,1.1499999999999997,0.0027544086666666666
57,1.1749999999999996,0.00035616433333333333,1.1749999999999996,0.0031720433333333334
58,1.1999999999999997,0.00044601806666666666,1.1999999999999997,0.0036549193333333336
59,1.2249999999999996,0.0005641934666666666,1.2249999999999996,0.004215148
60,1.2499999999999996,0.0008547953333333334,1.2499999999999996,0.004852797333333334
61,1.2749999999999997,0.0010574106666666667,1.2749999999999997,0.005576959333333333
