,2_4F_V_D,2_4F_J_D,2_4F_V_L,2_4F_J_L
0,-0.25,-4.031358666666667e-06,-0.25,-0.023798486666666667
1,-0.225,-3.4267253333333338e-06,-0.225,-0.023067513333333334
2,-0.2,-2.958822666666667e-06,-0.2,-0.022446006666666667
3,-0.17500000000000002,-2.479636e-06,-0.17500000000000002,-0.021863253333333336
4,-0.15000000000000002,-2.049994e-06,-0.15000000000000002,-0.02130804
5,-0.12500000000000003,-1.6397060000000001e-06,-0.12500000000000003,-0.020758413333333333
6,-0.10000000000000003,-1.2593626666666667e-06,-0.10000000000000003,-0.020202013333333334
7,-0.07500000000000004,-8.971426666666666e-07,-0.07500000000000004,-0.01962827333333333
8,-0.050000000000000044,-5.479639999999999e-07,-0.050000000000000044,-0.019065266666666667
9,-0.02500000000000005,-2.0615420000000002e-07,-0.02500000000000005,-0.018465453333333333
10,-5.551115123125783e-17,1.2335926666666668e-07,-5.551115123125783e-17,-0.01785932
11,0.02499999999999991,4.709744666666667e-07,0.02499999999999991,-0.017205933333333336
12,0.04999999999999993,8.155393333333333e-07,0.04999999999999993,-0.016566513333333335
13,0.07499999999999996,1.1740253333333333e-06,0.07499999999999996,-0.015898173333333335
14,0.09999999999999992,1.5420673333333333e-06,0.09999999999999992,-0.01521582
15,0.12499999999999989,1.935664666666667e-06,0.12499999999999989,-0.014520453333333334
16,0.1499999999999999,2.3318053333333333e-06,0.1499999999999999,-0.013811080000000002
17,0.17499999999999993,2.7434620000000003e-06,0.17499999999999993,-0.013093613333333334
18,0.1999999999999999,3.19244e-06,0.1999999999999999,-0.012364986666666668
19,0.22499999999999987,3.655518e-06,0.22499999999999987,-0.011624146666666666
20,0.2499999999999999,4.160366666666667e-06,0.2499999999999999,-0.010876306666666667
21,0.2749999999999999,4.7060533333333335e-06,0.2749999999999999,-0.010137493333333334
22,0.2999999999999998,5.25181e-06,0.2999999999999998,-0.009387026666666666
23,0.32499999999999984,5.865046666666667e-06,0.32499999999999984,-0.008632513333333335
24,0.34999999999999987,6.593553333333334e-06,0.34999999999999987,-0.007871266666666668
25,0.3749999999999999,7.077946666666667e-06,0.3749999999999999,-0.007129380000000001
26,0.3999999999999999,7.798753333333334e-06,0.3999999999999999,-0.006798366666666667
27,0.4249999999999998,8.51938e-06,0.4249999999999998,-0.005809379333333334
28,0.44999999999999984,9.313520000000001e-06,0.44999999999999984,-0.005042146
29,0.47499999999999987,1.0101366666666668e-05,0.47499999999999987,-0.004323199333333333
30,0.4999999999999998,1.0901393333333334e-05,0.4999999999999998,-0.003645086
31,0.5249999999999998,1.1832120000000001e-05,0.5249999999999998,-0.0030120886666666668
32,0.5499999999999998,1.2841213333333332e-05,0.5499999999999998,-0.002432832
33,0.5749999999999998,1.3838406666666667e-05,0.5749999999999998,-0.0019221926666666668
34,0.5999999999999999,1.495864e-05,0.5999999999999999,-0.0014775866666666667
35,0.6249999999999998,1.613208e-05,0.6249999999999998,-0.0011037513333333334
36,0.6499999999999998,1.7430193333333332e-05,0.6499999999999998,-0.0007961506666666667
37,0.6749999999999998,1.8847773333333335e-05,0.6749999999999998,-0.0006080594666666667
38,0.6999999999999997,2.0415973333333335e-05,0.6999999999999997,-0.0003849948
39,0.7249999999999998,2.221802e-05,0.7249999999999998,-0.00022199633333333334
40,0.7499999999999998,2.4146393333333334e-05,0.7499999999999998,-9.336133333333334e-05
41,0.7749999999999997,2.6309200000000002e-05,0.7749999999999997,-3.78811e-05
42,0.7999999999999998,2.8622e-05,0.7999999999999998,6.99952e-05
43,0.8249999999999997,3.125822666666667e-05,0.8249999999999997,0.00015476486666666665
44,0.8499999999999996,3.427965333333334e-05,0.8499999999999996,0.00024433373333333336
45,0.8749999999999998,3.7680153333333333e-05,0.8749999999999998,0.00032593093333333335
46,0.8999999999999997,4.173644666666667e-05,0.8999999999999997,0.00040527200000000003
47,0.9249999999999998,4.6287253333333334e-05,0.9249999999999998,0.0004849171333333334
48,0.9499999999999997,5.168342e-05,0.9499999999999997,0.0005685622666666667
49,0.9749999999999996,5.8121840000000006e-05,0.9749999999999996,0.0006592886666666667
50,0.9999999999999998,6.600223333333334e-05,0.9999999999999998,0.000779118
51,1.0249999999999997,8.10412e-05,1.0249999999999997,0.0008950586666666668
52,1.0499999999999998,9.327120000000001e-05,1.0499999999999998,0.0010285166666666667
53,1.0749999999999997,0.00010905300000000001,1.0749999999999997,0.001183426
54,1.0999999999999996,0.00012904633333333336,1.0999999999999996,0.00136506
55,1.1249999999999998,0.0001550022,1.1249999999999998,0.0015785846666666666
56,1.1499999999999997,0.00018876713333333334,1.1499999999999997,0.0018309119999999999
57,1.1749999999999996,0.00023319560000000002,1.1749999999999996,0.0021286586666666666
58,1.1999999999999997,0.0002924416,1.1999999999999997,0.0024818
59,1.2249999999999996,0.00037114146666666664,1.2249999999999996,0.0028987473333333333
60,1.2499999999999996,0.00047555266666666666,1.2499999999999996,0.003386014
61,1.2749999999999997,0.0006152779333333334,1.2749999999999997,0.0039516993333333335
