,2_4F_V_D,2_4F_J_D,2_4F_V_L,2_4F_J_L
0,-0.25,-4.21104e-06,-0.25,-0.02378446666666667
1,-0.225,-3.5929053333333334e-06,-0.225,-0.023040233333333333
2,-0.2,-3.0892513333333335e-06,-0.2,-0.022403693333333335
3,-0.17500000000000002,-2.559882e-06,-0.17500000000000002,-0.02181278
4,-0.15000000000000002,-2.1149353333333333e-06,-0.15000000000000002,-0.02125296
5,-0.12500000000000003,-1.6938826666666666e-06,-0.12500000000000003,-0.020699340000000004
6,-0.10000000000000003,-1.2814466666666668e-06,-0.10000000000000003,-0.02014196
7,-0.07500000000000004,-9.0601e-07,-0.07500000000000004,-0.01957498
8,-0.050000000000000044,-5.505699333333334e-07,-0.050000000000000044,-0.01898658666666667
9,-0.02500000000000005,-2.0457613333333335e-07,-0.02500000000000005,-0.0184021
10,-5.551115123125783e-17,1.220416e-07,-5.551115123125783e-17,-0.017788473333333332
11,0.02499999999999991,4.642993333333333e-07,0.02499999999999991,-0.017152706666666667
12,0.04999999999999993,8.054293333333335e-07,0.04999999999999993,-0.016488833333333335
13,0.07499999999999996,1.1594266666666668e-06,0.07499999999999996,-0.015831406666666666
14,0.09999999999999992,1.5348813333333334e-06,0.09999999999999992,-0.015152000000000002
15,0.12499999999999989,1.9484993333333334e-06,0.12499999999999989,-0.014453106666666667
16,0.1499999999999999,2.3784320000000004e-06,0.1499999999999999,-0.013747946666666667
17,0.17499999999999993,2.8213720000000003e-06,0.17499999999999993,-0.013025053333333333
18,0.1999999999999999,3.2990093333333337e-06,0.1999999999999999,-0.01230286
19,0.22499999999999987,3.776099333333334e-06,0.22499999999999987,-0.01155962
20,0.2499999999999999,4.331618666666667e-06,0.2499999999999999,-0.010824526666666667
21,0.2749999999999999,4.898275333333334e-06,0.2749999999999999,-0.01008014
22,0.2999999999999998,5.501790666666667e-06,0.2999999999999998,-0.00933176
23,0.32499999999999984,6.200076666666667e-06,0.32499999999999984,-0.008584640000000001
24,0.34999999999999987,6.885226666666667e-06,0.34999999999999987,-0.007835626666666668
25,0.3749999999999999,7.352013333333333e-06,0.3749999999999999,-0.007083293333333333
26,0.3999999999999999,8.133773333333334e-06,0.3999999999999999,-0.006773813333333334
27,0.4249999999999998,8.886806666666667e-06,0.4249999999999998,-0.0057860260000000005
28,0.44999999999999984,9.667713333333334e-06,0.44999999999999984,-0.005025465333333334
29,0.47499999999999987,1.0534933333333333e-05,0.47499999999999987,-0.004311382000000001
30,0.4999999999999998,1.1437106666666667e-05,0.4999999999999998,-0.0036388813333333332
31,0.5249999999999998,1.2418726666666668e-05,0.5249999999999998,-0.003013336
32,0.5499999999999998,1.3621026666666668e-05,0.5499999999999998,-0.002439424
33,0.5749999999999998,1.477154e-05,0.5749999999999998,-0.0019257313333333333
34,0.5999999999999999,1.6014513333333336e-05,0.5999999999999999,-0.0014831826666666667
35,0.6249999999999998,1.732388e-05,0.6249999999999998,-0.001110206
36,0.6499999999999998,1.8720913333333334e-05,0.6499999999999998,-0.0008036940000000001
37,0.6749999999999998,2.0220513333333333e-05,0.6749999999999998,-0.0006146219333333333
38,0.6999999999999997,2.1854073333333334e-05,0.6999999999999997,-0.00039200506666666667
39,0.7249999999999998,2.359732e-05,0.7249999999999998,-0.00023013006666666667
40,0.7499999999999998,2.5563966666666668e-05,0.7499999999999998,-0.00010433546666666666
41,0.7749999999999997,2.7825773333333336e-05,0.7749999999999997,-4.1212286666666666e-05
42,0.7999999999999998,3.014168e-05,0.7999999999999998,6.40474e-05
43,0.8249999999999997,3.292442e-05,0.8249999999999997,0.00013814873333333334
44,0.8499999999999996,3.581614666666667e-05,0.8499999999999996,0.00022247006666666668
45,0.8749999999999998,3.9150900000000005e-05,0.8749999999999998,0.00029911833333333334
46,0.8999999999999997,4.313566666666667e-05,0.8999999999999997,0.00037384580000000004
47,0.9249999999999998,4.762776666666667e-05,0.9249999999999998,0.00044984213333333335
48,0.9499999999999997,5.296628000000001e-05,0.9499999999999997,0.0005297279333333334
49,0.9749999999999996,5.925422000000001e-05,0.9749999999999996,0.0006163418666666668
50,0.9999999999999998,6.683560000000001e-05,0.9999999999999998,0.0007305953333333334
51,1.0249999999999997,8.14994e-05,1.0249999999999997,0.0008409826666666667
52,1.0499999999999998,9.343100000000001e-05,1.0499999999999998,0.0009678786666666668
53,1.0749999999999997,0.00010840866666666666,1.0749999999999997,0.0011152673333333335
54,1.0999999999999996,0.00012760253333333332,1.0999999999999996,0.0012876740000000002
55,1.1249999999999998,0.00015228873333333334,1.1249999999999998,0.00149092
56,1.1499999999999997,0.0001844062666666667,1.1499999999999997,0.0017313366666666665
57,1.1749999999999996,0.00022614599999999999,1.1749999999999996,0.0020156266666666667
58,1.1999999999999997,0.0002821412666666667,1.1999999999999997,0.0023513273333333334
59,1.2249999999999996,0.0003568408666666667,1.2249999999999996,0.002749292
60,1.2499999999999996,0.00045611346666666664,1.2499999999999996,0.003216774
61,1.2749999999999997,0.0005869062666666667,1.2749999999999997,0.003762278666666667
