,2_4F_V_D,2_4F_J_D,2_4F_V_L,2_4F_J_L
0,-0.25,-3.972058e-06,-0.25,-0.023785353333333335
1,-0.225,-3.3924040000000004e-06,-0.225,-0.02304646
2,-0.2,-2.89195e-06,-0.2,-0.02242212
3,-0.17500000000000002,-2.4020606666666667e-06,-0.17500000000000002,-0.021837099999999998
4,-0.15000000000000002,-1.99334e-06,-0.15000000000000002,-0.021280773333333336
5,-0.12500000000000003,-1.5890460000000002e-06,-0.12500000000000003,-0.020733653333333334
6,-0.10000000000000003,-1.2056600000000001e-06,-0.10000000000000003,-0.020175713333333335
7,-0.07500000000000004,-8.54274e-07,-0.07500000000000004,-0.019601593333333334
8,-0.050000000000000044,-5.134572e-07,-0.050000000000000044,-0.019036726666666667
9,-0.02500000000000005,-1.9116620000000002e-07,-0.02500000000000005,-0.018438653333333332
10,-5.551115123125783e-17,1.2757546666666668e-07,-5.551115123125783e-17,-0.01783524666666667
11,0.02499999999999991,4.5356513333333333e-07,0.02499999999999991,-0.01720086666666667
12,0.04999999999999993,7.795480000000001e-07,0.04999999999999993,-0.01654558
13,0.07499999999999996,1.116126e-06,0.07499999999999996,-0.01588336666666667
14,0.09999999999999992,1.4811160000000001e-06,0.09999999999999992,-0.015201433333333333
15,0.12499999999999989,1.8642613333333334e-06,0.12499999999999989,-0.014510813333333334
16,0.1499999999999999,2.269236e-06,0.1499999999999999,-0.013802993333333333
17,0.17499999999999993,2.7072660000000002e-06,0.17499999999999993,-0.013087006666666666
18,0.1999999999999999,3.152358666666667e-06,0.1999999999999999,-0.01236136
19,0.22499999999999987,3.617932666666667e-06,0.22499999999999987,-0.011622913333333333
20,0.2499999999999999,4.1562160000000006e-06,0.2499999999999999,-0.010877606666666668
21,0.2749999999999999,4.703984000000001e-06,0.2749999999999999,-0.01014042
22,0.2999999999999998,5.299998666666667e-06,0.2999999999999998,-0.009394093333333334
23,0.32499999999999984,6.014082666666667e-06,0.32499999999999984,-0.008641426666666667
24,0.34999999999999987,6.745193333333334e-06,0.34999999999999987,-0.00788992
25,0.3749999999999999,7.317386666666668e-06,0.3749999999999999,-0.007142546666666668
26,0.3999999999999999,8.15874e-06,0.3999999999999999,-0.00681392
27,0.4249999999999998,8.971320000000001e-06,0.4249999999999998,-0.0058236573333333335
28,0.44999999999999984,9.873566666666666e-06,0.44999999999999984,-0.005051669333333333
29,0.47499999999999987,1.0851113333333334e-05,0.47499999999999987,-0.004337809333333334
30,0.4999999999999998,1.1785233333333334e-05,0.4999999999999998,-0.003659788666666667
31,0.5249999999999998,1.284096e-05,0.5249999999999998,-0.003026056666666667
32,0.5499999999999998,1.3940953333333334e-05,0.5499999999999998,-0.0024518253333333335
33,0.5749999999999998,1.5134113333333333e-05,0.5749999999999998,-0.0019358213333333333
34,0.5999999999999999,1.6347733333333336e-05,0.5999999999999999,-0.001488078
35,0.6249999999999998,1.7673213333333334e-05,0.6249999999999998,-0.0011124400000000001
36,0.6499999999999998,1.9113693333333334e-05,0.6499999999999998,-0.000804636
37,0.6749999999999998,2.0623006666666665e-05,0.6749999999999998,-0.0006142848666666667
38,0.6999999999999997,2.223882666666667e-05,0.6999999999999997,-0.0003896528666666667
39,0.7249999999999998,2.4040420000000003e-05,0.7249999999999998,-0.0002255536666666667
40,0.7499999999999998,2.6040433333333332e-05,0.7499999999999998,-9.691773333333334e-05
41,0.7749999999999997,2.8207433333333337e-05,0.7749999999999997,-8.808646666666668e-06
42,0.7999999999999998,3.068762666666667e-05,0.7999999999999998,7.208846666666667e-05
43,0.8249999999999997,3.3399193333333334e-05,0.8249999999999997,0.00016569273333333335
44,0.8499999999999996,3.653865333333333e-05,0.8499999999999996,0.0002475629333333333
45,0.8749999999999998,4.0006106666666666e-05,0.8749999999999998,0.00032490126666666667
46,0.8999999999999997,4.394472666666667e-05,0.8999999999999997,0.00040102266666666665
47,0.9249999999999998,4.855414e-05,0.9249999999999998,0.00047855000000000006
48,0.9499999999999997,5.4050553333333335e-05,0.9499999999999997,0.0005604928000000001
49,0.9749999999999996,6.044087333333333e-05,0.9749999999999996,0.0006492976666666667
50,0.9999999999999998,7.302793333333334e-05,0.9999999999999998,0.0007679553333333333
51,1.0249999999999997,8.295846666666667e-05,1.0249999999999997,0.0008816433333333333
52,1.0499999999999998,9.555686666666667e-05,1.0499999999999998,0.0010126900000000001
53,1.0749999999999997,0.00011136086666666667,1.0749999999999997,0.00116501
54,1.0999999999999996,0.00013231140000000003,1.0999999999999996,0.0013440086666666668
55,1.1249999999999998,0.00015839713333333334,1.1249999999999998,0.0015541533333333335
56,1.1499999999999997,0.00019243260000000002,1.1499999999999997,0.0018030693333333334
57,1.1749999999999996,0.0002371716666666667,1.1749999999999996,0.0020980953333333335
58,1.1999999999999997,0.0002968482,1.1999999999999997,0.0024473193333333335
59,1.2249999999999996,0.0003765596666666667,1.2249999999999996,0.002858402
60,1.2499999999999996,0.00048212060000000004,1.2499999999999996,0.003341607333333333
61,1.2749999999999997,0.0006227906000000001,1.2749999999999997,0.0039042780000000006
