,2_4F_V_D,2_4F_J_D,2_4F_V_L,2_4F_J_L
0,-0.25,-2.6681993333333335e-06,-0.25,-0.02386232
1,-0.225,-2.250078e-06,-0.225,-0.023176166666666668
2,-0.2,-1.9206373333333334e-06,-0.2,-0.02258742
3,-0.17500000000000002,-1.5833826666666668e-06,-0.17500000000000002,-0.022028246666666668
4,-0.15000000000000002,-1.2896846666666668e-06,-0.15000000000000002,-0.021489499999999998
5,-0.12500000000000003,-1.0236180000000001e-06,-0.12500000000000003,-0.020951053333333334
6,-0.10000000000000003,-7.68388e-07,-0.10000000000000003,-0.020398113333333336
7,-0.07500000000000004,-5.291083333333334e-07,-0.07500000000000004,-0.01982494666666667
8,-0.050000000000000044,-3.0612553333333335e-07,-0.050000000000000044,-0.019263213333333334
9,-0.02500000000000005,-9.238066666666667e-08,-0.02500000000000005,-0.01866444
10,-5.551115123125783e-17,1.1347886666666667e-07,-5.551115123125783e-17,-0.01806116
11,0.02499999999999991,3.2582346666666667e-07,0.02499999999999991,-0.017428973333333334
12,0.04999999999999993,5.42757e-07,0.04999999999999993,-0.01677128
13,0.07499999999999996,7.642693333333334e-07,0.07499999999999996,-0.01610762
14,0.09999999999999992,1.001972e-06,0.09999999999999992,-0.015425173333333334
15,0.12499999999999989,1.2483853333333335e-06,0.12499999999999989,-0.014729180000000001
16,0.1499999999999999,1.5116486666666666e-06,0.1499999999999999,-0.01402122
17,0.17499999999999993,1.79401e-06,0.17499999999999993,-0.013300619999999999
18,0.1999999999999999,2.0927186666666666e-06,0.1999999999999999,-0.01256768
19,0.22499999999999987,2.416108666666667e-06,0.22499999999999987,-0.011819633333333333
20,0.2499999999999999,2.7831680000000003e-06,0.2499999999999999,-0.011060953333333335
21,0.2749999999999999,3.1706453333333335e-06,0.2749999999999999,-0.010311386666666667
22,0.2999999999999998,3.581601333333334e-06,0.2999999999999998,-0.009540666666666668
23,0.32499999999999984,4.018656666666667e-06,0.32499999999999984,-0.008759933333333332
24,0.34999999999999987,4.4946653333333336e-06,0.34999999999999987,-0.007981093333333333
25,0.3749999999999999,5.0210413333333335e-06,0.3749999999999999,-0.007199913333333333
26,0.3999999999999999,5.58053e-06,0.3999999999999999,-0.006807940000000001
27,0.4249999999999998,6.377469333333334e-06,0.4249999999999998,-0.005804970666666667
28,0.44999999999999984,6.999373333333334e-06,0.44999999999999984,-0.005004182
29,0.47499999999999987,7.716246666666668e-06,0.47499999999999987,-0.004262518000000001
30,0.4999999999999998,8.51074e-06,0.4999999999999998,-0.003561334666666667
31,0.5249999999999998,9.39284e-06,0.5249999999999998,-0.0029161393333333335
32,0.5499999999999998,1.0389193333333334e-05,0.5499999999999998,-0.0023322020000000002
33,0.5749999999999998,1.1491606666666666e-05,0.5749999999999998,-0.0018126106666666668
34,0.5999999999999999,1.2725826666666668e-05,0.5999999999999999,-0.0013652340000000001
35,0.6249999999999998,1.4080946666666666e-05,0.6249999999999998,-0.0009917686666666666
36,0.6499999999999998,1.5517753333333334e-05,0.6499999999999998,-0.0006837426666666666
37,0.6749999999999998,1.7272466666666668e-05,0.6749999999999998,-0.00048691260000000003
38,0.6999999999999997,1.9060493333333336e-05,0.6999999999999997,-0.0002572714666666667
39,0.7249999999999998,2.1224593333333334e-05,0.7249999999999998,-8.178426666666667e-05
40,0.7499999999999998,2.3694326666666665e-05,0.7499999999999998,4.078934e-05
41,0.7749999999999997,2.6501513333333336e-05,0.7749999999999997,0.00015596013333333335
42,0.7999999999999998,2.9633546666666666e-05,0.7999999999999998,0.00028460400000000004
43,0.8249999999999997,3.3325000000000004e-05,0.8249999999999997,0.0003973668
44,0.8499999999999996,3.761664666666667e-05,0.8499999999999996,0.000504237
45,0.8749999999999998,4.265898e-05,0.8749999999999998,0.0006081064666666666
46,0.8999999999999997,4.88155e-05,0.8999999999999997,0.0007283526666666667
47,0.9249999999999998,5.607139333333334e-05,0.9249999999999998,0.0008444746666666668
48,0.9499999999999997,6.479199333333334e-05,0.9499999999999997,0.0009696686666666668
49,0.9749999999999996,8.403286666666668e-05,0.9749999999999996,0.0011088573333333334
50,0.9999999999999998,9.738093333333334e-05,0.9999999999999998,0.001265738
51,1.0249999999999997,0.00011492066666666667,1.0249999999999997,0.0014452393333333334
52,1.0499999999999998,0.00013741666666666668,1.0499999999999998,0.0016535733333333334
53,1.0749999999999997,0.00016526486666666666,1.0749999999999997,0.0018966233333333332
54,1.0999999999999996,0.00020074713333333334,1.0999999999999996,0.002182022
55,1.1249999999999998,0.0002474762,1.1249999999999998,0.0025145433333333333
56,1.1499999999999997,0.00030793193333333337,1.1499999999999997,0.0029044760000000005
57,1.1749999999999996,0.0003865114,1.1749999999999996,0.0033576860000000004
58,1.1999999999999997,0.0004912132000000001,1.1999999999999997,0.003880824
59,1.2249999999999996,0.0006284537333333334,1.2249999999999996,0.0044822053333333335
60,1.2499999999999996,0.0009516633333333333,1.2499999999999996,0.005170872
61,1.2749999999999997,0.0011838226666666667,1.2749999999999997,0.005950280666666667
