,2_4F_V_D,2_4F_J_D,2_4F_V_L,2_4F_J_L
0,-0.25,-4.418758666666667e-06,-0.25,-0.023765566666666668
1,-0.225,-3.766767333333334e-06,-0.225,-0.023017266666666668
2,-0.2,-3.269744666666667e-06,-0.2,-0.022379846666666668
3,-0.17500000000000002,-2.7328773333333333e-06,-0.17500000000000002,-0.02178646
4,-0.15000000000000002,-2.239202666666667e-06,-0.15000000000000002,-0.021225333333333336
5,-0.12500000000000003,-1.8129453333333334e-06,-0.12500000000000003,-0.02067272
6,-0.10000000000000003,-1.350432e-06,-0.10000000000000003,-0.02011424666666667
7,-0.07500000000000004,-9.6122e-07,-0.07500000000000004,-0.019548253333333335
8,-0.050000000000000044,-5.958661333333334e-07,-0.050000000000000044,-0.01895990666666667
9,-0.02500000000000005,-2.20537e-07,-0.02500000000000005,-0.01838046
10,-5.551115123125783e-17,1.3003613333333335e-07,-5.551115123125783e-17,-0.017771853333333334
11,0.02499999999999991,4.812973999999999e-07,0.02499999999999991,-0.017135373333333336
12,0.04999999999999993,8.288353333333334e-07,0.04999999999999993,-0.016492913333333335
13,0.07499999999999996,1.2079066666666668e-06,0.07499999999999996,-0.0158175
14,0.09999999999999992,1.5806126666666668e-06,0.09999999999999992,-0.01513632
15,0.12499999999999989,1.9682633333333334e-06,0.12499999999999989,-0.01444004
16,0.1499999999999999,2.3902873333333336e-06,0.1499999999999999,-0.013735126666666667
17,0.17499999999999993,2.837448666666667e-06,0.17499999999999993,-0.01301532
18,0.1999999999999999,3.3055966666666667e-06,0.1999999999999999,-0.012292106666666667
19,0.22499999999999987,3.8066353333333336e-06,0.22499999999999987,-0.01155316
20,0.2499999999999999,4.3254826666666665e-06,0.2499999999999999,-0.010823433333333334
21,0.2749999999999999,4.884802000000001e-06,0.2749999999999999,-0.010067886666666668
22,0.2999999999999998,5.497598666666666e-06,0.2999999999999998,-0.00933396
23,0.32499999999999984,6.205385333333334e-06,0.32499999999999984,-0.008585326666666667
24,0.34999999999999987,6.899126666666667e-06,0.34999999999999987,-0.007843866666666668
25,0.3749999999999999,7.415506666666667e-06,0.3749999999999999,-0.00709966
26,0.3999999999999999,8.227046666666668e-06,0.3999999999999999,-0.0067861733333333335
27,0.4249999999999998,8.956040000000001e-06,0.4249999999999998,-0.005798623333333333
28,0.44999999999999984,9.771466666666666e-06,0.44999999999999984,-0.005040916666666667
29,0.47499999999999987,1.0769773333333334e-05,0.47499999999999987,-0.004321599333333334
30,0.4999999999999998,1.1778973333333333e-05,0.4999999999999998,-0.0036520660000000003
31,0.5249999999999998,1.2809506666666666e-05,0.5249999999999998,-0.0030261786666666668
32,0.5499999999999998,1.3900926666666668e-05,0.5499999999999998,-0.002452670666666667
33,0.5749999999999998,1.5049120000000001e-05,0.5749999999999998,-0.0019378813333333336
34,0.5999999999999999,1.6327726666666667e-05,0.5999999999999999,-0.0014944040000000002
35,0.6249999999999998,1.7573653333333332e-05,0.6249999999999998,-0.0011194026666666668
36,0.6499999999999998,1.900542e-05,0.6499999999999998,-0.00081145
37,0.6749999999999998,2.051660666666667e-05,0.6749999999999998,-0.0006219324
38,0.6999999999999997,2.221024666666667e-05,0.6999999999999997,-0.0003979420666666667
39,0.7249999999999998,2.4037346666666666e-05,0.7249999999999998,-0.00023505340000000002
40,0.7499999999999998,2.6074813333333335e-05,0.7499999999999998,-0.00010827606666666667
41,0.7749999999999997,2.7871060000000002e-05,0.7749999999999997,-4.558412666666667e-05
42,0.7999999999999998,3.0384120000000004e-05,0.7999999999999998,6.008004666666667e-05
43,0.8249999999999997,3.310708e-05,0.8249999999999997,0.00013447026666666667
44,0.8499999999999996,3.6292373333333334e-05,0.8499999999999996,0.00021892
45,0.8749999999999998,3.989661333333333e-05,0.8749999999999998,0.00029531293333333336
46,0.8999999999999997,4.388154e-05,0.8999999999999997,0.0003699299333333333
47,0.9249999999999998,4.855466e-05,0.9249999999999998,0.00044532860000000003
48,0.9499999999999997,5.393442e-05,0.9499999999999997,0.0005250172666666666
49,0.9749999999999996,6.012182666666667e-05,0.9749999999999996,0.0006114082666666667
50,0.9999999999999998,6.778306666666666e-05,0.9999999999999998,0.0007255233333333334
51,1.0249999999999997,8.244266666666668e-05,1.0249999999999997,0.000835606
52,1.0499999999999998,9.443193333333334e-05,1.0499999999999998,0.0009624386666666668
53,1.0749999999999997,0.00010965026666666668,1.0749999999999997,0.001109544
54,1.0999999999999996,0.00012911613333333336,1.0999999999999996,0.001281778
55,1.1249999999999998,0.00015387913333333336,1.1249999999999998,0.0014843313333333333
56,1.1499999999999997,0.0001861258,1.1499999999999997,0.0017237939999999998
57,1.1749999999999996,0.0002286882666666667,1.1749999999999996,0.0020080280000000002
58,1.1999999999999997,0.0002850073333333333,1.1999999999999997,0.0023440266666666667
59,1.2249999999999996,0.0003599986666666667,1.2249999999999996,0.0027405619999999998
60,1.2499999999999996,0.0004597722666666667,1.2499999999999996,0.0032075700000000003
61,1.2749999999999997,0.0005930134,1.2749999999999997,0.003753574
