,2_4F_V_D,2_4F_J_D,2_4F_V_L,2_4F_J_L
0,-0.25,-4.2523346666666676e-06,-0.25,-0.02378828666666667
1,-0.225,-3.615576666666667e-06,-0.225,-0.023048766666666668
2,-0.2,-3.08294e-06,-0.2,-0.022418066666666667
3,-0.17500000000000002,-2.5850553333333334e-06,-0.17500000000000002,-0.02182916
4,-0.15000000000000002,-2.089374e-06,-0.15000000000000002,-0.021271946666666666
5,-0.12500000000000003,-1.660274e-06,-0.12500000000000003,-0.02072348
6,-0.10000000000000003,-1.2792833333333333e-06,-0.10000000000000003,-0.02016658666666667
7,-0.07500000000000004,-9.007293333333333e-07,-0.07500000000000004,-0.019602880000000003
8,-0.050000000000000044,-5.384028000000001e-07,-0.050000000000000044,-0.019016313333333337
9,-0.02500000000000005,-2.0017573333333337e-07,-0.02500000000000005,-0.018432646666666667
10,-5.551115123125783e-17,1.2787486666666667e-07,-5.551115123125783e-17,-0.017823173333333334
11,0.02499999999999991,4.6107506666666664e-07,0.02499999999999991,-0.017189373333333334
12,0.04999999999999993,7.99334e-07,0.04999999999999993,-0.016526886666666667
13,0.07499999999999996,1.1480006666666667e-06,0.07499999999999996,-0.015871200000000002
14,0.09999999999999992,1.5334346666666668e-06,0.09999999999999992,-0.015194359999999999
15,0.12499999999999989,1.8958113333333336e-06,0.12499999999999989,-0.014496960000000001
16,0.1499999999999999,2.3049520000000003e-06,0.1499999999999999,-0.013791766666666668
17,0.17499999999999993,2.7296333333333335e-06,0.17499999999999993,-0.013071333333333334
18,0.1999999999999999,3.1708680000000004e-06,0.1999999999999999,-0.01234808
19,0.22499999999999987,3.6580120000000003e-06,0.22499999999999987,-0.011604880000000001
20,0.2499999999999999,4.194369333333334e-06,0.2499999999999999,-0.01087072
21,0.2749999999999999,4.73535e-06,0.2749999999999999,-0.010121266666666667
22,0.2999999999999998,5.329064e-06,0.2999999999999998,-0.0093733
23,0.32499999999999984,5.969194000000001e-06,0.32499999999999984,-0.008626040000000001
24,0.34999999999999987,6.713746666666668e-06,0.34999999999999987,-0.007876666666666667
25,0.3749999999999999,7.230173333333334e-06,0.3749999999999999,-0.007121753333333334
26,0.3999999999999999,7.983033333333333e-06,0.3999999999999999,-0.006810053333333333
27,0.4249999999999998,8.786413333333333e-06,0.4249999999999998,-0.005821318
28,0.44999999999999984,9.599626666666666e-06,0.44999999999999984,-0.005057313333333333
29,0.47499999999999987,1.0479633333333334e-05,0.47499999999999987,-0.004339939333333334
30,0.4999999999999998,1.1462793333333334e-05,0.4999999999999998,-0.0036643013333333336
31,0.5249999999999998,1.2437733333333333e-05,0.5249999999999998,-0.0030352726666666666
32,0.5499999999999998,1.3635326666666667e-05,0.5499999999999998,-0.0024583593333333334
33,0.5749999999999998,1.4856260000000001e-05,0.5749999999999998,-0.001944194
34,0.5999999999999999,1.6094573333333336e-05,0.5999999999999999,-0.0014958486666666667
35,0.6249999999999998,1.743286e-05,0.6249999999999998,-0.001119432
36,0.6499999999999998,1.8857033333333336e-05,0.6499999999999998,-0.000811098
37,0.6749999999999998,2.0354273333333335e-05,0.6749999999999998,-0.0006203630666666667
38,0.6999999999999997,2.201772e-05,0.6999999999999997,-0.0003956392666666667
39,0.7249999999999998,2.3786906666666667e-05,0.7249999999999998,-0.0002324194666666667
40,0.7499999999999998,2.5752580000000003e-05,0.7499999999999998,-0.00010509233333333334
41,0.7749999999999997,2.7936313333333334e-05,0.7749999999999997,-4.157444666666667e-05
42,0.7999999999999998,3.0311206666666665e-05,0.7999999999999998,6.484250000000001e-05
43,0.8249999999999997,3.300781333333334e-05,0.8249999999999997,0.00013990240000000002
44,0.8499999999999996,3.6070653333333335e-05,0.8499999999999996,0.00022518773333333333
45,0.8749999999999998,3.956626e-05,0.8749999999999998,0.0003027091333333333
46,0.8999999999999997,4.344598e-05,0.8999999999999997,0.00037820593333333336
47,0.9249999999999998,4.80627e-05,0.9249999999999998,0.0004550218666666667
48,0.9499999999999997,5.3440473333333334e-05,0.9499999999999997,0.000536048
49,0.9749999999999996,5.980935333333334e-05,0.9749999999999996,0.0006233145333333334
50,0.9999999999999998,6.746506666666667e-05,0.9999999999999998,0.0007393833333333333
51,1.0249999999999997,8.203173333333334e-05,1.0249999999999997,0.00085128
52,1.0499999999999998,9.398746666666666e-05,1.0499999999999998,0.0009797546666666667
53,1.0749999999999997,0.00010920560000000001,1.0749999999999997,0.0011288720000000002
54,1.0999999999999996,0.0001288556,1.0999999999999996,0.0013036060000000001
55,1.1249999999999998,0.00015392406666666665,1.1249999999999998,0.0015090626666666668
56,1.1499999999999997,0.00018652093333333333,1.1499999999999997,0.0017523913333333334
57,1.1749999999999996,0.000229003,1.1749999999999996,0.0020401826666666665
58,1.1999999999999997,0.0002859498666666667,1.1999999999999997,0.0023803113333333336
59,1.2249999999999996,0.0003617128666666667,1.2249999999999996,0.0027828293333333333
60,1.2499999999999996,0.000462277,1.2499999999999996,0.003255850666666667
61,1.2749999999999997,0.0005963226666666667,1.2749999999999997,0.003807975333333334
