,2_4F_V_D,2_4F_J_D,2_4F_V_L,2_4F_J_L
0,-0.25,-3.111706e-06,-0.25,-0.023850113333333336
1,-0.225,-2.64058e-06,-0.225,-0.02315440666666667
2,-0.2,-2.2058773333333335e-06,-0.2,-0.022560546666666667
3,-0.17500000000000002,-1.8417753333333334e-06,-0.17500000000000002,-0.022002313333333332
4,-0.15000000000000002,-1.5190973333333333e-06,-0.15000000000000002,-0.02146926
5,-0.12500000000000003,-1.2167059999999999e-06,-0.12500000000000003,-0.02093804
6,-0.10000000000000003,-9.453300000000001e-07,-0.10000000000000003,-0.02039586666666667
7,-0.07500000000000004,-6.630323999999999e-07,-0.07500000000000004,-0.019840533333333334
8,-0.050000000000000044,-3.94108e-07,-0.050000000000000044,-0.019275153333333336
9,-0.02500000000000005,-1.3493446666666666e-07,-0.02500000000000005,-0.01868726
10,-5.551115123125783e-17,1.1810853333333334e-07,-5.551115123125783e-17,-0.01808470666666667
11,0.02499999999999991,3.7782826666666665e-07,0.02499999999999991,-0.017443953333333335
12,0.04999999999999993,6.397294666666666e-07,0.04999999999999993,-0.016811653333333332
13,0.07499999999999996,9.116946666666666e-07,0.07499999999999996,-0.016157033333333334
14,0.09999999999999992,1.199734e-06,0.09999999999999992,-0.015475599999999999
15,0.12499999999999989,1.4928826666666668e-06,0.12499999999999989,-0.014771633333333332
16,0.1499999999999999,1.8223900000000003e-06,0.1499999999999999,-0.01407646
17,0.17499999999999993,2.167152e-06,0.17499999999999993,-0.0133603
18,0.1999999999999999,2.5337133333333333e-06,0.1999999999999999,-0.012627466666666667
19,0.22499999999999987,2.9007593333333333e-06,0.22499999999999987,-0.011885813333333333
20,0.2499999999999999,3.3170806666666665e-06,0.2499999999999999,-0.011145986666666666
21,0.2749999999999999,3.7686626666666665e-06,0.2749999999999999,-0.010390966666666668
22,0.2999999999999998,4.255000666666667e-06,0.2999999999999998,-0.009634346666666667
23,0.32499999999999984,4.667818e-06,0.32499999999999984,-0.008866326666666667
24,0.34999999999999987,5.2763313333333336e-06,0.34999999999999987,-0.0080917
25,0.3749999999999999,6.022374666666667e-06,0.3749999999999999,-0.0073348066666666665
26,0.3999999999999999,6.676193333333334e-06,0.3999999999999999,-0.006963306666666667
27,0.4249999999999998,7.0876533333333345e-06,0.4249999999999998,-0.0059807973333333335
28,0.44999999999999984,7.80254e-06,0.44999999999999984,-0.005194132666666667
29,0.47499999999999987,8.7004e-06,0.47499999999999987,-0.004456279333333334
30,0.4999999999999998,9.391106666666668e-06,0.4999999999999998,-0.0037577906666666668
31,0.5249999999999998,1.0220540000000001e-05,0.5249999999999998,-0.003107326
32,0.5499999999999998,1.1285966666666667e-05,0.5499999999999998,-0.002510744
33,0.5749999999999998,1.2329546666666668e-05,0.5749999999999998,-0.0019839099999999998
34,0.5999999999999999,1.3456153333333335e-05,0.5999999999999999,-0.0015239053333333335
35,0.6249999999999998,1.4502633333333334e-05,0.6249999999999998,-0.0011356653333333335
36,0.6499999999999998,1.5869213333333336e-05,0.6499999999999998,-0.0008154926666666668
37,0.6749999999999998,1.739748666666667e-05,0.6749999999999998,-0.0006171988666666667
38,0.6999999999999997,1.9139773333333335e-05,0.6999999999999997,-0.0003830056
39,0.7249999999999998,2.0786826666666666e-05,0.7249999999999998,-0.00020995360000000002
40,0.7499999999999998,2.2698526666666667e-05,0.7499999999999998,-7.227786666666667e-05
41,0.7749999999999997,2.497118e-05,0.7749999999999997,2.343908666666667e-05
42,0.7999999999999998,2.7484226666666668e-05,0.7999999999999998,0.00011358880000000001
43,0.8249999999999997,3.0419446666666668e-05,0.8249999999999997,0.00021560873333333335
44,0.8499999999999996,3.335553333333333e-05,0.8499999999999996,0.00030581820000000003
45,0.8749999999999998,3.699278e-05,0.8749999999999998,0.0003913380666666667
46,0.8999999999999997,4.117696e-05,0.8999999999999997,0.0004757539333333333
47,0.9249999999999998,4.64892e-05,0.9249999999999998,0.0005625362666666667
48,0.9499999999999997,5.2386220000000005e-05,0.9499999999999997,0.0006542965333333333
49,0.9749999999999996,5.993647333333334e-05,0.9749999999999996,0.0007744353333333333
50,0.9999999999999998,7.476533333333334e-05,0.9999999999999998,0.0008891933333333334
51,1.0249999999999997,8.61394e-05,1.0249999999999997,0.0010198400000000002
52,1.0499999999999998,0.00010057313333333333,1.0499999999999998,0.0011703113333333334
53,1.0749999999999997,0.00011891086666666667,1.0749999999999997,0.0013464913333333334
54,1.0999999999999996,0.00014244393333333333,1.0999999999999996,0.0015521366666666667
55,1.1249999999999998,0.0001727378666666667,1.1249999999999998,0.0017951386666666667
56,1.1499999999999997,0.00021242000000000003,1.1499999999999997,0.0020823793333333332
57,1.1749999999999996,0.0002643778666666667,1.1749999999999996,0.0024214053333333333
58,1.1999999999999997,0.0003340968666666667,1.1999999999999997,0.0028185973333333335
59,1.2249999999999996,0.00042601920000000004,1.2249999999999996,0.0032861626666666668
60,1.2499999999999996,0.0005491574666666667,1.2499999999999996,0.003830438666666667
61,1.2749999999999997,0.0008431173333333334,1.2749999999999997,0.004457032
