,2_4F_V_D,2_4F_J_D,2_4F_V_L,2_4F_J_L
0,-0.25,-3.9325160000000005e-06,-0.25,-0.023779633333333335
1,-0.225,-3.364034666666667e-06,-0.225,-0.023041513333333336
2,-0.2,-2.901906e-06,-0.2,-0.022414040000000003
3,-0.17500000000000002,-2.441544e-06,-0.17500000000000002,-0.021828813333333336
4,-0.15000000000000002,-2.0168433333333336e-06,-0.15000000000000002,-0.021274753333333334
5,-0.12500000000000003,-1.6248746666666667e-06,-0.12500000000000003,-0.020724433333333334
6,-0.10000000000000003,-1.2513486666666667e-06,-0.10000000000000003,-0.020164193333333334
7,-0.07500000000000004,-8.830393333333334e-07,-0.07500000000000004,-0.019590513333333334
8,-0.050000000000000044,-5.360473333333334e-07,-0.050000000000000044,-0.019023746666666667
9,-0.02500000000000005,-1.9958513333333333e-07,-0.02500000000000005,-0.018427446666666666
10,-5.551115123125783e-17,1.219344e-07,-5.551115123125783e-17,-0.017821313333333335
11,0.02499999999999991,4.60788e-07,0.02499999999999991,-0.017191053333333334
12,0.04999999999999993,7.970873333333333e-07,0.04999999999999993,-0.016533453333333333
13,0.07499999999999996,1.1376713333333335e-06,0.07499999999999996,-0.015871113333333332
14,0.09999999999999992,1.5034166666666668e-06,0.09999999999999992,-0.015189126666666669
15,0.12499999999999989,1.8799286666666668e-06,0.12499999999999989,-0.014498953333333335
16,0.1499999999999999,2.2832080000000002e-06,0.1499999999999999,-0.013789806666666668
17,0.17499999999999993,2.715086e-06,0.17499999999999993,-0.0130764
18,0.1999999999999999,3.180191333333333e-06,0.1999999999999999,-0.012350766666666667
19,0.22499999999999987,3.6618033333333337e-06,0.22499999999999987,-0.011612453333333333
20,0.2499999999999999,4.183451333333333e-06,0.2499999999999999,-0.01086702
21,0.2749999999999999,4.739562666666667e-06,0.2749999999999999,-0.010131706666666667
22,0.2999999999999998,5.3169733333333335e-06,0.2999999999999998,-0.009386613333333333
23,0.32499999999999984,6.013708666666667e-06,0.32499999999999984,-0.008633846666666667
24,0.34999999999999987,6.709626666666667e-06,0.34999999999999987,-0.007890866666666666
25,0.3749999999999999,7.2560000000000005e-06,0.3749999999999999,-0.007138053333333334
26,0.3999999999999999,8.060106666666667e-06,0.3999999999999999,-0.006808246666666667
27,0.4249999999999998,8.841213333333335e-06,0.4249999999999998,-0.005822306
28,0.44999999999999984,9.796713333333334e-06,0.44999999999999984,-0.0050486106666666666
29,0.47499999999999987,1.072722e-05,0.47499999999999987,-0.004334102
30,0.4999999999999998,1.1627066666666666e-05,0.4999999999999998,-0.0036549893333333336
31,0.5249999999999998,1.259936e-05,0.5249999999999998,-0.003023220666666667
32,0.5499999999999998,1.3660346666666667e-05,0.5499999999999998,-0.0024438273333333336
33,0.5749999999999998,1.4729293333333332e-05,0.5749999999999998,-0.0019329619999999999
34,0.5999999999999999,1.598896666666667e-05,0.5999999999999999,-0.0014869686666666667
35,0.6249999999999998,1.7226393333333336e-05,0.6249999999999998,-0.0011110973333333335
36,0.6499999999999998,1.8608993333333335e-05,0.6499999999999998,-0.0008036106666666667
37,0.6749999999999998,2.007984666666667e-05,0.6749999999999998,-0.0006133281333333333
38,0.6999999999999997,2.1686326666666667e-05,0.6999999999999997,-0.0003889086
39,0.7249999999999998,2.3437453333333335e-05,0.7249999999999998,-0.00022472906666666666
40,0.7499999999999998,2.5415140000000003e-05,0.7499999999999998,-9.497686666666668e-05
41,0.7749999999999997,2.7618826666666668e-05,0.7749999999999997,-7.089233333333334e-06
42,0.7999999999999998,2.996734666666667e-05,0.7999999999999998,7.495533333333334e-05
43,0.8249999999999997,3.2671253333333335e-05,0.8249999999999997,0.00016908833333333334
44,0.8499999999999996,3.5759133333333335e-05,0.8499999999999996,0.0002513452
45,0.8749999999999998,3.9221813333333337e-05,0.8749999999999998,0.0003290418666666667
46,0.8999999999999997,4.3240346666666665e-05,0.8999999999999997,0.00040535006666666667
47,0.9249999999999998,4.7921566666666665e-05,0.9249999999999998,0.0004832874666666666
48,0.9499999999999997,5.339980666666667e-05,0.9499999999999997,0.0005654624666666667
49,0.9749999999999996,5.997706000000001e-05,0.9749999999999996,0.0006547628666666666
50,0.9999999999999998,6.788833333333333e-05,0.9999999999999998,0.0007744726666666668
51,1.0249999999999997,8.3189e-05,1.0249999999999997,0.0008882406666666666
52,1.0499999999999998,9.574186666666667e-05,1.0499999999999998,0.0010197293333333334
53,1.0749999999999997,0.00011179433333333333,1.0749999999999997,0.00117288
54,1.0999999999999996,0.00013233106666666667,1.0999999999999996,0.0013522413333333335
55,1.1249999999999998,0.00015868773333333334,1.1249999999999998,0.00156318
56,1.1499999999999997,0.0001931570666666667,1.1499999999999997,0.0018127686666666667
57,1.1749999999999996,0.00023838086666666666,1.1749999999999996,0.002108796
58,1.1999999999999997,0.00029838613333333335,1.1999999999999997,0.0024582006666666665
59,1.2249999999999996,0.0003780906666666667,1.2249999999999996,0.0028708133333333334
60,1.2499999999999996,0.0004844486,1.2499999999999996,0.003354156666666667
61,1.2749999999999997,0.0006243518666666667,1.2749999999999997,0.0039171226666666675
