,2_4R_V_D,2_4R_J_D,2_4R_V_L,2_4R_J_L
0,1.3,0.001183662,1.3,0.0035349053333333337
1,1.2750000000000001,0.0011362546666666667,1.2750000000000001,0.0032572826666666665
2,1.2500000000000002,0.0010520073333333334,1.2500000000000002,0.002949182
3,1.2250000000000003,0.0009582326666666667,1.2250000000000003,0.002643428
4,1.2000000000000004,0.0008634813333333334,1.2000000000000004,0.0023533060000000003
5,1.1750000000000005,0.0007731686666666666,1.1750000000000005,0.0020836393333333336
6,1.1500000000000006,0.0006886813333333333,1.1500000000000006,0.0018353980000000002
7,1.1250000000000007,0.0006121865333333334,1.1250000000000007,0.0016093886666666668
8,1.1000000000000008,0.0005479325333333333,1.1000000000000008,0.0014036213333333335
9,1.0750000000000008,0.0004833854666666667,1.0750000000000008,0.001217584
10,1.050000000000001,0.0004239809333333334,1.050000000000001,0.0010479953333333335
11,1.025000000000001,0.0003700337333333334,1.025000000000001,0.0008922546666666666
12,1.000000000000001,0.0003207884666666667,1.000000000000001,0.0007458706666666667
13,0.9750000000000012,0.0002764792,0.9750000000000012,0.0006053645333333334
14,0.9500000000000013,0.00023699093333333336,0.9500000000000013,0.0004623500666666667
15,0.9250000000000014,0.0002012972,0.9250000000000014,0.00030991026666666666
16,0.9000000000000015,0.000169699,0.9000000000000015,0.00014019086666666668
17,0.8750000000000016,0.00014204860000000002,0.8750000000000016,-3.8562053333333336e-05
18,0.8500000000000016,0.00011810406666666667,0.8500000000000016,-0.00026091633333333335
19,0.8250000000000017,9.74592e-05,0.8250000000000017,-0.0005633757333333334
20,0.8000000000000018,7.983246666666667e-05,0.8000000000000018,-0.0008762413333333334
21,0.7750000000000019,6.347763333333334e-05,0.7750000000000019,-0.0013288513333333334
22,0.750000000000002,5.1844380000000007e-05,0.750000000000002,-0.0018559693333333334
23,0.7250000000000021,4.1997e-05,0.7250000000000021,-0.0024612813333333337
24,0.7000000000000022,3.404654666666667e-05,0.7000000000000022,-0.00314181
25,0.6750000000000023,2.7807446666666666e-05,0.6750000000000023,-0.0038926520000000004
26,0.6500000000000024,2.3129073333333334e-05,0.6500000000000024,-0.004704974
27,0.6250000000000024,1.9601873333333335e-05,0.6250000000000024,-0.005568834
28,0.6000000000000025,1.6899033333333332e-05,0.6000000000000025,-0.006472719333333333
29,0.5750000000000026,1.4743326666666667e-05,0.5750000000000026,-0.007157633333333334
30,0.5500000000000027,1.3044473333333335e-05,0.5500000000000027,-0.008175873333333333
31,0.5250000000000028,1.1668213333333333e-05,0.5250000000000028,-0.00918358
32,0.5000000000000029,1.0445706666666667e-05,0.5000000000000029,-0.010178706666666667
33,0.475000000000003,9.40832e-06,0.475000000000003,-0.011154146666666667
34,0.45000000000000306,8.531046666666667e-06,0.45000000000000306,-0.01210682
35,0.42500000000000315,7.556893333333333e-06,0.42500000000000315,-0.013027733333333333
36,0.40000000000000324,6.786226666666666e-06,0.40000000000000324,-0.013917553333333336
37,0.37500000000000333,6.136643333333334e-06,0.37500000000000333,-0.01477628
38,0.3500000000000034,5.408453333333334e-06,0.3500000000000034,-0.01556806
39,0.3250000000000035,4.7660706666666675e-06,0.3250000000000035,-0.016326873333333335
40,0.3000000000000036,4.2014440000000005e-06,0.3000000000000036,-0.017035033333333335
41,0.2750000000000037,3.6608706666666667e-06,0.2750000000000037,-0.01770084666666667
42,0.2500000000000038,3.1770506666666666e-06,0.2500000000000038,-0.018288973333333333
43,0.22500000000000386,2.7209553333333337e-06,0.22500000000000386,-0.018815353333333333
44,0.20000000000000395,2.2762760000000003e-06,0.20000000000000395,-0.019328886666666666
45,0.17500000000000404,1.8756286666666667e-06,0.17500000000000404,-0.019773533333333336
46,0.15000000000000413,1.496528e-06,0.15000000000000413,-0.020180326666666668
47,0.12500000000000422,1.1343253333333335e-06,0.12500000000000422,-0.020538233333333333
48,0.10000000000000431,7.981253333333334e-07,0.10000000000000431,-0.02085428
49,0.0750000000000044,4.858142666666666e-07,0.0750000000000044,-0.021139746666666667
50,0.050000000000004485,1.7336626666666668e-07,0.050000000000004485,-0.021392133333333334
51,0.025000000000004574,-1.2706820000000002e-07,0.025000000000004574,-0.02161494666666667
52,4.6629367034256575e-15,-4.2447660000000005e-07,4.6629367034256575e-15,-0.021817266666666668
53,-0.024999999999995248,-7.285026666666667e-07,-0.024999999999995248,-0.02199514
54,-0.04999999999999516,-1.0458220000000002e-06,-0.04999999999999516,-0.022165293333333332
55,-0.07499999999999507,-1.3600873333333335e-06,-0.07499999999999507,-0.02230518
56,-0.09999999999999498,-1.6959246666666666e-06,-0.09999999999999498,-0.022437433333333336
57,-0.12499999999999489,-2.0384793333333332e-06,-0.12499999999999489,-0.022559833333333335
58,-0.1499999999999948,-2.4168326666666666e-06,-0.1499999999999948,-0.022679846666666666
59,-0.17499999999999472,-2.80225e-06,-0.17499999999999472,-0.022778120000000002
60,-0.19999999999999463,-3.2220846666666667e-06,-0.19999999999999463,-0.022868160000000002
61,-0.22499999999999454,-3.66446e-06,-0.22499999999999454,-0.022967293333333336
