,2_4R_V_D,2_4R_J_D,2_4R_V_L,2_4R_J_L
0,1.3,0.004640972,1.3,0.010107246666666667
1,1.2750000000000001,0.004602638,1.2750000000000001,0.009514513333333334
2,1.2500000000000002,0.0043384953333333335,1.2500000000000002,0.00880738
3,1.2250000000000003,0.003993317333333334,1.2250000000000003,0.008071986666666666
4,1.2000000000000004,0.0036189880000000005,1.2000000000000004,0.00734398
5,1.1750000000000005,0.0032438220000000004,1.1750000000000005,0.006734766666666668
6,1.1500000000000006,0.002880758,1.1500000000000006,0.006065736
7,1.1250000000000007,0.0025407713333333334,1.1250000000000007,0.005417367333333333
8,1.1000000000000008,0.002225808666666667,1.1000000000000008,0.0048071853333333334
9,1.0750000000000008,0.0019394513333333334,1.0750000000000008,0.004241455333333334
10,1.050000000000001,0.0016830773333333332,1.050000000000001,0.0037195
11,1.025000000000001,0.0014539593333333333,1.025000000000001,0.003240750666666667
12,1.000000000000001,0.0012525686666666667,1.000000000000001,0.0028006286666666666
13,0.9750000000000012,0.001072038,0.9750000000000012,0.002397104666666667
14,0.9500000000000013,0.0009147226666666666,0.9500000000000013,0.0020257493333333335
15,0.9250000000000014,0.0007758013333333334,0.9250000000000014,0.0016786026666666665
16,0.9000000000000015,0.000632169,0.9000000000000015,0.00134635
17,0.8750000000000016,0.0005361892,0.8750000000000016,0.0010173693333333333
18,0.8500000000000016,0.00044516493333333337,0.8500000000000016,0.0006777246666666667
19,0.8250000000000017,0.00036405013333333335,0.8250000000000017,0.00034415866666666665
20,0.8000000000000018,0.00029307273333333336,0.8000000000000018,-3.15473e-05
21,0.7750000000000019,0.0002315836666666667,0.7750000000000019,-0.00044980039999999996
22,0.750000000000002,0.00017974306666666668,0.750000000000002,-0.0009296759999999999
23,0.7250000000000021,0.00013699846666666667,0.7250000000000021,-0.0015360353333333334
24,0.7000000000000022,0.00010302413333333333,0.7000000000000022,-0.002192882666666667
25,0.6750000000000023,7.679433333333333e-05,0.6750000000000023,-0.002904236
26,0.6500000000000024,5.676158666666666e-05,0.6500000000000024,-0.0036617653333333336
27,0.6250000000000024,4.2963586666666664e-05,0.6250000000000024,-0.004460639333333333
28,0.6000000000000025,3.3280153333333335e-05,0.6000000000000025,-0.0052937186666666665
29,0.5750000000000026,2.6424433333333334e-05,0.5750000000000026,-0.006154198666666667
30,0.5500000000000027,2.1608966666666666e-05,0.5500000000000027,-0.006997446666666667
31,0.5250000000000028,1.827098666666667e-05,0.5250000000000028,-0.007676333333333334
32,0.5000000000000029,1.5828786666666668e-05,0.5000000000000029,-0.008611813333333334
33,0.475000000000003,1.3907973333333334e-05,0.475000000000003,-0.00953144
34,0.45000000000000306,1.2327166666666666e-05,0.45000000000000306,-0.010426453333333334
35,0.42500000000000315,1.1014633333333333e-05,0.42500000000000315,-0.011302453333333334
36,0.40000000000000324,9.85428e-06,0.40000000000000324,-0.01214752
37,0.37500000000000333,8.731486666666667e-06,0.37500000000000333,-0.012960393333333334
38,0.3500000000000034,7.841940000000001e-06,0.3500000000000034,-0.013736513333333332
39,0.3250000000000035,6.94068e-06,0.3250000000000035,-0.01447902
40,0.3000000000000036,6.207014666666667e-06,0.3000000000000036,-0.015187806666666666
41,0.2750000000000037,5.337088000000001e-06,0.2750000000000037,-0.015838006666666668
42,0.2500000000000038,4.631020666666667e-06,0.2500000000000038,-0.01645016666666667
43,0.22500000000000386,4.003606666666667e-06,0.22500000000000386,-0.01700634
44,0.20000000000000395,3.3552873333333333e-06,0.20000000000000395,-0.01754926
45,0.17500000000000404,2.774456666666667e-06,0.17500000000000404,-0.018050433333333334
46,0.15000000000000413,2.2288506666666665e-06,0.15000000000000413,-0.01850092
47,0.12500000000000422,1.7167033333333334e-06,0.12500000000000422,-0.018920413333333334
48,0.10000000000000431,1.233804e-06,0.10000000000000431,-0.019299173333333332
49,0.0750000000000044,7.713440000000001e-07,0.0750000000000044,-0.019645853333333334
50,0.050000000000004485,3.130488e-07,0.050000000000004485,-0.01995314
51,0.025000000000004574,-1.2161933333333334e-07,0.025000000000004574,-0.020238693333333335
52,4.6629367034256575e-15,-5.558434666666667e-07,4.6629367034256575e-15,-0.020495160000000002
53,-0.024999999999995248,-1.0069513333333335e-06,-0.024999999999995248,-0.020743360000000002
54,-0.04999999999999516,-1.462862e-06,-0.04999999999999516,-0.02094378666666667
55,-0.07499999999999507,-1.942494e-06,-0.07499999999999507,-0.021133786666666668
56,-0.09999999999999498,-2.4522113333333336e-06,-0.09999999999999498,-0.021315086666666667
57,-0.12499999999999489,-2.999112666666667e-06,-0.12499999999999489,-0.02149042
58,-0.1499999999999948,-3.538840666666667e-06,-0.1499999999999948,-0.021635880000000003
59,-0.17499999999999472,-4.086919333333334e-06,-0.17499999999999472,-0.0217767
60,-0.19999999999999463,-4.7200206666666665e-06,-0.19999999999999463,-0.021898506666666668
61,-0.22499999999999454,-5.452535333333334e-06,-0.22499999999999454,-0.02203436
