,2_4R_V_D,2_4R_J_D,2_4R_V_L,2_4R_J_L
0,1.3,0.0012726993333333333,1.3,0.003969653333333334
1,1.2750000000000001,0.001226794,1.2750000000000001,0.003651652
2,1.2500000000000002,0.001137042,1.2500000000000002,0.00329967
3,1.2250000000000003,0.0010351646666666666,1.2250000000000003,0.002951532
4,1.2000000000000004,0.0009323466666666667,1.2000000000000004,0.002621665333333333
5,1.1750000000000005,0.0008332980000000001,1.1750000000000005,0.0023151786666666665
6,1.1500000000000006,0.000740494,1.1500000000000006,0.00203364
7,1.1250000000000007,0.0006596658,1.1250000000000007,0.0017777360000000002
8,1.1000000000000008,0.0005894726,1.1000000000000008,0.0015454226666666668
9,1.0750000000000008,0.0005189137333333334,1.0750000000000008,0.0013365573333333335
10,1.050000000000001,0.00045406533333333334,1.050000000000001,0.001147692
11,1.025000000000001,0.0003957040666666667,1.025000000000001,0.000974964
12,1.000000000000001,0.00034294593333333335,1.000000000000001,0.0008140920000000001
13,0.9750000000000012,0.0002955146,0.9750000000000012,0.0006608150666666667
14,0.9500000000000013,0.00025317153333333334,0.9500000000000013,0.0005068462666666668
15,0.9250000000000014,0.00021543986666666668,0.9250000000000014,0.0003438966
16,0.9000000000000015,0.00018219446666666668,0.9000000000000015,0.00016319013333333335
17,0.8750000000000016,0.00015268686666666668,0.8750000000000016,-2.7624373333333335e-05
18,0.8500000000000016,0.00012688446666666667,0.8500000000000016,-0.0002644424
19,0.8250000000000017,0.00010461733333333334,0.8250000000000017,-0.0005852618000000001
20,0.8000000000000018,8.553293333333334e-05,0.8000000000000018,-0.0009201926666666668
21,0.7750000000000019,6.94264e-05,0.7750000000000019,-0.0013996993333333333
22,0.750000000000002,5.5043360000000006e-05,0.750000000000002,-0.0019566580000000004
23,0.7250000000000021,4.4617e-05,0.7250000000000021,-0.0025975173333333337
24,0.7000000000000022,3.612659333333334e-05,0.7000000000000022,-0.0033145160000000004
25,0.6750000000000023,2.94514e-05,0.6750000000000023,-0.004105217333333334
26,0.6500000000000024,2.439474e-05,0.6500000000000024,-0.004957599333333334
27,0.6250000000000024,2.0578913333333336e-05,0.6250000000000024,-0.005859768666666667
28,0.6000000000000025,1.774252e-05,0.6000000000000025,-0.0068044133333333345
29,0.5750000000000026,1.5626780000000003e-05,0.5750000000000026,-0.00753126
30,0.5500000000000027,1.3888893333333334e-05,0.5500000000000027,-0.008582300000000001
31,0.5250000000000028,1.2472853333333335e-05,0.5250000000000028,-0.00962514
32,0.5000000000000029,1.1237093333333334e-05,0.5000000000000029,-0.010645846666666667
33,0.475000000000003,1.0091153333333334e-05,0.475000000000003,-0.011643846666666667
34,0.45000000000000306,9.14172e-06,0.45000000000000306,-0.012614360000000002
35,0.42500000000000315,8.236593333333334e-06,0.42500000000000315,-0.013550080000000003
36,0.40000000000000324,7.3028066666666675e-06,0.40000000000000324,-0.014455433333333335
37,0.37500000000000333,6.570136e-06,0.37500000000000333,-0.015295360000000001
38,0.3500000000000034,5.774366666666667e-06,0.3500000000000034,-0.01609648
39,0.3250000000000035,5.101346000000001e-06,0.3250000000000035,-0.01684968
40,0.3000000000000036,4.481527333333334e-06,0.3000000000000036,-0.01753622666666667
41,0.2750000000000037,3.914137333333334e-06,0.2750000000000037,-0.018182466666666668
42,0.2500000000000038,3.3720820000000002e-06,0.2500000000000038,-0.018765640000000004
43,0.22500000000000386,2.89501e-06,0.22500000000000386,-0.019266793333333334
44,0.20000000000000395,2.415452e-06,0.20000000000000395,-0.019761133333333333
45,0.17500000000000404,1.9843846666666667e-06,0.17500000000000404,-0.020190819999999998
46,0.15000000000000413,1.5866766666666666e-06,0.15000000000000413,-0.020570993333333336
47,0.12500000000000422,1.2071953333333335e-06,0.12500000000000422,-0.020904813333333334
48,0.10000000000000431,8.470006666666668e-07,0.10000000000000431,-0.02120526
49,0.0750000000000044,5.134693333333334e-07,0.0750000000000044,-0.021480366666666667
50,0.050000000000004485,1.9044886666666668e-07,0.050000000000004485,-0.02170646
51,0.025000000000004574,-1.1451126666666666e-07,0.025000000000004574,-0.021911260000000002
52,4.6629367034256575e-15,-4.3523360000000005e-07,4.6629367034256575e-15,-0.02209478
53,-0.024999999999995248,-7.534160000000001e-07,-0.024999999999995248,-0.0222683
54,-0.04999999999999516,-1.0806146666666667e-06,-0.04999999999999516,-0.02240546666666667
55,-0.07499999999999507,-1.4234646666666668e-06,-0.07499999999999507,-0.0225384
56,-0.09999999999999498,-1.7937533333333332e-06,-0.09999999999999498,-0.022660993333333334
57,-0.12499999999999489,-2.167506e-06,-0.12499999999999489,-0.022772940000000002
58,-0.1499999999999948,-2.59463e-06,-0.1499999999999948,-0.022876333333333335
59,-0.17499999999999472,-3.0031e-06,-0.17499999999999472,-0.02297277333333333
60,-0.19999999999999463,-3.457478666666667e-06,-0.19999999999999463,-0.02305376
61,-0.22499999999999454,-3.891165333333333e-06,-0.22499999999999454,-0.02314402
