,2_4R_V_D,2_4R_J_D,2_4R_V_L,2_4R_J_L
0,1.3,0.0012823133333333334,1.3,0.0038075640000000003
1,1.2750000000000001,0.001240914,1.2750000000000001,0.003517960666666667
2,1.2500000000000002,0.0011558486666666667,1.2500000000000002,0.003191398
3,1.2250000000000003,0.0010579466666666667,1.2250000000000003,0.0028662740000000003
4,1.2000000000000004,0.0009573860000000001,1.2000000000000004,0.0025564526666666666
5,1.1750000000000005,0.0008592306666666666,1.1750000000000005,0.002267153333333333
6,1.1500000000000006,0.00076664,1.1500000000000006,0.0020020493333333337
7,1.1250000000000007,0.0006809633333333333,1.1250000000000007,0.0017578606666666667
8,1.1000000000000008,0.0005975204,1.1000000000000008,0.0015361686666666666
9,1.0750000000000008,0.0005331806666666667,1.0750000000000008,0.0013345453333333333
10,1.050000000000001,0.00046876026666666664,1.050000000000001,0.001151218
11,1.025000000000001,0.0004090992666666667,1.025000000000001,0.000982506
12,1.000000000000001,0.00035475853333333333,1.000000000000001,0.0008241993333333333
13,0.9750000000000012,0.00030575240000000004,0.9750000000000012,0.0006709606666666667
14,0.9500000000000013,0.0002618296666666667,0.9500000000000013,0.0005209724666666667
15,0.9250000000000014,0.00022239040000000002,0.9250000000000014,0.0003585882666666667
16,0.9000000000000015,0.00018745133333333334,0.9000000000000015,0.00017887146666666667
17,0.8750000000000016,0.0001566716,0.8750000000000016,-9.932113333333333e-06
18,0.8500000000000016,0.00012972626666666668,0.8500000000000016,-0.00024161539999999998
19,0.8250000000000017,0.00010649573333333335,0.8250000000000017,-0.0005553287333333333
20,0.8000000000000018,8.667226666666667e-05,0.8000000000000018,-0.000880086
21,0.7750000000000019,6.98806e-05,0.7750000000000019,-0.0013476686666666667
22,0.750000000000002,5.502911333333334e-05,0.750000000000002,-0.0018890060000000001
23,0.7250000000000021,4.432982666666667e-05,0.7250000000000021,-0.0025113833333333334
24,0.7000000000000022,3.577600666666667e-05,0.7000000000000022,-0.0032086993333333333
25,0.6750000000000023,2.8826400000000002e-05,0.6750000000000023,-0.003979828666666667
26,0.6500000000000024,2.3596873333333334e-05,0.6500000000000024,-0.004811165333333333
27,0.6250000000000024,1.9868753333333333e-05,0.6250000000000024,-0.005695028666666667
28,0.6000000000000025,1.70836e-05,0.6000000000000025,-0.006623004000000001
29,0.5750000000000026,1.4884466666666666e-05,0.5750000000000026,-0.0073269400000000005
30,0.5500000000000027,1.3195993333333333e-05,0.5500000000000027,-0.008364120000000001
31,0.5250000000000028,1.1714206666666668e-05,0.5250000000000028,-0.009396453333333334
32,0.5000000000000029,1.0557873333333334e-05,0.5000000000000029,-0.01040752
33,0.475000000000003,9.511540000000001e-06,0.475000000000003,-0.011397353333333334
34,0.45000000000000306,8.716440000000001e-06,0.45000000000000306,-0.012358066666666667
35,0.42500000000000315,7.954186666666667e-06,0.42500000000000315,-0.013290713333333334
36,0.40000000000000324,7.19038e-06,0.40000000000000324,-0.014193726666666667
37,0.37500000000000333,6.473964e-06,0.37500000000000333,-0.015030306666666668
38,0.3500000000000034,5.7252380000000005e-06,0.3500000000000034,-0.015832480000000003
39,0.3250000000000035,5.118458e-06,0.3250000000000035,-0.016580086666666667
40,0.3000000000000036,4.5103413333333335e-06,0.3000000000000036,-0.01727172
41,0.2750000000000037,3.925982e-06,0.2750000000000037,-0.01792150666666667
42,0.2500000000000038,3.476718666666667e-06,0.2500000000000038,-0.01850784
43,0.22500000000000386,3.013892e-06,0.22500000000000386,-0.019013053333333335
44,0.20000000000000395,2.532754666666667e-06,0.20000000000000395,-0.019511566666666667
45,0.17500000000000404,2.074330666666667e-06,0.17500000000000404,-0.019945960000000002
46,0.15000000000000413,1.6695046666666669e-06,0.15000000000000413,-0.02032944
47,0.12500000000000422,1.288754e-06,0.12500000000000422,-0.020680313333333335
48,0.10000000000000431,8.954266666666667e-07,0.10000000000000431,-0.020981553333333337
49,0.0750000000000044,5.184750666666668e-07,0.0750000000000044,-0.021260413333333332
50,0.050000000000004485,2.0252313333333335e-07,0.050000000000004485,-0.021490600000000002
51,0.025000000000004574,-1.2604633333333333e-07,0.025000000000004574,-0.021701126666666667
52,4.6629367034256575e-15,-4.4774300000000004e-07,4.6629367034256575e-15,-0.02189168
53,-0.024999999999995248,-7.64172e-07,-0.024999999999995248,-0.022069553333333335
54,-0.04999999999999516,-1.079144e-06,-0.04999999999999516,-0.0222141
55,-0.07499999999999507,-1.4454213333333335e-06,-0.07499999999999507,-0.02235348666666667
56,-0.09999999999999498,-1.7977900000000001e-06,-0.09999999999999498,-0.022482560000000002
57,-0.12499999999999489,-2.17162e-06,-0.12499999999999489,-0.02259774
58,-0.1499999999999948,-2.621678e-06,-0.1499999999999948,-0.022710006666666668
59,-0.17499999999999472,-2.9414126666666665e-06,-0.17499999999999472,-0.02280978
60,-0.19999999999999463,-3.4035026666666673e-06,-0.19999999999999463,-0.022899286666666668
61,-0.22499999999999454,-3.8563133333333335e-06,-0.22499999999999454,-0.02299436666666667
