,2_4R_V_D,2_4R_J_D,2_4R_V_L,2_4R_J_L
0,1.3,0.0010886026666666667,1.3,0.003400196
1,1.2750000000000001,0.0010385393333333334,1.2750000000000001,0.003122736666666667
2,1.2500000000000002,0.0009571266666666666,1.2500000000000002,0.002818772
3,1.2250000000000003,0.0008678106666666668,1.2250000000000003,0.002518576666666667
4,1.2000000000000004,0.0007795413333333333,1.2000000000000004,0.0022351573333333334
5,1.1750000000000005,0.0006963486666666667,1.1750000000000005,0.001972240666666667
6,1.1500000000000006,0.0006277508666666667,1.1500000000000006,0.0017315786666666666
7,1.1250000000000007,0.0005633135333333334,1.1250000000000007,0.0015132119999999999
8,1.1000000000000008,0.0004984401333333334,1.1000000000000008,0.0013153466666666668
9,1.0750000000000008,0.0004388891333333334,1.0750000000000008,0.0011371833333333333
10,1.050000000000001,0.0003847379333333334,1.050000000000001,0.0009755660000000001
11,1.025000000000001,0.0003359588666666667,1.025000000000001,0.000827616
12,1.000000000000001,0.00029186213333333335,1.000000000000001,0.000688634
13,0.9750000000000012,0.00025204933333333333,0.9750000000000012,0.0005558486666666667
14,0.9500000000000013,0.00021634153333333336,0.9500000000000013,0.0004200342666666666
15,0.9250000000000014,0.000184635,0.9250000000000014,0.00027545933333333335
16,0.9000000000000015,0.00015677653333333333,0.9000000000000015,0.0001140056
17,0.8750000000000016,0.00013204086666666667,0.8750000000000016,-7.445173333333334e-05
18,0.8500000000000016,0.00011052100000000001,0.8500000000000016,-0.00030146446666666667
19,0.8250000000000017,9.195913333333334e-05,0.8250000000000017,-0.0005803386666666668
20,0.8000000000000018,7.605213333333334e-05,0.8000000000000018,-0.0008570566666666668
21,0.7750000000000019,6.148874e-05,0.7750000000000019,-0.0012953113333333333
22,0.750000000000002,5.084385333333333e-05,0.750000000000002,-0.0018090880000000001
23,0.7250000000000021,4.183839333333333e-05,0.7250000000000021,-0.002400478
24,0.7000000000000022,3.4613886666666665e-05,0.7000000000000022,-0.003070476
25,0.6750000000000023,2.893652e-05,0.6750000000000023,-0.0038153293333333333
26,0.6500000000000024,2.4475240000000002e-05,0.6500000000000024,-0.004629983333333334
27,0.6250000000000024,2.1221540000000003e-05,0.6250000000000024,-0.005489466
28,0.6000000000000025,1.867622e-05,0.6000000000000025,-0.006395102000000001
29,0.5750000000000026,1.66475e-05,0.5750000000000026,-0.007076833333333333
30,0.5500000000000027,1.4921726666666669e-05,0.5500000000000027,-0.00810432
31,0.5250000000000028,1.3525686666666666e-05,0.5250000000000028,-0.0091253
32,0.5000000000000029,1.2294706666666667e-05,0.5000000000000029,-0.01012936
33,0.475000000000003,1.1206493333333334e-05,0.475000000000003,-0.011121433333333333
34,0.45000000000000306,1.0176953333333334e-05,0.45000000000000306,-0.012074826666666667
35,0.42500000000000315,9.262433333333335e-06,0.42500000000000315,-0.013000473333333333
36,0.40000000000000324,8.39652e-06,0.40000000000000324,-0.013895679999999999
37,0.37500000000000333,7.603606666666667e-06,0.37500000000000333,-0.014760093333333333
38,0.3500000000000034,6.8139999999999995e-06,0.3500000000000034,-0.015558946666666667
39,0.3250000000000035,6.19642e-06,0.3250000000000035,-0.016318739999999998
40,0.3000000000000036,5.427107333333334e-06,0.3000000000000036,-0.01702572
41,0.2750000000000037,4.763721333333334e-06,0.2750000000000037,-0.017679913333333335
42,0.2500000000000038,4.123382666666667e-06,0.2500000000000038,-0.01827944
43,0.22500000000000386,3.553222666666667e-06,0.22500000000000386,-0.018800053333333334
44,0.20000000000000395,3.0032620000000003e-06,0.20000000000000395,-0.01930662
45,0.17500000000000404,2.4904393333333335e-06,0.17500000000000404,-0.019754260000000003
46,0.15000000000000413,1.959996e-06,0.15000000000000413,-0.02016892
47,0.12500000000000422,1.4976433333333333e-06,0.12500000000000422,-0.020518973333333333
48,0.10000000000000431,1.048432e-06,0.10000000000000431,-0.0208336
49,0.0750000000000044,6.428551333333333e-07,0.0750000000000044,-0.0211161
50,0.050000000000004485,2.593832666666667e-07,0.050000000000004485,-0.02137446
51,0.025000000000004574,-1.1314973333333333e-07,0.025000000000004574,-0.021589606666666667
52,4.6629367034256575e-15,-4.759929333333333e-07,4.6629367034256575e-15,-0.021790526666666667
53,-0.024999999999995248,-8.425660000000001e-07,-0.024999999999995248,-0.021966326666666668
54,-0.04999999999999516,-1.2018360000000002e-06,-0.04999999999999516,-0.022127933333333336
55,-0.07499999999999507,-1.576968e-06,-0.07499999999999507,-0.022277086666666668
56,-0.09999999999999498,-1.9785373333333333e-06,-0.09999999999999498,-0.022407253333333335
57,-0.12499999999999489,-2.3903913333333335e-06,-0.12499999999999489,-0.022533006666666668
58,-0.1499999999999948,-2.8255740000000002e-06,-0.1499999999999948,-0.022648753333333334
59,-0.17499999999999472,-3.2994686666666666e-06,-0.17499999999999472,-0.022755400000000002
60,-0.19999999999999463,-3.915784e-06,-0.19999999999999463,-0.022845840000000003
61,-0.22499999999999454,-4.504474666666667e-06,-0.22499999999999454,-0.022944353333333334
