,2_4R_V_D,2_4R_J_D,2_4R_V_L,2_4R_J_L
0,1.3,0.0022052066666666667,1.3,0.006010304666666667
1,1.2750000000000001,0.0022094926666666667,1.2750000000000001,0.005619054666666667
2,1.2500000000000002,0.0021091813333333335,1.2500000000000002,0.0051591806666666665
3,1.2250000000000003,0.0019682826666666668,1.2250000000000003,0.004690409333333334
4,1.2000000000000004,0.0018099266666666666,1.2000000000000004,0.0042363033333333334
5,1.1750000000000005,0.0016458746666666668,1.1750000000000005,0.0038064866666666667
6,1.1500000000000006,0.0014851553333333333,1.1500000000000006,0.0034037920000000005
7,1.1250000000000007,0.0013314886666666668,1.1250000000000007,0.003029987333333333
8,1.1000000000000008,0.0011856433333333335,1.1000000000000008,0.00268526
9,1.0750000000000008,0.0010517573333333333,1.0750000000000008,0.0023698113333333335
10,1.050000000000001,0.0009297586666666667,1.050000000000001,0.002079880666666667
11,1.025000000000001,0.0008175673333333333,1.025000000000001,0.0018133
12,1.000000000000001,0.000716288,1.000000000000001,0.0015645166666666667
13,0.9750000000000012,0.0006073445333333333,0.9750000000000012,0.001328824
14,0.9500000000000013,0.0005335068,0.9500000000000013,0.0011000600000000001
15,0.9250000000000014,0.0004611757333333334,0.9250000000000014,0.0008701500000000001
16,0.9000000000000015,0.0003942878,0.9000000000000015,0.0006407358
17,0.8750000000000016,0.0003334403333333333,0.8750000000000016,0.0003743749333333333
18,0.8500000000000016,0.0002782811333333333,0.8500000000000016,7.498866666666668e-05
19,0.8250000000000017,0.00022927313333333336,0.8250000000000017,-0.00026958053333333334
20,0.8000000000000018,0.000186414,0.8000000000000018,-0.0006719666666666667
21,0.7750000000000019,0.0001493214,0.7750000000000019,-0.001059956
22,0.750000000000002,0.0001178502,0.750000000000002,-0.0016345573333333334
23,0.7250000000000021,9.166686666666667e-05,0.7250000000000021,-0.0022772766666666667
24,0.7000000000000022,7.042673333333334e-05,0.7000000000000022,-0.002990308
25,0.6750000000000023,5.338894666666667e-05,0.6750000000000023,-0.0037727733333333333
26,0.6500000000000024,4.0715360000000004e-05,0.6500000000000024,-0.004615384
27,0.6250000000000024,3.152884666666667e-05,0.6250000000000024,-0.0055091260000000005
28,0.6000000000000025,2.479492e-05,0.6000000000000025,-0.006443916666666667
29,0.5750000000000026,2.005432e-05,0.5750000000000026,-0.007140906666666668
30,0.5500000000000027,1.6578806666666667e-05,0.5500000000000027,-0.008198773333333333
31,0.5250000000000028,1.402824e-05,0.5250000000000028,-0.009242
32,0.5000000000000029,1.2119180000000001e-05,0.5000000000000029,-0.010265666666666666
33,0.475000000000003,1.0510100000000001e-05,0.475000000000003,-0.011267873333333334
34,0.45000000000000306,9.285646666666667e-06,0.45000000000000306,-0.012245066666666667
35,0.42500000000000315,8.197453333333334e-06,0.42500000000000315,-0.013185526666666668
36,0.40000000000000324,7.3224466666666675e-06,0.40000000000000324,-0.014087120000000002
37,0.37500000000000333,6.578969333333333e-06,0.37500000000000333,-0.014948313333333334
38,0.3500000000000034,5.703314e-06,0.3500000000000034,-0.015767673333333333
39,0.3250000000000035,5.047914e-06,0.3250000000000035,-0.016515466666666666
40,0.3000000000000036,4.428690000000001e-06,0.3000000000000036,-0.017218213333333333
41,0.2750000000000037,3.8588433333333335e-06,0.2750000000000037,-0.017868366666666666
42,0.2500000000000038,3.229561333333334e-06,0.2500000000000038,-0.01845092666666667
43,0.22500000000000386,2.815756e-06,0.22500000000000386,-0.018968573333333332
44,0.20000000000000395,2.3356993333333332e-06,0.20000000000000395,-0.019470713333333334
45,0.17500000000000404,1.9318193333333337e-06,0.17500000000000404,-0.019909493333333333
46,0.15000000000000413,1.537536e-06,0.15000000000000413,-0.020296340000000003
47,0.12500000000000422,1.1677020000000001e-06,0.12500000000000422,-0.02064602
48,0.10000000000000431,8.11862e-07,0.10000000000000431,-0.020949993333333333
49,0.0750000000000044,4.828534666666666e-07,0.0750000000000044,-0.0212231
50,0.050000000000004485,1.7765813333333335e-07,0.050000000000004485,-0.021461900000000003
51,0.025000000000004574,-1.4160680000000002e-07,0.025000000000004574,-0.02168498666666667
52,4.6629367034256575e-15,-4.367928e-07,4.6629367034256575e-15,-0.021868506666666666
53,-0.024999999999995248,-7.4144e-07,-0.024999999999995248,-0.02202800666666667
54,-0.04999999999999516,-1.0501973333333334e-06,-0.04999999999999516,-0.022184620000000002
55,-0.07499999999999507,-1.380518e-06,-0.07499999999999507,-0.022331880000000002
56,-0.09999999999999498,-1.7160426666666667e-06,-0.09999999999999498,-0.02244684
57,-0.12499999999999489,-2.097626666666667e-06,-0.12499999999999489,-0.02256298
58,-0.1499999999999948,-2.4381913333333333e-06,-0.1499999999999948,-0.022672586666666668
59,-0.17499999999999472,-2.873426e-06,-0.17499999999999472,-0.022774766666666665
60,-0.19999999999999463,-3.2923240000000005e-06,-0.19999999999999463,-0.02286414
61,-0.22499999999999454,-3.743902666666667e-06,-0.22499999999999454,-0.022955333333333335
