,2_4R_V_D,2_4R_J_D,2_4R_V_L,2_4R_J_L
0,1.3,0.004048160666666667,1.3,0.009412073333333333
1,1.2750000000000001,0.0041909420000000005,1.2750000000000001,0.008898860000000001
2,1.2500000000000002,0.004091814,1.2500000000000002,0.008255586666666667
3,1.2250000000000003,0.003880526,1.2250000000000003,0.007575193333333334
4,1.2000000000000004,0.0036166146666666665,1.2000000000000004,0.006897019999999999
5,1.1750000000000005,0.0033208733333333334,1.1750000000000005,0.006320638666666667
6,1.1500000000000006,0.0030194933333333334,1.1500000000000006,0.005697006666666667
7,1.1250000000000007,0.0027123693333333332,1.1250000000000007,0.005082028
8,1.1000000000000008,0.002417418666666667,1.1000000000000008,0.004500151333333333
9,1.0750000000000008,0.0021372506666666666,1.0750000000000008,0.003956292666666667
10,1.050000000000001,0.0018720973333333332,1.050000000000001,0.0034475946666666668
11,1.025000000000001,0.0016303493333333335,1.025000000000001,0.0029732906666666667
12,1.000000000000001,0.0014109633333333333,1.000000000000001,0.002531228
13,0.9750000000000012,0.0012089226666666666,0.9750000000000012,0.002111334666666667
14,0.9500000000000013,0.001028218,0.9500000000000013,0.0017085053333333333
15,0.9250000000000014,0.0008693613333333333,0.9250000000000014,0.001313484
16,0.9000000000000015,0.000728886,0.9000000000000015,0.0009158826666666667
17,0.8750000000000016,0.0005726215333333334,0.8750000000000016,0.0005249742666666667
18,0.8500000000000016,0.0004814742,0.8500000000000016,8.30058e-05
19,0.8250000000000017,0.0003929786666666667,0.8250000000000017,-0.00039475093333333334
20,0.8000000000000018,0.00031659613333333335,0.8000000000000018,-0.000835028
21,0.7750000000000019,0.0002506902666666667,0.7750000000000019,-0.0014365373333333335
22,0.750000000000002,0.00019460406666666668,0.750000000000002,-0.002084652
23,0.7250000000000021,0.00014825806666666667,0.7250000000000021,-0.0027893446666666668
24,0.7000000000000022,0.00011047673333333334,0.7000000000000022,-0.0035444933333333333
25,0.6750000000000023,8.080073333333333e-05,0.6750000000000023,-0.004346409333333333
26,0.6500000000000024,5.621001333333333e-05,0.6500000000000024,-0.005184769333333334
27,0.6250000000000024,4.114383333333334e-05,0.6250000000000024,-0.0060527413333333335
28,0.6000000000000025,3.0387619999999998e-05,0.6000000000000025,-0.006943540000000001
29,0.5750000000000026,2.3062306666666667e-05,0.5750000000000026,-0.007571453333333334
30,0.5500000000000027,1.9063506666666667e-05,0.5500000000000027,-0.00853312
31,0.5250000000000028,1.5788686666666668e-05,0.5250000000000028,-0.009475486666666666
32,0.5000000000000029,1.3515820000000002e-05,0.5000000000000029,-0.010382333333333334
33,0.475000000000003,1.1777686666666667e-05,0.475000000000003,-0.011256473333333334
34,0.45000000000000306,1.0523526666666668e-05,0.45000000000000306,-0.012089260000000001
35,0.42500000000000315,9.506160000000001e-06,0.42500000000000315,-0.01288798
36,0.40000000000000324,7.96456e-06,0.40000000000000324,-0.01364044
37,0.37500000000000333,7.09422e-06,0.37500000000000333,-0.01435022
38,0.3500000000000034,6.456903333333333e-06,0.3500000000000034,-0.015006853333333334
39,0.3250000000000035,5.558224666666667e-06,0.3250000000000035,-0.015621740000000002
40,0.3000000000000036,4.893212e-06,0.3000000000000036,-0.016202186666666667
41,0.2750000000000037,4.2185853333333335e-06,0.2750000000000037,-0.01670698
42,0.2500000000000038,3.7170706666666667e-06,0.2500000000000038,-0.0171777
43,0.22500000000000386,3.226140666666667e-06,0.22500000000000386,-0.017569646666666668
44,0.20000000000000395,2.6221933333333336e-06,0.20000000000000395,-0.01798586666666667
45,0.17500000000000404,2.117628666666667e-06,0.17500000000000404,-0.01834206
46,0.15000000000000413,1.6788060000000003e-06,0.15000000000000413,-0.018658393333333335
47,0.12500000000000422,1.26421e-06,0.12500000000000422,-0.01895252
48,0.10000000000000431,9.000733333333333e-07,0.10000000000000431,-0.01921626666666667
49,0.0750000000000044,5.014894000000001e-07,0.0750000000000044,-0.019458593333333336
50,0.050000000000004485,1.6337906666666668e-07,0.050000000000004485,-0.01967716666666667
51,0.025000000000004574,-1.492298e-07,0.025000000000004574,-0.019879400000000002
52,4.6629367034256575e-15,-4.481298e-07,4.6629367034256575e-15,-0.020078580000000002
53,-0.024999999999995248,-7.530266666666667e-07,-0.024999999999995248,-0.02026436666666667
54,-0.04999999999999516,-1.054716e-06,-0.04999999999999516,-0.020417480000000002
55,-0.07499999999999507,-1.3872640000000001e-06,-0.07499999999999507,-0.020577106666666668
56,-0.09999999999999498,-1.684386e-06,-0.09999999999999498,-0.0207266
57,-0.12499999999999489,-2.0143693333333335e-06,-0.12499999999999489,-0.02086028666666667
58,-0.1499999999999948,-2.42557e-06,-0.1499999999999948,-0.02100620666666667
59,-0.17499999999999472,-2.8078926666666667e-06,-0.17499999999999472,-0.021132246666666667
60,-0.19999999999999463,-3.172596666666667e-06,-0.19999999999999463,-0.021248973333333334
61,-0.22499999999999454,-3.5916993333333336e-06,-0.22499999999999454,-0.02138138666666667
