,2_4R_V_D,2_4R_J_D,2_4R_V_L,2_4R_J_L
0,1.3,0.0010724993333333334,1.3,0.003554718
1,1.2750000000000001,0.0010293146666666667,1.2750000000000001,0.0032724473333333335
2,1.2500000000000002,0.0009520626666666668,1.2500000000000002,0.0029610413333333334
3,1.2250000000000003,0.0008661486666666667,1.2250000000000003,0.0026522033333333337
4,1.2000000000000004,0.0007812566666666667,1.2000000000000004,0.002358334
5,1.1750000000000005,0.0007000006666666666,1.1750000000000005,0.0020856713333333335
6,1.1500000000000006,0.0006346962666666666,1.1500000000000006,0.0018351693333333334
7,1.1250000000000007,0.000570938,1.1250000000000007,0.001607608
8,1.1000000000000008,0.0005063422666666667,1.1000000000000008,0.0014003793333333334
9,1.0750000000000008,0.00044629960000000003,1.0750000000000008,0.0012133446666666666
10,1.050000000000001,0.00039183013333333333,1.050000000000001,0.0010433113333333333
11,1.025000000000001,0.0003425117333333334,1.025000000000001,0.0008873333333333334
12,1.000000000000001,0.00029801733333333335,1.000000000000001,0.000740876
13,0.9750000000000012,0.00025784473333333337,0.9750000000000012,0.0006008816
14,0.9500000000000013,0.00022183233333333333,0.9500000000000013,0.00045839000000000003
15,0.9250000000000014,0.0001896202,0.9250000000000014,0.00030699013333333335
16,0.9000000000000015,0.00016104966666666666,0.9000000000000015,0.0001384558
17,0.8750000000000016,0.0001356876,0.8750000000000016,-3.90606e-05
18,0.8500000000000016,0.00011353193333333334,0.8500000000000016,-0.00026043586666666665
19,0.8250000000000017,9.422273333333334e-05,0.8250000000000017,-0.0005625254
20,0.8000000000000018,7.770493333333334e-05,0.8000000000000018,-0.000876416
21,0.7750000000000019,6.243274000000001e-05,0.7750000000000019,-0.0013327073333333334
22,0.750000000000002,5.121370666666667e-05,0.750000000000002,-0.0018633673333333335
23,0.7250000000000021,4.192498666666667e-05,0.7250000000000021,-0.002477514666666667
24,0.7000000000000022,3.4323320000000005e-05,0.7000000000000022,-0.0031676680000000002
25,0.6750000000000023,2.8499853333333336e-05,0.6750000000000023,-0.003931410666666667
26,0.6500000000000024,2.382386e-05,0.6500000000000024,-0.004757736
27,0.6250000000000024,2.040002666666667e-05,0.6250000000000024,-0.005636104
28,0.6000000000000025,1.7679366666666665e-05,0.6000000000000025,-0.006559109333333334
29,0.5750000000000026,1.5942413333333334e-05,0.5750000000000026,-0.007258206666666666
30,0.5500000000000027,1.426516e-05,0.5500000000000027,-0.00829208
31,0.5250000000000028,1.287816e-05,0.5250000000000028,-0.009321240000000001
32,0.5000000000000029,1.1202833333333334e-05,0.5000000000000029,-0.010331940000000001
33,0.475000000000003,1.00986e-05,0.475000000000003,-0.01132012
34,0.45000000000000306,9.100493333333334e-06,0.45000000000000306,-0.012279913333333333
35,0.42500000000000315,8.188646666666667e-06,0.42500000000000315,-0.013212213333333335
36,0.40000000000000324,7.29864e-06,0.40000000000000324,-0.014115273333333333
37,0.37500000000000333,6.627796666666667e-06,0.37500000000000333,-0.014959373333333333
38,0.3500000000000034,5.860780666666666e-06,0.3500000000000034,-0.01575764
39,0.3250000000000035,5.204804666666667e-06,0.3250000000000035,-0.01651042
40,0.3000000000000036,4.595607333333334e-06,0.3000000000000036,-0.017204866666666666
41,0.2750000000000037,4.0099040000000005e-06,0.2750000000000037,-0.017857446666666665
42,0.2500000000000038,3.4549613333333335e-06,0.2500000000000038,-0.018449133333333333
43,0.22500000000000386,2.9702300000000004e-06,0.22500000000000386,-0.01896186
44,0.20000000000000395,2.486004666666667e-06,0.20000000000000395,-0.019463493333333335
45,0.17500000000000404,2.0540313333333335e-06,0.17500000000000404,-0.019901126666666668
46,0.15000000000000413,1.6495573333333335e-06,0.15000000000000413,-0.020290213333333335
47,0.12500000000000422,1.2538606666666666e-06,0.12500000000000422,-0.020643473333333336
48,0.10000000000000431,8.884366666666668e-07,0.10000000000000431,-0.020949060000000002
49,0.0750000000000044,5.362305333333334e-07,0.0750000000000044,-0.02123300666666667
50,0.050000000000004485,2.0077980000000002e-07,0.050000000000004485,-0.021462406666666666
51,0.025000000000004574,-1.1547833333333334e-07,0.025000000000004574,-0.021678173333333335
52,4.6629367034256575e-15,-4.4035000000000005e-07,4.6629367034256575e-15,-0.02187076666666667
53,-0.024999999999995248,-7.712586666666667e-07,-0.024999999999995248,-0.022054726666666667
54,-0.04999999999999516,-1.0937313333333334e-06,-0.04999999999999516,-0.02220064
55,-0.07499999999999507,-1.4365893333333334e-06,-0.07499999999999507,-0.022342166666666666
56,-0.09999999999999498,-1.8064126666666668e-06,-0.09999999999999498,-0.022474146666666667
57,-0.12499999999999489,-2.1980966666666668e-06,-0.12499999999999489,-0.022592166666666667
58,-0.1499999999999948,-2.5976293333333336e-06,-0.1499999999999948,-0.022703653333333334
59,-0.17499999999999472,-3.01959e-06,-0.17499999999999472,-0.0228047
60,-0.19999999999999463,-3.442072666666667e-06,-0.19999999999999463,-0.022896086666666666
61,-0.22499999999999454,-3.895053333333333e-06,-0.22499999999999454,-0.022992273333333334
