,2_4R_V_D,2_4R_J_D,2_4R_V_L,2_4R_J_L
0,1.3,0.0010766293333333335,1.3,0.0034699693333333334
1,1.2750000000000001,0.0010286593333333333,1.2750000000000001,0.003189878666666667
2,1.2500000000000002,0.0009490533333333334,1.2500000000000002,0.0028815893333333335
3,1.2250000000000003,0.0008620666666666666,1.2250000000000003,0.002576423333333333
4,1.2000000000000004,0.0007758493333333334,1.2000000000000004,0.0022878480000000003
5,1.1750000000000005,0.0006939793333333333,1.1750000000000005,0.002019874666666667
6,1.1500000000000006,0.0006277704000000001,1.1500000000000006,0.0017747526666666666
7,1.1250000000000007,0.0005639394666666666,1.1250000000000007,0.0015519606666666665
8,1.1000000000000008,0.0004995334666666667,1.1000000000000008,0.0013499593333333333
9,1.0750000000000008,0.0004403906,1.0750000000000008,0.0011677146666666666
10,1.050000000000001,0.0003864750666666667,1.050000000000001,0.0010021126666666668
11,1.025000000000001,0.0003377504,1.025000000000001,0.0008503620000000001
12,1.000000000000001,0.00029393653333333335,1.000000000000001,0.0007080173333333334
13,0.9750000000000012,0.00025407166666666667,0.9750000000000012,0.0005709952
14,0.9500000000000013,0.00021849266666666668,0.9500000000000013,0.0004317852666666667
15,0.9250000000000014,0.0001867136666666667,0.9250000000000014,0.00028332266666666666
16,0.9000000000000015,0.00015861333333333334,0.9000000000000015,0.00011701313333333333
17,0.8750000000000016,0.00013360346666666667,0.8750000000000016,-7.700513333333333e-05
18,0.8500000000000016,0.0001119708,0.8500000000000016,-0.00031034553333333335
19,0.8250000000000017,9.310380000000001e-05,0.8250000000000017,-0.0005948411333333333
20,0.8000000000000018,7.700286666666667e-05,0.8000000000000018,-0.000880362
21,0.7750000000000019,6.207773333333333e-05,0.7750000000000019,-0.0013274526666666668
22,0.750000000000002,5.109215333333334e-05,0.750000000000002,-0.0018476766666666669
23,0.7250000000000021,4.19252e-05,0.7250000000000021,-0.0024494
24,0.7000000000000022,3.463236666666667e-05,0.7000000000000022,-0.003128179333333333
25,0.6750000000000023,2.883994e-05,0.6750000000000023,-0.0038807866666666665
26,0.6500000000000024,2.440568e-05,0.6500000000000024,-0.004697397333333334
27,0.6250000000000024,2.0883606666666667e-05,0.6250000000000024,-0.0055723686666666675
28,0.6000000000000025,1.8283906666666666e-05,0.6000000000000025,-0.006479788666666667
29,0.5750000000000026,1.6167393333333334e-05,0.5750000000000026,-0.0071652600000000006
30,0.5500000000000027,1.4466106666666668e-05,0.5500000000000027,-0.008197313333333334
31,0.5250000000000028,1.299428e-05,0.5250000000000028,-0.009217946666666667
32,0.5000000000000029,1.1747393333333334e-05,0.5000000000000029,-0.010219113333333333
33,0.475000000000003,1.0688073333333335e-05,0.475000000000003,-0.01120352
34,0.45000000000000306,9.59618e-06,0.45000000000000306,-0.01217346
35,0.42500000000000315,8.709006666666667e-06,0.42500000000000315,-0.013090053333333334
36,0.40000000000000324,7.862640000000001e-06,0.40000000000000324,-0.013978086666666667
37,0.37500000000000333,7.0665200000000006e-06,0.37500000000000333,-0.014831360000000002
38,0.3500000000000034,6.4069780000000005e-06,0.3500000000000034,-0.015645013333333336
39,0.3250000000000035,5.642044e-06,0.3250000000000035,-0.01638744666666667
40,0.3000000000000036,4.948628e-06,0.3000000000000036,-0.017091233333333334
41,0.2750000000000037,4.342656666666667e-06,0.2750000000000037,-0.017736793333333334
42,0.2500000000000038,3.789810666666667e-06,0.2500000000000038,-0.01833224666666667
43,0.22500000000000386,3.2700820000000006e-06,0.22500000000000386,-0.01884908
44,0.20000000000000395,2.747374e-06,0.20000000000000395,-0.019356973333333333
45,0.17500000000000404,2.27897e-06,0.17500000000000404,-0.01979836
46,0.15000000000000413,1.8202613333333335e-06,0.15000000000000413,-0.020193693333333335
47,0.12500000000000422,1.392748e-06,0.12500000000000422,-0.020557353333333334
48,0.10000000000000431,9.914933333333333e-07,0.10000000000000431,-0.020861526666666668
49,0.0750000000000044,6.136602e-07,0.0750000000000044,-0.02113608
50,0.050000000000004485,2.457528666666667e-07,0.050000000000004485,-0.021384473333333334
51,0.025000000000004574,-1.1524686666666668e-07,0.025000000000004574,-0.021614920000000003
52,4.6629367034256575e-15,-4.7555846666666665e-07,4.6629367034256575e-15,-0.02180182666666667
53,-0.024999999999995248,-8.445826666666666e-07,-0.024999999999995248,-0.021977033333333333
54,-0.04999999999999516,-1.2299466666666668e-06,-0.04999999999999516,-0.022138313333333336
55,-0.07499999999999507,-1.61404e-06,-0.07499999999999507,-0.022281626666666665
56,-0.09999999999999498,-2.034068666666667e-06,-0.09999999999999498,-0.022415973333333335
57,-0.12499999999999489,-2.4879600000000003e-06,-0.12499999999999489,-0.022536773333333336
58,-0.1499999999999948,-2.9199273333333334e-06,-0.1499999999999948,-0.0226522
59,-0.17499999999999472,-3.426990666666667e-06,-0.17499999999999472,-0.022759960000000003
60,-0.19999999999999463,-3.938461333333334e-06,-0.19999999999999463,-0.022851953333333334
61,-0.22499999999999454,-4.493461333333333e-06,-0.22499999999999454,-0.022950026666666668
