,2_4R_V_D,2_4R_J_D,2_4R_V_L,2_4R_J_L
0,1.3,0.0015620026666666668,1.3,0.004672259333333334
1,1.2750000000000001,0.0015509926666666667,1.2750000000000001,0.0043529833333333335
2,1.2500000000000002,0.001474848,1.2500000000000002,0.003983453333333334
3,1.2250000000000003,0.0013735660000000001,1.2250000000000003,0.0036092020000000006
4,1.2000000000000004,0.0012620313333333334,1.2000000000000004,0.0032489626666666665
5,1.1750000000000005,0.0011476140000000001,1.1750000000000005,0.0029089193333333334
6,1.1500000000000006,0.0010352026666666666,1.1500000000000006,0.002591804666666667
7,1.1250000000000007,0.0009284460000000001,1.1250000000000007,0.0022983713333333336
8,1.1000000000000008,0.0008271313333333334,1.1000000000000008,0.002027768
9,1.0750000000000008,0.0007332566666666667,1.0750000000000008,0.0017803080000000002
10,1.050000000000001,0.0006356292666666667,1.050000000000001,0.0015527093333333334
11,1.025000000000001,0.0005667114,1.025000000000001,0.001342022
12,1.000000000000001,0.000496855,1.000000000000001,0.001143794
13,0.9750000000000012,0.0004317228,0.9750000000000012,0.0009531826666666667
14,0.9500000000000013,0.00037224620000000003,0.9500000000000013,0.000765084
15,0.9250000000000014,0.0003181644,0.9250000000000014,0.0005780404666666667
16,0.9000000000000015,0.00026948613333333335,0.9000000000000015,0.0003689310666666667
17,0.8750000000000016,0.00022587666666666666,0.8750000000000016,0.00013546053333333334
18,0.8500000000000016,0.0001870574,0.8500000000000016,-0.00013355293333333333
19,0.8250000000000017,0.00015307160000000003,0.8250000000000017,-0.00044869766666666666
20,0.8000000000000018,0.00012355673333333333,0.8000000000000018,-0.000755984
21,0.7750000000000019,9.828866666666667e-05,0.7750000000000019,-0.0012229066666666667
22,0.750000000000002,7.72592e-05,0.750000000000002,-0.0017580773333333334
23,0.7250000000000021,5.892996666666667e-05,0.7250000000000021,-0.002370182
24,0.7000000000000022,4.557216e-05,0.7000000000000022,-0.0030549406666666667
25,0.6750000000000023,3.515592e-05,0.6750000000000023,-0.003810666666666667
26,0.6500000000000024,2.7305566666666665e-05,0.6500000000000024,-0.004626996666666667
27,0.6250000000000024,2.1474906666666666e-05,0.6250000000000024,-0.005501448
28,0.6000000000000025,1.7313453333333334e-05,0.6000000000000025,-0.006409295333333333
29,0.5750000000000026,1.435238e-05,0.5750000000000026,-0.007093093333333333
30,0.5500000000000027,1.2107786666666668e-05,0.5500000000000027,-0.00812578
31,0.5250000000000028,1.0535500000000001e-05,0.5250000000000028,-0.009148513333333334
32,0.5000000000000029,9.257986666666668e-06,0.5000000000000029,-0.0101517
33,0.475000000000003,8.307760000000001e-06,0.475000000000003,-0.01113888
34,0.45000000000000306,7.363606666666667e-06,0.45000000000000306,-0.012112346666666668
35,0.42500000000000315,6.633539333333334e-06,0.42500000000000315,-0.013034593333333334
36,0.40000000000000324,5.898966666666666e-06,0.40000000000000324,-0.013927506666666669
37,0.37500000000000333,5.255748666666667e-06,0.37500000000000333,-0.014783886666666668
38,0.3500000000000034,4.625921333333334e-06,0.3500000000000034,-0.015602206666666668
39,0.3250000000000035,4.083150000000001e-06,0.3250000000000035,-0.01635290666666667
40,0.3000000000000036,3.5952646666666667e-06,0.3000000000000036,-0.017057086666666665
41,0.2750000000000037,3.1745486666666666e-06,0.2750000000000037,-0.017711773333333333
42,0.2500000000000038,2.6994446666666666e-06,0.2500000000000038,-0.018308413333333336
43,0.22500000000000386,2.3078546666666666e-06,0.22500000000000386,-0.018827213333333332
44,0.20000000000000395,1.9002446666666669e-06,0.20000000000000395,-0.019336073333333332
45,0.17500000000000404,1.5487786666666666e-06,0.17500000000000404,-0.01978258
46,0.15000000000000413,1.2157633333333332e-06,0.15000000000000413,-0.020177433333333335
47,0.12500000000000422,9.012706666666667e-07,0.12500000000000422,-0.02054468
48,0.10000000000000431,6.232880666666666e-07,0.10000000000000431,-0.02084972666666667
49,0.0750000000000044,3.5654420000000003e-07,0.0750000000000044,-0.021124753333333336
50,0.050000000000004485,1.0736966666666666e-07,0.050000000000004485,-0.02137206666666667
51,0.025000000000004574,-1.4263333333333335e-07,0.025000000000004574,-0.02160054
52,4.6629367034256575e-15,-3.7910113333333333e-07,4.6629367034256575e-15,-0.021787546666666668
53,-0.024999999999995248,-6.268854000000001e-07,-0.024999999999995248,-0.021959613333333333
54,-0.04999999999999516,-8.739680000000001e-07,-0.04999999999999516,-0.02211966666666667
55,-0.07499999999999507,-1.140056e-06,-0.07499999999999507,-0.02226242
56,-0.09999999999999498,-1.4261966666666668e-06,-0.09999999999999498,-0.02239382666666667
57,-0.12499999999999489,-1.7186553333333335e-06,-0.12499999999999489,-0.02251226
58,-0.1499999999999948,-2.058156e-06,-0.1499999999999948,-0.02262252666666667
59,-0.17499999999999472,-2.3867186666666667e-06,-0.17499999999999472,-0.022728086666666668
60,-0.19999999999999463,-2.72058e-06,-0.19999999999999463,-0.02281962
61,-0.22499999999999454,-3.0549913333333335e-06,-0.22499999999999454,-0.022919126666666668
