,2_4R_V_D,2_4R_J_D,2_4R_V_L,2_4R_J_L
0,1.3,0.002781462,1.3,0.008188853333333334
1,1.2750000000000001,0.002901106666666667,1.2750000000000001,0.0076040533333333335
2,1.2500000000000002,0.002875893333333333,1.2500000000000002,0.0069839
3,1.2250000000000003,0.0027569066666666667,1.2250000000000003,0.006486789333333334
4,1.2000000000000004,0.002579822,1.2000000000000004,0.005906394666666667
5,1.1750000000000005,0.0023918373333333335,1.1750000000000005,0.0053297986666666665
6,1.1500000000000006,0.002193020666666667,1.1500000000000006,0.004781674
7,1.1250000000000007,0.0019910446666666667,1.1250000000000007,0.00426711
8,1.1000000000000008,0.00179237,1.1000000000000008,0.0037866466666666666
9,1.0750000000000008,0.001601476,1.0750000000000008,0.003338470666666667
10,1.050000000000001,0.0014215966666666668,1.050000000000001,0.0029223260000000003
11,1.025000000000001,0.0012544613333333335,1.025000000000001,0.0025345033333333336
12,1.000000000000001,0.0010974866666666667,1.000000000000001,0.00216963
13,0.9750000000000012,0.0009543826666666668,0.9750000000000012,0.0018219553333333335
14,0.9500000000000013,0.0008245339999999999,0.9500000000000013,0.0014857853333333333
15,0.9250000000000014,0.0007074000000000001,0.9250000000000014,0.0011521606666666667
16,0.9000000000000015,0.0005763816666666667,0.9000000000000015,0.0008137666666666667
17,0.8750000000000016,0.0004944716,0.8750000000000016,0.00048109873333333336
18,0.8500000000000016,0.0004143714666666667,0.8500000000000016,9.241286666666668e-05
19,0.8250000000000017,0.00034228586666666666,0.8250000000000017,-0.00032963080000000003
20,0.8000000000000018,0.00027797866666666666,0.8000000000000018,-0.0007149933333333334
21,0.7750000000000019,0.00022210046666666669,0.7750000000000019,-0.001266882
22,0.750000000000002,0.00017412006666666667,0.750000000000002,-0.001871420666666667
23,0.7250000000000021,0.00013341293333333335,0.7250000000000021,-0.002537186666666667
24,0.7000000000000022,0.00010009973333333334,0.7000000000000022,-0.0032611460000000004
25,0.6750000000000023,7.355033333333333e-05,0.6750000000000023,-0.004038996666666667
26,0.6500000000000024,5.160641333333334e-05,0.6500000000000024,-0.004868069333333334
27,0.6250000000000024,3.738502e-05,0.6250000000000024,-0.005731671333333333
28,0.6000000000000025,2.681942e-05,0.6000000000000025,-0.006624866666666666
29,0.5750000000000026,1.9682333333333336e-05,0.5750000000000026,-0.007250853333333334
30,0.5500000000000027,1.4860006666666668e-05,0.5500000000000027,-0.008239999999999999
31,0.5250000000000028,1.1584833333333333e-05,0.5250000000000028,-0.009206106666666667
32,0.5000000000000029,9.354006666666667e-06,0.5000000000000029,-0.010145506666666667
33,0.475000000000003,8.00842e-06,0.475000000000003,-0.011049533333333335
34,0.45000000000000306,6.825193333333334e-06,0.45000000000000306,-0.011930366666666668
35,0.42500000000000315,5.794861333333333e-06,0.42500000000000315,-0.012768926666666668
36,0.40000000000000324,4.935055333333333e-06,0.40000000000000324,-0.01356464
37,0.37500000000000333,4.3393859999999995e-06,0.37500000000000333,-0.014318946666666667
38,0.3500000000000034,3.7882179999999997e-06,0.3500000000000034,-0.015019853333333335
39,0.3250000000000035,3.2960680000000005e-06,0.3250000000000035,-0.01569586666666667
40,0.3000000000000036,2.815358e-06,0.3000000000000036,-0.016290153333333335
41,0.2750000000000037,2.382014e-06,0.2750000000000037,-0.016848873333333333
42,0.2500000000000038,2.067058666666667e-06,0.2500000000000038,-0.017362893333333334
43,0.22500000000000386,1.7276873333333334e-06,0.22500000000000386,-0.01778498
44,0.20000000000000395,1.419326e-06,0.20000000000000395,-0.01823496
45,0.17500000000000404,1.107364e-06,0.17500000000000404,-0.01862214666666667
46,0.15000000000000413,8.628580000000001e-07,0.15000000000000413,-0.018969080000000003
47,0.12500000000000422,6.375883333333334e-07,0.12500000000000422,-0.019281006666666666
48,0.10000000000000431,4.205408000000001e-07,0.10000000000000431,-0.019562533333333333
49,0.0750000000000044,2.0377833333333333e-07,0.0750000000000044,-0.019813180000000003
50,0.050000000000004485,1.3425186666666666e-08,0.050000000000004485,-0.020049506666666668
51,0.025000000000004574,-1.593478e-07,0.025000000000004574,-0.020267293333333335
52,4.6629367034256575e-15,-3.292122e-07,4.6629367034256575e-15,-0.020472973333333335
53,-0.024999999999995248,-5.052904000000001e-07,-0.024999999999995248,-0.02064046
54,-0.04999999999999516,-6.79336e-07,-0.04999999999999516,-0.020808300000000002
55,-0.07499999999999507,-8.695906666666667e-07,-0.07499999999999507,-0.02096666
56,-0.09999999999999498,-1.0534633333333333e-06,-0.09999999999999498,-0.021108766666666667
57,-0.12499999999999489,-1.259102e-06,-0.12499999999999489,-0.021254986666666666
58,-0.1499999999999948,-1.4976146666666667e-06,-0.1499999999999948,-0.021388940000000002
59,-0.17499999999999472,-1.7290180000000002e-06,-0.17499999999999472,-0.021517373333333336
60,-0.19999999999999463,-1.994334e-06,-0.19999999999999463,-0.021626986666666667
61,-0.22499999999999454,-2.2463886666666666e-06,-0.22499999999999454,-0.021751720000000002
