,2_4R_V_D,2_4R_J_D,2_4R_V_L,2_4R_J_L
0,1.3,0.001031344,1.3,0.0034491766666666667
1,1.2750000000000001,0.0009852966666666668,1.2750000000000001,0.003170096666666667
2,1.2500000000000002,0.0009084286666666667,1.2500000000000002,0.002863738666666667
3,1.2250000000000003,0.0008251146666666668,1.2250000000000003,0.002560638
4,1.2000000000000004,0.0007418586666666667,1.2000000000000004,0.0022739606666666665
5,1.1750000000000005,0.0006817653333333333,1.1750000000000005,0.002008144
6,1.1500000000000006,0.0006143208666666666,1.1500000000000006,0.0017642206666666667
7,1.1250000000000007,0.0005458242666666667,1.1250000000000007,0.0015425253333333333
8,1.1000000000000008,0.0004825994,1.1000000000000008,0.001341886
9,1.0750000000000008,0.0004251988666666667,1.0750000000000008,0.0011610753333333335
10,1.050000000000001,0.00037346913333333333,1.050000000000001,0.0009968506666666668
11,1.025000000000001,0.00032700420000000006,1.025000000000001,0.0008462093333333334
12,1.000000000000001,0.0002844726,1.000000000000001,0.000704942
13,0.9750000000000012,0.0002463397333333334,0.9750000000000012,0.0005696137333333334
14,0.9500000000000013,0.00021220699999999998,0.9500000000000013,0.00043180026666666665
15,0.9250000000000014,0.00018178440000000002,0.9250000000000014,0.0002848367333333333
16,0.9000000000000015,0.00015458253333333334,0.9000000000000015,0.00012055546666666668
17,0.8750000000000016,0.00013056926666666667,0.8750000000000016,-7.064380000000001e-05
18,0.8500000000000016,0.00010953313333333334,0.8500000000000016,-0.0003009404
19,0.8250000000000017,9.117040000000001e-05,0.8250000000000017,-0.0005815247333333333
20,0.8000000000000018,7.550053333333334e-05,0.8000000000000018,-0.0008630806666666668
21,0.7750000000000019,6.102388000000001e-05,0.7750000000000019,-0.001305326
22,0.750000000000002,5.041939333333333e-05,0.750000000000002,-0.0018208160000000003
23,0.7250000000000021,4.1511466666666664e-05,0.7250000000000021,-0.0024182346666666668
24,0.7000000000000022,3.4301393333333334e-05,0.7000000000000022,-0.00309294
25,0.6750000000000023,2.8514546666666668e-05,0.6750000000000023,-0.0038424820000000004
26,0.6500000000000024,2.4123666666666667e-05,0.6500000000000024,-0.004655806666666667
27,0.6250000000000024,2.0716093333333334e-05,0.6250000000000024,-0.005528394666666667
28,0.6000000000000025,1.8133853333333334e-05,0.6000000000000025,-0.006436074666666666
29,0.5750000000000026,1.6069586666666667e-05,0.5750000000000026,-0.007119433333333334
30,0.5500000000000027,1.4510613333333333e-05,0.5500000000000027,-0.00815048
31,0.5250000000000028,1.3104640000000001e-05,0.5250000000000028,-0.009169333333333333
32,0.5000000000000029,1.187542e-05,0.5000000000000029,-0.01017502
33,0.475000000000003,1.0850106666666666e-05,0.475000000000003,-0.01116168
34,0.45000000000000306,9.780693333333333e-06,0.45000000000000306,-0.01213448
35,0.42500000000000315,8.877586666666667e-06,0.42500000000000315,-0.01305352
36,0.40000000000000324,8.005633333333333e-06,0.40000000000000324,-0.013946453333333334
37,0.37500000000000333,7.211160000000001e-06,0.37500000000000333,-0.014800806666666666
38,0.3500000000000034,6.539526e-06,0.3500000000000034,-0.0156187
39,0.3250000000000035,5.756063333333333e-06,0.3250000000000035,-0.016369726666666667
40,0.3000000000000036,5.076310666666667e-06,0.3000000000000036,-0.017074133333333335
41,0.2750000000000037,4.472102666666667e-06,0.2750000000000037,-0.017728626666666667
42,0.2500000000000038,3.865643333333333e-06,0.2500000000000038,-0.018325626666666667
43,0.22500000000000386,3.299622666666667e-06,0.22500000000000386,-0.018844213333333335
44,0.20000000000000395,2.751756666666667e-06,0.20000000000000395,-0.01934964
45,0.17500000000000404,2.258946e-06,0.17500000000000404,-0.019798973333333334
46,0.15000000000000413,1.7932573333333333e-06,0.15000000000000413,-0.020194046666666667
47,0.12500000000000422,1.361102e-06,0.12500000000000422,-0.020552459999999998
48,0.10000000000000431,9.70794e-07,0.10000000000000431,-0.020865540000000002
49,0.0750000000000044,5.930454666666668e-07,0.0750000000000044,-0.021146
50,0.050000000000004485,2.3456360000000001e-07,0.050000000000004485,-0.02139332
51,0.025000000000004574,-1.1587046666666668e-07,0.025000000000004574,-0.021624213333333336
52,4.6629367034256575e-15,-4.6202753333333337e-07,4.6629367034256575e-15,-0.02181522
53,-0.024999999999995248,-8.200466666666668e-07,-0.024999999999995248,-0.021988933333333332
54,-0.04999999999999516,-1.1880173333333335e-06,-0.04999999999999516,-0.022151373333333335
55,-0.07499999999999507,-1.57494e-06,-0.07499999999999507,-0.02230608
56,-0.09999999999999498,-1.983724e-06,-0.09999999999999498,-0.02243060666666667
57,-0.12499999999999489,-2.3842793333333334e-06,-0.12499999999999489,-0.0225528
58,-0.1499999999999948,-2.8400193333333334e-06,-0.1499999999999948,-0.022667473333333334
59,-0.17499999999999472,-3.3183433333333333e-06,-0.17499999999999472,-0.022771013333333333
60,-0.19999999999999463,-3.8029246666666665e-06,-0.19999999999999463,-0.02286594
61,-0.22499999999999454,-4.318613333333333e-06,-0.22499999999999454,-0.022962006666666666
