,2_4R_V_D,2_4R_J_D,2_4R_V_L,2_4R_J_L
0,1.3,0.0010383486666666667,1.3,0.0033792853333333337
1,1.2750000000000001,0.00098923,1.2750000000000001,0.003102286666666667
2,1.2500000000000002,0.0009101673333333334,1.2500000000000002,0.0027994406666666666
3,1.2250000000000003,0.0008249666666666668,1.2250000000000003,0.002500556666666667
4,1.2000000000000004,0.0007411933333333334,1.2000000000000004,0.0022181253333333336
5,1.1750000000000005,0.0006787326666666667,1.1750000000000005,0.001956338
6,1.1500000000000006,0.0006110742666666667,1.1500000000000006,0.0017166780000000001
7,1.1250000000000007,0.0005424394000000001,1.1250000000000007,0.0014992926666666667
8,1.1000000000000008,0.00047923906666666666,1.1000000000000008,0.00130232
9,1.0750000000000008,0.00042211746666666675,1.0750000000000008,0.0011250440000000002
10,1.050000000000001,0.00037038293333333335,1.050000000000001,0.0009644180000000001
11,1.025000000000001,0.00032374273333333337,1.025000000000001,0.0008170346666666668
12,1.000000000000001,0.00028161260000000003,1.000000000000001,0.0006789186666666667
13,0.9750000000000012,0.00024366306666666665,0.9750000000000012,0.0005464245333333333
14,0.9500000000000013,0.00020961193333333334,0.9500000000000013,0.0004116334666666667
15,0.9250000000000014,0.00017940533333333334,0.9250000000000014,0.00026765933333333333
16,0.9000000000000015,0.00015239340000000002,0.9000000000000015,0.00010659786666666666
17,0.8750000000000016,0.00012869073333333334,0.8750000000000016,-8.15372e-05
18,0.8500000000000016,0.00010794853333333334,0.8500000000000016,-0.0003084978666666667
19,0.8250000000000017,9.00672e-05,0.8250000000000017,-0.0005858828666666667
20,0.8000000000000018,7.465586666666666e-05,0.8000000000000018,-0.0008654166666666667
21,0.7750000000000019,6.0486986666666673e-05,0.7750000000000019,-0.0013043286666666667
22,0.750000000000002,5.0021160000000005e-05,0.750000000000002,-0.0018166200000000001
23,0.7250000000000021,4.1331413333333334e-05,0.7250000000000021,-0.0024103393333333336
24,0.7000000000000022,3.427412666666667e-05,0.7000000000000022,-0.0030813213333333333
25,0.6750000000000023,2.8679126666666665e-05,0.6750000000000023,-0.0038270206666666667
26,0.6500000000000024,2.4427046666666667e-05,0.6500000000000024,-0.004635869333333334
27,0.6250000000000024,2.104192e-05,0.6250000000000024,-0.005503554666666667
28,0.6000000000000025,1.847644e-05,0.6000000000000025,-0.0064026966666666674
29,0.5750000000000026,1.653392e-05,0.5750000000000026,-0.007083353333333334
30,0.5500000000000027,1.4861580000000002e-05,0.5500000000000027,-0.008109100000000001
31,0.5250000000000028,1.3450653333333333e-05,0.5250000000000028,-0.0091243
32,0.5000000000000029,1.2223733333333335e-05,0.5000000000000029,-0.010123826666666667
33,0.475000000000003,1.1099906666666666e-05,0.475000000000003,-0.011103013333333333
34,0.45000000000000306,1.0073700000000001e-05,0.45000000000000306,-0.012059546666666667
35,0.42500000000000315,9.13096e-06,0.42500000000000315,-0.01298332
36,0.40000000000000324,8.264313333333334e-06,0.40000000000000324,-0.013869806666666666
37,0.37500000000000333,7.434946666666667e-06,0.37500000000000333,-0.014721086666666668
38,0.3500000000000034,6.678553333333334e-06,0.3500000000000034,-0.01553612
39,0.3250000000000035,6.0052493333333335e-06,0.3250000000000035,-0.016281266666666665
40,0.3000000000000036,5.25191e-06,0.3000000000000036,-0.016984793333333335
41,0.2750000000000037,4.566320666666667e-06,0.2750000000000037,-0.017638293333333332
42,0.2500000000000038,3.962154666666666e-06,0.2500000000000038,-0.018248226666666666
43,0.22500000000000386,3.4044653333333334e-06,0.22500000000000386,-0.01875664
44,0.20000000000000395,2.8581566666666668e-06,0.20000000000000395,-0.01926242
45,0.17500000000000404,2.358849333333333e-06,0.17500000000000404,-0.0197102
46,0.15000000000000413,1.8806773333333334e-06,0.15000000000000413,-0.02010668
47,0.12500000000000422,1.4503886666666667e-06,0.12500000000000422,-0.02046726
48,0.10000000000000431,1.0360693333333335e-06,0.10000000000000431,-0.0207811
49,0.0750000000000044,6.442425333333333e-07,0.0750000000000044,-0.02106356
50,0.050000000000004485,2.692141333333334e-07,0.050000000000004485,-0.02131470666666667
51,0.025000000000004574,-1.1116000000000001e-07,0.025000000000004574,-0.021548533333333335
52,4.6629367034256575e-15,-4.834442666666668e-07,4.6629367034256575e-15,-0.02174236666666667
53,-0.024999999999995248,-8.699733333333334e-07,-0.024999999999995248,-0.02191756666666667
54,-0.04999999999999516,-1.2635966666666666e-06,-0.04999999999999516,-0.022083266666666667
55,-0.07499999999999507,-1.6889953333333333e-06,-0.07499999999999507,-0.02224002666666667
56,-0.09999999999999498,-2.1037086666666668e-06,-0.09999999999999498,-0.022368473333333333
57,-0.12499999999999489,-2.5613493333333334e-06,-0.12499999999999489,-0.022491026666666667
58,-0.1499999999999948,-3.046646666666667e-06,-0.1499999999999948,-0.022608353333333334
59,-0.17499999999999472,-3.5651133333333332e-06,-0.17499999999999472,-0.022713266666666666
60,-0.19999999999999463,-4.127023333333334e-06,-0.19999999999999463,-0.022808540000000002
61,-0.22499999999999454,-4.707526666666667e-06,-0.22499999999999454,-0.022910526666666667
