,2_4R_V_D,2_4R_J_D,2_4R_V_L,2_4R_J_L
0,1.3,0.0013841353333333333,1.3,0.003962668666666667
1,1.2750000000000001,0.0013452326666666668,1.2750000000000001,0.0036643540000000003
2,1.2500000000000002,0.001257024,1.2500000000000002,0.003328426666666667
3,1.2250000000000003,0.0011524973333333335,1.2250000000000003,0.002993586
4,1.2000000000000004,0.001045266,1.2000000000000004,0.0026725000000000004
5,1.1750000000000005,0.0009398940000000001,1.1750000000000005,0.0023732053333333334
6,1.1500000000000006,0.0008405273333333334,1.1500000000000006,0.0020967013333333335
7,1.1250000000000007,0.000747336,1.1250000000000007,0.0018432160000000002
8,1.1000000000000008,0.0006543497333333333,1.1000000000000008,0.0016122753333333334
9,1.0750000000000008,0.0005843088666666667,1.0750000000000008,0.0014021406666666668
10,1.050000000000001,0.0005134870000000001,1.050000000000001,0.0012113213333333334
11,1.025000000000001,0.0004483586666666667,1.025000000000001,0.0010347713333333332
12,1.000000000000001,0.00038821473333333336,1.000000000000001,0.000869222
13,0.9750000000000012,0.00033438926666666665,0.9750000000000012,0.0007092173333333333
14,0.9500000000000013,0.0002857770666666667,0.9500000000000013,0.0005522034
15,0.9250000000000014,0.0002428374666666667,0.9250000000000014,0.00038313053333333336
16,0.9000000000000015,0.00020417980000000003,0.9000000000000015,0.0001968398
17,0.8750000000000016,0.00017052886666666666,0.8750000000000016,1.0469426666666667e-05
18,0.8500000000000016,0.00014074860000000002,0.8500000000000016,-0.00024272293333333332
19,0.8250000000000017,0.00011510686666666666,0.8250000000000017,-0.0005726326
20,0.8000000000000018,9.319286666666667e-05,0.8000000000000018,-0.0009204506666666667
21,0.7750000000000019,7.474760000000001e-05,0.7750000000000019,-0.001409068
22,0.750000000000002,5.8379346666666664e-05,0.750000000000002,-0.0019733880000000004
23,0.7250000000000021,4.6391293333333335e-05,0.7250000000000021,-0.002618193333333333
24,0.7000000000000022,3.681402666666667e-05,0.7000000000000022,-0.003338916666666667
25,0.6750000000000023,2.9610766666666668e-05,0.6750000000000023,-0.004129371333333334
26,0.6500000000000024,2.407454e-05,0.6500000000000024,-0.00498098
27,0.6250000000000024,1.989666666666667e-05,0.6250000000000024,-0.005881208666666667
28,0.6000000000000025,1.702664666666667e-05,0.6000000000000025,-0.0068258066666666666
29,0.5750000000000026,1.4749213333333335e-05,0.5750000000000026,-0.007537046666666667
30,0.5500000000000027,1.2855606666666667e-05,0.5500000000000027,-0.008579853333333333
31,0.5250000000000028,1.14069e-05,0.5250000000000028,-0.009615206666666666
32,0.5000000000000029,1.0183573333333333e-05,0.5000000000000029,-0.010630013333333334
33,0.475000000000003,9.072626666666668e-06,0.475000000000003,-0.011617653333333334
34,0.45000000000000306,8.187266666666667e-06,0.45000000000000306,-0.012582
35,0.42500000000000315,7.3817733333333345e-06,0.42500000000000315,-0.01351906
36,0.40000000000000324,6.685260000000001e-06,0.40000000000000324,-0.01439686
37,0.37500000000000333,5.817900666666667e-06,0.37500000000000333,-0.015241600000000001
38,0.3500000000000034,5.118627333333333e-06,0.3500000000000034,-0.016033993333333333
39,0.3250000000000035,4.528152666666667e-06,0.3250000000000035,-0.016788706666666667
40,0.3000000000000036,3.971069333333333e-06,0.3000000000000036,-0.0174656
41,0.2750000000000037,3.4233306666666666e-06,0.2750000000000037,-0.01809576
42,0.2500000000000038,2.957116e-06,0.2500000000000038,-0.018666560000000002
43,0.22500000000000386,2.5252620000000004e-06,0.22500000000000386,-0.019165873333333337
44,0.20000000000000395,2.1033053333333333e-06,0.20000000000000395,-0.019652773333333335
45,0.17500000000000404,1.7212273333333334e-06,0.17500000000000404,-0.020070913333333336
46,0.15000000000000413,1.3679020000000001e-06,0.15000000000000413,-0.020447933333333335
47,0.12500000000000422,1.0419646666666667e-06,0.12500000000000422,-0.020784746666666666
48,0.10000000000000431,7.32456e-07,0.10000000000000431,-0.021090226666666666
49,0.0750000000000044,4.349254666666667e-07,0.0750000000000044,-0.021339920000000002
50,0.050000000000004485,1.439930666666667e-07,0.050000000000004485,-0.021574453333333337
51,0.025000000000004574,-1.335636e-07,0.025000000000004574,-0.021780973333333332
52,4.6629367034256575e-15,-4.137128e-07,4.6629367034256575e-15,-0.021972426666666666
53,-0.024999999999995248,-6.857873333333334e-07,-0.024999999999995248,-0.022126060000000003
54,-0.04999999999999516,-9.75838e-07,-0.04999999999999516,-0.022272566666666667
55,-0.07499999999999507,-1.253322e-06,-0.07499999999999507,-0.022414426666666667
56,-0.09999999999999498,-1.5325626666666666e-06,-0.09999999999999498,-0.02253224666666667
57,-0.12499999999999489,-1.8492620000000002e-06,-0.12499999999999489,-0.02264913333333333
58,-0.1499999999999948,-2.187682e-06,-0.1499999999999948,-0.022750973333333334
59,-0.17499999999999472,-2.5571453333333334e-06,-0.17499999999999472,-0.022853133333333334
60,-0.19999999999999463,-3.0229986666666667e-06,-0.19999999999999463,-0.022937933333333334
61,-0.22499999999999454,-3.4245626666666667e-06,-0.22499999999999454,-0.0230349
