,2_4R_V_D,2_4R_J_D,2_4R_V_L,2_4R_J_L
0,1.3,0.0014124746666666667,1.3,0.004642695333333334
1,1.2750000000000001,0.0014044286666666666,1.2750000000000001,0.0043294633333333336
2,1.2500000000000002,0.0013441946666666667,1.2500000000000002,0.003968727333333333
3,1.2250000000000003,0.0012633506666666666,1.2250000000000003,0.0036036686666666667
4,1.2000000000000004,0.0011726126666666667,1.2000000000000004,0.0032523673333333335
5,1.1750000000000005,0.001080812,1.1750000000000005,0.0029211273333333335
6,1.1500000000000006,0.000989854,1.1500000000000006,0.002612744666666667
7,1.1250000000000007,0.0008995820000000001,1.1250000000000007,0.002326886666666667
8,1.1000000000000008,0.000814992,1.1000000000000008,0.0020635653333333334
9,1.0750000000000008,0.0007334753333333334,1.0750000000000008,0.0018212600000000001
10,1.050000000000001,0.0006483248,1.050000000000001,0.0015972953333333335
11,1.025000000000001,0.0005862131333333333,1.025000000000001,0.0013881773333333334
12,1.000000000000001,0.000521789,1.000000000000001,0.0011895900000000001
13,0.9750000000000012,0.00045968580000000004,0.9750000000000012,0.0009961446666666668
14,0.9500000000000013,0.000402196,0.9500000000000013,0.0008033986666666666
15,0.9250000000000014,0.0003483178,0.9250000000000014,0.0006101469333333334
16,0.9000000000000015,0.00029949253333333333,0.9000000000000015,0.00039381586666666665
17,0.8750000000000016,0.00025438053333333335,0.8750000000000016,0.00015382546666666667
18,0.8500000000000016,0.000213797,0.8500000000000016,-0.00012144186666666666
19,0.8250000000000017,0.00017760873333333335,0.8250000000000017,-0.0004408444666666667
20,0.8000000000000018,0.00014575166666666668,0.8000000000000018,-0.000749664
21,0.7750000000000019,0.00011768453333333334,0.7750000000000019,-0.0012162313333333335
22,0.750000000000002,9.374306666666667e-05,0.750000000000002,-0.0017483573333333332
23,0.7250000000000021,7.363400000000001e-05,0.7250000000000021,-0.0023549720000000003
24,0.7000000000000022,5.690808666666667e-05,0.7000000000000022,-0.003030796
25,0.6750000000000023,4.41742e-05,0.6750000000000023,-0.0037763053333333334
26,0.6500000000000024,3.445840666666667e-05,0.6500000000000024,-0.004579960666666667
27,0.6250000000000024,2.709696666666667e-05,0.6250000000000024,-0.005438809333333333
28,0.6000000000000025,2.1901033333333336e-05,0.6000000000000025,-0.006327436
29,0.5750000000000026,1.799154e-05,0.5750000000000026,-0.006989133333333334
30,0.5500000000000027,1.5408266666666666e-05,0.5500000000000027,-0.00800304
31,0.5250000000000028,1.326322e-05,0.5250000000000028,-0.009004120000000001
32,0.5000000000000029,1.1634713333333334e-05,0.5000000000000029,-0.009989306666666666
33,0.475000000000003,1.0244833333333334e-05,0.475000000000003,-0.010956526666666667
34,0.45000000000000306,9.188173333333334e-06,0.45000000000000306,-0.011901186666666666
35,0.42500000000000315,8.377000000000001e-06,0.42500000000000315,-0.012813686666666668
36,0.40000000000000324,7.348000000000001e-06,0.40000000000000324,-0.013687480000000002
37,0.37500000000000333,6.6735066666666666e-06,0.37500000000000333,-0.014531213333333334
38,0.3500000000000034,5.957038666666667e-06,0.3500000000000034,-0.015335940000000001
39,0.3250000000000035,5.0849753333333335e-06,0.3250000000000035,-0.016074026666666668
40,0.3000000000000036,4.420285333333334e-06,0.3000000000000036,-0.01676758
41,0.2750000000000037,3.879912e-06,0.2750000000000037,-0.017409106666666667
42,0.2500000000000038,3.3831033333333337e-06,0.2500000000000038,-0.017995300000000002
43,0.22500000000000386,2.8795713333333333e-06,0.22500000000000386,-0.018513233333333334
44,0.20000000000000395,2.3744513333333336e-06,0.20000000000000395,-0.019018106666666666
45,0.17500000000000404,1.9433400000000004e-06,0.17500000000000404,-0.019459606666666667
46,0.15000000000000413,1.5677586666666666e-06,0.15000000000000413,-0.01985314
47,0.12500000000000422,1.179844e-06,0.12500000000000422,-0.02020572
48,0.10000000000000431,8.083600000000001e-07,0.10000000000000431,-0.020521313333333333
49,0.0750000000000044,4.696484e-07,0.0750000000000044,-0.020798033333333334
50,0.050000000000004485,1.6536806666666668e-07,0.050000000000004485,-0.021048826666666666
51,0.025000000000004574,-1.298962e-07,0.025000000000004574,-0.021282253333333334
52,4.6629367034256575e-15,-4.2790693333333337e-07,4.6629367034256575e-15,-0.021475433333333335
53,-0.024999999999995248,-7.466793333333333e-07,-0.024999999999995248,-0.021647620000000003
54,-0.04999999999999516,-1.0738786666666667e-06,-0.04999999999999516,-0.02181526
55,-0.07499999999999507,-1.4227453333333333e-06,-0.07499999999999507,-0.021958726666666668
56,-0.09999999999999498,-1.7524173333333335e-06,-0.09999999999999498,-0.02210452
57,-0.12499999999999489,-2.1657066666666667e-06,-0.12499999999999489,-0.022223533333333333
58,-0.1499999999999948,-2.543464666666667e-06,-0.1499999999999948,-0.022352180000000003
59,-0.17499999999999472,-3.00826e-06,-0.17499999999999472,-0.02246418
60,-0.19999999999999463,-3.3442760000000005e-06,-0.19999999999999463,-0.022561733333333334
61,-0.22499999999999454,-3.8106680000000006e-06,-0.22499999999999454,-0.022667886666666668
