,2_4R_V_D,2_4R_J_D,2_4R_V_L,2_4R_J_L
0,1.3,0.0011746813333333333,1.3,0.0035988053333333337
1,1.2750000000000001,0.0011298673333333333,1.2750000000000001,0.0033173273333333333
2,1.2500000000000002,0.0010476586666666667,1.2500000000000002,0.003004194
3,1.2250000000000003,0.000955344,1.2250000000000003,0.002692354
4,1.2000000000000004,0.0008616440000000001,1.2000000000000004,0.002397021333333333
5,1.1750000000000005,0.000772198,1.1750000000000005,0.002122210666666667
6,1.1500000000000006,0.0006879253333333334,1.1500000000000006,0.0018695820000000003
7,1.1250000000000007,0.0006119619333333334,1.1250000000000007,0.0016390053333333334
8,1.1000000000000008,0.0005478863333333334,1.1000000000000008,0.001429378
9,1.0750000000000008,0.0004834578666666667,1.0750000000000008,0.0012403986666666667
10,1.050000000000001,0.0004238637333333333,1.050000000000001,0.0010682466666666667
11,1.025000000000001,0.0003701186,1.025000000000001,0.0009100880000000001
12,1.000000000000001,0.0003208582666666667,1.000000000000001,0.0007612533333333333
13,0.9750000000000012,0.00027670773333333335,0.9750000000000012,0.0006192120666666667
14,0.9500000000000013,0.00023716320000000002,0.9500000000000013,0.0004746710666666667
15,0.9250000000000014,0.0002019216,0.9250000000000014,0.00032071059999999997
16,0.9000000000000015,0.00017046280000000002,0.9000000000000015,0.00014967306666666667
17,0.8750000000000016,0.00014289153333333333,0.8750000000000016,-3.021396e-05
18,0.8500000000000016,0.00011884020000000001,0.8500000000000016,-0.0002533262666666667
19,0.8250000000000017,9.79134e-05,0.8250000000000017,-0.0005578701333333333
20,0.8000000000000018,8.005000000000001e-05,0.8000000000000018,-0.0008723973333333334
21,0.7750000000000019,6.359204000000001e-05,0.7750000000000019,-0.0013280606666666668
22,0.750000000000002,5.1774286666666665e-05,0.750000000000002,-0.0018606299999999998
23,0.7250000000000021,4.185394e-05,0.7250000000000021,-0.00247249
24,0.7000000000000022,3.388914e-05,0.7000000000000022,-0.0031631253333333337
25,0.6750000000000023,2.7634420000000002e-05,0.6750000000000023,-0.003924133333333334
26,0.6500000000000024,2.282666e-05,0.6500000000000024,-0.004750700666666666
27,0.6250000000000024,1.9175773333333333e-05,0.6250000000000024,-0.005628071333333333
28,0.6000000000000025,1.6539553333333335e-05,0.6000000000000025,-0.006549513333333333
29,0.5750000000000026,1.4419486666666668e-05,0.5750000000000026,-0.007243833333333334
30,0.5500000000000027,1.2756873333333336e-05,0.5500000000000027,-0.008277833333333333
31,0.5250000000000028,1.144746e-05,0.5250000000000028,-0.00930506
32,0.5000000000000029,1.027808e-05,0.5000000000000029,-0.010316960000000002
33,0.475000000000003,9.28272e-06,0.475000000000003,-0.01130636
34,0.45000000000000306,8.424713333333335e-06,0.45000000000000306,-0.012270606666666666
35,0.42500000000000315,7.579293333333333e-06,0.42500000000000315,-0.013199453333333335
36,0.40000000000000324,6.846753333333334e-06,0.40000000000000324,-0.014094273333333334
37,0.37500000000000333,6.2335420000000004e-06,0.37500000000000333,-0.014958786666666666
38,0.3500000000000034,5.491816e-06,0.3500000000000034,-0.01575260666666667
39,0.3250000000000035,4.8886826666666665e-06,0.3250000000000035,-0.016509453333333337
40,0.3000000000000036,4.321393333333334e-06,0.3000000000000036,-0.01721354666666667
41,0.2750000000000037,3.7938793333333334e-06,0.2750000000000037,-0.017874106666666667
42,0.2500000000000038,3.2928773333333334e-06,0.2500000000000038,-0.0184576
43,0.22500000000000386,2.8458793333333333e-06,0.22500000000000386,-0.018970693333333333
44,0.20000000000000395,2.371806e-06,0.20000000000000395,-0.019474086666666668
45,0.17500000000000404,1.9518980000000003e-06,0.17500000000000404,-0.019913226666666665
46,0.15000000000000413,1.5670373333333333e-06,0.15000000000000413,-0.02030404666666667
47,0.12500000000000422,1.1925840000000002e-06,0.12500000000000422,-0.020652733333333336
48,0.10000000000000431,8.418526666666667e-07,0.10000000000000431,-0.020963680000000002
49,0.0750000000000044,5.098645333333334e-07,0.0750000000000044,-0.02123602
50,0.050000000000004485,1.881496e-07,0.050000000000004485,-0.0214896
51,0.025000000000004574,-1.2480760000000002e-07,0.025000000000004574,-0.021694586666666668
52,4.6629367034256575e-15,-4.3629273333333336e-07,4.6629367034256575e-15,-0.021891646666666667
53,-0.024999999999995248,-7.573706666666666e-07,-0.024999999999995248,-0.022060753333333332
54,-0.04999999999999516,-1.084484e-06,-0.04999999999999516,-0.022214126666666667
55,-0.07499999999999507,-1.4241386666666667e-06,-0.07499999999999507,-0.022357146666666668
56,-0.09999999999999498,-1.7843213333333335e-06,-0.09999999999999498,-0.022482420000000003
57,-0.12499999999999489,-2.17074e-06,-0.12499999999999489,-0.02260442
58,-0.1499999999999948,-2.577505333333334e-06,-0.1499999999999948,-0.02271688666666667
59,-0.17499999999999472,-3.0010779999999998e-06,-0.17499999999999472,-0.022820506666666667
60,-0.19999999999999463,-3.4811426666666666e-06,-0.19999999999999463,-0.02290756
61,-0.22499999999999454,-4.0221513333333335e-06,-0.22499999999999454,-0.023002820000000004
