,2_4R_V_D,2_4R_J_D,2_4R_V_L,2_4R_J_L
0,1.3,0.0010704046666666666,1.3,0.0034598353333333332
1,1.2750000000000001,0.00102255,1.2750000000000001,0.0031798533333333334
2,1.2500000000000002,0.0009431713333333334,1.2500000000000002,0.002872316
3,1.2250000000000003,0.0008564613333333334,1.2250000000000003,0.002568559333333334
4,1.2000000000000004,0.0007706773333333334,1.2000000000000004,0.002280869333333333
5,1.1750000000000005,0.0006896433333333334,1.1750000000000005,0.002013969333333333
6,1.1500000000000006,0.0006234976,1.1500000000000006,0.0017687386666666667
7,1.1250000000000007,0.0005602291333333334,1.1250000000000007,0.0015463233333333334
8,1.1000000000000008,0.0004965264666666667,1.1000000000000008,0.0013448720000000002
9,1.0750000000000008,0.00043795373333333333,1.0750000000000008,0.0011631319999999999
10,1.050000000000001,0.0003847224,1.050000000000001,0.0009982946666666668
11,1.025000000000001,0.00033638080000000006,1.025000000000001,0.0008469833333333334
12,1.000000000000001,0.00029290953333333333,1.000000000000001,0.0007049066666666667
13,0.9750000000000012,0.0002533264,0.9750000000000012,0.0005687695333333333
14,0.9500000000000013,0.00021814020000000004,0.9500000000000013,0.0004300026
15,0.9250000000000014,0.00018653786666666668,0.9250000000000014,0.00028192360000000005
16,0.9000000000000015,0.00015863573333333334,0.9000000000000015,0.00011623993333333333
17,0.8750000000000016,0.00013388753333333335,0.8750000000000016,-7.65364e-05
18,0.8500000000000016,0.00011240333333333334,0.8500000000000016,-0.0003091288666666667
19,0.8250000000000017,9.3657e-05,0.8250000000000017,-0.0005926058666666668
20,0.8000000000000018,7.756973333333334e-05,0.8000000000000018,-0.000876896
21,0.7750000000000019,6.270658e-05,0.7750000000000019,-0.0013218413333333334
22,0.750000000000002,5.191054000000001e-05,0.750000000000002,-0.001841144
23,0.7250000000000021,4.284438e-05,0.7250000000000021,-0.002442098666666667
24,0.7000000000000022,3.550494666666667e-05,0.7000000000000022,-0.003119324
25,0.6750000000000023,2.969892666666667e-05,0.6750000000000023,-0.003871734
26,0.6500000000000024,2.518130666666667e-05,0.6500000000000024,-0.0046874713333333335
27,0.6250000000000024,2.1777146666666667e-05,0.6250000000000024,-0.005561598
28,0.6000000000000025,1.9128973333333335e-05,0.6000000000000025,-0.006468936000000001
29,0.5750000000000026,1.7050346666666667e-05,0.5750000000000026,-0.007154960000000001
30,0.5500000000000027,1.5358033333333334e-05,0.5500000000000027,-0.008186006666666667
31,0.5250000000000028,1.3874080000000002e-05,0.5250000000000028,-0.00920452
32,0.5000000000000029,1.2612420000000001e-05,0.5000000000000029,-0.0102097
33,0.475000000000003,1.1465966666666667e-05,0.475000000000003,-0.011195346666666666
34,0.45000000000000306,1.055774e-05,0.45000000000000306,-0.012165913333333334
35,0.42500000000000315,9.593533333333334e-06,0.42500000000000315,-0.013086066666666667
36,0.40000000000000324,8.7343e-06,0.40000000000000324,-0.01397326
37,0.37500000000000333,7.888706666666667e-06,0.37500000000000333,-0.014825646666666668
38,0.3500000000000034,7.06688e-06,0.3500000000000034,-0.015640953333333336
39,0.3250000000000035,6.228484e-06,0.3250000000000035,-0.01638874
40,0.3000000000000036,5.464927333333334e-06,0.3000000000000036,-0.017091753333333334
41,0.2750000000000037,4.780364666666667e-06,0.2750000000000037,-0.01773654666666667
42,0.2500000000000038,4.134967333333334e-06,0.2500000000000038,-0.018334213333333335
43,0.22500000000000386,3.564422666666667e-06,0.22500000000000386,-0.01885112666666667
44,0.20000000000000395,2.954285333333333e-06,0.20000000000000395,-0.01935444
45,0.17500000000000404,2.4556733333333335e-06,0.17500000000000404,-0.019800833333333333
46,0.15000000000000413,1.984959333333333e-06,0.15000000000000413,-0.020193946666666667
47,0.12500000000000422,1.4994e-06,0.12500000000000422,-0.02055978
48,0.10000000000000431,1.0782333333333335e-06,0.10000000000000431,-0.020864053333333334
49,0.0750000000000044,6.689386666666667e-07,0.0750000000000044,-0.021138200000000003
50,0.050000000000004485,2.769968e-07,0.050000000000004485,-0.02138780666666667
51,0.025000000000004574,-1.1097826666666667e-07,0.025000000000004574,-0.021616453333333334
52,4.6629367034256575e-15,-4.950506666666666e-07,4.6629367034256575e-15,-0.02180632
53,-0.024999999999995248,-8.85626e-07,-0.024999999999995248,-0.021980593333333333
54,-0.04999999999999516,-1.2862886666666669e-06,-0.04999999999999516,-0.02214144666666667
55,-0.07499999999999507,-1.7006053333333333e-06,-0.07499999999999507,-0.022286653333333333
56,-0.09999999999999498,-2.2483573333333334e-06,-0.09999999999999498,-0.022419606666666668
57,-0.12499999999999489,-2.7552900000000003e-06,-0.12499999999999489,-0.022540646666666667
58,-0.1499999999999948,-3.2252220000000002e-06,-0.1499999999999948,-0.022651453333333335
59,-0.17499999999999472,-3.8279e-06,-0.17499999999999472,-0.022762073333333334
60,-0.19999999999999463,-4.397023333333333e-06,-0.19999999999999463,-0.02285170666666667
61,-0.22499999999999454,-4.997598666666667e-06,-0.22499999999999454,-0.022948933333333334
