,2_4R_V_D,2_4R_J_D,2_4R_V_L,2_4R_J_L
0,1.3,0.0011562400000000002,1.3,0.0036228293333333333
1,1.2750000000000001,0.001113398,1.2750000000000001,0.0033383780000000004
2,1.2500000000000002,0.00103289,1.2500000000000002,0.0030219593333333334
3,1.2250000000000003,0.0009421206666666668,1.2250000000000003,0.0027084413333333334
4,1.2000000000000004,0.0008507446666666666,1.2000000000000004,0.0024107033333333333
5,1.1750000000000005,0.0007627246666666667,1.1750000000000005,0.0021341059999999998
6,1.1500000000000006,0.00068012,1.1500000000000006,0.0018792713333333334
7,1.1250000000000007,0.000607171,1.1250000000000007,0.0016475846666666666
8,1.1000000000000008,0.0005440341333333333,1.1000000000000008,0.0014365446666666666
9,1.0750000000000008,0.00048033006666666666,1.0750000000000008,0.0012455646666666668
10,1.050000000000001,0.0004215132,1.050000000000001,0.0010720606666666666
11,1.025000000000001,0.0003680344,1.025000000000001,0.0009126286666666667
12,1.000000000000001,0.00031966726666666665,1.000000000000001,0.0007627413333333333
13,0.9750000000000012,0.00027573580000000004,0.9750000000000012,0.0006192344
14,0.9500000000000013,0.00023659553333333334,0.9500000000000013,0.0004730002666666667
15,0.9250000000000014,0.00020180646666666667,0.9250000000000014,0.00031715253333333335
16,0.9000000000000015,0.00017055346666666667,0.9000000000000015,0.00014419046666666667
17,0.8750000000000016,0.00014314453333333333,0.8750000000000016,-3.846337333333334e-05
18,0.8500000000000016,0.00011916099999999999,0.8500000000000016,-0.0002654965333333334
19,0.8250000000000017,9.862413333333333e-05,0.8250000000000017,-0.0005749710666666667
20,0.8000000000000018,8.076220000000001e-05,0.8000000000000018,-0.0008958366666666668
21,0.7750000000000019,6.420491333333334e-05,0.7750000000000019,-0.0013599740000000001
22,0.750000000000002,5.2134166666666666e-05,0.750000000000002,-0.0018984326666666668
23,0.7250000000000021,4.231805333333333e-05,0.7250000000000021,-0.0025181739999999998
24,0.7000000000000022,3.438538e-05,0.7000000000000022,-0.0032133780000000002
25,0.6750000000000023,2.801610666666667e-05,0.6750000000000023,-0.003982044666666667
26,0.6500000000000024,2.3306246666666666e-05,0.6500000000000024,-0.004810796666666667
27,0.6250000000000024,1.9822073333333334e-05,0.6250000000000024,-0.005692414
28,0.6000000000000025,1.713134e-05,0.6000000000000025,-0.006617507333333333
29,0.5750000000000026,1.502076e-05,0.5750000000000026,-0.00731924
30,0.5500000000000027,1.3386199999999999e-05,0.5500000000000027,-0.008352920000000002
31,0.5250000000000028,1.2008666666666667e-05,0.5250000000000028,-0.009381506666666666
32,0.5000000000000029,1.0800700000000001e-05,0.5000000000000029,-0.010391093333333334
33,0.475000000000003,9.76528e-06,0.475000000000003,-0.01137852
34,0.45000000000000306,8.833433333333334e-06,0.45000000000000306,-0.01233936
35,0.42500000000000315,7.901286666666666e-06,0.42500000000000315,-0.013268086666666666
36,0.40000000000000324,7.110453333333334e-06,0.40000000000000324,-0.014169880000000001
37,0.37500000000000333,6.424793333333334e-06,0.37500000000000333,-0.015010253333333334
38,0.3500000000000034,5.669613333333334e-06,0.3500000000000034,-0.015810293333333336
39,0.3250000000000035,4.915081333333333e-06,0.3250000000000035,-0.01656264666666667
40,0.3000000000000036,4.3152273333333334e-06,0.3000000000000036,-0.017270706666666667
41,0.2750000000000037,3.766002e-06,0.2750000000000037,-0.017904386666666668
42,0.2500000000000038,3.3304913333333336e-06,0.2500000000000038,-0.018490113333333336
43,0.22500000000000386,2.8637373333333333e-06,0.22500000000000386,-0.018999893333333333
44,0.20000000000000395,2.3601726666666666e-06,0.20000000000000395,-0.01949776
45,0.17500000000000404,1.9096686666666668e-06,0.17500000000000404,-0.019932533333333332
46,0.15000000000000413,1.523296e-06,0.15000000000000413,-0.020317553333333335
47,0.12500000000000422,1.16316e-06,0.12500000000000422,-0.02066608
48,0.10000000000000431,8.221293333333333e-07,0.10000000000000431,-0.020964933333333335
49,0.0750000000000044,4.927731333333333e-07,0.0750000000000044,-0.02125048666666667
50,0.050000000000004485,1.8044100000000002e-07,0.050000000000004485,-0.021481446666666668
51,0.025000000000004574,-1.261212e-07,0.025000000000004574,-0.02169512
52,4.6629367034256575e-15,-4.3101886666666667e-07,4.6629367034256575e-15,-0.021886633333333332
53,-0.024999999999995248,-7.425540000000001e-07,-0.024999999999995248,-0.022067366666666668
54,-0.04999999999999516,-1.060646e-06,-0.04999999999999516,-0.022209673333333336
55,-0.07499999999999507,-1.3957833333333336e-06,-0.07499999999999507,-0.022348766666666665
56,-0.09999999999999498,-1.749472666666667e-06,-0.09999999999999498,-0.022480946666666668
57,-0.12499999999999489,-2.1222613333333335e-06,-0.12499999999999489,-0.022598646666666666
58,-0.1499999999999948,-2.5199460000000002e-06,-0.1499999999999948,-0.02270764
59,-0.17499999999999472,-2.911982666666667e-06,-0.17499999999999472,-0.022809653333333336
60,-0.19999999999999463,-3.330030666666667e-06,-0.19999999999999463,-0.0228989
61,-0.22499999999999454,-3.7728146666666668e-06,-0.22499999999999454,-0.022995646666666668
