,2_4R_V_D,2_4R_J_D,2_4R_V_L,2_4R_J_L
0,1.3,0.001710974,1.3,0.0050887553333333335
1,1.2750000000000001,0.0017199880000000002,1.2750000000000001,0.004772080000000001
2,1.2500000000000002,0.001658626,1.2500000000000002,0.004393668
3,1.2250000000000003,0.0015721573333333334,1.2250000000000003,0.0040098600000000005
4,1.2000000000000004,0.0014706246666666666,1.2000000000000004,0.0036352920000000005
5,1.1750000000000005,0.0013629633333333334,1.1750000000000005,0.0032802806666666668
6,1.1500000000000006,0.0012525486666666668,1.1500000000000006,0.002947098
7,1.1250000000000007,0.0011444513333333333,1.1250000000000007,0.0026406133333333336
8,1.1000000000000008,0.0010392600000000002,1.1000000000000008,0.0023548420000000002
9,1.0750000000000008,0.0009382673333333333,1.0750000000000008,0.0020902873333333333
10,1.050000000000001,0.0008425466666666666,1.050000000000001,0.0018477173333333332
11,1.025000000000001,0.000753544,1.025000000000001,0.0016193326666666666
12,1.000000000000001,0.0006698873333333334,1.000000000000001,0.001401694
13,0.9750000000000012,0.0005746195333333334,0.9750000000000012,0.0011915913333333335
14,0.9500000000000013,0.0005119208666666667,0.9500000000000013,0.0009828546666666668
15,0.9250000000000014,0.0004479983333333334,0.9250000000000014,0.0007690766666666667
16,0.9000000000000015,0.00038776373333333336,0.9000000000000015,0.0005528061333333333
17,0.8750000000000016,0.00033223753333333337,0.8750000000000016,0.00030264006666666667
18,0.8500000000000016,0.00028054273333333335,0.8500000000000016,4.781074666666667e-05
19,0.8250000000000017,0.00023435946666666666,0.8250000000000017,-0.0002547359333333334
20,0.8000000000000018,0.00019347933333333336,0.8000000000000018,-0.0006480683333333334
21,0.7750000000000019,0.0001582172,0.7750000000000019,-0.0010405253333333334
22,0.750000000000002,0.00012667286666666666,0.750000000000002,-0.0015857533333333335
23,0.7250000000000021,0.00010062486666666667,0.7250000000000021,-0.002195926
24,0.7000000000000022,7.884620000000001e-05,0.7000000000000022,-0.0028777246666666667
25,0.6750000000000023,6.063314666666667e-05,0.6750000000000023,-0.003624828666666667
26,0.6500000000000024,4.743323333333334e-05,0.6500000000000024,-0.00443243
27,0.6250000000000024,3.7218226666666666e-05,0.6250000000000024,-0.0052874160000000005
28,0.6000000000000025,2.9762500000000002e-05,0.6000000000000025,-0.006186321333333334
29,0.5750000000000026,2.4469580000000002e-05,0.5750000000000026,-0.006998686666666667
30,0.5500000000000027,2.0804393333333334e-05,0.5500000000000027,-0.007805633333333333
31,0.5250000000000028,1.783626e-05,0.5250000000000028,-0.008819666666666667
32,0.5000000000000029,1.5701233333333335e-05,0.5000000000000029,-0.00982218
33,0.475000000000003,1.3782499999999999e-05,0.475000000000003,-0.010796726666666668
34,0.45000000000000306,1.242378e-05,0.45000000000000306,-0.011746806666666667
35,0.42500000000000315,1.1129426666666668e-05,0.42500000000000315,-0.012662686666666667
36,0.40000000000000324,9.909733333333334e-06,0.40000000000000324,-0.013553493333333335
37,0.37500000000000333,8.825626666666668e-06,0.37500000000000333,-0.014380793333333333
38,0.3500000000000034,7.916160000000001e-06,0.3500000000000034,-0.01517436
39,0.3250000000000035,7.235206666666667e-06,0.3250000000000035,-0.01592310666666667
40,0.3000000000000036,6.430040666666667e-06,0.3000000000000036,-0.016626253333333334
41,0.2750000000000037,5.545173333333333e-06,0.2750000000000037,-0.01725632666666667
42,0.2500000000000038,4.948371333333334e-06,0.2500000000000038,-0.017841373333333334
43,0.22500000000000386,4.228619333333333e-06,0.22500000000000386,-0.018342746666666666
44,0.20000000000000395,3.6208139999999997e-06,0.20000000000000395,-0.018848633333333333
45,0.17500000000000404,2.9914653333333337e-06,0.17500000000000404,-0.019287766666666668
46,0.15000000000000413,2.4545073333333335e-06,0.15000000000000413,-0.019676886666666667
47,0.12500000000000422,1.869804e-06,0.12500000000000422,-0.020027013333333336
48,0.10000000000000431,1.39385e-06,0.10000000000000431,-0.020341980000000003
49,0.0750000000000044,8.829866666666667e-07,0.0750000000000044,-0.02063022
50,0.050000000000004485,3.779807333333333e-07,0.050000000000004485,-0.020868066666666667
51,0.025000000000004574,-1.0053073333333335e-07,0.025000000000004574,-0.021086806666666666
52,4.6629367034256575e-15,-5.793561333333333e-07,4.6629367034256575e-15,-0.021288773333333334
53,-0.024999999999995248,-1.038872e-06,-0.024999999999995248,-0.021481633333333333
54,-0.04999999999999516,-1.5171246666666666e-06,-0.04999999999999516,-0.021635573333333335
55,-0.07499999999999507,-1.959836e-06,-0.07499999999999507,-0.021786993333333334
56,-0.09999999999999498,-2.4850553333333335e-06,-0.09999999999999498,-0.021932506666666667
57,-0.12499999999999489,-2.9650213333333335e-06,-0.12499999999999489,-0.022059573333333336
58,-0.1499999999999948,-3.487414666666667e-06,-0.1499999999999948,-0.022183726666666667
59,-0.17499999999999472,-4.062048666666667e-06,-0.17499999999999472,-0.022298706666666668
60,-0.19999999999999463,-4.771061333333334e-06,-0.19999999999999463,-0.022398380000000002
61,-0.22499999999999454,-5.306876666666667e-06,-0.22499999999999454,-0.022510453333333333
