,2_4R_V_D,2_4R_J_D,2_4R_V_L,2_4R_J_L
0,1.3,0.0011274946666666667,1.3,0.0036161073333333335
1,1.2750000000000001,0.0010838760000000001,1.2750000000000001,0.0033300813333333335
2,1.2500000000000002,0.0010044206666666668,1.2500000000000002,0.0030134973333333336
3,1.2250000000000003,0.000915554,1.2250000000000003,0.002699196666666667
4,1.2000000000000004,0.0008261459999999999,1.2000000000000004,0.002400750666666667
5,1.1750000000000005,0.0007402446666666667,1.1750000000000005,0.0021231080000000003
6,1.1500000000000006,0.0006703186666666667,1.1500000000000006,0.001867908
7,1.1250000000000007,0.0006029163333333334,1.1250000000000007,0.001635666
8,1.1000000000000008,0.0005341542666666667,1.1000000000000008,0.0014246246666666667
9,1.0750000000000008,0.0004707155333333334,1.0750000000000008,0.00123387
10,1.050000000000001,0.00041284800000000006,1.050000000000001,0.0010608100000000001
11,1.025000000000001,0.0003603358666666667,1.025000000000001,0.0009019
12,1.000000000000001,0.00031311906666666665,1.000000000000001,0.0007531006666666667
13,0.9750000000000012,0.00027041520000000005,0.9750000000000012,0.0006103658
14,0.9500000000000013,0.00023231160000000003,0.9500000000000013,0.00046545633333333337
15,0.9250000000000014,0.00019807980000000001,0.9250000000000014,0.0003112716666666667
16,0.9000000000000015,0.00016793986666666666,0.9000000000000015,0.00013930146666666667
17,0.8750000000000016,0.00014120073333333334,0.8750000000000016,-4.090548e-05
18,0.8500000000000016,0.00011780413333333335,0.8500000000000016,-0.00026635693333333334
19,0.8250000000000017,9.75822e-05,0.8250000000000017,-0.0005735057333333334
20,0.8000000000000018,8.020366666666667e-05,0.8000000000000018,-0.0008924886666666667
21,0.7750000000000019,6.43358e-05,0.7750000000000019,-0.0013545473333333334
22,0.750000000000002,5.272752e-05,0.750000000000002,-0.0018935733333333333
23,0.7250000000000021,4.2892706666666666e-05,0.7250000000000021,-0.002512742666666667
24,0.7000000000000022,3.512296666666667e-05,0.7000000000000022,-0.0032104453333333333
25,0.6750000000000023,2.8914053333333333e-05,0.6750000000000023,-0.0039796219999999995
26,0.6500000000000024,2.4222080000000002e-05,0.6500000000000024,-0.004816969333333334
27,0.6250000000000024,2.0721593333333336e-05,0.6250000000000024,-0.005696714666666667
28,0.6000000000000025,1.7930546666666666e-05,0.6000000000000025,-0.006620132
29,0.5750000000000026,1.5818520000000002e-05,0.5750000000000026,-0.007323346666666666
30,0.5500000000000027,1.4121333333333333e-05,0.5500000000000027,-0.008361293333333334
31,0.5250000000000028,1.2798253333333332e-05,0.5250000000000028,-0.00939038
32,0.5000000000000029,1.1545840000000002e-05,0.5000000000000029,-0.010401913333333334
33,0.475000000000003,1.0335953333333334e-05,0.475000000000003,-0.011391866666666667
34,0.45000000000000306,9.383906666666666e-06,0.45000000000000306,-0.0123503
35,0.42500000000000315,8.520933333333333e-06,0.42500000000000315,-0.013279286666666666
36,0.40000000000000324,7.749446666666666e-06,0.40000000000000324,-0.014173626666666668
37,0.37500000000000333,7.02176e-06,0.37500000000000333,-0.015033800000000002
38,0.3500000000000034,6.305131333333334e-06,0.3500000000000034,-0.015825193333333334
39,0.3250000000000035,5.589746666666667e-06,0.3250000000000035,-0.016575546666666666
40,0.3000000000000036,4.871434666666667e-06,0.3000000000000036,-0.017274366666666666
41,0.2750000000000037,4.317452666666666e-06,0.2750000000000037,-0.017929240000000003
42,0.2500000000000038,3.7563853333333335e-06,0.2500000000000038,-0.018506766666666667
43,0.22500000000000386,3.2494933333333335e-06,0.22500000000000386,-0.019014246666666665
44,0.20000000000000395,2.602550666666667e-06,0.20000000000000395,-0.019514026666666667
45,0.17500000000000404,2.1267046666666667e-06,0.17500000000000404,-0.01994712666666667
46,0.15000000000000413,1.7063773333333336e-06,0.15000000000000413,-0.020336093333333333
47,0.12500000000000422,1.3668666666666668e-06,0.12500000000000422,-0.020680526666666667
48,0.10000000000000431,9.279233333333334e-07,0.10000000000000431,-0.020982153333333333
49,0.0750000000000044,5.641180666666667e-07,0.0750000000000044,-0.021254313333333334
50,0.050000000000004485,2.1978860000000002e-07,0.050000000000004485,-0.021505093333333333
51,0.025000000000004574,-1.1432320000000001e-07,0.025000000000004574,-0.021706193333333332
52,4.6629367034256575e-15,-4.584313333333334e-07,4.6629367034256575e-15,-0.021901633333333333
53,-0.024999999999995248,-8.156546666666667e-07,-0.024999999999995248,-0.022069906666666667
54,-0.04999999999999516,-1.1957306666666667e-06,-0.04999999999999516,-0.022223586666666666
55,-0.07499999999999507,-1.574312e-06,-0.07499999999999507,-0.022364773333333334
56,-0.09999999999999498,-1.9765626666666668e-06,-0.09999999999999498,-0.02249046
57,-0.12499999999999489,-2.3898153333333333e-06,-0.12499999999999489,-0.022612
58,-0.1499999999999948,-2.8068346666666667e-06,-0.1499999999999948,-0.022720340000000002
59,-0.17499999999999472,-3.2607426666666665e-06,-0.17499999999999472,-0.02282534666666667
60,-0.19999999999999463,-3.714350666666667e-06,-0.19999999999999463,-0.022912406666666666
61,-0.22499999999999454,-4.230668666666666e-06,-0.22499999999999454,-0.023007760000000002
