,2_4R_V_D,2_4R_J_D,2_4R_V_L,2_4R_J_L
0,1.3,0.0011100013333333334,1.3,0.0034463479999999997
1,1.2750000000000001,0.0010595846666666667,1.2750000000000001,0.0031658240000000002
2,1.2500000000000002,0.000976818,1.2500000000000002,0.002858279333333333
3,1.2250000000000003,0.0008865566666666667,1.2250000000000003,0.002554558666666667
4,1.2000000000000004,0.0007973513333333334,1.2000000000000004,0.0022670293333333334
5,1.1750000000000005,0.0007126740000000001,1.1750000000000005,0.002000510666666667
6,1.1500000000000006,0.0006423323333333334,1.1500000000000006,0.0017563673333333334
7,1.1250000000000007,0.0005763936666666667,1.1250000000000007,0.0015345506666666667
8,1.1000000000000008,0.0005100316666666666,1.1000000000000008,0.0013338479999999999
9,1.0750000000000008,0.00044888980000000006,1.0750000000000008,0.001152916
10,1.050000000000001,0.0003933643333333333,1.050000000000001,0.0009885673333333332
11,1.025000000000001,0.00034314560000000004,1.025000000000001,0.0008379366666666667
12,1.000000000000001,0.0002979786,1.000000000000001,0.0006966093333333333
13,0.9750000000000012,0.00025683533333333334,0.9750000000000012,0.0005610686000000001
14,0.9500000000000013,0.00022031766666666668,0.9500000000000013,0.00042284693333333336
15,0.9250000000000014,0.00018770293333333335,0.9250000000000014,0.00027519513333333336
16,0.9000000000000015,0.00015896826666666667,0.9000000000000015,0.00010979313333333333
17,0.8750000000000016,0.00013349573333333334,0.8750000000000016,-8.305786666666667e-05
18,0.8500000000000016,0.00011147433333333334,0.8500000000000016,-0.0003158794666666667
19,0.8250000000000017,9.24026e-05,0.8250000000000017,-0.0005993514000000001
20,0.8000000000000018,7.612586666666668e-05,0.8000000000000018,-0.0008852913333333333
21,0.7750000000000019,6.1129e-05,0.7750000000000019,-0.001332234
22,0.750000000000002,5.027612666666667e-05,0.750000000000002,-0.0018528360000000003
23,0.7250000000000021,4.1259059999999997e-05,0.7250000000000021,-0.002454972666666667
24,0.7000000000000022,3.3894293333333336e-05,0.7000000000000022,-0.0031342726666666668
25,0.6750000000000023,2.812488666666667e-05,0.6750000000000023,-0.0038877306666666666
26,0.6500000000000024,2.3743393333333334e-05,0.6500000000000024,-0.004705076
27,0.6250000000000024,2.0450533333333334e-05,0.6250000000000024,-0.0055802126666666665
28,0.6000000000000025,1.7883433333333332e-05,0.6000000000000025,-0.006488722666666667
29,0.5750000000000026,1.584398e-05,0.5750000000000026,-0.007175226666666667
30,0.5500000000000027,1.4233426666666666e-05,0.5500000000000027,-0.00820678
31,0.5250000000000028,1.2844753333333332e-05,0.5250000000000028,-0.009227579999999999
32,0.5000000000000029,1.16097e-05,0.5000000000000029,-0.010230526666666668
33,0.475000000000003,1.0530713333333334e-05,0.475000000000003,-0.011214473333333334
34,0.45000000000000306,9.538493333333334e-06,0.45000000000000306,-0.012184460000000001
35,0.42500000000000315,8.62036e-06,0.42500000000000315,-0.013100606666666667
36,0.40000000000000324,7.780993333333335e-06,0.40000000000000324,-0.013991100000000001
37,0.37500000000000333,6.998726666666666e-06,0.37500000000000333,-0.01484164
38,0.3500000000000034,6.360336666666666e-06,0.3500000000000034,-0.015655966666666667
39,0.3250000000000035,5.5468160000000004e-06,0.3250000000000035,-0.01640298
40,0.3000000000000036,4.8674120000000005e-06,0.3000000000000036,-0.01710136666666667
41,0.2750000000000037,4.270284e-06,0.2750000000000037,-0.01775094
42,0.2500000000000038,3.6950833333333333e-06,0.2500000000000038,-0.018342953333333335
43,0.22500000000000386,3.189624e-06,0.22500000000000386,-0.018858006666666666
44,0.20000000000000395,2.6623606666666666e-06,0.20000000000000395,-0.01936278
45,0.17500000000000404,2.1933386666666667e-06,0.17500000000000404,-0.019806313333333332
46,0.15000000000000413,1.757322666666667e-06,0.15000000000000413,-0.020198206666666666
47,0.12500000000000422,1.3430106666666666e-06,0.12500000000000422,-0.02056444
48,0.10000000000000431,9.509426666666668e-07,0.10000000000000431,-0.02086550666666667
49,0.0750000000000044,5.806156e-07,0.0750000000000044,-0.021139793333333334
50,0.050000000000004485,2.2896166666666667e-07,0.050000000000004485,-0.021389146666666668
51,0.025000000000004574,-1.1760366666666668e-07,0.025000000000004574,-0.021618406666666666
52,4.6629367034256575e-15,-4.6253246666666665e-07,4.6629367034256575e-15,-0.02180528666666667
53,-0.024999999999995248,-8.16472e-07,-0.024999999999995248,-0.021979206666666667
54,-0.04999999999999516,-1.1827466666666668e-06,-0.04999999999999516,-0.022140046666666666
55,-0.07499999999999507,-1.5538366666666667e-06,-0.07499999999999507,-0.02228403333333333
56,-0.09999999999999498,-1.954194666666667e-06,-0.09999999999999498,-0.022417193333333335
57,-0.12499999999999489,-2.382462e-06,-0.12499999999999489,-0.02253888
58,-0.1499999999999948,-2.8224800000000004e-06,-0.1499999999999948,-0.022651193333333333
59,-0.17499999999999472,-3.290349333333334e-06,-0.17499999999999472,-0.022759533333333335
60,-0.19999999999999463,-3.8227873333333335e-06,-0.19999999999999463,-0.022850553333333336
61,-0.22499999999999454,-4.342081333333334e-06,-0.22499999999999454,-0.02295058
