,2_4R_V_D,2_4R_J_D,2_4R_V_L,2_4R_J_L
0,1.3,0.0010370693333333334,1.3,0.003488768666666667
1,1.2750000000000001,0.0009897373333333335,1.2750000000000001,0.003204292
2,1.2500000000000002,0.0009123813333333335,1.2500000000000002,0.0028925613333333337
3,1.2250000000000003,0.0008280593333333334,1.2250000000000003,0.0025847586666666667
4,1.2000000000000004,0.0007448520000000001,1.2000000000000004,0.002293044666666667
5,1.1750000000000005,0.000735898,1.1750000000000005,0.0020227780000000002
6,1.1500000000000006,0.000671712,1.1500000000000006,0.0017749446666666666
7,1.1250000000000007,0.0006021440666666666,1.1250000000000007,0.0015500513333333334
8,1.1000000000000008,0.000531849,1.1000000000000008,0.0013462773333333335
9,1.0750000000000008,0.00046681453333333335,1.0750000000000008,0.0011627193333333334
10,1.050000000000001,0.0004083156666666667,1.050000000000001,0.00099633
11,1.025000000000001,0.00035488720000000003,1.025000000000001,0.0008437146666666667
12,1.000000000000001,0.00030696993333333334,1.000000000000001,0.000700454
13,0.9750000000000012,0.00026386426666666666,0.9750000000000012,0.0005628537333333334
14,0.9500000000000013,0.00022586,0.9500000000000013,0.0004225546666666667
15,0.9250000000000014,0.00019191453333333334,0.9250000000000014,0.00027233293333333333
16,0.9000000000000015,0.0001619352,0.9000000000000015,0.00010403780000000001
17,0.8750000000000016,0.000135738,0.8750000000000016,-9.235013333333333e-05
18,0.8500000000000016,0.0001130688,0.8500000000000016,-0.0003294455333333333
19,0.8250000000000017,9.36076e-05,0.8250000000000017,-0.0006183322
20,0.8000000000000018,7.70602e-05,0.8000000000000018,-0.0009097666666666668
21,0.7750000000000019,6.197946e-05,0.7750000000000019,-0.0013632613333333333
22,0.750000000000002,5.0856493333333334e-05,0.750000000000002,-0.001890788
23,0.7250000000000021,4.16868e-05,0.7250000000000021,-0.0024985413333333335
24,0.7000000000000022,3.428006e-05,0.7000000000000022,-0.0031831713333333334
25,0.6750000000000023,2.8583453333333336e-05,0.6750000000000023,-0.003941374666666667
26,0.6500000000000024,2.420202e-05,0.6500000000000024,-0.004762694666666667
27,0.6250000000000024,2.0706013333333333e-05,0.6250000000000024,-0.005641569333333334
28,0.6000000000000025,1.8213860000000003e-05,0.6000000000000025,-0.006551200000000001
29,0.5750000000000026,1.6133393333333334e-05,0.5750000000000026,-0.0072407466666666665
30,0.5500000000000027,1.4536093333333334e-05,0.5500000000000027,-0.008271706666666667
31,0.5250000000000028,1.3095459999999999e-05,0.5250000000000028,-0.009292853333333333
32,0.5000000000000029,1.1846793333333334e-05,0.5000000000000029,-0.01029352
33,0.475000000000003,1.0766586666666668e-05,0.475000000000003,-0.011276453333333334
34,0.45000000000000306,9.758193333333333e-06,0.45000000000000306,-0.012244086666666668
35,0.42500000000000315,8.789573333333334e-06,0.42500000000000315,-0.013157626666666668
36,0.40000000000000324,7.949753333333334e-06,0.40000000000000324,-0.014044333333333332
37,0.37500000000000333,7.142093333333334e-06,0.37500000000000333,-0.014891913333333335
38,0.3500000000000034,6.459656e-06,0.3500000000000034,-0.015685013333333334
39,0.3250000000000035,5.686877333333333e-06,0.3250000000000035,-0.016440080000000003
40,0.3000000000000036,5.0431620000000005e-06,0.3000000000000036,-0.017139213333333334
41,0.2750000000000037,4.410274666666667e-06,0.2750000000000037,-0.01778498
42,0.2500000000000038,3.818508666666667e-06,0.2500000000000038,-0.018372613333333333
43,0.22500000000000386,3.288908e-06,0.22500000000000386,-0.018884046666666668
44,0.20000000000000395,2.755778e-06,0.20000000000000395,-0.019386720000000003
45,0.17500000000000404,2.2695253333333336e-06,0.17500000000000404,-0.01982344
46,0.15000000000000413,1.8105966666666667e-06,0.15000000000000413,-0.020215813333333336
47,0.12500000000000422,1.3806326666666667e-06,0.12500000000000422,-0.020575520000000003
48,0.10000000000000431,9.854546666666666e-07,0.10000000000000431,-0.020877513333333333
49,0.0750000000000044,6.058687333333334e-07,0.0750000000000044,-0.02115032666666667
50,0.050000000000004485,2.3282413333333335e-07,0.050000000000004485,-0.021394640000000003
51,0.025000000000004574,-1.1735873333333334e-07,0.025000000000004574,-0.021618013333333335
52,4.6629367034256575e-15,-4.6492446666666666e-07,4.6629367034256575e-15,-0.021808773333333333
53,-0.024999999999995248,-8.16002e-07,-0.024999999999995248,-0.021983353333333334
54,-0.04999999999999516,-1.163364e-06,-0.04999999999999516,-0.0221422
55,-0.07499999999999507,-1.5325653333333334e-06,-0.07499999999999507,-0.022287146666666667
56,-0.09999999999999498,-1.94505e-06,-0.09999999999999498,-0.02241962
57,-0.12499999999999489,-2.348264666666667e-06,-0.12499999999999489,-0.02254038
58,-0.1499999999999948,-2.8122613333333333e-06,-0.1499999999999948,-0.02265014666666667
59,-0.17499999999999472,-3.2763493333333333e-06,-0.17499999999999472,-0.022756993333333336
60,-0.19999999999999463,-3.803444e-06,-0.19999999999999463,-0.022850306666666667
61,-0.22499999999999454,-4.357186666666667e-06,-0.22499999999999454,-0.022947146666666668
