,2_4R_V_D,2_4R_J_D,2_4R_V_L,2_4R_J_L
0,1.3,0.002142696,1.3,0.005674490666666667
1,1.2750000000000001,0.002144225333333333,1.2750000000000001,0.005305376666666667
2,1.2500000000000002,0.002046108,1.2500000000000002,0.0048719620000000005
3,1.2250000000000003,0.001908134,1.2250000000000003,0.004430482
4,1.2000000000000004,0.0017534066666666669,1.2000000000000004,0.004002227333333334
5,1.1750000000000005,0.001593472,1.1750000000000005,0.003595726666666667
6,1.1500000000000006,0.0014355726666666667,1.1500000000000006,0.003214702
7,1.1250000000000007,0.0012846873333333334,1.1250000000000007,0.00286155
8,1.1000000000000008,0.001142672,1.1000000000000008,0.002534370666666667
9,1.0750000000000008,0.0010107726666666668,1.0750000000000008,0.0022343360000000004
10,1.050000000000001,0.0008906473333333334,1.050000000000001,0.001957725333333333
11,1.025000000000001,0.0007807240000000001,1.025000000000001,0.0017022340000000002
12,1.000000000000001,0.0006816233333333334,1.000000000000001,0.0014632493333333334
13,0.9750000000000012,0.0005731754666666667,0.9750000000000012,0.0012351686666666668
14,0.9500000000000013,0.0005016261333333333,0.9500000000000013,0.00101321
15,0.9250000000000014,0.00043106333333333335,0.9250000000000014,0.0007889146666666667
16,0.9000000000000015,0.00036665680000000004,0.9000000000000015,0.0005642775333333333
17,0.8750000000000016,0.000308355,0.8750000000000016,0.00030223153333333336
18,0.8500000000000016,0.00025599980000000003,0.8500000000000016,3.315069333333333e-05
19,0.8250000000000017,0.00020977160000000002,0.8250000000000017,-0.0002838033333333334
20,0.8000000000000018,0.00016947273333333334,0.8000000000000018,-0.0006991973333333333
21,0.7750000000000019,0.00013479713333333334,0.7750000000000019,-0.0011266120000000001
22,0.750000000000002,0.00010549726666666668,0.750000000000002,-0.0017069680000000001
23,0.7250000000000021,8.126413333333335e-05,0.7250000000000021,-0.0023563240000000004
24,0.7000000000000022,6.112450000000001e-05,0.7000000000000022,-0.003077812666666667
25,0.6750000000000023,4.6512100000000005e-05,0.6750000000000023,-0.0038654693333333334
26,0.6500000000000024,3.5396280000000004e-05,0.6500000000000024,-0.004713045333333333
27,0.6250000000000024,2.732322e-05,0.6250000000000024,-0.0056096720000000004
28,0.6000000000000025,2.1491966666666667e-05,0.6000000000000025,-0.006544472000000001
29,0.5750000000000026,1.734766666666667e-05,0.5750000000000026,-0.00724894
30,0.5500000000000027,1.4364073333333335e-05,0.5500000000000027,-0.008299246666666668
31,0.5250000000000028,1.2211373333333334e-05,0.5250000000000028,-0.0093366
32,0.5000000000000029,1.0581653333333334e-05,0.5000000000000029,-0.010357833333333333
33,0.475000000000003,9.25574e-06,0.475000000000003,-0.011354313333333333
34,0.45000000000000306,8.209553333333335e-06,0.45000000000000306,-0.012324600000000002
35,0.42500000000000315,7.176593333333334e-06,0.42500000000000315,-0.013257653333333334
36,0.40000000000000324,6.534936666666666e-06,0.40000000000000324,-0.014154453333333334
37,0.37500000000000333,5.68706e-06,0.37500000000000333,-0.015016873333333333
38,0.3500000000000034,5.066462000000001e-06,0.3500000000000034,-0.01581016666666667
39,0.3250000000000035,4.471150666666667e-06,0.3250000000000035,-0.016561386666666667
40,0.3000000000000036,3.887021333333334e-06,0.3000000000000036,-0.01725882
41,0.2750000000000037,3.3986353333333334e-06,0.2750000000000037,-0.017912593333333334
42,0.2500000000000038,2.9210073333333336e-06,0.2500000000000038,-0.01848698666666667
43,0.22500000000000386,2.485128e-06,0.22500000000000386,-0.01899114
44,0.20000000000000395,2.07376e-06,0.20000000000000395,-0.0194892
45,0.17500000000000404,1.6960800000000002e-06,0.17500000000000404,-0.019917373333333332
46,0.15000000000000413,1.3330786666666667e-06,0.15000000000000413,-0.020303786666666667
47,0.12500000000000422,1.0105346666666667e-06,0.12500000000000422,-0.020643440000000002
48,0.10000000000000431,6.99602e-07,0.10000000000000431,-0.0209423
49,0.0750000000000044,4.044164666666667e-07,0.0750000000000044,-0.02121276
50,0.050000000000004485,1.2432060000000002e-07,0.050000000000004485,-0.021460533333333334
51,0.025000000000004574,-1.4427826666666668e-07,0.025000000000004574,-0.021659206666666667
52,4.6629367034256575e-15,-4.0693373333333335e-07,4.6629367034256575e-15,-0.021850800000000004
53,-0.024999999999995248,-6.625754e-07,-0.024999999999995248,-0.02201652
54,-0.04999999999999516,-9.381473333333333e-07,-0.04999999999999516,-0.022170873333333334
55,-0.07499999999999507,-1.2064080000000002e-06,-0.07499999999999507,-0.02230638
56,-0.09999999999999498,-1.5018246666666667e-06,-0.09999999999999498,-0.022433986666666666
57,-0.12499999999999489,-1.823058e-06,-0.12499999999999489,-0.022548600000000002
58,-0.1499999999999948,-2.1484233333333336e-06,-0.1499999999999948,-0.022654813333333332
59,-0.17499999999999472,-2.4705153333333337e-06,-0.17499999999999472,-0.022759213333333334
60,-0.19999999999999463,-2.771764e-06,-0.19999999999999463,-0.02284398
61,-0.22499999999999454,-3.1592773333333335e-06,-0.22499999999999454,-0.022936266666666667
