,2_4R_V_D,2_4R_J_D,2_4R_V_L,2_4R_J_L
0,1.3,0.001087042,1.3,0.0035243680000000004
1,1.2750000000000001,0.0010423826666666669,1.2750000000000001,0.003244242666666667
2,1.2500000000000002,0.0009644546666666666,1.2500000000000002,0.002934832666666667
3,1.2250000000000003,0.0008778806666666667,1.2250000000000003,0.0026277113333333336
4,1.2000000000000004,0.0007916660000000001,1.2000000000000004,0.0023368453333333333
5,1.1750000000000005,0.0007092886666666667,1.1750000000000005,0.0020666693333333333
6,1.1500000000000006,0.0006425796666666666,1.1500000000000006,0.0018187646666666666
7,1.1250000000000007,0.0005779414,1.1250000000000007,0.001593124
8,1.1000000000000008,0.0005120195333333334,1.1000000000000008,0.0013877533333333334
9,1.0750000000000008,0.0004516388666666667,1.0750000000000008,0.0012030726666666667
10,1.050000000000001,0.000396633,1.050000000000001,0.0010350093333333333
11,1.025000000000001,0.000346466,1.025000000000001,0.0008807859999999999
12,1.000000000000001,0.00030152900000000003,1.000000000000001,0.0007359226666666667
13,0.9750000000000012,0.00026109113333333333,0.9750000000000012,0.0005970184
14,0.9500000000000013,0.0002247523333333333,0.9500000000000013,0.00045570833333333336
15,0.9250000000000014,0.00019231433333333334,0.9250000000000014,0.0003047254666666667
16,0.9000000000000015,0.00016332013333333334,0.9000000000000015,0.00013697253333333335
17,0.8750000000000016,0.0001378328,0.8750000000000016,-4.0129386666666664e-05
18,0.8500000000000016,0.00011559926666666667,0.8500000000000016,-0.00026082653333333336
19,0.8250000000000017,9.619006666666667e-05,0.8250000000000017,-0.0005623136
20,0.8000000000000018,7.960560000000001e-05,0.8000000000000018,-0.0008749553333333334
21,0.7750000000000019,6.427446e-05,0.7750000000000019,-0.001330036
22,0.750000000000002,5.304278666666667e-05,0.750000000000002,-0.0018592813333333333
23,0.7250000000000021,4.3504973333333334e-05,0.7250000000000021,-0.0024701773333333336
24,0.7000000000000022,3.594368e-05,0.7000000000000022,-0.0031569473333333334
25,0.6750000000000023,2.977405333333333e-05,0.6750000000000023,-0.003917538666666666
26,0.6500000000000024,2.5114220000000002e-05,0.6500000000000024,-0.004740021333333334
27,0.6250000000000024,2.1654546666666666e-05,0.6250000000000024,-0.005617833333333333
28,0.6000000000000025,1.8967426666666668e-05,0.6000000000000025,-0.006535475333333334
29,0.5750000000000026,1.67684e-05,0.5750000000000026,-0.0072287466666666675
30,0.5500000000000027,1.5051160000000001e-05,0.5500000000000027,-0.008262720000000001
31,0.5250000000000028,1.361662e-05,0.5250000000000028,-0.00928728
32,0.5000000000000029,1.229186e-05,0.5000000000000029,-0.010294733333333334
33,0.475000000000003,1.1241753333333334e-05,0.475000000000003,-0.011279693333333334
34,0.45000000000000306,1.0144786666666668e-05,0.45000000000000306,-0.012238746666666668
35,0.42500000000000315,9.214386666666667e-06,0.42500000000000315,-0.01317064
36,0.40000000000000324,8.285466666666667e-06,0.40000000000000324,-0.01407512
37,0.37500000000000333,7.454173333333334e-06,0.37500000000000333,-0.014919953333333335
38,0.3500000000000034,6.683893333333333e-06,0.3500000000000034,-0.01572208
39,0.3250000000000035,6.024080000000001e-06,0.3250000000000035,-0.016473593333333335
40,0.3000000000000036,5.284255333333333e-06,0.3000000000000036,-0.01719036
41,0.2750000000000037,4.529887333333334e-06,0.2750000000000037,-0.01782674
42,0.2500000000000038,3.923793333333334e-06,0.2500000000000038,-0.01842006
43,0.22500000000000386,3.3704666666666668e-06,0.22500000000000386,-0.01893698666666667
44,0.20000000000000395,2.8227380000000003e-06,0.20000000000000395,-0.01944082
45,0.17500000000000404,2.315857333333333e-06,0.17500000000000404,-0.01988170666666667
46,0.15000000000000413,1.8577106666666666e-06,0.15000000000000413,-0.020273906666666668
47,0.12500000000000422,1.4174600000000001e-06,0.12500000000000422,-0.02062774666666667
48,0.10000000000000431,1.004694e-06,0.10000000000000431,-0.020938593333333335
49,0.0750000000000044,6.329553333333333e-07,0.0750000000000044,-0.021223186666666668
50,0.050000000000004485,3.0298326666666667e-07,0.050000000000004485,-0.021455380000000003
51,0.025000000000004574,-1.0843140000000001e-07,0.025000000000004574,-0.021672213333333332
52,4.6629367034256575e-15,-5.163750666666667e-07,4.6629367034256575e-15,-0.021867813333333333
53,-0.024999999999995248,-9.169486666666667e-07,-0.024999999999995248,-0.02205158
54,-0.04999999999999516,-1.3420406666666668e-06,-0.04999999999999516,-0.022198706666666665
55,-0.07499999999999507,-1.8058626666666666e-06,-0.07499999999999507,-0.022339993333333332
56,-0.09999999999999498,-2.2222893333333333e-06,-0.09999999999999498,-0.022471933333333333
57,-0.12499999999999489,-2.6946860000000003e-06,-0.12499999999999489,-0.022589400000000003
58,-0.1499999999999948,-3.2326013333333336e-06,-0.1499999999999948,-0.022701353333333334
59,-0.17499999999999472,-3.693925333333334e-06,-0.17499999999999472,-0.022802600000000003
60,-0.19999999999999463,-4.2143813333333335e-06,-0.19999999999999463,-0.02289275333333333
61,-0.22499999999999454,-4.8141293333333335e-06,-0.22499999999999454,-0.022990860000000002
