,2_4R_V_D,2_4R_J_D,2_4R_V_L,2_4R_J_L
0,1.3,0.0020649333333333337,1.3,0.005847207333333333
1,1.2750000000000001,0.002077044,1.2750000000000001,0.005467314666666666
2,1.2500000000000002,0.001990368,1.2500000000000002,0.005021179333333334
3,1.2250000000000003,0.0018626346666666667,1.2250000000000003,0.004565603333333334
4,1.2000000000000004,0.0017170726666666666,1.2000000000000004,0.004124037333333334
5,1.1750000000000005,0.0015652826666666666,1.1750000000000005,0.0037051406666666667
6,1.1500000000000006,0.0014141766666666666,1.1500000000000006,0.0033128746666666667
7,1.1250000000000007,0.001269408,1.1250000000000007,0.002948622
8,1.1000000000000008,0.001132046,1.1000000000000008,0.002610944
9,1.0750000000000008,0.00100497,1.0750000000000008,0.002301864
10,1.050000000000001,0.0008881133333333334,1.050000000000001,0.0020177786666666668
11,1.025000000000001,0.0007811953333333334,1.025000000000001,0.001755156
12,1.000000000000001,0.0006841220000000001,1.000000000000001,0.0015095973333333335
13,0.9750000000000012,0.0005778380666666667,0.9750000000000012,0.0012762406666666666
14,0.9500000000000013,0.0005070410000000001,0.9500000000000013,0.0010492606666666667
15,0.9250000000000014,0.0004373431333333334,0.9250000000000014,0.0008198393333333334
16,0.9000000000000015,0.0003730704,0.9000000000000015,0.0005907586
17,0.8750000000000016,0.00031455880000000005,0.8750000000000016,0.0003236164666666667
18,0.8500000000000016,0.0002619558666666667,0.8500000000000016,4.907907333333333e-05
19,0.8250000000000017,0.00021520373333333334,0.8250000000000017,-0.0002738388
20,0.8000000000000018,0.0001741874,0.8000000000000018,-0.0006980733333333333
21,0.7750000000000019,0.00013877093333333334,0.7750000000000019,-0.0011317873333333334
22,0.750000000000002,0.0001087564,0.750000000000002,-0.0017199053333333335
23,0.7250000000000021,8.391713333333334e-05,0.7250000000000021,-0.002379144
24,0.7000000000000022,6.321302666666667e-05,0.7000000000000022,-0.0031084940000000003
25,0.6750000000000023,4.820358e-05,0.6750000000000023,-0.0039088306666666675
26,0.6500000000000024,3.661942666666667e-05,0.6500000000000024,-0.004761026000000001
27,0.6250000000000024,2.815600666666667e-05,0.6250000000000024,-0.00566362
28,0.6000000000000025,2.1994946666666667e-05,0.6000000000000025,-0.006606229333333334
29,0.5750000000000026,1.7643246666666666e-05,0.5750000000000026,-0.007314926666666667
30,0.5500000000000027,1.454644e-05,0.5500000000000027,-0.00836868
31,0.5250000000000028,1.2144060000000002e-05,0.5250000000000028,-0.009411026666666667
32,0.5000000000000029,1.0333473333333333e-05,0.5000000000000029,-0.010439666666666667
33,0.475000000000003,9.072233333333334e-06,0.475000000000003,-0.011431720000000001
34,0.45000000000000306,7.967640000000001e-06,0.45000000000000306,-0.01239846
35,0.42500000000000315,7.032233333333334e-06,0.42500000000000315,-0.013335506666666668
36,0.40000000000000324,6.27349e-06,0.40000000000000324,-0.014240586666666668
37,0.37500000000000333,5.429247333333334e-06,0.37500000000000333,-0.01508216
38,0.3500000000000034,4.792408666666667e-06,0.3500000000000034,-0.0158811
39,0.3250000000000035,4.215198e-06,0.3250000000000035,-0.016626846666666667
40,0.3000000000000036,3.7179686666666665e-06,0.3000000000000036,-0.0173231
41,0.2750000000000037,3.2627939999999997e-06,0.2750000000000037,-0.017962126666666668
42,0.2500000000000038,2.81355e-06,0.2500000000000038,-0.018543586666666667
43,0.22500000000000386,2.4422753333333334e-06,0.22500000000000386,-0.019042073333333333
44,0.20000000000000395,2.0321673333333335e-06,0.20000000000000395,-0.01953768666666667
45,0.17500000000000404,1.6547606666666669e-06,0.17500000000000404,-0.019966993333333335
46,0.15000000000000413,1.3063153333333334e-06,0.15000000000000413,-0.020346793333333335
47,0.12500000000000422,9.932033333333333e-07,0.12500000000000422,-0.020691906666666666
48,0.10000000000000431,6.852893333333333e-07,0.10000000000000431,-0.020989380000000002
49,0.0750000000000044,3.9353033333333335e-07,0.0750000000000044,-0.021265593333333332
50,0.050000000000004485,1.2392606666666667e-07,0.050000000000004485,-0.021488093333333333
51,0.025000000000004574,-1.4500779999999999e-07,0.025000000000004574,-0.02169506
52,4.6629367034256575e-15,-4.083058666666667e-07,4.6629367034256575e-15,-0.02188212
53,-0.024999999999995248,-6.81424e-07,-0.024999999999995248,-0.02205968666666667
54,-0.04999999999999516,-9.55106e-07,-0.04999999999999516,-0.0221995
55,-0.07499999999999507,-1.2469806666666669e-06,-0.07499999999999507,-0.022333193333333334
56,-0.09999999999999498,-1.5544533333333332e-06,-0.09999999999999498,-0.022462173333333335
57,-0.12499999999999489,-1.8770026666666667e-06,-0.12499999999999489,-0.022574726666666666
58,-0.1499999999999948,-2.1928353333333335e-06,-0.1499999999999948,-0.022681893333333335
59,-0.17499999999999472,-2.5607686666666668e-06,-0.17499999999999472,-0.022777833333333334
60,-0.19999999999999463,-2.9064940000000003e-06,-0.19999999999999463,-0.02286692
61,-0.22499999999999454,-3.2907286666666667e-06,-0.22499999999999454,-0.022962453333333334
