,2_4R_V_D,2_4R_J_D,2_4R_V_L,2_4R_J_L
0,1.3,0.0011520313333333333,1.3,0.0036496053333333334
1,1.2750000000000001,0.0011105726666666667,1.2750000000000001,0.0033649193333333332
2,1.2500000000000002,0.001031488,1.2500000000000002,0.003047848666666667
3,1.2250000000000003,0.0009422226666666667,1.2250000000000003,0.0027331093333333337
4,1.2000000000000004,0.00085127,1.2000000000000004,0.002434481333333333
5,1.1750000000000005,0.0007633866666666667,1.1750000000000005,0.0021563226666666668
6,1.1500000000000006,0.000680764,1.1500000000000006,0.0019002106666666666
7,1.1250000000000007,0.0006075260666666667,1.1250000000000007,0.0016666706666666666
8,1.1000000000000008,0.0005443607333333333,1.1000000000000008,0.0014542440000000002
9,1.0750000000000008,0.00048054826666666663,1.0750000000000008,0.0012624253333333336
10,1.050000000000001,0.0004217437333333334,1.050000000000001,0.0010876866666666668
11,1.025000000000001,0.0003683106666666667,1.025000000000001,0.0009270053333333333
12,1.000000000000001,0.00032003639999999997,1.000000000000001,0.0007762933333333333
13,0.9750000000000012,0.0002762136666666667,0.9750000000000012,0.0006317816666666667
14,0.9500000000000013,0.00023696779999999998,0.9500000000000013,0.0004853244
15,0.9250000000000014,0.00020199813333333333,0.9250000000000014,0.0003295856
16,0.9000000000000015,0.0001707252,0.9000000000000015,0.00015676
17,0.8750000000000016,0.000143179,0.8750000000000016,-2.5031326666666666e-05
18,0.8500000000000016,0.00011898033333333334,0.8500000000000016,-0.00024988420000000004
19,0.8250000000000017,9.825973333333333e-05,0.8250000000000017,-0.0005557268
20,0.8000000000000018,8.045966666666668e-05,0.8000000000000018,-0.000872454
21,0.7750000000000019,6.388876666666667e-05,0.7750000000000019,-0.0013318013333333335
22,0.750000000000002,5.175432e-05,0.750000000000002,-0.0018649446666666666
23,0.7250000000000021,4.1914400000000006e-05,0.7250000000000021,-0.002480270666666667
24,0.7000000000000022,3.376907333333333e-05,0.7000000000000022,-0.0031710226666666667
25,0.6750000000000023,2.760716e-05,0.6750000000000023,-0.003935394666666666
26,0.6500000000000024,2.28338e-05,0.6500000000000024,-0.004761294
27,0.6250000000000024,1.9094940000000002e-05,0.6250000000000024,-0.005639892666666667
28,0.6000000000000025,1.6551286666666667e-05,0.6000000000000025,-0.006562569999999999
29,0.5750000000000026,1.4484140000000002e-05,0.5750000000000026,-0.007261593333333334
30,0.5500000000000027,1.2860540000000001e-05,0.5500000000000027,-0.008296866666666666
31,0.5250000000000028,1.154004e-05,0.5250000000000028,-0.009327613333333333
32,0.5000000000000029,1.0417333333333334e-05,0.5000000000000029,-0.010338533333333334
33,0.475000000000003,9.391573333333334e-06,0.475000000000003,-0.011324653333333334
34,0.45000000000000306,8.513953333333335e-06,0.45000000000000306,-0.012288893333333334
35,0.42500000000000315,7.692820000000002e-06,0.42500000000000315,-0.01322256
36,0.40000000000000324,6.973e-06,0.40000000000000324,-0.014128533333333334
37,0.37500000000000333,6.333250666666667e-06,0.37500000000000333,-0.014973199999999999
38,0.3500000000000034,5.6176646666666666e-06,0.3500000000000034,-0.015777253333333335
39,0.3250000000000035,5.013143333333334e-06,0.3250000000000035,-0.01653438
40,0.3000000000000036,4.3973260000000005e-06,0.3000000000000036,-0.01724698
41,0.2750000000000037,3.856420666666667e-06,0.2750000000000037,-0.017885320000000003
42,0.2500000000000038,3.3428606666666666e-06,0.2500000000000038,-0.018474546666666668
43,0.22500000000000386,2.8827453333333337e-06,0.22500000000000386,-0.018989193333333335
44,0.20000000000000395,2.4184673333333335e-06,0.20000000000000395,-0.019491153333333334
45,0.17500000000000404,1.9878966666666666e-06,0.17500000000000404,-0.019929733333333335
46,0.15000000000000413,1.5900833333333333e-06,0.15000000000000413,-0.020316486666666668
47,0.12500000000000422,1.1481526666666667e-06,0.12500000000000422,-0.020666753333333333
48,0.10000000000000431,8.072893333333334e-07,0.10000000000000431,-0.020973993333333333
49,0.0750000000000044,4.818208666666667e-07,0.0750000000000044,-0.02125648
50,0.050000000000004485,1.8090879999999998e-07,0.050000000000004485,-0.021485333333333335
51,0.025000000000004574,-1.2696380000000001e-07,0.025000000000004574,-0.0217008
52,4.6629367034256575e-15,-4.2344286666666666e-07,4.6629367034256575e-15,-0.021895686666666667
53,-0.024999999999995248,-7.250373333333334e-07,-0.024999999999995248,-0.022076206666666667
54,-0.04999999999999516,-1.03495e-06,-0.04999999999999516,-0.022224293333333336
55,-0.07499999999999507,-1.361748e-06,-0.07499999999999507,-0.022363086666666667
56,-0.09999999999999498,-1.697146e-06,-0.09999999999999498,-0.022494620000000003
57,-0.12499999999999489,-2.0229653333333336e-06,-0.12499999999999489,-0.02261054666666667
58,-0.1499999999999948,-2.409568e-06,-0.1499999999999948,-0.022722433333333333
59,-0.17499999999999472,-2.7960246666666665e-06,-0.17499999999999472,-0.0228213
60,-0.19999999999999463,-3.222445333333333e-06,-0.19999999999999463,-0.022909846666666667
61,-0.22499999999999454,-3.68119e-06,-0.22499999999999454,-0.02300708
