,2_4R_V_D,2_4R_J_D,2_4R_V_L,2_4R_J_L
0,1.3,0.0010206213333333334,1.3,0.003413523333333334
1,1.2750000000000001,0.0009735446666666667,1.2750000000000001,0.0031347746666666666
2,1.2500000000000002,0.0008964186666666666,1.2500000000000002,0.002829586666666667
3,1.2250000000000003,0.0008129966666666667,1.2250000000000003,0.002528132666666667
4,1.2000000000000004,0.0007307926666666667,1.2000000000000004,0.0022431300000000003
5,1.1750000000000005,0.0006706380000000001,1.1750000000000005,0.0019790913333333333
6,1.1500000000000006,0.0006039929333333334,1.1500000000000006,0.0017372840000000002
7,1.1250000000000007,0.0005364720666666666,1.1250000000000007,0.0015179666666666667
8,1.1000000000000008,0.000474097,1.1000000000000008,0.0013191160000000002
9,1.0750000000000008,0.00041765640000000006,1.0750000000000008,0.0011401406666666667
10,1.050000000000001,0.0003668038,1.050000000000001,0.0009775213333333335
11,1.025000000000001,0.0003204872,1.025000000000001,0.000828642
12,1.000000000000001,0.00027944593333333333,1.000000000000001,0.0006890473333333334
13,0.9750000000000012,0.0002417574,0.9750000000000012,0.0005550142
14,0.9500000000000013,0.0002081080666666667,0.9500000000000013,0.00041842480000000003
15,0.9250000000000014,0.00017808246666666666,0.9250000000000014,0.00027258206666666665
16,0.9000000000000015,0.00015162246666666667,0.9000000000000015,0.00010947500000000002
17,0.8750000000000016,0.00012799920000000002,0.8750000000000016,-8.112613333333333e-05
18,0.8500000000000016,0.00010740720000000001,0.8500000000000016,-0.0003107767333333333
19,0.8250000000000017,8.963326666666667e-05,0.8250000000000017,-0.000591158
20,0.8000000000000018,7.425406666666666e-05,0.8000000000000018,-0.0008731839999999999
21,0.7750000000000019,6.007629333333334e-05,0.7750000000000019,-0.0013154006666666667
22,0.750000000000002,4.970135333333333e-05,0.750000000000002,-0.0018314053333333335
23,0.7250000000000021,4.0980793333333336e-05,0.7250000000000021,-0.0024285953333333336
24,0.7000000000000022,3.380599333333333e-05,0.7000000000000022,-0.0031030140000000003
25,0.6750000000000023,2.8221953333333333e-05,0.6750000000000023,-0.003852865333333333
26,0.6500000000000024,2.3959026666666666e-05,0.6500000000000024,-0.004664906666666666
27,0.6250000000000024,2.0614720000000002e-05,0.6250000000000024,-0.005536262666666667
28,0.6000000000000025,1.804580666666667e-05,0.6000000000000025,-0.0064419666666666675
29,0.5750000000000026,1.5984433333333336e-05,0.5750000000000026,-0.00712254
30,0.5500000000000027,1.4407146666666667e-05,0.5500000000000027,-0.008151173333333334
31,0.5250000000000028,1.3037746666666668e-05,0.5250000000000028,-0.00917022
32,0.5000000000000029,1.1746560000000001e-05,0.5000000000000029,-0.010173073333333333
33,0.475000000000003,1.0669066666666666e-05,0.475000000000003,-0.011154980000000002
34,0.45000000000000306,9.667986666666668e-06,0.45000000000000306,-0.012114386666666666
35,0.42500000000000315,8.82494e-06,0.42500000000000315,-0.01304034
36,0.40000000000000324,7.939573333333334e-06,0.40000000000000324,-0.013930086666666666
37,0.37500000000000333,7.130360000000001e-06,0.37500000000000333,-0.01478252
38,0.3500000000000034,6.546199333333333e-06,0.3500000000000034,-0.015598093333333335
39,0.3250000000000035,5.782851333333333e-06,0.3250000000000035,-0.016343093333333333
40,0.3000000000000036,5.0793773333333336e-06,0.3000000000000036,-0.01704686
41,0.2750000000000037,4.435846e-06,0.2750000000000037,-0.01769912
42,0.2500000000000038,3.8700226666666675e-06,0.2500000000000038,-0.018307800000000003
43,0.22500000000000386,3.327880666666667e-06,0.22500000000000386,-0.0188177
44,0.20000000000000395,2.7997380000000003e-06,0.20000000000000395,-0.01932284
45,0.17500000000000404,2.3065986666666667e-06,0.17500000000000404,-0.019769373333333333
46,0.15000000000000413,1.8436420000000001e-06,0.15000000000000413,-0.02016454
47,0.12500000000000422,1.4302560000000002e-06,0.12500000000000422,-0.020521446666666665
48,0.10000000000000431,9.990046666666667e-07,0.10000000000000431,-0.020834106666666668
49,0.0750000000000044,6.156775333333333e-07,0.0750000000000044,-0.021115166666666667
50,0.050000000000004485,2.48269e-07,0.050000000000004485,-0.021365513333333332
51,0.025000000000004574,-1.1390566666666667e-07,0.025000000000004574,-0.021596813333333333
52,4.6629367034256575e-15,-4.773149333333333e-07,4.6629367034256575e-15,-0.02178788666666667
53,-0.024999999999995248,-8.46564e-07,-0.024999999999995248,-0.021960453333333334
54,-0.04999999999999516,-1.2413393333333334e-06,-0.04999999999999516,-0.02212354
55,-0.07499999999999507,-1.6292373333333335e-06,-0.07499999999999507,-0.022280106666666667
56,-0.09999999999999498,-2.056606e-06,-0.09999999999999498,-0.022402086666666668
57,-0.12499999999999489,-2.499984e-06,-0.12499999999999489,-0.022524480000000003
58,-0.1499999999999948,-2.9798213333333333e-06,-0.1499999999999948,-0.022643220000000002
59,-0.17499999999999472,-3.4870673333333337e-06,-0.17499999999999472,-0.022749853333333334
60,-0.19999999999999463,-3.9456060000000006e-06,-0.19999999999999463,-0.022841880000000002
61,-0.22499999999999454,-4.526049333333333e-06,-0.22499999999999454,-0.02294036
