,SLA_4PAC_A_4W_1d_1R_V_D,SLA_4PAC_A_4W_1d_1R_J_D,SLA_4PAC_A_4W_1d_1R_V_L,SLA_4PAC_A_4W_1d_1R_J_L
0,1.25,-5.5168873786407766e-11,1.25,-5.597075728155339e-11
1,1.225,6.617563106796116e-12,1.225,1.035273786407767e-11
2,1.2000000000000002,8.074495145631067e-12,1.2000000000000002,7.458481553398058e-12
3,1.1750000000000003,4.466442718446602e-12,1.1750000000000003,6.744714563106795e-12
4,1.1500000000000004,7.350922330097088e-12,1.1500000000000004,3.341998058252427e-12
5,1.1250000000000004,4.07532427184466e-12,1.1250000000000004,4.300190291262136e-12
6,1.1000000000000005,5.03352427184466e-12,1.1000000000000005,3.390858252427184e-12
7,1.0750000000000006,2.7748757281553398e-12,1.0750000000000006,3.557081553398058e-12
8,1.0500000000000007,3.2050543689320386e-12,1.0500000000000007,9.521617475728155e-12
9,1.0250000000000008,1.7255914563106795e-11,1.0250000000000008,3.3028485436893205e-12
10,1.0000000000000009,4.544679611650485e-12,1.0000000000000009,1.8850644660194174e-12
11,0.975000000000001,1.5721728155339805e-12,0.975000000000001,1.474413980582524e-12
12,0.9500000000000011,2.3837359223300966e-12,0.9500000000000011,1.7090563106796114e-12
13,0.9250000000000012,8.651401941747573e-12,0.9250000000000012,5.552838834951456e-13
14,0.9000000000000012,2.383766990291262e-12,0.9000000000000012,8.877122330097087e-13
15,0.8750000000000013,-3.5406679611650486e-13,0.8750000000000013,5.552838834951456e-13
16,0.8500000000000014,-3.0038563106796113e-12,0.8500000000000014,6.921673786407767e-13
17,0.8250000000000015,-2.5623514563106793e-13,0.8250000000000015,6.392664077669903e-12
18,0.8000000000000016,-1.9282499029126212e-12,0.8000000000000016,-8.136021359223301e-13
19,0.7750000000000017,-2.1825281553398056e-12,0.7750000000000017,-2.123869902912621e-12
20,0.7500000000000018,-6.767401941747573e-13,0.7500000000000018,-2.8669883495145633e-12
21,0.7250000000000019,-5.088970873786408e-14,0.7250000000000019,-1.7803988349514562e-13
22,0.700000000000002,-2.5149592233009706e-12,0.700000000000002,-2.378097087378641e-12
23,0.675000000000002,-3.2287728155339807e-12,0.675000000000002,-1.2340749514563105e-12
24,0.6500000000000021,1.47438427184466e-12,0.6500000000000021,-1.634948932038835e-12
25,0.6250000000000022,4.770267961165049e-13,0.6250000000000022,-2.8669708737864077e-12
26,0.6000000000000023,-5.154980582524271e-12,0.6000000000000023,-4.34343495145631e-12
27,0.5750000000000024,-7.256168932038834e-13,0.5750000000000024,-5.683005825242718e-12
28,0.5500000000000025,-2.250974757281553e-12,0.5500000000000025,-2.681217475728155e-12
29,0.5250000000000026,-1.1939209708737863e-13,0.5250000000000026,-3.815456310679611e-12
30,0.5000000000000027,-2.8376970873786406e-12,0.5000000000000027,-7.78528349514563e-12
31,0.47500000000000275,-4.02946213592233e-13,0.47500000000000275,-6.895493203883495e-12
32,0.45000000000000284,-2.593205825242718e-12,0.45000000000000284,-7.785304854368931e-12
33,0.42500000000000293,-3.766584466019418e-12,0.42500000000000293,-8.880355339805825e-12
34,0.400000000000003,-2.7496446601941745e-12,0.400000000000003,-7.52124854368932e-12
35,0.3750000000000031,-4.656316504854368e-12,0.3750000000000031,-1.1804031067961165e-11
36,0.3500000000000032,-3.443881553398058e-12,0.3500000000000032,-1.4844953398058252e-11
37,0.3250000000000033,-6.5141262135922335e-12,0.3250000000000033,-1.2967598058252427e-11
38,0.3000000000000034,-5.2430252427184464e-12,0.3000000000000034,-1.8883205825242718e-11
39,0.27500000000000346,-6.005708737864077e-12,0.27500000000000346,-2.3204990291262136e-11
40,0.25000000000000355,-7.18881359223301e-12,0.25000000000000355,-1.212664854368932e-11
41,0.22500000000000364,1.3070990291262135e-11,0.22500000000000364,1.7481646601941746e-12
42,0.20000000000000373,-9.183500970873786e-12,0.20000000000000373,-5.520813592233009e-11
43,0.17500000000000382,-1.1608394174757281e-11,0.17500000000000382,-8.392578640776698e-11
44,0.1500000000000039,-1.0650219417475728e-11,0.1500000000000039,-3.1184854368932037e-10
45,0.125000000000004,-1.4160431067961165e-11,0.125000000000004,-1.406877281553398e-07
46,0.10000000000000409,-5.0963475728155335e-12,0.10000000000000409,-4.562570873786408e-11
47,0.07500000000000417,-1.716224854368932e-11,0.07500000000000417,-2.8416679611650483e-11
48,0.05000000000000426,-2.070184466019417e-11,0.05000000000000426,-2.1366757281553396e-11
49,0.025000000000004352,-2.777135922330097e-11,0.025000000000004352,-1.755339223300971e-11
50,4.440892098500626e-15,-4.192974757281553e-11,4.440892098500626e-15,-2.195347572815534e-11
51,-0.02499999999999547,-4.832446601941747e-11,-0.02499999999999547,-1.2654650485436893e-11
52,-0.04999999999999538,-7.581976699029126e-11,-0.04999999999999538,-1.0630654368932039e-11
53,-0.07499999999999529,-1.800133786407767e-10,-0.07499999999999529,-1.0826205825242719e-11
54,-0.0999999999999952,-1.4308341747572816e-07,-0.0999999999999952,-8.489256310679611e-12
55,-0.12499999999999512,-4.714137864077669e-11,-0.12499999999999512,-9.398603883495145e-12
56,-0.14999999999999503,-2.8895728155339802e-11,-0.14999999999999503,-7.0225922330097086e-12
57,-0.17499999999999494,-2.2696582524271842e-11,-0.17499999999999494,-6.875902912621358e-12
58,-0.19999999999999485,-1.1949664077669901e-12,-0.19999999999999485,8.191840776699029e-12
59,-0.22499999999999476,-1.6018244660194174e-11,-0.22499999999999476,-5.32124854368932e-12
