,S2_2R_V_D,S2_2R_J_D,S2_2R_V_L,S2_2R_J_L
0,1.3,0.007248086666666667,1.3,0.008961333333333333
1,1.2750000000000001,0.00668278,1.2750000000000001,0.00798762
2,1.2500000000000002,0.006067505333333333,1.2500000000000002,0.0072763133333333336
3,1.2250000000000003,0.005495638000000001,1.2250000000000003,0.006561484000000001
4,1.2000000000000004,0.004914412,1.2000000000000004,0.005817564000000001
5,1.1750000000000005,0.00435708,1.1750000000000005,0.005132923333333333
6,1.1500000000000006,0.0038260313333333333,1.1500000000000006,0.004487054666666667
7,1.1250000000000007,0.003322504666666667,1.1250000000000007,0.003869460666666667
8,1.1000000000000008,0.0028502740000000003,1.1000000000000008,0.003282466
9,1.0750000000000008,0.002407458,1.0750000000000008,0.0027199066666666665
10,1.050000000000001,0.001997755333333333,1.050000000000001,0.00208419
11,1.025000000000001,0.0016242566666666667,1.025000000000001,0.0015128913333333335
12,1.000000000000001,0.0012908406666666667,1.000000000000001,0.0009621466666666667
13,0.9750000000000012,0.0010019953333333335,0.9750000000000012,0.00046158633333333337
14,0.9500000000000013,0.0007594113333333334,0.9500000000000013,-0.00016457340000000003
15,0.9250000000000014,0.0005494718666666667,0.9250000000000014,-0.0006318239333333334
16,0.9000000000000015,0.0004095406,0.9000000000000015,-0.0013350666666666667
17,0.8750000000000016,0.0003014598,0.8750000000000016,-0.0019980273333333335
18,0.8500000000000016,0.00022304753333333332,0.8500000000000016,-0.002650406
19,0.8250000000000017,0.00016563140000000001,0.8250000000000017,-0.003302440666666667
20,0.8000000000000018,0.0001251874,0.8000000000000018,-0.003951482
21,0.7750000000000019,9.64896e-05,0.7750000000000019,-0.0045861953333333335
22,0.750000000000002,7.485226666666667e-05,0.750000000000002,-0.005206128
23,0.7250000000000021,5.728903333333333e-05,0.7250000000000021,-0.005816204
24,0.7000000000000022,4.55657e-05,0.7000000000000022,-0.006427879333333334
25,0.6750000000000023,3.803010666666667e-05,0.6750000000000023,-0.006983326666666666
26,0.6500000000000024,3.0800566666666664e-05,0.6500000000000024,-0.0070841
27,0.6250000000000024,2.522932e-05,0.6250000000000024,-0.007825033333333333
28,0.6000000000000025,2.1465360000000003e-05,0.6000000000000025,-0.00840018
29,0.5750000000000026,1.788094666666667e-05,0.5750000000000026,-0.008937653333333333
30,0.5500000000000027,1.5153673333333335e-05,0.5500000000000027,-0.009412973333333335
31,0.5250000000000028,1.2186253333333335e-05,0.5250000000000028,-0.009728973333333333
32,0.5000000000000029,9.592406666666668e-06,0.5000000000000029,-0.010204393333333334
33,0.475000000000003,7.612880000000001e-06,0.475000000000003,-0.010653093333333334
34,0.45000000000000306,6.802353333333333e-06,0.45000000000000306,-0.011042726666666667
35,0.42500000000000315,5.20555e-06,0.42500000000000315,-0.011433673333333333
36,0.40000000000000324,4.264852666666667e-06,0.40000000000000324,-0.01181174
37,0.37500000000000333,3.412176e-06,0.37500000000000333,-0.012124426666666667
38,0.3500000000000034,2.6629720000000002e-06,0.3500000000000034,-0.012479546666666667
39,0.3250000000000035,2.5449106666666665e-06,0.3250000000000035,-0.012786166666666668
40,0.3000000000000036,3.772268666666667e-06,0.3000000000000036,-0.013067693333333333
41,0.2750000000000037,3.5914786666666668e-06,0.2750000000000037,-0.013329106666666667
42,0.2500000000000038,2.9138946666666667e-06,0.2500000000000038,-0.01358788
43,0.22500000000000386,2.1951033333333334e-06,0.22500000000000386,-0.013818946666666668
44,0.20000000000000395,1.6475033333333333e-06,0.20000000000000395,-0.014095706666666668
45,0.17500000000000404,1.2085906666666668e-06,0.17500000000000404,-0.014336713333333332
46,0.15000000000000413,6.929993333333333e-07,0.15000000000000413,-0.014556760000000002
47,0.12500000000000422,1.8272013333333334e-07,0.12500000000000422,-0.014752280000000001
48,0.10000000000000431,-2.741322666666667e-07,0.10000000000000431,-0.01493364
49,0.0750000000000044,-6.965193333333334e-07,0.0750000000000044,-0.015073300000000001
50,0.050000000000004485,-1.0782466666666666e-06,0.050000000000004485,-0.015255853333333335
51,0.025000000000004574,-1.464844e-06,0.025000000000004574,-0.015401913333333333
52,4.6629367034256575e-15,-1.8311326666666669e-06,4.6629367034256575e-15,-0.015569379999999999
53,-0.024999999999995248,-2.1984393333333336e-06,-0.024999999999995248,-0.015700413333333336
54,-0.04999999999999516,-2.560310666666667e-06,-0.04999999999999516,-0.01583484666666667
55,-0.07499999999999507,-2.9229353333333335e-06,-0.07499999999999507,-0.015964353333333334
56,-0.09999999999999498,-3.2759553333333334e-06,-0.09999999999999498,-0.016087513333333334
57,-0.12499999999999489,-3.6367413333333335e-06,-0.12499999999999489,-0.016197393333333334
58,-0.1499999999999948,-3.9251733333333336e-06,-0.1499999999999948,-0.01631274
59,-0.17499999999999472,-4.289295333333333e-06,-0.17499999999999472,-0.016401986666666667
60,-0.19999999999999463,-4.690149333333333e-06,-0.19999999999999463,-0.01653556
61,-0.22499999999999454,-5.075664e-06,-0.22499999999999454,-0.016706453333333333
62,-0.24999999999999445,-2.771084e-06,-0.24999999999999445,-0.01688244
63,-0.27499999999999436,-2.8888726666666667e-06,-0.27499999999999436,-0.016943040000000003
