,S2_2F_V_D,S2_2F_J_D,S2_2F_V_L,S2_2F_J_L
0,-0.3,-1.6234053333333333e-06,-0.3,-0.020030806666666668
1,-0.27499999999999997,-7.86136e-07,-0.27499999999999997,-0.018661593333333334
2,-0.24999999999999994,-4.3611793333333334e-07,-0.24999999999999994,-0.017764633333333335
3,-0.22499999999999992,-1.9694026666666668e-07,-0.22499999999999992,-0.01707714
4,-0.1999999999999999,-1.0224440000000001e-07,-0.1999999999999999,-0.016522886666666667
5,-0.17499999999999988,1.23533e-07,-0.17499999999999988,-0.016036013333333335
6,-0.14999999999999986,2.387334e-07,-0.14999999999999986,-0.01562778
7,-0.12499999999999983,3.353340666666667e-07,-0.12499999999999983,-0.015267106666666667
8,-0.09999999999999981,4.1459853333333334e-07,-0.09999999999999981,-0.01494402
9,-0.07499999999999979,4.794862e-07,-0.07499999999999979,-0.014650886666666668
10,-0.04999999999999977,5.363041333333334e-07,-0.04999999999999977,-0.014366046666666668
11,-0.024999999999999745,5.835698666666667e-07,-0.024999999999999745,-0.01412036
12,2.7755575615628914e-16,6.110480666666667e-07,2.7755575615628914e-16,-0.013874226666666668
13,0.0250000000000003,6.637065333333334e-07,0.0250000000000003,-0.01362632666666667
14,0.05000000000000032,7.01008e-07,0.05000000000000032,-0.01337636
15,0.07500000000000034,7.4198e-07,0.07500000000000034,-0.0131427
16,0.10000000000000037,7.865593333333334e-07,0.10000000000000037,-0.012906513333333333
17,0.1250000000000004,8.350526666666667e-07,0.1250000000000004,-0.01265606
18,0.1500000000000004,8.387546666666667e-07,0.1500000000000004,-0.012406546666666667
19,0.17500000000000043,9.528513333333333e-07,0.17500000000000043,-0.012140999999999999
20,0.20000000000000046,1.029842e-06,0.20000000000000046,-0.011873066666666668
21,0.22500000000000048,1.0974780000000001e-06,0.22500000000000048,-0.011586413333333333
22,0.2500000000000005,1.214196e-06,0.2500000000000005,-0.011298366666666667
23,0.2750000000000005,1.329874e-06,0.2750000000000005,-0.010992893333333333
24,0.30000000000000054,1.4624793333333334e-06,0.30000000000000054,-0.010678373333333333
25,0.32500000000000057,1.6182473333333332e-06,0.32500000000000057,-0.01034814
26,0.3500000000000006,1.7956760000000002e-06,0.3500000000000006,-0.0100042
27,0.3750000000000006,2.006974666666667e-06,0.3750000000000006,-0.009636433333333333
28,0.40000000000000063,2.253118666666667e-06,0.40000000000000063,-0.009272386666666667
29,0.42500000000000066,2.5488926666666667e-06,0.42500000000000066,-0.008888486666666667
30,0.4500000000000007,2.9069593333333333e-06,0.4500000000000007,-0.008484726666666666
31,0.4750000000000007,3.3483600000000006e-06,0.4750000000000007,-0.00805874
32,0.5000000000000007,3.890226666666667e-06,0.5000000000000007,-0.007636213333333334
33,0.5250000000000008,4.623664666666666e-06,0.5250000000000008,-0.007191866666666668
34,0.5500000000000007,5.567012666666667e-06,0.5500000000000007,-0.0067368
35,0.5750000000000008,6.8234666666666666e-06,0.5750000000000008,-0.006821433333333334
36,0.6000000000000008,7.990173333333333e-06,0.6000000000000008,-0.0060216386666666665
37,0.6250000000000009,1.0793120000000001e-05,0.6250000000000009,-0.005441033333333334
38,0.6500000000000008,1.3968599999999999e-05,0.6500000000000008,-0.004900475333333334
39,0.6750000000000009,1.8416986666666668e-05,0.6750000000000009,-0.004362550666666667
40,0.7000000000000008,2.472882e-05,0.7000000000000008,-0.00384663
41,0.7250000000000008,3.384184e-05,0.7250000000000008,-0.0033275246666666664
42,0.7500000000000009,4.71467e-05,0.7500000000000009,-0.00279495
43,0.775000000000001,6.674819999999999e-05,0.775000000000001,-0.0022918633333333335
44,0.8000000000000009,9.574406666666668e-05,0.8000000000000009,-0.0017805826666666665
45,0.8250000000000008,0.00013672353333333333,0.8250000000000008,-0.0012791746666666666
46,0.850000000000001,0.00019863153333333334,0.850000000000001,-0.0007813746666666667
47,0.8750000000000011,0.00028852980000000004,0.8750000000000011,-0.0005357011333333334
48,0.900000000000001,0.00041299613333333336,0.900000000000001,-0.0003224762
49,0.9250000000000009,0.0005826773333333334,0.9250000000000009,0.000324058
50,0.9500000000000011,0.0008447286666666666,0.9500000000000011,0.000676052
51,0.9750000000000012,0.001091454,0.9750000000000012,0.0012930933333333333
52,1.000000000000001,0.0014065966666666667,1.000000000000001,0.0018510286666666668
53,1.025000000000001,0.0017711419999999999,1.025000000000001,0.0023918893333333335
54,1.0500000000000012,0.002178194666666667,1.0500000000000012,0.002933552
55,1.0750000000000013,0.0026223073333333335,1.0750000000000013,0.0034859406666666666
56,1.1000000000000012,0.00310383,1.1000000000000012,0.004053439333333334
57,1.125000000000001,0.003618898,1.125000000000001,0.004646073333333334
58,1.1500000000000012,0.004165780666666667,1.1500000000000012,0.005259894666666667
59,1.1750000000000014,0.004743480666666667,1.1750000000000014,0.005900758666666667
60,1.2000000000000013,0.005356781333333334,1.2000000000000013,0.006572686
61,1.2250000000000012,0.006001558,1.2250000000000012,0.007169726666666667
62,1.2500000000000013,0.00667734,1.2500000000000013,0.007958060000000001
63,1.2750000000000015,0.00744468,1.2750000000000015,0.00874812
