,S2_2F_V_D,S2_2F_J_D,S2_2F_V_L,S2_2F_J_L
0,-0.3,-7.889413333333334e-07,-0.3,-0.018233073333333336
1,-0.27499999999999997,-2.2401340000000003e-07,-0.27499999999999997,-0.01634288
2,-0.24999999999999994,-4.096906e-08,-0.24999999999999994,-0.015370353333333335
3,-0.22499999999999992,8.480426666666667e-08,-0.22499999999999992,-0.014728746666666669
4,-0.1999999999999999,6.049963333333334e-08,-0.1999999999999999,-0.014244500000000002
5,-0.17499999999999988,2.467586e-07,-0.17499999999999988,-0.013801846666666668
6,-0.14999999999999986,3.0071646666666665e-07,-0.14999999999999986,-0.013437293333333333
7,-0.12499999999999983,3.437246666666667e-07,-0.12499999999999983,-0.01310706
8,-0.09999999999999981,3.786856e-07,-0.09999999999999981,-0.012810953333333333
9,-0.07499999999999979,4.065196666666667e-07,-0.07499999999999979,-0.012524273333333334
10,-0.04999999999999977,4.341332e-07,-0.04999999999999977,-0.012247946666666667
11,-0.024999999999999745,4.5782240000000003e-07,-0.024999999999999745,-0.011964586666666667
12,2.7755575615628914e-16,4.6135266666666667e-07,2.7755575615628914e-16,-0.011733153333333333
13,0.0250000000000003,5.002304e-07,0.0250000000000003,-0.011463846666666666
14,0.05000000000000032,5.206164666666668e-07,0.05000000000000032,-0.01120224
15,0.07500000000000034,5.422884666666667e-07,0.07500000000000034,-0.010925593333333334
16,0.10000000000000037,5.639830000000001e-07,0.10000000000000037,-0.010678413333333334
17,0.1250000000000004,5.869514666666668e-07,0.1250000000000004,-0.010416626666666666
18,0.1500000000000004,5.574462666666667e-07,0.1500000000000004,-0.010151193333333334
19,0.17500000000000043,6.367482e-07,0.17500000000000043,-0.009881986666666667
20,0.20000000000000046,6.654592e-07,0.20000000000000046,-0.009607713333333334
21,0.22500000000000048,6.755206666666666e-07,0.22500000000000048,-0.009322766666666668
22,0.2500000000000005,7.375153333333334e-07,0.2500000000000005,-0.009055720000000001
23,0.2750000000000005,7.83382e-07,0.2750000000000005,-0.008765400000000001
24,0.30000000000000054,8.358073333333334e-07,0.30000000000000054,-0.008462800000000001
25,0.32500000000000057,9.01232e-07,0.32500000000000057,-0.008178946666666666
26,0.3500000000000006,9.83212e-07,0.3500000000000006,-0.007882626666666667
27,0.3750000000000006,1.0881893333333335e-06,0.3750000000000006,-0.0075854600000000005
28,0.40000000000000063,1.2257033333333334e-06,0.40000000000000063,-0.007285826666666667
29,0.42500000000000066,1.4091633333333334e-06,0.42500000000000066,-0.00696652
30,0.4500000000000007,1.657262e-06,0.4500000000000007,-0.007637086666666668
31,0.4750000000000007,1.9952693333333335e-06,0.4750000000000007,-0.00672496
32,0.5000000000000007,2.4426873333333338e-06,0.5000000000000007,-0.006892586666666666
33,0.5250000000000008,3.097980666666667e-06,0.5250000000000008,-0.006039249333333333
34,0.5500000000000007,3.969232e-06,0.5500000000000007,-0.005586096
35,0.5750000000000008,5.141676666666667e-06,0.5750000000000008,-0.005197286000000001
36,0.6000000000000008,6.7336866666666676e-06,0.6000000000000008,-0.004818752000000001
37,0.6250000000000009,7.295026666666667e-06,0.6250000000000009,-0.004429758666666667
38,0.6500000000000008,1.1086213333333334e-05,0.6500000000000008,-0.004026195333333334
39,0.6750000000000009,1.5060933333333333e-05,0.6750000000000009,-0.003622126
40,0.7000000000000008,2.0546986666666666e-05,0.7000000000000008,-0.0031932466666666666
41,0.7250000000000008,2.8436826666666666e-05,0.7250000000000008,-0.002738752666666667
42,0.7500000000000009,3.998465333333333e-05,0.7500000000000009,-0.0022585693333333334
43,0.775000000000001,5.731943333333334e-05,0.775000000000001,-0.0017536220000000003
44,0.8000000000000009,7.846173333333334e-05,0.8000000000000009,-0.0012259466666666669
45,0.8250000000000008,0.00012431026666666667,0.8250000000000008,-0.0006729286666666667
46,0.850000000000001,0.0001875678,0.850000000000001,-0.0003560504
47,0.8750000000000011,0.00028040166666666664,0.8750000000000011,0.00037956126666666666
48,0.900000000000001,0.0004133872666666667,0.900000000000001,0.000732892
49,0.9250000000000009,0.0005976632666666667,0.9250000000000009,0.0015365486666666667
50,0.9500000000000011,0.0008759960000000001,0.9500000000000011,0.002245042
51,0.9750000000000012,0.0011860693333333335,0.9750000000000012,0.0029420466666666666
52,1.000000000000001,0.0015836173333333334,1.000000000000001,0.0036480093333333334
53,1.025000000000001,0.0020598153333333336,1.025000000000001,0.004368668666666667
54,1.0500000000000012,0.002612436666666667,1.0500000000000012,0.0051156380000000005
55,1.0750000000000013,0.0032362126666666668,1.0750000000000013,0.005889362666666667
56,1.1000000000000012,0.003933084,1.1000000000000012,0.006692960000000001
57,1.125000000000001,0.004697405333333333,1.125000000000001,0.007264313333333334
58,1.1500000000000012,0.005526399333333334,1.1500000000000012,0.00829294
59,1.1750000000000014,0.006420711333333334,1.1750000000000014,0.0092867
60,1.2000000000000013,0.007559806666666666,1.2000000000000013,0.01031198
61,1.2250000000000012,0.008515453333333334,1.2250000000000012,0.01138278
62,1.2500000000000013,0.0096039,1.2500000000000013,0.0125077
63,1.2750000000000015,0.010780366666666668,1.2750000000000015,0.013697146666666668
