,S2_2R_V_D,S2_2R_J_D,S2_2R_V_L,S2_2R_J_L
0,1.3,0.010159093333333334,1.3,0.014464040000000001
1,1.2750000000000001,0.009669113333333333,1.2750000000000001,0.012827733333333334
2,1.2500000000000002,0.008846866666666668,1.2500000000000002,0.011517886666666668
3,1.2250000000000003,0.007970713333333334,1.2250000000000003,0.010347566666666667
4,1.2000000000000004,0.0070981666666666676,1.2000000000000004,0.009260513333333335
5,1.1750000000000005,0.006216589333333334,1.1750000000000005,0.00824134
6,1.1500000000000006,0.0054528960000000005,1.1500000000000006,0.00727428
7,1.1250000000000007,0.004684534000000001,1.1250000000000007,0.006478077333333334
8,1.1000000000000008,0.0039635646666666665,1.1000000000000008,0.005518077333333333
9,1.0750000000000008,0.0032909293333333333,1.0750000000000008,0.0046498193333333335
10,1.050000000000001,0.0026732533333333336,1.050000000000001,0.0038231673333333333
11,1.025000000000001,0.0021168586666666664,1.025000000000001,0.0030313566666666666
12,1.000000000000001,0.0016278306666666666,1.000000000000001,0.0022572006666666668
13,0.9750000000000012,0.0012128446666666668,0.9750000000000012,0.0014982146666666666
14,0.9500000000000013,0.0008750646666666667,0.9500000000000013,0.0007444933333333334
15,0.9250000000000014,0.0006068007333333334,0.9250000000000014,0.0004983815333333334
16,0.9000000000000015,0.000416984,0.9000000000000015,-0.00044850113333333333
17,0.8750000000000016,0.00028014100000000003,0.8750000000000016,-0.0009589006666666666
18,0.8500000000000016,0.0001861614,0.8500000000000016,-0.001880598
19,0.8250000000000017,0.00012318853333333335,0.8250000000000017,-0.0026860940000000004
20,0.8000000000000018,8.191693333333334e-05,0.8000000000000018,-0.003444452
21,0.7750000000000019,6.094632e-05,0.7750000000000019,-0.004158957333333334
22,0.750000000000002,3.801442666666667e-05,0.750000000000002,-0.004847225333333333
23,0.7250000000000021,2.6186220000000005e-05,0.7250000000000021,-0.005502594
24,0.7000000000000022,1.867604e-05,0.7000000000000022,-0.006133436
25,0.6750000000000023,1.3672053333333335e-05,0.6750000000000023,-0.006719766666666667
26,0.6500000000000024,1.0273360000000001e-05,0.6500000000000024,-0.006998693333333334
27,0.6250000000000024,7.874893333333334e-06,0.6250000000000024,-0.007273246666666668
28,0.6000000000000025,9.388540000000001e-06,0.6000000000000025,-0.008017273333333333
29,0.5750000000000026,7.5308800000000005e-06,0.5750000000000026,-0.008583033333333333
30,0.5500000000000027,5.752304666666667e-06,0.5500000000000027,-0.00907334
31,0.5250000000000028,3.2396880000000006e-06,0.5250000000000028,-0.0095152
32,0.5000000000000029,2.2132633333333332e-06,0.5000000000000029,-0.009920313333333333
33,0.475000000000003,1.4457846666666667e-06,0.475000000000003,-0.010292713333333333
34,0.45000000000000306,8.390013333333333e-07,0.45000000000000306,-0.010645613333333333
35,0.42500000000000315,3.58692e-07,0.42500000000000315,-0.01098918
36,0.40000000000000324,-2.1024506666666667e-08,0.40000000000000324,-0.011280726666666668
37,0.37500000000000333,-3.164910666666667e-07,0.37500000000000333,-0.011576106666666667
38,0.3500000000000034,-5.44086e-07,0.3500000000000034,-0.011858333333333334
39,0.3250000000000035,-7.2215e-07,0.3250000000000035,-0.012146873333333334
40,0.3000000000000036,-8.571273333333335e-07,0.3000000000000036,-0.012380206666666668
41,0.2750000000000037,-9.665953333333334e-07,0.2750000000000037,-0.01263424
42,0.2500000000000038,-1.0542293333333333e-06,0.2500000000000038,-0.012871146666666668
43,0.22500000000000386,-1.0201673333333335e-06,0.22500000000000386,-0.013069780000000001
44,0.20000000000000395,-1.1854113333333333e-06,0.20000000000000395,-0.013330846666666667
45,0.17500000000000404,-1.2490506666666668e-06,0.17500000000000404,-0.013547740000000003
46,0.15000000000000413,-1.306304e-06,0.15000000000000413,-0.013762933333333333
47,0.12500000000000422,-1.3597e-06,0.12500000000000422,-0.013966646666666667
48,0.10000000000000431,-1.41509e-06,0.10000000000000431,-0.014174906666666667
49,0.0750000000000044,-1.4679586666666668e-06,0.0750000000000044,-0.014346946666666666
50,0.050000000000004485,-1.5186546666666666e-06,0.050000000000004485,-0.014520533333333335
51,0.025000000000004574,-1.5727746666666666e-06,0.025000000000004574,-0.014696333333333336
52,4.6629367034256575e-15,-1.6197526666666666e-06,4.6629367034256575e-15,-0.014879826666666667
53,-0.024999999999995248,-1.6757946666666668e-06,-0.024999999999995248,-0.015028660000000001
54,-0.04999999999999516,-1.72735e-06,-0.04999999999999516,-0.0151903
55,-0.07499999999999507,-1.778034e-06,-0.07499999999999507,-0.01534708
56,-0.09999999999999498,-1.8276053333333334e-06,-0.09999999999999498,-0.015490506666666667
57,-0.12499999999999489,-1.8785906666666667e-06,-0.12499999999999489,-0.015644920000000003
58,-0.1499999999999948,-1.9291113333333335e-06,-0.1499999999999948,-0.015785206666666666
59,-0.17499999999999472,-1.981632e-06,-0.17499999999999472,-0.015924153333333333
60,-0.19999999999999463,-2.0052460000000003e-06,-0.19999999999999463,-0.01604938666666667
61,-0.22499999999999454,-2.107516666666667e-06,-0.22499999999999454,-0.016212113333333337
62,-0.24999999999999445,-2.199990666666667e-06,-0.24999999999999445,-0.016329086666666666
63,-0.27499999999999436,-2.3251053333333335e-06,-0.27499999999999436,-0.016450293333333334
