,S2_2R_V_D,S2_2R_J_D,S2_2R_V_L,S2_2R_J_L
0,1.3,0.00997622,1.3,0.013861673333333333
1,1.2750000000000001,0.009476573333333333,1.2750000000000001,0.012304526666666668
2,1.2500000000000002,0.008668406666666668,1.2500000000000002,0.0110539
3,1.2250000000000003,0.00781344,1.2250000000000003,0.00992782
4,1.2000000000000004,0.006964293333333333,1.2000000000000004,0.008878933333333333
5,1.1750000000000005,0.006105848666666667,1.1750000000000005,0.007893026666666667
6,1.1500000000000006,0.005360925333333333,1.1500000000000006,0.00695064
7,1.1250000000000007,0.004610584,1.1250000000000007,0.006169868
8,1.1000000000000008,0.0039039313333333334,1.1000000000000008,0.0052337193333333335
9,1.0750000000000008,0.0032426913333333334,1.0750000000000008,0.0043826126666666665
10,1.050000000000001,0.002635140666666667,1.050000000000001,0.0035706506666666666
11,1.025000000000001,0.002085036666666667,1.025000000000001,0.0027819733333333332
12,1.000000000000001,0.0016010800000000002,1.000000000000001,0.002010815333333333
13,0.9750000000000012,0.0011895593333333336,0.9750000000000012,0.0012498446666666667
14,0.9500000000000013,0.000855188,0.9500000000000013,0.0008907586666666668
15,0.9250000000000014,0.000587948,0.9250000000000014,0.00024969380000000005
16,0.9000000000000015,0.00040304020000000003,0.9000000000000015,-0.0006961873333333334
17,0.8750000000000016,0.0002694476,0.8750000000000016,-0.001274796
18,0.8500000000000016,0.00017827693333333333,0.8500000000000016,-0.0022043893333333333
19,0.8250000000000017,0.00011763240000000002,0.8250000000000017,-0.003021118
20,0.8000000000000018,7.793813333333333e-05,0.8000000000000018,-0.0037895613333333335
21,0.7750000000000019,5.7309993333333336e-05,0.7750000000000019,-0.004517650666666667
22,0.750000000000002,3.591317333333333e-05,0.750000000000002,-0.005224114
23,0.7250000000000021,2.4684166666666667e-05,0.7250000000000021,-0.005883912000000001
24,0.7000000000000022,1.7540640000000002e-05,0.7000000000000022,-0.006516261333333333
25,0.6750000000000023,1.2794053333333335e-05,0.6750000000000023,-0.006998680000000001
26,0.6500000000000024,9.609493333333332e-06,0.6500000000000024,-0.00713056
27,0.6250000000000024,7.35892e-06,0.6250000000000024,-0.007937486666666667
28,0.6000000000000025,8.690593333333333e-06,0.6000000000000025,-0.008559086666666669
29,0.5750000000000026,6.797986666666666e-06,0.5750000000000026,-0.00910104
30,0.5500000000000027,4.038744666666667e-06,0.5500000000000027,-0.009583006666666666
31,0.5250000000000028,2.930689333333333e-06,0.5250000000000028,-0.010034453333333334
32,0.5000000000000029,2.090394666666667e-06,0.5000000000000029,-0.010454026666666668
33,0.475000000000003,1.41208e-06,0.475000000000003,-0.010856326666666666
34,0.45000000000000306,8.549513333333333e-07,0.45000000000000306,-0.011201966666666667
35,0.42500000000000315,3.960434e-07,0.42500000000000315,-0.011532526666666666
36,0.40000000000000324,2.430790666666667e-08,0.40000000000000324,-0.011848560000000001
37,0.37500000000000333,-2.713837333333334e-07,0.37500000000000333,-0.01216266
38,0.3500000000000034,-5.101474666666667e-07,0.3500000000000034,-0.012418633333333333
39,0.3250000000000035,-6.979266666666667e-07,0.3250000000000035,-0.01268298
40,0.3000000000000036,-8.446020000000001e-07,0.3000000000000036,-0.01293138
41,0.2750000000000037,-9.69058e-07,0.2750000000000037,-0.013182206666666668
42,0.2500000000000038,-1.0702380000000001e-06,0.2500000000000038,-0.013416886666666667
43,0.22500000000000386,-1.0440253333333335e-06,0.22500000000000386,-0.013608993333333335
44,0.20000000000000395,-1.1548786666666667e-06,0.20000000000000395,-0.013866053333333335
45,0.17500000000000404,-1.2930853333333333e-06,0.17500000000000404,-0.014071120000000001
46,0.15000000000000413,-1.3638840000000002e-06,0.15000000000000413,-0.014301206666666667
47,0.12500000000000422,-1.4275366666666667e-06,0.12500000000000422,-0.01448596666666667
48,0.10000000000000431,-1.4887726666666666e-06,0.10000000000000431,-0.01467336
49,0.0750000000000044,-1.550866e-06,0.0750000000000044,-0.01485752666666667
50,0.050000000000004485,-1.6101773333333336e-06,0.050000000000004485,-0.015054439999999999
51,0.025000000000004574,-1.6666539999999999e-06,0.025000000000004574,-0.015204426666666666
52,4.6629367034256575e-15,-1.7210966666666667e-06,4.6629367034256575e-15,-0.015378493333333335
53,-0.024999999999995248,-1.781968666666667e-06,-0.024999999999995248,-0.015531373333333334
54,-0.04999999999999516,-1.8363166666666666e-06,-0.04999999999999516,-0.015686033333333335
55,-0.07499999999999507,-1.8923006666666668e-06,-0.07499999999999507,-0.015832806666666668
56,-0.09999999999999498,-1.945474e-06,-0.09999999999999498,-0.015970846666666667
57,-0.12499999999999489,-1.9950166666666667e-06,-0.12499999999999489,-0.0161071
58,-0.1499999999999948,-2.0489413333333336e-06,-0.1499999999999948,-0.016243713333333333
59,-0.17499999999999472,-2.1011680000000003e-06,-0.17499999999999472,-0.01637192
60,-0.19999999999999463,-2.1210533333333332e-06,-0.19999999999999463,-0.016475786666666666
61,-0.22499999999999454,-2.212541333333333e-06,-0.22499999999999454,-0.016599560000000003
62,-0.24999999999999445,-2.2867900000000004e-06,-0.24999999999999445,-0.016714506666666667
63,-0.27499999999999436,-2.3811859999999998e-06,-0.27499999999999436,-0.01683446
