,Maxeon_1F_V_D,Maxeon_1F_J_D,Maxeon_1F_V_L,Maxeon_1F_J_L
0,-0.2,-0.0008515751219512196,-0.2,-0.06512626829268293
1,-0.17500000000000002,-0.0007408460975609757,-0.17500000000000002,-0.06503843902439024
2,-0.15000000000000002,-0.0006379417073170732,-0.15000000000000002,-0.06499268292682928
3,-0.12500000000000003,-0.0005423914634146343,-0.12500000000000003,-0.06491348780487805
4,-0.10000000000000003,-0.00045358926829268295,-0.10000000000000003,-0.06483973170731708
5,-0.07500000000000004,-0.00037042,-0.07500000000000004,-0.0647699268292683
6,-0.050000000000000044,-0.00029171682926829273,-0.050000000000000044,-0.06469463414634147
7,-0.02500000000000005,-0.00021668036585365856,-0.02500000000000005,-0.06461546341463414
8,-5.551115123125783e-17,-0.0001435748048780488,-5.551115123125783e-17,-0.0645419268292683
9,0.02499999999999994,-7.139143902439026e-05,0.02499999999999994,-0.06445458536585366
10,0.04999999999999993,1.202719268292683e-06,0.04999999999999993,-0.06436212195121953
11,0.0749999999999999,7.630119512195123e-05,0.0749999999999999,-0.064261
12,0.09999999999999992,0.0001552170243902439,0.09999999999999992,-0.06415180487804878
13,0.12499999999999994,0.0002397675365853659,0.12499999999999994,-0.06401617073170732
14,0.1499999999999999,0.0003318487804878049,0.1499999999999999,-0.06387317073170733
15,0.17499999999999988,0.00043398121951219515,0.17499999999999988,-0.06369719512195123
16,0.1999999999999999,0.0005484434146341464,0.1999999999999999,-0.0634999512195122
17,0.22499999999999992,0.0006785753658536586,0.22499999999999992,-0.06328573170731708
18,0.2499999999999999,0.0008268700000000001,0.2499999999999999,-0.06302139024390245
19,0.27499999999999986,0.000997119268292683,0.27499999999999986,-0.06272373170731707
20,0.2999999999999999,0.0011926395121951221,0.2999999999999999,-0.06237582926829269
21,0.3249999999999999,0.0014159965853658538,0.3249999999999999,-0.061972951219512205
22,0.3499999999999998,0.0016719146341463416,0.3499999999999998,-0.06147604878048781
23,0.37499999999999983,0.0019651619512195124,0.37499999999999983,-0.060824926829268294
24,0.39999999999999986,0.002303318780487805,0.39999999999999986,-0.05991060975609757
25,0.4249999999999999,0.0026991560975609757,0.4249999999999999,-0.05851826829268293
26,0.4499999999999999,0.003183875609756098,0.4499999999999999,-0.05633824390243903
27,0.4749999999999998,0.0038073341463414636,0.4749999999999998,-0.052958756097560976
28,0.49999999999999983,0.004675934146341464,0.49999999999999983,-0.048065219512195126
29,0.5249999999999999,0.005973651219512195,0.5249999999999999,-0.04149826829268293
30,0.5499999999999998,0.007990268292682928,0.5499999999999998,-0.03338241463414634
31,0.5749999999999997,0.011120763414634147,0.5749999999999997,-0.02413855365853659
32,0.5999999999999999,0.015707031707317076,0.5999999999999999,-0.013502817073170734
33,0.6249999999999998,0.02197457073170732,0.6249999999999998,-0.0022267460975609757
34,0.6499999999999999,0.0297099756097561,0.6499999999999999,0.009754831707317073
35,0.6749999999999998,0.03889087804878049,0.6749999999999998,0.022196417073170736
36,0.6999999999999997,0.049085000000000004,0.6999999999999997,0.0350179756097561
37,0.7249999999999999,0.060071512195121954,0.7249999999999999,0.0481888780487805
38,0.7499999999999998,0.07162404878048781,0.7499999999999998,0.06153260975609757
39,0.7749999999999997,0.08364180487804879,0.7749999999999997,0.07509614634146343
40,0.7999999999999998,0.09600782926829268,0.7999999999999998,0.08882065853658537
41,0.8249999999999997,0.10866541463414635,0.8249999999999997,0.10266943902439025
42,0.8499999999999999,0.12165573170731708,0.8499999999999999,0.11675863414634147
43,0.8749999999999998,0.13484939024390247,0.8749999999999998,0.13081419512195122
44,0.8999999999999997,0.14804836585365855,0.8999999999999997,0.14486543902439025
45,0.9249999999999998,0.161380756097561,0.9249999999999998,0.15862351219512194
46,0.9499999999999997,0.17463853658536588,0.9499999999999997,0.172414756097561
47,0.9749999999999999,0.18829400000000002,0.9749999999999999,0.1862778292682927
