,NiOx_D2_112023_15d_2F_V_D,NiOx_D2_112023_15d_2F_J_D,NiOx_D2_112023_15d_2F_V_L,NiOx_D2_112023_15d_2F_J_L
0,-0.25,-6.498030666666666e-05,-0.25,-0.02077970666666667
1,-0.225,-6.478797333333334e-05,-0.225,-0.02065750666666667
2,-0.2,-6.472295333333333e-05,-0.2,-0.02058734666666667
3,-0.17500000000000002,-6.464431333333333e-05,-0.17500000000000002,-0.020539106666666668
4,-0.15000000000000002,-6.459110666666666e-05,-0.15000000000000002,-0.020502093333333336
5,-0.12500000000000003,-6.454086666666667e-05,-0.12500000000000003,-0.020470099999999998
6,-0.10000000000000003,-6.449242e-05,-0.10000000000000003,-0.020442946666666666
7,-0.07500000000000004,-6.443885333333334e-05,-0.07500000000000004,-0.020413700000000003
8,-0.050000000000000044,-6.438499333333334e-05,-0.050000000000000044,-0.020386566666666668
9,-0.02500000000000005,-6.432739333333333e-05,-0.02500000000000005,-0.020359980000000003
10,-5.551115123125783e-17,-6.427908666666667e-05,-5.551115123125783e-17,-0.020336933333333335
11,0.02499999999999991,-6.418871333333334e-05,0.02499999999999991,-0.02030688666666667
12,0.04999999999999993,-6.410165333333334e-05,0.04999999999999993,-0.020279633333333335
13,0.07499999999999996,-6.399972666666668e-05,0.07499999999999996,-0.02024984
14,0.09999999999999992,-6.387868666666667e-05,0.09999999999999992,-0.020218313333333335
15,0.12499999999999989,-6.373418000000001e-05,0.12499999999999989,-0.02018430666666667
16,0.1499999999999999,-6.356216000000001e-05,0.1499999999999999,-0.0201454
17,0.17499999999999993,-6.336616666666666e-05,0.17499999999999993,-0.020104653333333333
18,0.1999999999999999,-6.314620666666667e-05,0.1999999999999999,-0.020058606666666666
19,0.22499999999999987,-6.290683333333333e-05,0.22499999999999987,-0.020002386666666667
20,0.2499999999999999,-6.264139333333334e-05,0.2499999999999999,-0.019942400000000002
21,0.2749999999999999,-6.234882666666666e-05,0.2749999999999999,-0.019877033333333332
22,0.2999999999999998,-6.203790000000001e-05,0.2999999999999998,-0.01980102666666667
23,0.32499999999999984,-6.171070666666667e-05,0.32499999999999984,-0.019714313333333334
24,0.34999999999999987,-6.13754e-05,0.34999999999999987,-0.019617813333333334
25,0.3749999999999999,-6.103182e-05,0.3749999999999999,-0.019521593333333333
26,0.3999999999999999,-6.068976e-05,0.3999999999999999,-0.019412253333333334
27,0.4249999999999998,-6.034434e-05,0.4249999999999998,-0.019294073333333335
28,0.44999999999999984,-6.0006233333333335e-05,0.44999999999999984,-0.019174953333333335
29,0.47499999999999987,-5.9663406666666665e-05,0.47499999999999987,-0.0190429
30,0.4999999999999998,-5.938723333333333e-05,0.4999999999999998,-0.018911813333333333
31,0.5249999999999998,-5.8958506666666664e-05,0.5249999999999998,-0.0187742
32,0.5499999999999998,-5.854690000000001e-05,0.5499999999999998,-0.018634133333333334
33,0.5749999999999998,-5.8052546666666666e-05,0.5749999999999998,-0.01849242666666667
34,0.5999999999999999,-5.7413360000000006e-05,0.5999999999999999,-0.018341580000000003
35,0.6249999999999998,-5.652116e-05,0.6249999999999998,-0.018184673333333335
36,0.6499999999999998,-5.521371333333334e-05,0.6499999999999998,-0.018002453333333335
37,0.6749999999999998,-5.318802000000001e-05,0.6749999999999998,-0.01778736666666667
38,0.6999999999999997,-4.999085333333333e-05,0.6999999999999997,-0.017586213333333333
39,0.7249999999999998,-4.479153333333333e-05,0.7249999999999998,-0.017326213333333333
40,0.7499999999999998,-3.6361633333333334e-05,0.7499999999999998,-0.017013513333333334
41,0.7749999999999997,-2.277998e-05,0.7749999999999997,-0.016636800000000004
42,0.7999999999999998,-5.837299333333333e-06,0.7999999999999998,-0.016239233333333335
43,0.8249999999999997,2.2023566666666667e-05,0.8249999999999997,-0.015756673333333335
44,0.8499999999999996,6.999400000000001e-05,0.8499999999999996,-0.015193573333333333
45,0.8749999999999998,0.0001266296,0.8749999999999998,-0.014559586666666666
46,0.8999999999999997,0.00022937186666666668,0.8999999999999997,-0.013838320000000001
47,0.9249999999999998,0.00035650713333333335,0.9249999999999998,-0.013028413333333334
48,0.9499999999999997,0.0005252661333333333,0.9499999999999997,-0.01211108
49,0.9749999999999996,0.0006855266666666667,0.9749999999999996,-0.01106824
50,0.9999999999999998,0.0010145546666666667,0.9999999999999998,-0.009868113333333334
51,1.0249999999999997,0.0014100546666666667,1.0249999999999997,-0.008488306666666667
52,1.0499999999999998,0.0019490633333333336,1.0499999999999998,-0.006891520000000001
53,1.0749999999999997,0.0026958466666666668,1.0749999999999997,-0.005563189333333334
54,1.0999999999999996,0.003749704666666667,1.0999999999999996,-0.0028611953333333336
55,1.1249999999999998,0.005225392666666667,1.1249999999999998,-0.0004293254666666667
56,1.1499999999999997,0.0072450200000000005,1.1499999999999997,0.0028183460000000002
57,1.1749999999999996,0.009961000000000001,1.1749999999999996,0.006847353333333333
58,1.1999999999999997,0.013374613333333334,1.1999999999999997,0.01128532
59,1.2249999999999996,0.017508413333333334,1.2249999999999996,0.016375973333333335
