,52LA_2R_V_D,52LA_2R_J_D,52LA_2R_V_L,52LA_2R_J_L
0,1.3,0.0039574808000000005,1.3,0.0071253408
1,1.2750000000000001,0.0044865664,1.2750000000000001,0.0064014184
2,1.2500000000000002,0.0043941672,1.2500000000000002,0.0057442968
3,1.2250000000000003,0.004123916,1.2250000000000003,0.0051168512
4,1.2000000000000004,0.0037847888,1.2000000000000004,0.0045073264
5,1.1750000000000005,0.0034177104,1.1750000000000005,0.0039104664
6,1.1500000000000006,0.0030434752,1.1500000000000006,0.0033232176
7,1.1250000000000007,0.0026738815999999997,1.1250000000000007,0.0027444056000000003
8,1.1000000000000008,0.002319652,1.1000000000000008,0.0021748864
9,1.0750000000000008,0.0019827456,1.0750000000000008,0.0016113295999999999
10,1.050000000000001,0.0016728512,1.050000000000001,0.0010544864
11,1.025000000000001,0.0013939744,1.025000000000001,0.0005360288000000001
12,1.000000000000001,0.0011497232,1.000000000000001,1.5755256e-05
13,0.9750000000000012,0.000942972,0.9750000000000012,-0.00054240328
14,0.9500000000000013,0.00075682344,0.9500000000000013,-0.0010743376
15,0.9250000000000014,0.00063155552,0.9250000000000014,-0.001634332
16,0.9000000000000015,0.0005288544,0.9000000000000015,-0.0021688728
17,0.8750000000000016,0.00044773983999999995,0.8750000000000016,-0.0026915695999999998
18,0.8500000000000016,0.00038377176,0.8500000000000016,-0.003203864
19,0.8250000000000017,0.00033253112,0.8250000000000017,-0.0037067719999999997
20,0.8000000000000018,0.00029036432,0.8000000000000018,-0.0042008256
21,0.7750000000000019,0.0002547308,0.7750000000000019,-0.0046862416
22,0.750000000000002,0.00022405304,0.750000000000002,-0.0051640944
23,0.7250000000000021,0.00019716672,0.7250000000000021,-0.0056340856
24,0.7000000000000022,0.00017344128,0.7000000000000022,-0.0060947936000000005
25,0.6750000000000023,0.00015237088,0.6750000000000023,-0.0065490888
26,0.6500000000000024,0.00013356376,0.6500000000000024,-0.0069947672
27,0.6250000000000024,0.00011681656000000001,0.6250000000000024,-0.0074328168
28,0.6000000000000025,0.00010194432,0.6000000000000025,-0.0078658256
29,0.5750000000000026,8.878856e-05,0.5750000000000026,-0.0082868
30,0.5500000000000027,7.7435696e-05,0.5500000000000027,-0.00851108
31,0.5250000000000028,6.6592976e-05,0.5250000000000028,-0.008934736
32,0.5000000000000029,5.7389935999999996e-05,0.5000000000000029,-0.009349056
33,0.475000000000003,4.926832e-05,0.475000000000003,-0.009750544
34,0.45000000000000306,4.2054608e-05,0.45000000000000306,-0.01013768
35,0.42500000000000315,3.5704520000000005e-05,0.42500000000000315,-0.010513831999999999
36,0.40000000000000324,3.0125695999999998e-05,0.40000000000000324,-0.01087592
37,0.37500000000000333,2.5241648000000004e-05,0.37500000000000333,-0.01122724
38,0.3500000000000034,2.098692e-05,0.3500000000000034,-0.011565448
39,0.3250000000000035,1.7307544e-05,0.3250000000000035,-0.011893544
40,0.3000000000000036,1.4144816000000001e-05,0.3000000000000036,-0.012200751999999999
41,0.2750000000000037,1.1388744e-05,0.2750000000000037,-0.012499488
42,0.2500000000000038,9.051495999999999e-06,0.2500000000000038,-0.012782176000000001
43,0.22500000000000386,7.5352624000000005e-06,0.22500000000000386,-0.013040144
44,0.20000000000000395,5.4113456e-06,0.20000000000000395,-0.013296888000000001
45,0.17500000000000404,3.8542736e-06,0.17500000000000404,-0.013538256000000002
46,0.15000000000000413,2.5261896e-06,0.15000000000000413,-0.013764799999999999
47,0.12500000000000422,1.3881055999999999e-06,0.12500000000000422,-0.013977983999999999
48,0.10000000000000431,1.1273656e-06,0.10000000000000431,-0.014179543999999999
49,0.0750000000000044,2.9398216e-07,0.0750000000000044,-0.014370359999999999
50,0.050000000000004485,-8.358472e-07,0.050000000000004485,-0.014551448
51,0.025000000000004574,-1.1372864000000001e-06,0.025000000000004574,-0.014726600000000001
52,4.6629367034256575e-15,-2.2176392e-06,4.6629367034256575e-15,-0.014893535999999999
53,-0.024999999999995248,-3.0530712e-06,-0.024999999999995248,-0.015057168000000001
54,-0.04999999999999516,-3.9323992e-06,-0.04999999999999516,-0.015221144
55,-0.07499999999999507,-4.9245927999999995e-06,-0.07499999999999507,-0.01538052
56,-0.09999999999999498,-6.0602871999999995e-06,-0.09999999999999498,-0.015547064
57,-0.12499999999999489,-7.361564e-06,-0.12499999999999489,-0.015703896000000002
58,-0.1499999999999948,-8.304063999999999e-06,-0.1499999999999948,-0.015862904
59,-0.17499999999999472,-1.0405976e-05,-0.17499999999999472,-0.016021295999999997
60,-0.19999999999999463,-1.234396e-05,-0.19999999999999463,-0.016175344
61,-0.22499999999999454,-1.4540120000000001e-05,-0.22499999999999454,-0.016334968
62,-0.24999999999999445,-1.7002392e-05,-0.24999999999999445,-0.016488871999999998
63,-0.27499999999999436,-1.9749175999999998e-05,-0.27499999999999436,-0.016645176
