,52LA_2F_V_D,52LA_2F_J_D,52LA_2F_V_L,52LA_2F_J_L
0,-0.3,-2.2175088e-05,-0.3,-0.020122008
1,-0.27499999999999997,-1.7318672e-05,-0.27499999999999997,-0.019123032
2,-0.24999999999999994,-1.4362703999999998e-05,-0.24999999999999994,-0.0183142
3,-0.22499999999999992,-1.1768952e-05,-0.22499999999999992,-0.017644384
4,-0.1999999999999999,-9.52576e-06,-0.1999999999999999,-0.017069648
5,-0.17499999999999988,-7.7584624e-06,-0.17499999999999988,-0.016565256
6,-0.14999999999999986,-5.9321808e-06,-0.14999999999999986,-0.016115064000000002
7,-0.12499999999999983,-4.5081048000000006e-06,-0.12499999999999983,-0.015703728
8,-0.09999999999999981,-3.2703592000000003e-06,-0.09999999999999981,-0.015322648
9,-0.07499999999999979,-2.1859552e-06,-0.07499999999999979,-0.014962880000000001
10,-0.04999999999999977,-1.2399144e-06,-0.04999999999999977,-0.014619167999999998
11,-0.024999999999999745,-5.9446632e-07,-0.024999999999999745,-0.014288168
12,2.7755575615628914e-16,3.4980256e-07,2.7755575615628914e-16,-0.013962152
13,0.0250000000000003,9.827392e-07,0.0250000000000003,-0.013644632
14,0.05000000000000032,2.0640448e-06,0.05000000000000032,-0.013330320000000001
15,0.07500000000000034,3.0966736000000003e-06,0.07500000000000034,-0.013018136
16,0.10000000000000037,4.3321536e-06,0.10000000000000037,-0.012703287999999998
17,0.1250000000000004,5.6758624e-06,0.1250000000000004,-0.012393352
18,0.1500000000000004,7.3247512e-06,0.1500000000000004,-0.012079392
19,0.17500000000000043,8.865104e-06,0.17500000000000043,-0.011764488
20,0.20000000000000046,1.1297592e-05,0.20000000000000046,-0.011443384
21,0.22500000000000048,1.3851104e-05,0.22500000000000048,-0.011125464
22,0.2500000000000005,1.6591735999999998e-05,0.2500000000000005,-0.010802328
23,0.2750000000000005,1.9859616e-05,0.2750000000000005,-0.010473192000000001
24,0.30000000000000054,2.3482896e-05,0.30000000000000054,-0.01014256
25,0.32500000000000057,2.7664919999999998e-05,0.32500000000000057,-0.009805232
26,0.3500000000000006,3.2214207999999996e-05,0.3500000000000006,-0.009464351999999999
27,0.3750000000000006,3.7410648e-05,0.3750000000000006,-0.009118904
28,0.40000000000000063,4.3068976e-05,0.40000000000000063,-0.008769568
29,0.42500000000000066,4.9489808000000004e-05,0.42500000000000066,-0.008414424
30,0.4500000000000007,5.640316e-05,0.4500000000000007,-0.008055224
31,0.4750000000000007,6.4241568e-05,0.4750000000000007,-0.0078790096
32,0.5000000000000007,7.2954744e-05,0.5000000000000007,-0.0074145032
33,0.5250000000000008,8.264536e-05,0.5250000000000008,-0.0070127784
34,0.5500000000000007,9.219888000000001e-05,0.5500000000000007,-0.0066173328
35,0.5750000000000008,0.00010526328,0.5750000000000008,-0.006221332
36,0.6000000000000008,0.00011991015999999999,0.6000000000000008,-0.005822364
37,0.6250000000000009,0.00013707655999999999,0.6250000000000009,-0.0054199240000000004
38,0.6500000000000008,0.00015835344,0.6500000000000008,-0.00501268
39,0.6750000000000009,0.00018509008,0.6750000000000009,-0.0046008184
40,0.7000000000000008,0.00021887920000000002,0.7000000000000008,-0.0041839344
41,0.7250000000000008,0.00026286192,0.7250000000000008,-0.00376028
42,0.7500000000000009,0.0003201496,0.7500000000000009,-0.0033312335999999996
43,0.775000000000001,0.00039439999999999994,0.775000000000001,-0.0028959016
44,0.8000000000000009,0.0004893657600000001,0.8000000000000009,-0.0024542672
45,0.8250000000000008,0.00060854888,0.8250000000000008,-0.0020051576000000002
46,0.850000000000001,0.00075426,0.850000000000001,-0.0015517368
47,0.8750000000000011,0.0009078335999999999,0.8750000000000011,-0.0010911776
48,0.900000000000001,0.0011078896,0.900000000000001,-0.00067550448
49,0.9250000000000009,0.0013374616,0.9250000000000009,-0.00017601872
50,0.9500000000000011,0.0015948904,0.9500000000000011,0.00031431584
51,0.9750000000000012,0.0018788464000000001,0.9750000000000012,0.000808752
52,1.000000000000001,0.0021881504,1.000000000000001,0.001271268
53,1.025000000000001,0.002520244,1.025000000000001,0.0017989392
54,1.0500000000000012,0.0028746127999999998,1.0500000000000012,0.0023215816
55,1.0750000000000013,0.0032494648,1.0750000000000013,0.0028492528
56,1.1000000000000012,0.0036433856,1.1000000000000012,0.003382492
57,1.125000000000001,0.004056888,1.125000000000001,0.0039247824
58,1.1500000000000012,0.0044881776,1.1500000000000012,0.0044756864
59,1.1750000000000014,0.0049358136,1.1750000000000014,0.0050352992
60,1.2000000000000013,0.0054001992,1.2000000000000013,0.0056051752000000005
61,1.2250000000000012,0.0058804488,1.2250000000000012,0.0061847632
62,1.2500000000000013,0.006375692,1.2500000000000013,0.0067761392000000005
63,1.2750000000000015,0.006885495199999999,1.2750000000000015,0.0073806928
