,52LA_2R_V_D,52LA_2R_J_D,52LA_2R_V_L,52LA_2R_J_L
0,1.3,0.0035972224,1.3,0.008386552
1,1.2750000000000001,0.004033468,1.2750000000000001,0.007268081599999999
2,1.2500000000000002,0.0039994848,1.2500000000000002,0.0065791104
3,1.2250000000000003,0.0037833208,1.2250000000000003,0.005931271199999999
4,1.2000000000000004,0.0034908264,1.2000000000000004,0.0053065912
5,1.1750000000000005,0.0031659904,1.1750000000000005,0.0046984816
6,1.1500000000000006,0.0028312568,1.1500000000000006,0.004103104
7,1.1250000000000007,0.0025013936,1.1250000000000007,0.0035181504000000004
8,1.1000000000000008,0.002181652,1.1000000000000008,0.0029453648
9,1.0750000000000008,0.0018805672,1.0750000000000008,0.002379188
10,1.050000000000001,0.0016030872,1.050000000000001,0.0018215103999999998
11,1.025000000000001,0.0013527968,1.025000000000001,0.0012711215999999998
12,1.000000000000001,0.0011326104,1.000000000000001,0.0007517487199999999
13,0.9750000000000012,0.0009437336,0.9750000000000012,0.00019426824
14,0.9500000000000013,0.00076891952,0.9500000000000013,-0.0003438328
15,0.9250000000000014,0.0006509516,0.9250000000000014,-0.0008211688
16,0.9000000000000015,0.00055040352,0.9000000000000015,-0.0013699440000000001
17,0.8750000000000016,0.00046857648,0.8750000000000016,-0.0018966696000000001
18,0.8500000000000016,0.00040218351999999995,0.8500000000000016,-0.002412212
19,0.8250000000000017,0.00034753056,0.8250000000000017,-0.0029189528
20,0.8000000000000018,0.000301734,0.8000000000000018,-0.0034178888
21,0.7750000000000019,0.000262644,0.7750000000000019,-0.003909828
22,0.750000000000002,0.00022871224000000002,0.750000000000002,-0.0043956296
23,0.7250000000000021,0.00019908984,0.7250000000000021,-0.004875183999999999
24,0.7000000000000022,0.00017296304,0.7000000000000022,-0.0053472512
25,0.6750000000000023,0.00014985160000000001,0.6750000000000023,-0.0058151936
26,0.6500000000000024,0.00012938352,0.6500000000000024,-0.006279416
27,0.6250000000000024,0.00011138088,0.6250000000000024,-0.006733920799999999
28,0.6000000000000025,9.557592e-05,0.6000000000000025,-0.0071835336
29,0.5750000000000026,8.176032e-05,0.5750000000000026,-0.0076279496
30,0.5500000000000027,7.0068232e-05,0.5500000000000027,-0.008068408000000001
31,0.5250000000000028,5.9363544e-05,0.5250000000000028,-0.008337904
32,0.5000000000000029,5.038868e-05,0.5000000000000029,-0.008776375999999999
33,0.475000000000003,4.2626696e-05,0.475000000000003,-0.009213952000000001
34,0.45000000000000306,3.5902847999999996e-05,0.45000000000000306,-0.009636888
35,0.42500000000000315,3.0005328000000002e-05,0.42500000000000315,-0.010049912
36,0.40000000000000324,2.4832351999999998e-05,0.40000000000000324,-0.01045244
37,0.37500000000000333,2.0359936e-05,0.37500000000000333,-0.010847711999999999
38,0.3500000000000034,1.6482056e-05,0.3500000000000034,-0.011228112
39,0.3250000000000035,1.3071152e-05,0.3250000000000035,-0.011600240000000001
40,0.3000000000000036,1.0143384e-05,0.3000000000000036,-0.011960792000000001
41,0.2750000000000037,8.780648e-06,0.2750000000000037,-0.012308432
42,0.2500000000000038,6.812844e-06,0.2500000000000038,-0.012649152
43,0.22500000000000386,4.6463032e-06,0.22500000000000386,-0.012968584
44,0.20000000000000395,2.9659952e-06,0.20000000000000395,-0.013288272
45,0.17500000000000404,1.6025176000000002e-06,0.17500000000000404,-0.013593695999999999
46,0.15000000000000413,1.6198024e-06,0.15000000000000413,-0.013889576
47,0.12500000000000422,6.9104104e-07,0.12500000000000422,-0.014173992
48,0.10000000000000431,-7.0040112e-07,0.10000000000000431,-0.014446976
49,0.0750000000000044,-5.6151336e-07,0.0750000000000044,-0.014709575999999999
50,0.050000000000004485,-1.7747143999999999e-06,0.050000000000004485,-0.014966160000000001
51,0.025000000000004574,-2.5551672e-06,0.025000000000004574,-0.015206919999999999
52,4.6629367034256575e-15,-3.2547912e-06,4.6629367034256575e-15,-0.015439184
53,-0.024999999999995248,-4.0007184e-06,-0.024999999999995248,-0.015664832
54,-0.04999999999999516,-4.7881208e-06,-0.04999999999999516,-0.015887816
55,-0.07499999999999507,-5.6734424e-06,-0.07499999999999507,-0.016095688
56,-0.09999999999999498,-6.667468e-06,-0.09999999999999498,-0.016300648
57,-0.12499999999999489,-7.8597488e-06,-0.12499999999999489,-0.016496864
58,-0.1499999999999948,-8.302696e-06,-0.1499999999999948,-0.016687112
59,-0.17499999999999472,-1.0239232e-05,-0.17499999999999472,-0.016871568
60,-0.19999999999999463,-1.2013816e-05,-0.19999999999999463,-0.017041136000000002
61,-0.22499999999999454,-1.4001239999999998e-05,-0.22499999999999454,-0.017215816000000002
62,-0.24999999999999445,-1.6120423999999998e-05,-0.24999999999999445,-0.017381888
63,-0.27499999999999436,-1.8525584e-05,-0.27499999999999436,-0.017541904
