,52LA_2F_V_D,52LA_2F_J_D,52LA_2F_V_L,52LA_2F_J_L
0,-0.3,-1.0092239999999999e-05,-0.3,-0.019220736
1,-0.27499999999999997,-3.6065232000000004e-06,-0.27499999999999997,-0.018431552
2,-0.24999999999999994,-2.2178528000000003e-06,-0.24999999999999994,-0.017887616000000002
3,-0.22499999999999992,-1.4150287999999999e-06,-0.22499999999999992,-0.01737276
4,-0.1999999999999999,-8.775648000000001e-07,-0.1999999999999999,-0.016859296
5,-0.17499999999999988,-1.0573304e-06,-0.17499999999999988,-0.016345048
6,-0.14999999999999986,-6.4729488e-07,-0.14999999999999986,-0.015835151999999998
7,-0.12499999999999983,2.4251352000000003e-07,-0.12499999999999983,-0.015327008
8,-0.09999999999999981,6.4880432e-07,-0.09999999999999981,-0.014822288
9,-0.07499999999999979,8.402344e-07,-0.07499999999999979,-0.014324112
10,-0.04999999999999977,8.402344e-07,-0.04999999999999977,-0.013830319999999998
11,-0.024999999999999745,3.1687128e-07,-0.024999999999999745,-0.01334304
12,2.7755575615628914e-16,1.0788736000000001e-06,2.7755575615628914e-16,-0.012860272
13,0.0250000000000003,1.4770904000000001e-06,0.0250000000000003,-0.012387536000000001
14,0.05000000000000032,1.7659568e-06,0.05000000000000032,-0.011921048
15,0.07500000000000034,2.0274096e-06,0.07500000000000034,-0.01146224
16,0.10000000000000037,2.2839248e-06,0.10000000000000037,-0.011011016
17,0.1250000000000004,2.544284e-06,0.1250000000000004,-0.010566648
18,0.1500000000000004,2.8168448e-06,0.1500000000000004,-0.010129599999999999
19,0.17500000000000043,3.1047799999999998e-06,0.17500000000000043,-0.009699704
20,0.20000000000000046,3.4079432e-06,0.20000000000000046,-0.00927684
21,0.22500000000000048,3.6959095999999997e-06,0.22500000000000048,-0.00886032
22,0.2500000000000005,4.0664176e-06,0.2500000000000005,-0.008451776
23,0.2750000000000005,4.438907999999999e-06,0.2750000000000005,-0.008048007999999999
24,0.30000000000000054,4.8227736e-06,0.30000000000000054,-0.007803224
25,0.32500000000000057,5.2330088e-06,0.32500000000000057,-0.0073284176000000005
26,0.3500000000000006,5.6650632e-06,0.3500000000000006,-0.0069271448
27,0.3750000000000006,6.1157728e-06,0.3750000000000006,-0.0065391984
28,0.40000000000000063,6.5879776e-06,0.40000000000000063,-0.0061606664
29,0.42500000000000066,7.124011999999999e-06,0.42500000000000066,-0.0057885248
30,0.4500000000000007,7.7402536e-06,0.4500000000000007,-0.0054228672
31,0.4750000000000007,8.3126e-06,0.4750000000000007,-0.0050641496
32,0.5000000000000007,7.6010576e-06,0.5000000000000007,-0.004708588
33,0.5250000000000008,8.993352e-06,0.5250000000000008,-0.0043585256000000005
34,0.5500000000000007,1.0373983999999999e-05,0.5500000000000007,-0.0040120768
35,0.5750000000000008,1.2170784e-05,0.5750000000000008,-0.0036693136
36,0.6000000000000008,1.474092e-05,0.6000000000000008,-0.0033287584000000004
37,0.6250000000000009,1.8648392e-05,0.6250000000000009,-0.0029871296
38,0.6500000000000008,2.4815352e-05,0.6500000000000008,-0.0026490856
39,0.6750000000000009,3.4587984e-05,0.6750000000000009,-0.0023082111999999998
40,0.7000000000000008,4.9812391999999996e-05,0.7000000000000008,-0.0019672904
41,0.7250000000000008,7.282795199999999e-05,0.7250000000000008,-0.0016182464
42,0.7500000000000009,0.00010767184000000001,0.7500000000000009,-0.0012670424
43,0.775000000000001,0.00015215024,0.775000000000001,-0.00090964
44,0.8000000000000009,0.00020731128,0.8000000000000009,-0.00062541784
45,0.8250000000000008,0.00027218984,0.8250000000000008,-0.00022723112
46,0.850000000000001,0.00034355952,0.850000000000001,0.00016229976
47,0.8750000000000011,0.00041746224,0.8750000000000011,0.0005579251200000001
48,0.900000000000001,0.00048991336,0.900000000000001,0.0008492336
49,0.9250000000000009,0.00055883176,0.9250000000000009,0.0012818792000000002
50,0.9500000000000011,0.0006236076,0.9500000000000011,0.0017086023999999997
51,0.9750000000000012,0.00068547536,0.9750000000000012,0.0021389952
52,1.000000000000001,0.00074687072,1.000000000000001,0.0025733255999999998
53,1.025000000000001,0.000810624,1.025000000000001,0.0030125592
54,1.0500000000000012,0.0009052696000000001,1.0500000000000012,0.0034561128
55,1.0750000000000013,0.00098328,1.0750000000000013,0.0039041904000000002
56,1.1000000000000012,0.0010807224,1.1000000000000012,0.0043563992000000005
57,1.125000000000001,0.0011959575999999999,1.125000000000001,0.0048128376
58,1.1500000000000012,0.0013281032,1.1500000000000012,0.005273568
59,1.1750000000000014,0.0014820616,1.1750000000000014,0.0057373832
60,1.2000000000000013,0.0016576464,1.2000000000000013,0.006205037599999999
61,1.2250000000000012,0.0018571640000000001,1.2250000000000012,0.0066756224
62,1.2500000000000013,0.0020802928,1.2500000000000013,0.0071490656
63,1.2750000000000015,0.002329024,1.2750000000000015,0.007625275199999999
