,52LA_2R_V_D,52LA_2R_J_D,52LA_2R_V_L,52LA_2R_J_L
0,1.3,0.0018045984,1.3,0.00844124
1,1.2750000000000001,0.0019808128,1.2750000000000001,0.0077347936
2,1.2500000000000002,0.0020393656,1.2500000000000002,0.0071664072
3,1.2250000000000003,0.0020371744000000002,1.2250000000000003,0.0066085632000000005
4,1.2000000000000004,0.0019883,1.2000000000000004,0.0060573
5,1.1750000000000005,0.0019004920000000002,1.1750000000000005,0.0055119224
6,1.1500000000000006,0.0017799136,1.1500000000000006,0.0049715728
7,1.1250000000000007,0.0016328456000000002,1.1250000000000007,0.0044364928
8,1.1000000000000008,0.001466276,1.1000000000000008,0.0039080391999999995
9,1.0750000000000008,0.0012862072,1.0750000000000008,0.0033836511999999997
10,1.050000000000001,0.0011007456,1.050000000000001,0.0028642088
11,1.025000000000001,0.0009173664,1.025000000000001,0.0023496512
12,1.000000000000001,0.0007337610399999999,1.000000000000001,0.0018400504000000001
13,0.9750000000000012,0.00058238168,0.9750000000000012,0.0013349024
14,0.9500000000000013,0.00044917912,0.9500000000000013,0.0008347871999999999
15,0.9250000000000014,0.0003404624,0.9250000000000014,0.00034790191999999997
16,0.9000000000000015,0.00025642552,0.9000000000000015,-0.00015834328
17,0.8750000000000016,0.00019398872,0.8750000000000016,-0.00065067768
18,0.8500000000000016,0.00014876768,0.8500000000000016,-0.0011237208
19,0.8250000000000017,0.00011619616,0.8250000000000017,-0.0016225712
20,0.8000000000000018,9.247968e-05,0.8000000000000018,-0.0021071136
21,0.7750000000000019,7.422804e-05,0.7750000000000019,-0.002584284
22,0.750000000000002,6.065759999999999e-05,0.750000000000002,-0.0030564472
23,0.7250000000000021,4.9974831999999995e-05,0.7250000000000021,-0.0035237752
24,0.7000000000000022,4.1260752e-05,0.7000000000000022,-0.0039851032
25,0.6750000000000023,3.3964856e-05,0.6750000000000023,-0.0044433704
26,0.6500000000000024,2.780172e-05,0.6500000000000024,-0.004898012
27,0.6250000000000024,2.2568944e-05,0.6250000000000024,-0.005349160800000001
28,0.6000000000000025,1.8093071999999998e-05,0.6000000000000025,-0.0057934527999999996
29,0.5750000000000026,1.4309656000000001e-05,0.5750000000000026,-0.0062345048
30,0.5500000000000027,1.1086040000000001e-05,0.5500000000000027,-0.006670616799999999
31,0.5250000000000028,8.357808e-06,0.5250000000000028,-0.007104630400000001
32,0.5000000000000029,6.8599384e-06,0.5000000000000029,-0.007530256000000001
33,0.475000000000003,4.5090968e-06,0.475000000000003,-0.0079527
34,0.45000000000000306,2.8175319999999997e-06,0.45000000000000306,-0.008369448
35,0.42500000000000315,1.4360576e-06,0.42500000000000315,-0.008690112
36,0.40000000000000324,1.7039976e-06,0.40000000000000324,-0.0090978
37,0.37500000000000333,1.1957248e-06,0.37500000000000333,-0.009509328000000001
38,0.3500000000000034,4.4482976e-07,0.3500000000000034,-0.0099142
39,0.3250000000000035,-7.33484e-07,0.3250000000000035,-0.010307784
40,0.3000000000000036,-4.5341936e-07,0.3000000000000036,-0.01069384
41,0.2750000000000037,-1.4153232e-06,0.2750000000000037,-0.011074584
42,0.2500000000000038,-1.9146416e-06,0.2500000000000038,-0.011447224
43,0.22500000000000386,-2.2591656e-06,0.22500000000000386,-0.011807808
44,0.20000000000000395,-2.6307576e-06,0.20000000000000395,-0.012168656
45,0.17500000000000404,-2.9051344e-06,0.17500000000000404,-0.012519416
46,0.15000000000000413,-3.1345839999999996e-06,0.15000000000000413,-0.012861592
47,0.12500000000000422,-3.3285072000000003e-06,0.12500000000000422,-0.013196920000000001
48,0.10000000000000431,-3.4946912e-06,0.10000000000000431,-0.013522280000000001
49,0.0750000000000044,-3.6344856e-06,0.0750000000000044,-0.01384
50,0.050000000000004485,-3.7605784e-06,0.050000000000004485,-0.014149055999999998
51,0.025000000000004574,-3.8329152e-06,0.025000000000004574,-0.014453904
52,4.6629367034256575e-15,-3.9335176e-06,4.6629367034256575e-15,-0.014744592
53,-0.024999999999995248,-4.046768e-06,-0.024999999999995248,-0.015028495999999999
54,-0.04999999999999516,-4.1490752000000005e-06,-0.04999999999999516,-0.015303304
55,-0.07499999999999507,-4.2510584000000006e-06,-0.07499999999999507,-0.015572504000000001
56,-0.09999999999999498,-4.3591384e-06,-0.09999999999999498,-0.015827488
57,-0.12499999999999489,-4.4762424e-06,-0.12499999999999489,-0.01607664
58,-0.1499999999999948,-4.6021136e-06,-0.1499999999999948,-0.016316464
59,-0.17499999999999472,-4.7475816e-06,-0.17499999999999472,-0.016546263999999998
60,-0.19999999999999463,-4.8708096e-06,-0.19999999999999463,-0.016762672
61,-0.22499999999999454,-5.0740784e-06,-0.22499999999999454,-0.016976368
62,-0.24999999999999445,-5.2746808e-06,-0.24999999999999445,-0.017181272
63,-0.27499999999999436,-5.4939584e-06,-0.27499999999999436,-0.017376856
