,52LA_2F_V_D,52LA_2F_J_D,52LA_2F_V_L,52LA_2F_J_L
0,-0.3,-2.1381311999999998e-05,-0.3,-0.020321239999999997
1,-0.27499999999999997,-1.4861624e-05,-0.27499999999999997,-0.019564192
2,-0.24999999999999994,-1.212296e-05,-0.24999999999999994,-0.018576152000000002
3,-0.22499999999999992,-9.873664e-06,-0.22499999999999992,-0.017538136
4,-0.1999999999999999,-8.025872e-06,-0.1999999999999999,-0.016612312
5,-0.17499999999999988,-6.7026656e-06,-0.17499999999999988,-0.015834952
6,-0.14999999999999986,-4.9032047999999995e-06,-0.14999999999999986,-0.015163264000000001
7,-0.12499999999999983,-3.5964679999999997e-06,-0.12499999999999983,-0.014560224
8,-0.09999999999999981,-2.4723072e-06,-0.09999999999999981,-0.01400716
9,-0.07499999999999979,-1.4877664e-06,-0.07499999999999979,-0.013491880000000001
10,-0.04999999999999977,-1.2004472e-06,-0.04999999999999977,-0.013006880000000002
11,-0.024999999999999745,-3.8226088e-07,-0.024999999999999745,-0.012545999999999998
12,2.7755575615628914e-16,7.9692408e-07,2.7755575615628914e-16,-0.012107504
13,0.0250000000000003,1.1133008e-06,0.0250000000000003,-0.011679871999999999
14,0.05000000000000032,2.3516352e-06,0.05000000000000032,-0.011274528
15,0.07500000000000034,3.3230992e-06,0.07500000000000034,-0.010882600000000001
16,0.10000000000000037,4.38566e-06,0.10000000000000037,-0.010502807999999999
17,0.1250000000000004,5.5808983999999995e-06,0.1250000000000004,-0.010131056
18,0.1500000000000004,6.9132088e-06,0.1500000000000004,-0.009774904
19,0.17500000000000043,8.37108e-06,0.17500000000000043,-0.00942676
20,0.20000000000000046,9.496760000000001e-06,0.20000000000000046,-0.00908724
21,0.22500000000000048,1.1809808e-05,0.22500000000000048,-0.008761376
22,0.2500000000000005,1.3954016e-05,0.2500000000000005,-0.0084326
23,0.2750000000000005,1.6304352e-05,0.2750000000000005,-0.008112504
24,0.30000000000000054,1.8903616e-05,0.30000000000000054,-0.008204696000000001
25,0.32500000000000057,2.1722128e-05,0.32500000000000057,-0.0076247343999999995
26,0.3500000000000006,2.4819448e-05,0.3500000000000006,-0.007267972
27,0.3750000000000006,2.819204e-05,0.3750000000000006,-0.006940544
28,0.40000000000000063,3.1858912e-05,0.40000000000000063,-0.0066282744
29,0.42500000000000066,3.5830896e-05,0.42500000000000066,-0.0063155432
30,0.4500000000000007,4.0161352e-05,0.4500000000000007,-0.0060138504
31,0.4750000000000007,4.4837152e-05,0.4750000000000007,-0.0057121312
32,0.5000000000000007,4.9976815999999996e-05,0.5000000000000007,-0.005409754399999999
33,0.5250000000000008,5.5527096e-05,0.5250000000000008,-0.0050999936
34,0.5500000000000007,6.1660776e-05,0.5500000000000007,-0.004794556
35,0.5750000000000008,6.8576528e-05,0.5750000000000008,-0.0044851312
36,0.6000000000000008,7.6503304e-05,0.6000000000000008,-0.0041702872
37,0.6250000000000009,8.562008e-05,0.6250000000000009,-0.0038516424
38,0.6500000000000008,9.734048e-05,0.6500000000000008,-0.0035279968
39,0.6750000000000009,0.000110932,0.6750000000000009,-0.0031984216
40,0.7000000000000008,0.00012730784,0.7000000000000008,-0.002864204
41,0.7250000000000008,0.00014738936,0.7250000000000008,-0.0025194744
42,0.7500000000000009,0.00017183608,0.7500000000000009,-0.0021681720000000003
43,0.775000000000001,0.00020163975999999998,0.775000000000001,-0.0018101616
44,0.8000000000000009,0.00023757983999999997,0.8000000000000009,-0.0014433319999999999
45,0.8250000000000008,0.00028080144,0.8250000000000008,-0.0010691951999999998
46,0.850000000000001,0.00033262280000000003,0.850000000000001,-0.0009747416
47,0.8750000000000011,0.00039443752,0.8750000000000011,-0.0005902236800000001
48,0.900000000000001,0.00046832152000000004,0.900000000000001,-0.00011372024
49,0.9250000000000009,0.00055709664,0.9250000000000009,0.00033455768
50,0.9500000000000011,0.00066432416,0.9500000000000011,0.00077757208
51,0.9750000000000012,0.0007944612800000001,0.9750000000000012,0.0010658656
52,1.000000000000001,0.000993188,1.000000000000001,0.0015558768000000001
53,1.025000000000001,0.0011749832,1.025000000000001,0.0020280432000000003
54,1.0500000000000012,0.0014021888,1.0500000000000012,0.0024995552
55,1.0750000000000013,0.0016686151999999999,1.0750000000000013,0.0029704392
56,1.1000000000000012,0.00197378,1.1000000000000012,0.00344382
57,1.125000000000001,0.0023179439999999997,1.125000000000001,0.0039234624
58,1.1500000000000012,0.002697956,1.1500000000000012,0.0044084064
59,1.1750000000000014,0.0031107328,1.1750000000000014,0.0048990168
60,1.2000000000000013,0.0035545095999999997,1.2000000000000013,0.0053952704
61,1.2250000000000012,0.0040232456,1.2250000000000012,0.0058975488
62,1.2500000000000013,0.0045137656,1.2500000000000013,0.0064059664
63,1.2750000000000015,0.0050229184000000005,1.2750000000000015,0.006920999999999999
