,52LA_2R_V_D,52LA_2R_J_D,52LA_2R_V_L,52LA_2R_J_L
0,1.3,0.008124375999999999,1.3,0.00892568
1,1.2750000000000001,0.0079418768,1.2750000000000001,0.008228216
2,1.2500000000000002,0.0075631456,1.2500000000000002,0.0076682856
3,1.2250000000000003,0.0071437615999999995,1.2250000000000003,0.007105426400000001
4,1.2000000000000004,0.0067125480000000005,1.2000000000000004,0.006550179200000001
5,1.1750000000000005,0.006279878399999999,1.1750000000000005,0.005996696
6,1.1500000000000006,0.0058514432,1.1500000000000006,0.005444268800000001
7,1.1250000000000007,0.0054313264,1.1250000000000007,0.0048916967999999995
8,1.1000000000000008,0.0050226279999999995,1.1000000000000008,0.0043422504
9,1.0750000000000008,0.0046273056,1.0750000000000008,0.0037906056
10,1.050000000000001,0.0042481568,1.050000000000001,0.0032400671999999998
11,1.025000000000001,0.0038868272000000003,1.025000000000001,0.0026889128
12,1.000000000000001,0.0035453503999999998,1.000000000000001,0.0021395351999999998
13,0.9750000000000012,0.0032249328,0.9750000000000012,0.0015914408000000002
14,0.9500000000000013,0.0029261936,0.9500000000000013,0.0010438072
15,0.9250000000000014,0.0026484696,0.9250000000000014,0.00051745208
16,0.9000000000000015,0.0023926432,0.9000000000000015,-2.1683392e-05
17,0.8750000000000016,0.0021571584000000003,0.8750000000000016,-0.00056220168
18,0.8500000000000016,0.0019417568,0.8500000000000016,-0.001100192
19,0.8250000000000017,0.0017440087999999999,0.8250000000000017,-0.0016527503999999998
20,0.8000000000000018,0.0015633544,0.8000000000000018,-0.0021916696
21,0.7750000000000019,0.0013978312,0.7750000000000019,-0.0027237864
22,0.750000000000002,0.0012464448,0.750000000000002,-0.0032510207999999997
23,0.7250000000000021,0.001107696,0.7250000000000021,-0.0037735551999999997
24,0.7000000000000022,0.00098134,0.7000000000000022,-0.0042906736
25,0.6750000000000023,0.0008657319999999999,0.6750000000000023,-0.0048030256
26,0.6500000000000024,0.00075655376,0.6500000000000024,-0.0053110536
27,0.6250000000000024,0.0006596921599999999,0.6250000000000024,-0.0058134824
28,0.6000000000000025,0.0005733086400000001,0.6000000000000025,-0.0063100688000000005
29,0.5750000000000026,0.00049511336,0.5750000000000026,-0.0068020832000000005
30,0.5500000000000027,0.00042507016,0.5500000000000027,-0.0072876992
31,0.5250000000000028,0.00036224136,0.5250000000000028,-0.0077665823999999994
32,0.5000000000000029,0.00030640976,0.5000000000000029,-0.008238024
33,0.475000000000003,0.00025701247999999996,0.475000000000003,-0.008646592
34,0.45000000000000306,0.00021346024,0.45000000000000306,-0.009120424
35,0.42500000000000315,0.0001753948,0.42500000000000315,-0.009582143999999999
36,0.40000000000000324,0.00014257144,0.40000000000000324,-0.010031936
37,0.37500000000000333,0.00011454,0.37500000000000333,-0.010470624000000001
38,0.3500000000000034,9.071952e-05,0.3500000000000034,-0.010899752
39,0.3250000000000035,6.9377128e-05,0.3250000000000035,-0.011319008
40,0.3000000000000036,5.3092248e-05,0.3000000000000036,-0.011727072
41,0.2750000000000037,4.0378e-05,0.2750000000000037,-0.012125568
42,0.2500000000000038,3.0188376e-05,0.2500000000000038,-0.012514784000000001
43,0.22500000000000386,2.2165232e-05,0.22500000000000386,-0.012887647999999998
44,0.20000000000000395,1.5830888e-05,0.20000000000000395,-0.01325976
45,0.17500000000000404,1.1241152e-05,0.17500000000000404,-0.013615032
46,0.15000000000000413,7.7944656e-06,0.15000000000000413,-0.013960368
47,0.12500000000000422,4.9554456e-06,0.12500000000000422,-0.01429204
48,0.10000000000000431,3.0227344e-06,0.10000000000000431,-0.014617392000000002
49,0.0750000000000044,1.5741672e-06,0.0750000000000044,-0.014925536
50,0.050000000000004485,7.5675864e-07,0.050000000000004485,-0.015221415999999998
51,0.025000000000004574,-6.1326248e-07,0.025000000000004574,-0.015506496
52,4.6629367034256575e-15,-1.1486904e-06,4.6629367034256575e-15,-0.015780343999999998
53,-0.024999999999995248,-2.3972608e-06,-0.024999999999995248,-0.016040128
54,-0.04999999999999516,-3.4758512e-06,-0.04999999999999516,-0.016290184
55,-0.07499999999999507,-4.6794568e-06,-0.07499999999999507,-0.016525728
56,-0.09999999999999498,-6.090588800000001e-06,-0.09999999999999498,-0.016748831999999998
57,-0.12499999999999489,-7.6854632e-06,-0.12499999999999489,-0.016960024
58,-0.1499999999999948,-9.333024000000001e-06,-0.1499999999999948,-0.017157520000000002
59,-0.17499999999999472,-1.1736712e-05,-0.17499999999999472,-0.017345575999999998
60,-0.19999999999999463,-1.4405696e-05,-0.19999999999999463,-0.017513599999999997
61,-0.22499999999999454,-1.7458392e-05,-0.22499999999999454,-0.017683424
62,-0.24999999999999445,-2.0908496e-05,-0.24999999999999445,-0.017833544
63,-0.27499999999999436,-2.49204e-05,-0.27499999999999436,-0.017974304
