,52LA_2R_V_D,52LA_2R_J_D,52LA_2R_V_L,52LA_2R_J_L
0,1.3,1.2114216e-05,1.3,0.00024642808
1,1.2750000000000001,2.746944e-05,1.2750000000000001,0.00020961736
2,1.2500000000000002,2.7332072000000002e-05,1.2500000000000002,0.00018848408
3,1.2250000000000003,2.6850824e-05,1.2250000000000003,0.00017734184
4,1.2000000000000004,2.56726e-05,1.2000000000000004,0.00016320056
5,1.1750000000000005,2.692948e-05,1.1750000000000005,0.00015315184
6,1.1500000000000006,2.5821016e-05,1.1500000000000006,0.00013878632
7,1.1250000000000007,2.4479272e-05,1.1250000000000007,0.00013338136000000001
8,1.1000000000000008,2.259632e-05,1.1000000000000008,0.00012444576
9,1.0750000000000008,0.0016698528000000002,1.0750000000000008,0.00011480959999999999
10,1.050000000000001,0.001473108,1.050000000000001,0.00010546488000000001
11,1.025000000000001,0.0013740408,1.025000000000001,9.948768000000001e-05
12,1.000000000000001,0.0012897704,1.000000000000001,8.9844e-05
13,0.9750000000000012,0.0012256224,0.9750000000000012,0.00015697368
14,0.9500000000000013,0.001163732,0.9500000000000013,0.000134008
15,0.9250000000000014,0.0011083496,0.9250000000000014,0.00011293168
16,0.9000000000000015,0.00105712,0.9000000000000015,9.278432e-05
17,0.8750000000000016,0.000996364,0.8750000000000016,7.23686e-05
18,0.8500000000000016,0.0009474415999999999,0.8500000000000016,5.1064383999999995e-05
19,0.8250000000000017,0.000896116,0.8250000000000017,3.0495784000000003e-05
20,0.8000000000000018,0.0008463016,0.8000000000000018,9.854544e-06
21,0.7750000000000019,0.000802768,0.7750000000000019,-1.1835632e-05
22,0.750000000000002,0.00075706984,0.750000000000002,-3.3759352e-05
23,0.7250000000000021,0.0007160648799999999,0.7250000000000021,-5.5937152e-05
24,0.7000000000000022,0.00068245536,0.7000000000000022,-7.868451999999999e-05
25,0.6750000000000023,0.0006503743999999999,0.6750000000000023,-0.000108852
26,0.6500000000000024,0.00059839632,0.6500000000000024,-0.00013430528
27,0.6250000000000024,0.00056912576,0.6250000000000024,-0.00016357072
28,0.6000000000000025,0.00052770896,0.6000000000000025,-0.00019411768
29,0.5750000000000026,0.00048198399999999997,0.5750000000000026,-0.00022503000000000003
30,0.5500000000000027,0.00044335088,0.5500000000000027,-0.00025046568
31,0.5250000000000028,0.00039985304000000004,0.5250000000000028,-0.00027756192
32,0.5000000000000029,0.00035722984,0.5000000000000029,-0.00030362552
33,0.475000000000003,0.0003131884,0.475000000000003,-0.000321476
34,0.45000000000000306,0.00027205240000000003,0.45000000000000306,-0.00034149775999999996
35,0.42500000000000315,0.00024063584,0.42500000000000315,-0.00035723119999999997
36,0.40000000000000324,0.00021384152,0.40000000000000324,-0.00036257104
37,0.37500000000000333,0.00018977216,0.37500000000000333,-0.00032280728
38,0.3500000000000034,0.0001731708,0.3500000000000034,-0.00035194176000000004
39,0.3250000000000035,0.00013344848,0.3250000000000035,-0.00036732848
40,0.3000000000000036,0.00010887648,0.3000000000000036,-0.00034557808000000004
41,0.2750000000000037,8.642224e-05,0.2750000000000037,-0.00042750135999999997
42,0.2500000000000038,6.9339416e-05,0.2500000000000038,-0.0004280704
43,0.22500000000000386,5.5370032e-05,0.22500000000000386,-0.0034251704
44,0.20000000000000395,4.2748848e-05,0.20000000000000395,-0.0037251408
45,0.17500000000000404,3.3090888e-05,0.17500000000000404,-0.003962944
46,0.15000000000000413,2.460076e-05,0.15000000000000413,-0.00378972
47,0.12500000000000422,1.7393896000000002e-05,0.12500000000000422,-0.0051169688
48,0.10000000000000431,1.1404903999999999e-05,0.10000000000000431,-0.0053942512
49,0.0750000000000044,6.8376024e-06,0.0750000000000044,-0.0053936696
50,0.050000000000004485,2.4873688e-06,0.050000000000004485,-0.0069129576
51,0.025000000000004574,-1.0465168e-06,0.025000000000004574,-0.0063194696
52,4.6629367034256575e-15,-4.32472e-06,4.6629367034256575e-15,-0.0049214928
53,-0.024999999999995248,-7.4832016e-06,-0.024999999999995248,-0.0061275016
54,-0.04999999999999516,-1.1198864e-05,-0.04999999999999516,-0.008293696
55,-0.07499999999999507,-1.5468632e-05,-0.07499999999999507,-0.010994512
56,-0.09999999999999498,-2.0069624e-05,-0.09999999999999498,-0.012810408
57,-0.12499999999999489,-2.531088e-05,-0.12499999999999489,-0.011887624
58,-0.1499999999999948,-3.1441856e-05,-0.1499999999999948,-0.01313644
59,-0.17499999999999472,-3.8333928e-05,-0.17499999999999472,-0.012443448
60,-0.19999999999999463,-4.6418320000000004e-05,-0.19999999999999463,-0.013755776
61,-0.22499999999999454,-5.57302e-05,-0.22499999999999454,-0.014216351999999998
62,-0.24999999999999445,-6.619112800000001e-05,-0.24999999999999445,-0.012860264
63,-0.27499999999999436,-7.8075968e-05,-0.27499999999999436,-0.013548624
