,52LA_2F_V_D,52LA_2F_J_D,52LA_2F_V_L,52LA_2F_J_L
0,-0.3,-2.2927135999999998e-05,-0.3,-0.020605808
1,-0.27499999999999997,-1.6506800000000003e-05,-0.27499999999999997,-0.019948304
2,-0.24999999999999994,-1.36262e-05,-0.24999999999999994,-0.018973952
3,-0.22499999999999992,-1.1206016000000001e-05,-0.22499999999999992,-0.017948224
4,-0.1999999999999999,-9.165152e-06,-0.1999999999999999,-0.01700488
5,-0.17499999999999988,-7.5726536e-06,-0.17499999999999988,-0.0161886
6,-0.14999999999999986,-5.6628832000000005e-06,-0.14999999999999986,-0.015478432
7,-0.12499999999999983,-4.2416496e-06,-0.12499999999999983,-0.014852672
8,-0.09999999999999981,-3.0232128e-06,-0.09999999999999981,-0.014292896
9,-0.07499999999999979,-1.9693887999999998e-06,-0.07499999999999979,-0.01379236
10,-0.04999999999999977,-1.0320496e-06,-0.04999999999999977,-0.013336136000000002
11,-0.024999999999999745,-5.3999752e-07,-0.024999999999999745,-0.012917999999999999
12,2.7755575615628914e-16,6.4867712e-07,2.7755575615628914e-16,-0.012529736
13,0.0250000000000003,1.049732e-06,0.0250000000000003,-0.012172424
14,0.05000000000000032,2.2615752e-06,0.05000000000000032,-0.011835743999999999
15,0.07500000000000034,3.2781855999999997e-06,0.07500000000000034,-0.011519368
16,0.10000000000000037,4.427182399999999e-06,0.10000000000000037,-0.011217048
17,0.1250000000000004,5.7453904e-06,0.1250000000000004,-0.010926736
18,0.1500000000000004,7.2605184e-06,0.1500000000000004,-0.01064576
19,0.17500000000000043,8.525416e-06,0.17500000000000043,-0.01037308
20,0.20000000000000046,1.0804879999999999e-05,0.20000000000000046,-0.010108048
21,0.22500000000000048,1.3042576e-05,0.22500000000000048,-0.009845768000000001
22,0.2500000000000005,1.5502056e-05,0.2500000000000005,-0.009586344
23,0.2750000000000005,1.8266432e-05,0.2750000000000005,-0.009327464
24,0.30000000000000054,2.1363808e-05,0.30000000000000054,-0.009068256
25,0.32500000000000057,2.4692688000000002e-05,0.32500000000000057,-0.008801976
26,0.3500000000000006,2.841244e-05,0.3500000000000006,-0.00854008
27,0.3750000000000006,3.2481096e-05,0.3750000000000006,-0.008274448
28,0.40000000000000063,3.6985736e-05,0.40000000000000063,-0.008001992
29,0.42500000000000066,4.1819472e-05,0.42500000000000066,-0.00806752
30,0.4500000000000007,4.7129416e-05,0.4500000000000007,-0.0076025712
31,0.4750000000000007,5.2901208e-05,0.4750000000000007,-0.0072579432
32,0.5000000000000007,5.9191536e-05,0.5000000000000007,-0.0069317352
33,0.5250000000000008,6.6063176e-05,0.5250000000000008,-0.006606422400000001
34,0.5500000000000007,7.354788e-05,0.5500000000000007,-0.006278376800000001
35,0.5750000000000008,8.177288000000001e-05,0.5750000000000008,-0.0059477056
36,0.6000000000000008,9.045871999999999e-05,0.6000000000000008,-0.0056074487999999995
37,0.6250000000000009,0.00010101088,0.6250000000000009,-0.0052585031999999995
38,0.6500000000000008,0.00011246912,0.6500000000000008,-0.0049074312
39,0.6750000000000009,0.00012547488,0.6750000000000009,-0.0045473464
40,0.7000000000000008,0.00014033896,0.7000000000000008,-0.00418048
41,0.7250000000000008,0.00015765568,0.7250000000000008,-0.0038066919999999995
42,0.7500000000000009,0.0001779768,0.7500000000000009,-0.003421892
43,0.775000000000001,0.00020221328000000002,0.775000000000001,-0.0030315296
44,0.8000000000000009,0.00023140223999999998,0.8000000000000009,-0.0026328872
45,0.8250000000000008,0.00026763920000000003,0.8250000000000008,-0.0022250704
46,0.850000000000001,0.00031340632,0.850000000000001,-0.0018096471999999998
47,0.8750000000000011,0.00037310232,0.8750000000000011,-0.0013862416
48,0.900000000000001,0.00045176672,0.900000000000001,-0.0009555344
49,0.9250000000000009,0.00055777856,0.9250000000000009,-0.00064086136
50,0.9500000000000011,0.00069765488,0.9500000000000011,-0.00014690984
51,0.9750000000000012,0.0009600648,0.9750000000000012,0.00033152504
52,1.000000000000001,0.0011585976,1.000000000000001,0.0008126784
53,1.025000000000001,0.0014268952,1.025000000000001,0.0011606912
54,1.0500000000000012,0.0017450912,1.0500000000000012,0.0016973696
55,1.0750000000000013,0.0021042416,1.0750000000000013,0.0022237608
56,1.1000000000000012,0.0025083256000000003,1.1000000000000012,0.0027503312
57,1.125000000000001,0.0029442616000000003,1.125000000000001,0.003285924
58,1.1500000000000012,0.0034109623999999997,1.1500000000000012,0.0038283984
59,1.1750000000000014,0.0039019552,1.1750000000000014,0.0043781984
60,1.2000000000000013,0.0044163032,1.2000000000000013,0.0049372696
61,1.2250000000000012,0.0049488944,1.2250000000000012,0.0055045264
62,1.2500000000000013,0.005499012,1.2500000000000013,0.0060799888
63,1.2750000000000015,0.006064356,1.2750000000000015,0.0066636928
