,52LA_2F_V_D,52LA_2F_J_D,52LA_2F_V_L,52LA_2F_J_L
0,-0.3,-1.4415559999999999e-05,-0.3,-0.020189632
1,-0.27499999999999997,-3.1248248000000003e-06,-0.27499999999999997,-0.019907256
2,-0.24999999999999994,-1.439648e-06,-0.24999999999999994,-0.019681744
3,-0.22499999999999992,-1.5376728000000001e-06,-0.22499999999999992,-0.019447192
4,-0.1999999999999999,-1.1241456e-06,-0.1999999999999999,-0.019192368
5,-0.17499999999999988,-7.1723176e-07,-0.17499999999999988,-0.018911696
6,-0.14999999999999986,6.0426e-07,-0.14999999999999986,-0.018604936
7,-0.12499999999999983,8.402320000000001e-07,-0.12499999999999983,-0.018272256
8,-0.09999999999999981,8.402320000000001e-07,-0.09999999999999981,-0.017912472
9,-0.07499999999999979,9.482424e-08,-0.07499999999999979,-0.017533176
10,-0.04999999999999977,1.4249143999999998e-06,-0.04999999999999977,-0.017133488
11,-0.024999999999999745,1.8348776e-06,-0.024999999999999745,-0.016718552
12,2.7755575615628914e-16,2.027952e-06,2.7755575615628914e-16,-0.016290688
13,0.0250000000000003,2.3973656e-06,0.0250000000000003,-0.015856248
14,0.05000000000000032,2.6749728e-06,0.05000000000000032,-0.015415568
15,0.07500000000000034,2.9498583999999998e-06,0.07500000000000034,-0.014971248000000001
16,0.10000000000000037,3.2383384000000004e-06,0.10000000000000037,-0.014524656
17,0.1250000000000004,3.5456912e-06,0.1250000000000004,-0.014077728000000001
18,0.1500000000000004,3.8651727999999994e-06,0.1500000000000004,-0.013630159999999999
19,0.17500000000000043,4.2047168e-06,0.17500000000000043,-0.013184408
20,0.20000000000000046,4.5693376e-06,0.20000000000000046,-0.012739584000000002
21,0.22500000000000048,4.8723792e-06,0.22500000000000048,-0.012295152
22,0.2500000000000005,5.327936e-06,0.2500000000000005,-0.011853824
23,0.2750000000000005,5.7779256e-06,0.2750000000000005,-0.01141436
24,0.30000000000000054,6.2453688e-06,0.30000000000000054,-0.010977624
25,0.32500000000000057,6.769103199999999e-06,0.32500000000000057,-0.010539808000000001
26,0.3500000000000006,7.3778008e-06,0.3500000000000006,-0.010106632
27,0.3750000000000006,7.972713600000001e-06,0.3750000000000006,-0.009674664
28,0.40000000000000063,8.386688e-06,0.40000000000000063,-0.009243704
29,0.42500000000000066,8.399576e-06,0.42500000000000066,-0.008812768
30,0.4500000000000007,6.852036e-06,0.4500000000000007,-0.008385448
31,0.4750000000000007,9.601807999999999e-06,0.4750000000000007,-0.008089304
32,0.5000000000000007,1.1853544000000001e-05,0.5000000000000007,-0.0076093943999999995
33,0.5250000000000008,1.4847776e-05,0.5250000000000008,-0.007170843200000001
34,0.5500000000000007,1.9292744e-05,0.5500000000000007,-0.006738404000000001
35,0.5750000000000008,2.6160240000000003e-05,0.5750000000000008,-0.006308284
36,0.6000000000000008,3.6413527999999996e-05,0.6000000000000008,-0.005880316
37,0.6250000000000009,5.1232072e-05,0.6250000000000009,-0.0054517352
38,0.6500000000000008,7.1468424e-05,0.6500000000000008,-0.0050257192
39,0.6750000000000009,9.463608e-05,0.6750000000000009,-0.004599948
40,0.7000000000000008,0.00012063104000000001,0.7000000000000008,-0.00417504
41,0.7250000000000008,0.00015379864,0.7250000000000008,-0.0037467663999999996
42,0.7500000000000009,0.00019346104,0.7500000000000009,-0.0033208967999999997
43,0.775000000000001,0.00023999864,0.775000000000001,-0.0028933144000000003
44,0.8000000000000009,0.00029400144,0.8000000000000009,-0.0024639688
45,0.8250000000000008,0.00035605896,0.8250000000000008,-0.0020334976
46,0.850000000000001,0.00042671176000000003,0.850000000000001,-0.0016012904000000001
47,0.8750000000000011,0.00050624656,0.8750000000000011,-0.0011668424
48,0.900000000000001,0.00059469672,0.900000000000001,-0.0009456544000000001
49,0.9250000000000009,0.00069222936,0.9250000000000009,-0.00054666944
50,0.9500000000000011,0.0007989095200000001,0.9500000000000011,-0.00024999912
51,0.9750000000000012,0.0008643303999999999,0.9750000000000012,0.00023051776000000001
52,1.000000000000001,0.0009957336000000002,1.000000000000001,0.00070462192
53,1.025000000000001,0.001147004,1.025000000000001,0.001076816
54,1.0500000000000012,0.0013141656,1.0500000000000012,0.0015621296
55,1.0750000000000013,0.0014994143999999998,1.0750000000000013,0.0020443736
56,1.1000000000000012,0.00170434,1.1000000000000012,0.0025268855999999998
57,1.125000000000001,0.0019328744,1.125000000000001,0.0030111648
58,1.1500000000000012,0.0021861032,1.1500000000000012,0.0034978216
59,1.1750000000000014,0.0024695135999999998,1.1750000000000014,0.003986732
60,1.2000000000000013,0.002782356,1.2000000000000013,0.00447822
61,1.2250000000000012,0.0031265800000000003,1.2250000000000012,0.004973296800000001
62,1.2500000000000013,0.0035022744000000002,1.2500000000000013,0.0054715944
63,1.2750000000000015,0.0039053376000000002,1.2750000000000015,0.0059732856
