,52LA_2R_V_D,52LA_2R_J_D,52LA_2R_V_L,52LA_2R_J_L
0,1.3,0.0033357832,1.3,0.0074748832
1,1.2750000000000001,0.0034265744,1.2750000000000001,0.0068152632
2,1.2500000000000002,0.0033766615999999998,1.2500000000000002,0.0061770312
3,1.2250000000000003,0.0032396568,1.2250000000000003,0.0055523576
4,1.2000000000000004,0.0030346136,1.2000000000000004,0.004936664
5,1.1750000000000005,0.0027854816,1.1750000000000005,0.0043292256
6,1.1500000000000006,0.0025130288,1.1500000000000006,0.0037282096
7,1.1250000000000007,0.0022324936,1.1250000000000007,0.0031340304
8,1.1000000000000008,0.0019561888,1.1000000000000008,0.0025469104
9,1.0750000000000008,0.0016903424,1.0750000000000008,0.0019634464
10,1.050000000000001,0.0014413456,1.050000000000001,0.0013851631999999999
11,1.025000000000001,0.0012131288,1.025000000000001,0.0008113392000000001
12,1.000000000000001,0.001008584,1.000000000000001,0.00021682032000000002
13,0.9750000000000012,0.0008302664,0.9750000000000012,-0.00035427032
14,0.9500000000000013,0.00067571952,0.9500000000000013,-0.0009593472
15,0.9250000000000014,0.00055059768,0.9250000000000014,-0.0015237064
16,0.9000000000000015,0.00045189216,0.9000000000000015,-0.002078664
17,0.8750000000000016,0.00037324992,0.8750000000000016,-0.0026286400000000002
18,0.8500000000000016,0.00031059783999999997,0.8500000000000016,-0.0031733928
19,0.8250000000000017,0.00026000264,0.8250000000000017,-0.0037132600000000003
20,0.8000000000000018,0.00021841959999999998,0.8000000000000018,-0.0042483064000000004
21,0.7750000000000019,0.00018351296,0.7750000000000019,-0.0047786592
22,0.750000000000002,0.00015360135999999998,0.750000000000002,-0.005304909599999999
23,0.7250000000000021,0.00012768928,0.7250000000000021,-0.0058249688
24,0.7000000000000022,0.00010516384,0.7000000000000022,-0.0063394904
25,0.6750000000000023,8.54252e-05,0.6750000000000023,-0.006850684
26,0.6500000000000024,6.6444344e-05,0.6500000000000024,-0.007357595999999999
27,0.6250000000000024,5.254992e-05,0.6250000000000024,-0.007857029599999999
28,0.6000000000000025,4.0318288e-05,0.6000000000000025,-0.008352152
29,0.5750000000000026,2.985696e-05,0.5750000000000026,-0.008815712
30,0.5500000000000027,2.1126928e-05,0.5500000000000027,-0.00929604
31,0.5250000000000028,1.395728e-05,0.5250000000000028,-0.009778224
32,0.5000000000000029,8.223544e-06,0.5000000000000029,-0.010253544
33,0.475000000000003,4.4959776e-06,0.475000000000003,-0.010721752
34,0.45000000000000306,9.7014e-07,0.45000000000000306,-0.011181304
35,0.42500000000000315,-1.4876776e-06,0.42500000000000315,-0.011632752
36,0.40000000000000324,-3.287624e-06,0.40000000000000324,-0.012076960000000001
37,0.37500000000000333,-4.5536815999999994e-06,0.37500000000000333,-0.012512239999999999
38,0.3500000000000034,-5.413517599999999e-06,0.3500000000000034,-0.012939455999999998
39,0.3250000000000035,-5.9501168e-06,0.3250000000000035,-0.013357032
40,0.3000000000000036,-6.2513951999999995e-06,0.3000000000000036,-0.01376444
41,0.2750000000000037,-6.401608e-06,0.2750000000000037,-0.014162784000000001
42,0.2500000000000038,-6.4319432e-06,0.2500000000000038,-0.014550072
43,0.22500000000000386,-6.2619968e-06,0.22500000000000386,-0.014922584
44,0.20000000000000395,-6.2752136e-06,0.20000000000000395,-0.015290544
45,0.17500000000000404,-6.190823999999999e-06,0.17500000000000404,-0.015643472
46,0.15000000000000413,-6.0893256e-06,0.15000000000000413,-0.015986800000000002
47,0.12500000000000422,-5.9822440000000005e-06,0.12500000000000422,-0.01631368
48,0.10000000000000431,-5.8757432e-06,0.10000000000000431,-0.016628624
49,0.0750000000000044,-5.769728e-06,0.0750000000000044,-0.01692844
50,0.050000000000004485,-5.6712112e-06,0.050000000000004485,-0.017216816
51,0.025000000000004574,-5.5809576e-06,0.025000000000004574,-0.017486616
52,4.6629367034256575e-15,-5.4582671999999995e-06,4.6629367034256575e-15,-0.017741992
53,-0.024999999999995248,-5.4185152e-06,-0.024999999999995248,-0.017981496
54,-0.04999999999999516,-5.3740616e-06,-0.04999999999999516,-0.018205248
55,-0.07499999999999507,-5.3562632e-06,-0.07499999999999507,-0.01841464
56,-0.09999999999999498,-5.3566952e-06,-0.09999999999999498,-0.018607488
57,-0.12499999999999489,-5.3994111999999995e-06,-0.12499999999999489,-0.018785664
58,-0.1499999999999948,-5.4194943999999995e-06,-0.1499999999999948,-0.018947008
59,-0.17499999999999472,-5.5872864e-06,-0.17499999999999472,-0.019096024
60,-0.19999999999999463,-5.694564e-06,-0.19999999999999463,-0.019224672
61,-0.22499999999999454,-5.9543784e-06,-0.22499999999999454,-0.019348464000000003
62,-0.24999999999999445,-6.226248e-06,-0.24999999999999445,-0.019456144
63,-0.27499999999999436,-6.5592367999999995e-06,-0.27499999999999436,-0.019554816
