,52LA_2F_V_D,52LA_2F_J_D,52LA_2F_V_L,52LA_2F_J_L
0,-0.3,-2.1301392e-05,-0.3,-0.020242080000000003
1,-0.27499999999999997,-1.4830784e-05,-0.27499999999999997,-0.01932728
2,-0.24999999999999994,-1.2098504e-05,-0.24999999999999994,-0.01819104
3,-0.22499999999999992,-9.877232e-06,-0.22499999999999992,-0.017104864
4,-0.1999999999999999,-8.024279999999999e-06,-0.1999999999999999,-0.016188952
5,-0.17499999999999988,-6.696039999999999e-06,-0.17499999999999988,-0.015428207999999999
6,-0.14999999999999986,-4.8997168e-06,-0.14999999999999986,-0.014770143999999999
7,-0.12499999999999983,-3.6016496e-06,-0.12499999999999983,-0.01417996
8,-0.09999999999999981,-2.4759567999999997e-06,-0.09999999999999981,-0.013637128000000002
9,-0.07499999999999979,-1.4923999999999999e-06,-0.07499999999999979,-0.013135024
10,-0.04999999999999977,-1.1955464e-06,-0.04999999999999977,-0.012658456000000002
11,-0.024999999999999745,-3.770256e-07,-0.024999999999999745,-0.012207079999999999
12,2.7755575615628914e-16,8.04996e-07,2.7755575615628914e-16,-0.011773712
13,0.0250000000000003,1.1275967999999998e-06,0.0250000000000003,-0.0113624
14,0.05000000000000032,2.3652328000000002e-06,0.05000000000000032,-0.010963784
15,0.07500000000000034,3.3409984000000004e-06,0.07500000000000034,-0.01057968
16,0.10000000000000037,4.4055472000000005e-06,0.10000000000000037,-0.010208647999999999
17,0.1250000000000004,5.599999199999999e-06,0.1250000000000004,-0.009848784
18,0.1500000000000004,6.9338008e-06,0.1500000000000004,-0.00949992
19,0.17500000000000043,8.379128e-06,0.17500000000000043,-0.009160856
20,0.20000000000000046,9.519656e-06,0.20000000000000046,-0.00882928
21,0.22500000000000048,1.1824008e-05,0.22500000000000048,-0.008506992
22,0.2500000000000005,1.396212e-05,0.2500000000000005,-0.008192008
23,0.2750000000000005,1.6357752e-05,0.2750000000000005,-0.008298936
24,0.30000000000000054,1.8888536e-05,0.30000000000000054,-0.0077176736
25,0.32500000000000057,2.1711128e-05,0.32500000000000057,-0.0073624384
26,0.3500000000000006,2.4791696e-05,0.3500000000000006,-0.0070432544
27,0.3750000000000006,2.8136456000000004e-05,0.3750000000000006,-0.0067363672
28,0.40000000000000063,3.1796536e-05,0.40000000000000063,-0.0064370992
29,0.42500000000000066,3.5734032e-05,0.42500000000000066,-0.0061410944
30,0.4500000000000007,4.0040824000000004e-05,0.4500000000000007,-0.0058490104
31,0.4750000000000007,4.468788e-05,0.4750000000000007,-0.0055559288
32,0.5000000000000007,4.9749864000000004e-05,0.5000000000000007,-0.0052646352
33,0.5250000000000008,5.526923999999999e-05,0.5250000000000008,-0.004964844
34,0.5500000000000007,6.136136000000001e-05,0.5500000000000007,-0.0046690136
35,0.5750000000000008,6.819092e-05,0.5750000000000008,-0.004369204
36,0.6000000000000008,7.5991952e-05,0.6000000000000008,-0.00406312
37,0.6250000000000009,8.494096e-05,0.6250000000000009,-0.00374928
38,0.6500000000000008,9.641216e-05,0.6500000000000008,-0.0034367456
39,0.6750000000000009,0.00010976184,0.6750000000000009,-0.0031143368
40,0.7000000000000008,0.00012587968,0.7000000000000008,-0.0027875696
41,0.7250000000000008,0.00014566264,0.7250000000000008,-0.0024501648
42,0.7500000000000009,0.00016987832,0.7500000000000009,-0.0021043488
43,0.775000000000001,0.0001994648,0.775000000000001,-0.0017517112
44,0.8000000000000009,0.00023518416,0.8000000000000009,-0.001390248
45,0.8250000000000008,0.00027831663999999996,0.8250000000000008,-0.0010209128
46,0.850000000000001,0.00033002336,0.850000000000001,-0.0009262952
47,0.8750000000000011,0.00039164632,0.8750000000000011,-0.00054411928
48,0.900000000000001,0.00046484791999999996,0.900000000000001,-0.0002705148
49,0.9250000000000009,0.00055253104,0.9250000000000009,0.00022732752
50,0.9500000000000011,0.00065792136,0.9500000000000011,0.00069402312
51,0.9750000000000012,0.00078518592,0.9750000000000012,0.0010161448
52,1.000000000000001,0.0009787336,1.000000000000001,0.0015117528
53,1.025000000000001,0.0011567672,1.025000000000001,0.0019892432
54,1.0500000000000012,0.0013788984,1.0500000000000012,0.0024631936
55,1.0750000000000013,0.001639616,1.0750000000000013,0.002937668
56,1.1000000000000012,0.0019386784,1.1000000000000012,0.0034139408
57,1.125000000000001,0.0022767943999999997,1.125000000000001,0.00389604
58,1.1500000000000012,0.00265234,1.1500000000000012,0.0043822536
59,1.1750000000000014,0.0030595648,1.1750000000000014,0.0048735384
60,1.2000000000000013,0.0034976976,1.2000000000000013,0.0053707136
61,1.2250000000000012,0.0039623736,1.2250000000000012,0.0058747056
62,1.2500000000000013,0.0044525616,1.2500000000000013,0.0063826151999999995
63,1.2750000000000015,0.0049569504,1.2750000000000015,0.006897016000000001
