,52LA_2F_V_D,52LA_2F_J_D,52LA_2F_V_L,52LA_2F_J_L
0,-0.3,-1.3275664e-05,-0.3,-0.020161656
1,-0.27499999999999997,-2.4273936e-06,-0.27499999999999997,-0.019885336
2,-0.24999999999999994,-9.438944000000001e-07,-0.24999999999999994,-0.019668608
3,-0.22499999999999992,-1.0656367999999999e-06,-0.22499999999999992,-0.019444040000000003
4,-0.1999999999999999,-6.803272e-07,-0.1999999999999999,-0.019203184
5,-0.17499999999999988,5.2268784e-07,-0.17499999999999988,-0.018934087999999998
6,-0.14999999999999986,8.134952e-07,-0.14999999999999986,-0.018645144
7,-0.12499999999999983,8.402328000000001e-07,-0.12499999999999983,-0.0183316
8,-0.09999999999999981,8.402328000000001e-07,-0.09999999999999981,-0.017993096
9,-0.07499999999999979,1.77244e-07,-0.07499999999999979,-0.017631104
10,-0.04999999999999977,1.412084e-06,-0.04999999999999977,-0.0172512
11,-0.024999999999999745,1.7787696e-06,-0.024999999999999745,-0.016853296
12,2.7755575615628914e-16,2.0188736000000002e-06,2.7755575615628914e-16,-0.016440664
13,0.0250000000000003,2.3007064e-06,0.0250000000000003,-0.016017584
14,0.05000000000000032,2.5420288e-06,0.05000000000000032,-0.015588736
15,0.07500000000000034,2.791948e-06,0.07500000000000034,-0.015153928
16,0.10000000000000037,3.0513792e-06,0.10000000000000037,-0.014715512
17,0.1250000000000004,3.3162591999999997e-06,0.1250000000000004,-0.014272512000000001
18,0.1500000000000004,3.5928248e-06,0.1500000000000004,-0.01383104
19,0.17500000000000043,3.8788480000000005e-06,0.17500000000000043,-0.013387992000000001
20,0.20000000000000046,4.1782696e-06,0.20000000000000046,-0.012945464
21,0.22500000000000048,4.4336232e-06,0.22500000000000048,-0.01250256
22,0.2500000000000005,4.8108192e-06,0.2500000000000005,-0.012061632
23,0.2750000000000005,5.168185599999999e-06,0.2750000000000005,-0.011621776
24,0.30000000000000054,5.54134e-06,0.30000000000000054,-0.011184168
25,0.32500000000000057,5.9502384e-06,0.32500000000000057,-0.010746824
26,0.3500000000000006,6.4089792e-06,0.3500000000000006,-0.010311272
27,0.3750000000000006,6.9457424e-06,0.3750000000000006,-0.009877239999999999
28,0.40000000000000063,7.534123200000001e-06,0.40000000000000063,-0.00944392
29,0.42500000000000066,8.09788e-06,0.42500000000000066,-0.009012664
30,0.4500000000000007,8.399576e-06,0.4500000000000007,-0.008580632000000001
31,0.4750000000000007,6.8068176e-06,0.4750000000000007,-0.008151967999999999
32,0.5000000000000007,1.0015752e-05,0.5000000000000007,-0.007841088
33,0.5250000000000008,1.3099695999999998e-05,0.5250000000000008,-0.0073670448
34,0.5500000000000007,1.7509608e-05,0.5500000000000007,-0.0069289688
35,0.5750000000000008,2.4127752e-05,0.5750000000000008,-0.0064965312
36,0.6000000000000008,3.3915424e-05,0.6000000000000008,-0.00606576
37,0.6250000000000009,4.7845392e-05,0.6250000000000009,-0.0056374648
38,0.6500000000000008,6.663188e-05,0.6500000000000008,-0.0052090888
39,0.6750000000000009,8.481616000000001e-05,0.6750000000000009,-0.0047818135999999995
40,0.7000000000000008,0.00010797967999999998,0.7000000000000008,-0.0043572608
41,0.7250000000000008,0.00013769848,0.7250000000000008,-0.0039303103999999995
42,0.7500000000000009,0.00017344136,0.7500000000000009,-0.003502408
43,0.775000000000001,0.00021563352000000002,0.775000000000001,-0.003076044
44,0.8000000000000009,0.00026492904,0.8000000000000009,-0.0026488312
45,0.8250000000000008,0.00032194312,0.8250000000000008,-0.002220556
46,0.850000000000001,0.00038723512,0.850000000000001,-0.00179018
47,0.8750000000000011,0.00046096336,0.8750000000000011,-0.0013598712
48,0.900000000000001,0.0005431949600000001,0.900000000000001,-0.0009284376
49,0.9250000000000009,0.00063344896,0.9250000000000009,-0.00057142864
50,0.9500000000000011,0.00073146208,0.9500000000000011,-0.0001229808
51,0.9750000000000012,0.0008376984,0.9750000000000012,0.00032061152
52,1.000000000000001,0.0009110408000000001,1.000000000000001,0.00076553104
53,1.025000000000001,0.0010443752,1.025000000000001,0.0010929552000000001
54,1.0500000000000012,0.0011982664,1.0500000000000012,0.0015551656
55,1.0750000000000013,0.0013691343999999999,1.0750000000000013,0.0020147824000000003
56,1.1000000000000012,0.0015592672,1.1000000000000012,0.0024748144
57,1.125000000000001,0.0017714304,1.125000000000001,0.0029382111999999997
58,1.1500000000000012,0.0020081496,1.1500000000000012,0.0034040168000000004
59,1.1750000000000014,0.0022708176,1.1750000000000014,0.0038725448
60,1.2000000000000013,0.0025650592,1.2000000000000013,0.0043444296
61,1.2250000000000012,0.0028893792,1.2250000000000012,0.0048205176
62,1.2500000000000013,0.0032450776,1.2500000000000013,0.005299216000000001
63,1.2750000000000015,0.0036315968,1.2750000000000015,0.0057820808000000005
