,52LA_2R_V_D,52LA_2R_J_D,52LA_2R_V_L,52LA_2R_J_L
0,1.3,0.0050199032,1.3,0.0070456792
1,1.2750000000000001,0.0054301912,1.2750000000000001,0.0063655327999999995
2,1.2500000000000002,0.005217761600000001,1.2500000000000002,0.0057200568
3,1.2250000000000003,0.004856219199999999,1.2250000000000003,0.0050867776
4,1.2000000000000004,0.0044397272,1.2000000000000004,0.0044617568
5,1.1750000000000005,0.004003309599999999,1.1750000000000005,0.0038420832
6,1.1500000000000006,0.0035643752,1.1500000000000006,0.003227524
7,1.1250000000000007,0.003132924,1.1250000000000007,0.0026179576
8,1.1000000000000008,0.0027159776,1.1000000000000008,0.0020148328
9,1.0750000000000008,0.0023201128000000003,1.0750000000000008,0.0014156032000000002
10,1.050000000000001,0.0019516223999999998,1.050000000000001,0.0008220679999999999
11,1.025000000000001,0.0016171008,1.025000000000001,0.00025791736
12,1.000000000000001,0.0013202368,1.000000000000001,-0.00034170432
13,0.9750000000000012,0.0010659032,0.9750000000000012,-0.0008864064
14,0.9500000000000013,0.000855916,0.9500000000000013,-0.00148072
15,0.9250000000000014,0.0006790235999999999,0.9250000000000014,-0.0020542008000000002
16,0.9000000000000015,0.00055715792,0.9000000000000015,-0.0026164528
17,0.8750000000000016,0.00046305360000000004,0.8750000000000016,-0.0031695528000000002
18,0.8500000000000016,0.00039148432,0.8500000000000016,-0.0037149656000000004
19,0.8250000000000017,0.00033641344,0.8250000000000017,-0.0042492575999999995
20,0.8000000000000018,0.00029289400000000003,0.8000000000000018,-0.0047758504
21,0.7750000000000019,0.00025714255999999996,0.7750000000000019,-0.0052934912
22,0.750000000000002,0.0002268112,0.750000000000002,-0.005803948
23,0.7250000000000021,0.00020050447999999998,0.7250000000000021,-0.0063021336
24,0.7000000000000022,0.00017743576,0.7000000000000022,-0.006790356799999999
25,0.6750000000000023,0.00015677904000000001,0.6750000000000023,-0.007271456799999999
26,0.6500000000000024,0.00013832392,0.6500000000000024,-0.0077424512
27,0.6250000000000024,0.00012165991999999999,0.6250000000000024,-0.008202528
28,0.6000000000000025,0.00010676552000000001,0.6000000000000025,-0.008494232
29,0.5750000000000026,9.341016e-05,0.5750000000000026,-0.008958728000000001
30,0.5500000000000027,8.151344000000001e-05,0.5500000000000027,-0.009404840000000001
31,0.5250000000000028,7.1121352e-05,0.5250000000000028,-0.009835736000000001
32,0.5000000000000029,6.119608e-05,0.5000000000000029,-0.010252488
33,0.475000000000003,5.2674096e-05,0.475000000000003,-0.010653712
34,0.45000000000000306,4.5215464e-05,0.45000000000000306,-0.011042896
35,0.42500000000000315,3.8649176e-05,0.42500000000000315,-0.011416176
36,0.40000000000000324,3.296456e-05,0.40000000000000324,-0.011777424
37,0.37500000000000333,2.794832e-05,0.37500000000000333,-0.01212296
38,0.3500000000000034,2.352592e-05,0.3500000000000034,-0.012454495999999999
39,0.3250000000000035,1.9706632e-05,0.3250000000000035,-0.012768904000000001
40,0.3000000000000036,1.6342008000000002e-05,0.3000000000000036,-0.013066984
41,0.2750000000000037,1.3463416e-05,0.2750000000000037,-0.013349416
42,0.2500000000000038,1.0941128000000001e-05,0.2500000000000038,-0.013618184
43,0.22500000000000386,8.770496e-06,0.22500000000000386,-0.013851776
44,0.20000000000000395,7.2283704e-06,0.20000000000000395,-0.014083744
45,0.17500000000000404,5.1995759999999995e-06,0.17500000000000404,-0.014293671999999999
46,0.15000000000000413,3.7272776e-06,0.15000000000000413,-0.014489664
47,0.12500000000000422,2.47324e-06,0.12500000000000422,-0.014660384000000002
48,0.10000000000000431,1.4458928e-06,0.10000000000000431,-0.014815168
49,0.0750000000000044,1.0338936e-06,0.0750000000000044,-0.014952992000000002
50,0.050000000000004485,2.1368416000000002e-07,0.050000000000004485,-0.015079416000000002
51,0.025000000000004574,-8.397056e-07,0.025000000000004574,-0.015193712000000002
52,4.6629367034256575e-15,-1.2880016e-06,4.6629367034256575e-15,-0.015297976
53,-0.024999999999995248,-2.4710688000000003e-06,-0.024999999999995248,-0.015396776000000001
54,-0.04999999999999516,-3.4184728e-06,-0.04999999999999516,-0.015491176
55,-0.07499999999999507,-4.4408784e-06,-0.07499999999999507,-0.015586416
56,-0.09999999999999498,-5.7246359999999995e-06,-0.09999999999999498,-0.01568124
57,-0.12499999999999489,-7.181927199999999e-06,-0.12499999999999489,-0.015776744000000002
58,-0.1499999999999948,-8.4008e-06,-0.1499999999999948,-0.015872752
59,-0.17499999999999472,-1.0670616e-05,-0.17499999999999472,-0.015982384
60,-0.19999999999999463,-1.2890832e-05,-0.19999999999999463,-0.016073048
61,-0.22499999999999454,-1.5419943999999998e-05,-0.22499999999999454,-0.016186912
62,-0.24999999999999445,-1.821732e-05,-0.24999999999999445,-0.016296888000000002
63,-0.27499999999999436,-2.1397728e-05,-0.27499999999999436,-0.01641464
