,52LA_2F_V_D,52LA_2F_J_D,52LA_2F_V_L,52LA_2F_J_L
0,-0.3,-2.1529432000000002e-05,-0.3,-0.020358335999999998
1,-0.27499999999999997,-1.4887672000000002e-05,-0.27499999999999997,-0.019702944
2,-0.24999999999999994,-1.210508e-05,-0.24999999999999994,-0.018836536
3,-0.22499999999999992,-9.866352e-06,-0.22499999999999992,-0.01787168
4,-0.1999999999999999,-8.307768e-06,-0.1999999999999999,-0.016973744
5,-0.17499999999999988,-6.2922656e-06,-0.17499999999999988,-0.016204624
6,-0.14999999999999986,-4.8090719999999995e-06,-0.14999999999999986,-0.015534648000000002
7,-0.12499999999999983,-3.5301376000000003e-06,-0.12499999999999983,-0.014931768000000002
8,-0.09999999999999981,-2.4125983999999997e-06,-0.09999999999999981,-0.01437736
9,-0.07499999999999979,-1.4342384e-06,-0.07499999999999979,-0.013858
10,-0.04999999999999977,-1.1835192e-06,-0.04999999999999977,-0.013368424
11,-0.024999999999999745,-3.6717632000000003e-07,-0.024999999999999745,-0.012903344
12,2.7755575615628914e-16,8.187448e-07,2.7755575615628914e-16,-0.012457256
13,0.0250000000000003,1.1236383999999999e-06,0.0250000000000003,-0.012024968
14,0.05000000000000032,2.3799824e-06,0.05000000000000032,-0.011613856
15,0.07500000000000034,3.3555544000000003e-06,0.07500000000000034,-0.0112148
16,0.10000000000000037,4.4209888e-06,0.10000000000000037,-0.010827064
17,0.1250000000000004,5.615852e-06,0.1250000000000004,-0.010446664
18,0.1500000000000004,6.9501464e-06,0.1500000000000004,-0.010083568
19,0.17500000000000043,8.385896e-06,0.17500000000000043,-0.009725296
20,0.20000000000000046,9.49452e-06,0.20000000000000046,-0.009376328
21,0.22500000000000048,1.1824512e-05,0.22500000000000048,-0.00903548
22,0.2500000000000005,1.3980072e-05,0.2500000000000005,-0.008701248
23,0.2750000000000005,1.6380512e-05,0.2750000000000005,-0.008373304
24,0.30000000000000054,1.892632e-05,0.30000000000000054,-0.008049256000000001
25,0.32500000000000057,2.1741183999999997e-05,0.32500000000000057,-0.008115048
26,0.3500000000000006,2.484096e-05,0.3500000000000006,-0.007545267999999999
27,0.3750000000000006,2.8210776e-05,0.3750000000000006,-0.007180564
28,0.40000000000000063,3.1894952e-05,0.40000000000000063,-0.006845907199999999
29,0.42500000000000066,3.5852736e-05,0.42500000000000066,-0.0065184504
30,0.4500000000000007,4.0186224000000004e-05,0.4500000000000007,-0.0062025536
31,0.4750000000000007,4.4891504e-05,0.4750000000000007,-0.0058870768
32,0.5000000000000007,5.0021728000000006e-05,0.5000000000000007,-0.0055705944
33,0.5250000000000008,5.5628912000000005e-05,0.5250000000000008,-0.0052544104
34,0.5500000000000007,6.1861e-05,0.5500000000000007,-0.0049350632
35,0.5750000000000008,6.8948208e-05,0.5750000000000008,-0.0046139
36,0.6000000000000008,7.7126864e-05,0.6000000000000008,-0.0042902736
37,0.6250000000000009,8.684215999999999e-05,0.6250000000000009,-0.0039601576
38,0.6500000000000008,9.922151999999999e-05,0.6500000000000008,-0.0036262288
39,0.6750000000000009,0.0001136616,0.6750000000000009,-0.0032870456
40,0.7000000000000008,0.00013114328,0.7000000000000008,-0.0029439784
41,0.7250000000000008,0.000152454,0.7250000000000008,-0.0025918456
42,0.7500000000000009,0.00017832848,0.7500000000000009,-0.0022302744
43,0.775000000000001,0.00020964,0.775000000000001,-0.0018678056
44,0.8000000000000009,0.00024709912000000004,0.8000000000000009,-0.001496192
45,0.8250000000000008,0.00029194287999999996,0.8250000000000008,-0.0011160288
46,0.850000000000001,0.00034531168,0.850000000000001,-0.0010220632
47,0.8750000000000011,0.00040883344,0.8750000000000011,-0.00063578576
48,0.900000000000001,0.0004843732,0.900000000000001,-0.00015641064
49,0.9250000000000009,0.00057507752,0.9250000000000009,0.00029507104
50,0.9500000000000011,0.00068471496,0.9500000000000011,0.00074162888
51,0.9750000000000012,0.0008178096,0.9750000000000012,0.0010312808
52,1.000000000000001,0.0010187736,1.000000000000001,0.0015236472
53,1.025000000000001,0.0012046992,1.025000000000001,0.0019984904
54,1.0500000000000012,0.001434648,1.0500000000000012,0.0024713368
55,1.0750000000000013,0.0017066824,1.0750000000000013,0.0029458528
56,1.1000000000000012,0.0020169464,1.1000000000000012,0.0034215535999999997
57,1.125000000000001,0.0023659568,1.125000000000001,0.0039043448
58,1.1500000000000012,0.0027499112,1.1500000000000012,0.0043914824
59,1.1750000000000014,0.0031663895999999997,1.1750000000000014,0.004886019199999999
60,1.2000000000000013,0.0036138024,1.2000000000000013,0.0053840352
61,1.2250000000000012,0.004086090400000001,1.2250000000000012,0.0058890272
62,1.2500000000000013,0.0045796784,1.2500000000000013,0.0064003008
63,1.2750000000000015,0.005094660799999999,1.2750000000000015,0.00691776
