,52LA_2R_V_D,52LA_2R_J_D,52LA_2R_V_L,52LA_2R_J_L
0,1.3,0.0030353928,1.3,0.0071696784
1,1.2750000000000001,0.0032191976,1.2750000000000001,0.0065436576
2,1.2500000000000002,0.0032060447999999997,1.2500000000000002,0.0059328208
3,1.2250000000000003,0.0030768288,1.2250000000000003,0.0053316976
4,1.2000000000000004,0.0028725896000000002,1.2000000000000004,0.0047368096
5,1.1750000000000005,0.0026246104,1.1750000000000005,0.0041478824
6,1.1500000000000006,0.0023540464,1.1500000000000006,0.0035642119999999998
7,1.1250000000000007,0.0020762912,1.1250000000000007,0.0029859360000000002
8,1.1000000000000008,0.0018022320000000002,1.1000000000000008,0.0024134168
9,1.0750000000000008,0.0015382856000000001,1.0750000000000008,0.0018437416
10,1.050000000000001,0.0012908696,1.050000000000001,0.0012784352000000001
11,1.025000000000001,0.00106442,1.025000000000001,0.00068388672
12,1.000000000000001,0.0008628448,1.000000000000001,0.00012139792000000001
13,0.9750000000000012,0.00068938784,0.9750000000000012,-0.00043313192
14,0.9500000000000013,0.0005418590400000001,0.9500000000000013,-0.0010325152
15,0.9250000000000014,0.00042696328,0.9250000000000014,-0.0015846432
16,0.9000000000000015,0.00033841663999999996,0.9000000000000015,-0.0021286616
17,0.8750000000000016,0.00027094024,0.8750000000000016,-0.0026679288
18,0.8500000000000016,0.00021981352,0.8500000000000016,-0.0032026368
19,0.8250000000000017,0.00018077208,0.8250000000000017,-0.0037328976
20,0.8000000000000018,0.00014984648,0.8000000000000018,-0.0042586016
21,0.7750000000000019,0.00012491512,0.7750000000000019,-0.0047798304
22,0.750000000000002,0.00010413136000000001,0.750000000000002,-0.0052972656
23,0.7250000000000021,8.642856e-05,0.7250000000000021,-0.0058092352
24,0.7000000000000022,7.1097808e-05,0.7000000000000022,-0.0063153032
25,0.6750000000000023,5.754565600000001e-05,0.6750000000000023,-0.00681858
26,0.6500000000000024,4.597832e-05,0.6500000000000024,-0.007317687200000001
27,0.6250000000000024,3.5889776e-05,0.6250000000000024,-0.0078095976
28,0.6000000000000025,2.7119912000000004e-05,0.6000000000000025,-0.008297208
29,0.5750000000000026,1.9608784e-05,0.5750000000000026,-0.00876204
30,0.5500000000000027,1.3238144e-05,0.5500000000000027,-0.00923512
31,0.5250000000000028,9.198664e-06,0.5250000000000028,-0.009711128
32,0.5000000000000029,5.7327928e-06,0.5000000000000029,-0.010179512
33,0.475000000000003,2.1854248e-06,0.475000000000003,-0.010641472
34,0.45000000000000306,1.7373464e-06,0.45000000000000306,-0.011095296000000001
35,0.42500000000000315,-8.133936e-07,0.42500000000000315,-0.011541888
36,0.40000000000000324,-2.3479536e-06,0.40000000000000324,-0.011980872
37,0.37500000000000333,-3.465044e-06,0.37500000000000333,-0.012411352
38,0.3500000000000034,-4.26494e-06,0.3500000000000034,-0.012834103999999999
39,0.3250000000000035,-4.822952e-06,0.3250000000000035,-0.013247680000000001
40,0.3000000000000036,-5.1842944e-06,0.3000000000000036,-0.013651448
41,0.2750000000000037,-5.4060432000000004e-06,0.2750000000000037,-0.014046320000000001
42,0.2500000000000038,-5.5240904e-06,0.2500000000000038,-0.014431448
43,0.22500000000000386,-5.4165232e-06,0.22500000000000386,-0.014802112000000001
44,0.20000000000000395,-5.5303752e-06,0.20000000000000395,-0.015168272
45,0.17500000000000404,-5.5056912e-06,0.17500000000000404,-0.015520111999999999
46,0.15000000000000413,-5.4564912000000005e-06,0.15000000000000413,-0.015862768
47,0.12500000000000422,-5.3953848e-06,0.12500000000000422,-0.016188352
48,0.10000000000000431,-5.326309599999999e-06,0.10000000000000431,-0.01650376
49,0.0750000000000044,-5.2517296e-06,0.0750000000000044,-0.01680504
50,0.050000000000004485,-5.1824664e-06,0.050000000000004485,-0.017094192
51,0.025000000000004574,-5.1128376e-06,0.025000000000004574,-0.017365600000000002
52,4.6629367034256575e-15,-5.0048784e-06,4.6629367034256575e-15,-0.01762408
53,-0.024999999999995248,-4.9702248e-06,-0.024999999999995248,-0.01786724
54,-0.04999999999999516,-4.9173552e-06,-0.04999999999999516,-0.018096312
55,-0.07499999999999507,-4.8764272e-06,-0.07499999999999507,-0.018310879999999998
56,-0.09999999999999498,-4.8426936e-06,-0.09999999999999498,-0.018509536
57,-0.12499999999999489,-4.8208608e-06,-0.12499999999999489,-0.018692264
58,-0.1499999999999948,-4.8135056e-06,-0.1499999999999948,-0.018861088
59,-0.17499999999999472,-4.824824e-06,-0.17499999999999472,-0.019017288
60,-0.19999999999999463,-4.7652272e-06,-0.19999999999999463,-0.019153944
61,-0.22499999999999454,-4.8842152e-06,-0.22499999999999454,-0.01928384
62,-0.24999999999999445,-4.959116e-06,-0.24999999999999445,-0.019399448
63,-0.27499999999999436,-5.0741048e-06,-0.27499999999999436,-0.019506448000000003
