,52LA_2R_V_D,52LA_2R_J_D,52LA_2R_V_L,52LA_2R_J_L
0,1.3,0.004120508,1.3,0.0070224728
1,1.2750000000000001,0.0046309448,1.2750000000000001,0.006309587199999999
2,1.2500000000000002,0.00451672,1.2500000000000002,0.0056586551999999995
3,1.2250000000000003,0.0042302736,1.2250000000000003,0.0050344584
4,1.2000000000000004,0.0038775232,1.2000000000000004,0.0044266328
5,1.1750000000000005,0.0034987824,1.1750000000000005,0.0038296416
6,1.1500000000000006,0.0031129312,1.1500000000000006,0.003241344
7,1.1250000000000007,0.0027332952000000002,1.1250000000000007,0.0026599431999999998
8,1.1000000000000008,0.0023684704000000003,1.1000000000000008,0.0020886504
9,1.0750000000000008,0.002023152,1.0750000000000008,0.0015218056
10,1.050000000000001,0.0017045984,1.050000000000001,0.0009624056
11,1.025000000000001,0.0014175184000000001,1.025000000000001,0.00043996968
12,1.000000000000001,0.0011667536,1.000000000000001,-0.00012664896
13,0.9750000000000012,0.0009533224,0.9750000000000012,-0.00067335
14,0.9500000000000013,0.0007623269600000001,0.9500000000000013,-0.0011555176
15,0.9250000000000014,0.0006336206399999999,0.9250000000000014,-0.0017091848
16,0.9000000000000015,0.00052866896,0.9000000000000015,-0.0022409048
17,0.8750000000000016,0.0004465284,0.8750000000000016,-0.0027611047999999997
18,0.8500000000000016,0.0003822028,0.8500000000000016,-0.003271456
19,0.8250000000000017,0.00033103504,0.8250000000000017,-0.003772564
20,0.8000000000000018,0.00028917216,0.8000000000000018,-0.0042644848
21,0.7750000000000019,0.00025396136,0.7750000000000019,-0.0047489136
22,0.750000000000002,0.00022371,0.750000000000002,-0.005226908000000001
23,0.7250000000000021,0.00019717583999999999,0.7250000000000021,-0.0056940504
24,0.7000000000000022,0.00017385104000000002,0.7000000000000022,-0.0061518464
25,0.6750000000000023,0.00015303168,0.6750000000000023,-0.00660352
26,0.6500000000000024,0.0001344888,0.6500000000000024,-0.007049456799999999
27,0.6250000000000024,0.00011792575999999999,0.6250000000000024,-0.007482430399999999
28,0.6000000000000025,0.0001031452,0.6000000000000025,-0.0079095888
29,0.5750000000000026,9.004176e-05,0.5750000000000026,-0.008327
30,0.5500000000000027,7.869648e-05,0.5500000000000027,-0.008543376
31,0.5250000000000028,6.7797712e-05,0.5250000000000028,-0.008962472
32,0.5000000000000029,5.8515024000000004e-05,0.5000000000000029,-0.009372672
33,0.475000000000003,5.0342384000000004e-05,0.475000000000003,-0.00976988
34,0.45000000000000306,4.3031344e-05,0.45000000000000306,-0.010149888
35,0.42500000000000315,3.6592152e-05,0.42500000000000315,-0.010516639999999999
36,0.40000000000000324,3.0904624e-05,0.40000000000000324,-0.010871184
37,0.37500000000000333,2.6041336e-05,0.37500000000000333,-0.011211752
38,0.3500000000000034,2.1737208e-05,0.3500000000000034,-0.011539912
39,0.3250000000000035,1.8016703999999997e-05,0.3250000000000035,-0.011852632
40,0.3000000000000036,1.4883103999999999e-05,0.3000000000000036,-0.012151264
41,0.2750000000000037,1.2057432e-05,0.2750000000000037,-0.01243404
42,0.2500000000000038,9.641048e-06,0.2500000000000038,-0.012704016000000002
43,0.22500000000000386,8.052672e-06,0.22500000000000386,-0.012946247999999999
44,0.20000000000000395,5.883904e-06,0.20000000000000395,-0.01318808
45,0.17500000000000404,4.2776111999999995e-06,0.17500000000000404,-0.013411880000000001
46,0.15000000000000413,2.9033383999999998e-06,0.15000000000000413,-0.0136278
47,0.12500000000000422,1.7236128e-06,0.12500000000000422,-0.0138228
48,0.10000000000000431,1.3887048e-06,0.10000000000000431,-0.014008448000000001
49,0.0750000000000044,5.0892312e-07,0.0750000000000044,-0.014183712000000001
50,0.050000000000004485,-7.2120064e-07,0.050000000000004485,-0.014356072000000001
51,0.025000000000004574,-9.79456e-07,0.025000000000004574,-0.014515104000000001
52,4.6629367034256575e-15,-2.0883488e-06,4.6629367034256575e-15,-0.014670543999999999
53,-0.024999999999995248,-2.9375775999999997e-06,-0.024999999999995248,-0.014825063999999999
54,-0.04999999999999516,-3.8414e-06,-0.04999999999999516,-0.014977528
55,-0.07499999999999507,-4.856952e-06,-0.07499999999999507,-0.015132888
56,-0.09999999999999498,-6.0251144e-06,-0.09999999999999498,-0.015287664000000001
57,-0.12499999999999489,-7.3710832000000005e-06,-0.12499999999999489,-0.015443680000000001
58,-0.1499999999999948,-8.38976e-06,-0.1499999999999948,-0.015601448
59,-0.17499999999999472,-1.0500032e-05,-0.17499999999999472,-0.015758031999999998
60,-0.19999999999999463,-1.2535856e-05,-0.19999999999999463,-0.015904512000000003
61,-0.22499999999999454,-1.4821736e-05,-0.22499999999999454,-0.016064024
62,-0.24999999999999445,-1.7353192e-05,-0.24999999999999445,-0.016219872
63,-0.27499999999999436,-2.0254872e-05,-0.27499999999999436,-0.016380968000000003
