,52LA_2R_V_D,52LA_2R_J_D,52LA_2R_V_L,52LA_2R_J_L
0,1.3,0.0071863968,1.3,0.008027848
1,1.2750000000000001,0.007061759200000001,1.2750000000000001,0.007361034399999999
2,1.2500000000000002,0.006714676,1.2500000000000002,0.006818095200000001
3,1.2250000000000003,0.0063245207999999995,1.2250000000000003,0.0062873951999999995
4,1.2000000000000004,0.0059220352,1.2000000000000004,0.0057610448
5,1.1750000000000005,0.0055192568,1.1750000000000005,0.0052357512
6,1.1500000000000006,0.005120244,1.1500000000000006,0.0047103776
7,1.1250000000000007,0.0047301824,1.1250000000000007,0.004183609600000001
8,1.1000000000000008,0.0043531032,1.1000000000000008,0.0036583975999999996
9,1.0750000000000008,0.0039903024,1.0750000000000008,0.0031302312
10,1.050000000000001,0.0036449696,1.050000000000001,0.0026013336
11,1.025000000000001,0.0033193680000000005,1.025000000000001,0.0020708032
12,1.000000000000001,0.0030146784,1.000000000000001,0.0015399024
13,0.9750000000000012,0.0027320648,0.9750000000000012,0.0010094232
14,0.9500000000000013,0.00247158,0.9500000000000013,0.00050512504
15,0.9250000000000014,0.0022326168,0.9250000000000014,-1.4580872000000001e-05
16,0.9000000000000015,0.0020137816,0.9000000000000015,-0.00053299464
17,0.8750000000000016,0.0018136816,0.8750000000000016,-0.0010520263999999999
18,0.8500000000000016,0.0016307183999999999,0.8500000000000016,-0.0015949152000000002
19,0.8250000000000017,0.0014637031999999999,0.8250000000000017,-0.0021233184
20,0.8000000000000018,0.0013104696,0.8000000000000018,-0.0026454648
21,0.7750000000000019,0.001170424,0.7750000000000019,-0.00316252
22,0.750000000000002,0.0010420432,0.750000000000002,-0.0036751623999999997
23,0.7250000000000021,0.0009247104000000001,0.7250000000000021,-0.0041830352
24,0.7000000000000022,0.0008175583999999999,0.7000000000000022,-0.0046857112
25,0.6750000000000023,0.00071649352,0.6750000000000023,-0.0051830384
26,0.6500000000000024,0.0006266244,0.6500000000000024,-0.0056756464
27,0.6250000000000024,0.0005463156,0.6250000000000024,-0.0061624856
28,0.6000000000000025,0.00047355823999999997,0.6000000000000025,-0.0066433528
29,0.5750000000000026,0.00040819280000000004,0.5750000000000026,-0.0071199183999999995
30,0.5500000000000027,0.00034943615999999996,0.5500000000000027,-0.0075892664
31,0.5250000000000028,0.00029703408,0.5250000000000028,-0.00805232
32,0.5000000000000029,0.00025064888,0.5000000000000029,-0.00843824
33,0.475000000000003,0.00020979528,0.475000000000003,-0.008905992
34,0.45000000000000306,0.0001738912,0.45000000000000306,-0.009360367999999999
35,0.42500000000000315,0.0001426332,0.42500000000000315,-0.009801584
36,0.40000000000000324,0.00011570160000000001,0.40000000000000324,-0.010233448000000001
37,0.37500000000000333,9.27908e-05,0.37500000000000333,-0.0106544
38,0.3500000000000034,7.2026568e-05,0.3500000000000034,-0.011066888
39,0.3250000000000035,5.5919095999999994e-05,0.3250000000000035,-0.011468688000000001
40,0.3000000000000036,4.3183624000000003e-05,0.3000000000000036,-0.011861112
41,0.2750000000000037,3.2794856e-05,0.2750000000000037,-0.012243991999999999
42,0.2500000000000038,2.4448440000000004e-05,0.2500000000000038,-0.012617967999999999
43,0.22500000000000386,1.7950759999999998e-05,0.22500000000000386,-0.012974759999999998
44,0.20000000000000395,1.2805536e-05,0.20000000000000395,-0.013333392
45,0.17500000000000404,9.005736000000001e-06,0.17500000000000404,-0.01367416
46,0.15000000000000413,6.249809600000001e-06,0.15000000000000413,-0.014005736
47,0.12500000000000422,3.8344872000000005e-06,0.12500000000000422,-0.014325151999999999
48,0.10000000000000431,2.24968e-06,0.10000000000000431,-0.014638992
49,0.0750000000000044,1.0183312000000002e-06,0.0750000000000044,-0.014935488
50,0.050000000000004485,4.4102240000000004e-07,0.050000000000004485,-0.015221392
51,0.025000000000004574,-7.795832799999999e-07,0.025000000000004574,-0.015497064
52,4.6629367034256575e-15,-1.1206056000000001e-06,4.6629367034256575e-15,-0.015761944
53,-0.024999999999995248,-2.2805472e-06,-0.024999999999995248,-0.0160132
54,-0.04999999999999516,-3.2145552000000002e-06,-0.04999999999999516,-0.016255112
55,-0.07499999999999507,-4.2592032e-06,-0.07499999999999507,-0.016484264000000002
56,-0.09999999999999498,-5.4673056e-06,-0.09999999999999498,-0.016700024
57,-0.12499999999999489,-6.9241912e-06,-0.12499999999999489,-0.0169048
58,-0.1499999999999948,-8.40088e-06,-0.1499999999999948,-0.017096984000000003
59,-0.17499999999999472,-1.02976e-05,-0.17499999999999472,-0.017278552
60,-0.19999999999999463,-1.2962744e-05,-0.19999999999999463,-0.017440944
61,-0.22499999999999454,-1.566092e-05,-0.22499999999999454,-0.017605544
62,-0.24999999999999445,-1.8752376e-05,-0.24999999999999445,-0.017750792
63,-0.27499999999999436,-2.240004e-05,-0.27499999999999436,-0.017885344
