,52LA_2F_V_D,52LA_2F_J_D,52LA_2F_V_L,52LA_2F_J_L
0,-0.3,-2.3003408e-05,-0.3,-0.020580952
1,-0.27499999999999997,-1.6468095999999998e-05,-0.27499999999999997,-0.019937648
2,-0.24999999999999994,-1.3589712000000001e-05,-0.24999999999999994,-0.01891932
3,-0.22499999999999992,-1.1189944e-05,-0.22499999999999992,-0.017805936
4,-0.1999999999999999,-9.140696e-06,-0.1999999999999999,-0.016790376000000003
5,-0.17499999999999988,-7.5913808e-06,-0.17499999999999988,-0.015929088
6,-0.14999999999999986,-5.6678104e-06,-0.14999999999999986,-0.015193576
7,-0.12499999999999983,-4.2488848e-06,-0.12499999999999983,-0.014553232
8,-0.09999999999999981,-3.0261496e-06,-0.09999999999999981,-0.013983736
9,-0.07499999999999979,-1.9611368e-06,-0.07499999999999979,-0.013478456
10,-0.04999999999999977,-1.019248e-06,-0.04999999999999977,-0.013017928000000002
11,-0.024999999999999745,-5.4494024e-07,-0.024999999999999745,-0.012597648
12,2.7755575615628914e-16,6.3111352e-07,2.7755575615628914e-16,-0.012206872
13,0.0250000000000003,1.0576168e-06,0.0250000000000003,-0.011848472
14,0.05000000000000032,2.2998272e-06,0.05000000000000032,-0.011511312
15,0.07500000000000034,3.3284943999999996e-06,0.07500000000000034,-0.011194144
16,0.10000000000000037,4.4809216e-06,0.10000000000000037,-0.010891472000000001
17,0.1250000000000004,5.797988799999999e-06,0.1250000000000004,-0.010602568
18,0.1500000000000004,7.3160376e-06,0.1500000000000004,-0.010325207999999999
19,0.17500000000000043,8.522544e-06,0.17500000000000043,-0.010055544
20,0.20000000000000046,1.0809536e-05,0.20000000000000046,-0.009794584
21,0.22500000000000048,1.301936e-05,0.22500000000000048,-0.009535752
22,0.2500000000000005,1.5455704e-05,0.2500000000000005,-0.009282552
23,0.2750000000000005,1.8167271999999998e-05,0.2750000000000005,-0.009027736
24,0.30000000000000054,2.1205408e-05,0.30000000000000054,-0.00877644
25,0.32500000000000057,2.4483487999999997e-05,0.32500000000000057,-0.008517992
26,0.3500000000000006,2.8113496e-05,0.3500000000000006,-0.008264104
27,0.3750000000000006,3.2107792e-05,0.3750000000000006,-0.008006928
28,0.40000000000000063,3.6496376e-05,0.40000000000000063,-0.008132752
29,0.42500000000000066,4.1213584e-05,0.42500000000000066,-0.0076401952
30,0.4500000000000007,4.6370112000000005e-05,0.4500000000000007,-0.007306048
31,0.4750000000000007,5.1992208e-05,0.4750000000000007,-0.0069920215999999995
32,0.5000000000000007,5.8116168e-05,0.5000000000000007,-0.006683908
33,0.5250000000000008,6.4794112e-05,0.5250000000000008,-0.006370803999999999
34,0.5500000000000007,7.2078288e-05,0.5500000000000007,-0.0060558344
35,0.5750000000000008,8.01024e-05,0.5750000000000008,-0.005732655200000001
36,0.6000000000000008,8.861536e-05,0.6000000000000008,-0.0054030128
37,0.6250000000000009,9.905328e-05,0.6250000000000009,-0.0050610376
38,0.6500000000000008,0.00011049823999999999,0.6500000000000008,-0.0047183448000000005
39,0.6750000000000009,0.00012355816,0.6750000000000009,-0.0043657847999999996
40,0.7000000000000008,0.00013868616000000002,0.7000000000000008,-0.0040056136
41,0.7250000000000008,0.00015640728,0.7250000000000008,-0.0036385264
42,0.7500000000000009,0.00017738792,0.7500000000000009,-0.0032615768000000002
43,0.775000000000001,0.00020239208,0.775000000000001,-0.0028777216
44,0.8000000000000009,0.00023245560000000002,0.8000000000000009,-0.0024857896
45,0.8250000000000008,0.0002691816,0.8250000000000008,-0.0020870064
46,0.850000000000001,0.00031522576000000003,0.850000000000001,-0.0016802152000000002
47,0.8750000000000011,0.000374156,0.8750000000000011,-0.0012658176
48,0.900000000000001,0.0004507896,0.900000000000001,-0.00084406
49,0.9250000000000009,0.0005526659199999999,0.9250000000000009,-0.0005431777599999999
50,0.9500000000000011,0.0006860112,0.9500000000000011,-0.00029274727999999996
51,0.9750000000000012,0.0009315704,0.9750000000000012,0.00023470280000000002
52,1.000000000000001,0.0011221872,1.000000000000001,0.0007384047200000001
53,1.025000000000001,0.0013789912,1.025000000000001,0.0011188232
54,1.0500000000000012,0.0016863776,1.0500000000000012,0.0016567664
55,1.0750000000000013,0.0020357928,1.0750000000000013,0.0021815752
56,1.1000000000000012,0.0024295064000000002,1.1000000000000012,0.0027053
57,1.125000000000001,0.0028562448000000002,1.125000000000001,0.003235208
58,1.1500000000000012,0.0033149816,1.1500000000000012,0.0037710519999999996
59,1.1750000000000014,0.0037990415999999997,1.1750000000000014,0.0043141424
60,1.2000000000000013,0.0043059592,1.2000000000000013,0.0048654432
61,1.2250000000000012,0.0048319144,1.2250000000000012,0.0054245448
62,1.2500000000000013,0.0053749272,1.2500000000000013,0.0059915088
63,1.2750000000000015,0.0059335328,1.2750000000000015,0.0065675968000000005
