,52LA_2F_V_D,52LA_2F_J_D,52LA_2F_V_L,52LA_2F_J_L
0,-0.3,-2.184748e-05,-0.3,-0.020462808
1,-0.27499999999999997,-1.5138792e-05,-0.27499999999999997,-0.019888592
2,-0.24999999999999994,-1.2376767999999999e-05,-0.24999999999999994,-0.019069616
3,-0.22499999999999992,-1.0112104e-05,-0.22499999999999992,-0.018093104
4,-0.1999999999999999,-8.230256e-06,-0.1999999999999999,-0.01713824
5,-0.17499999999999988,-6.8712528000000005e-06,-0.17499999999999988,-0.016312608
6,-0.14999999999999986,-5.031789599999999e-06,-0.14999999999999986,-0.015600664
7,-0.12499999999999983,-3.7119608e-06,-0.12499999999999983,-0.014970439999999998
8,-0.09999999999999981,-2.5693104e-06,-0.09999999999999981,-0.014404344
9,-0.07499999999999979,-1.570348e-06,-0.07499999999999979,-0.013883824
10,-0.04999999999999977,-1.2612608e-06,-0.04999999999999977,-0.01340064
11,-0.024999999999999745,-4.300964e-07,-0.024999999999999745,-0.012948264000000001
12,2.7755575615628914e-16,7.652028000000001e-07,2.7755575615628914e-16,-0.012521856000000001
13,0.0250000000000003,1.097268e-06,0.0250000000000003,-0.012109032
14,0.05000000000000032,2.3599088e-06,0.05000000000000032,-0.011721528
15,0.07500000000000034,3.34662e-06,0.07500000000000034,-0.011347256
16,0.10000000000000037,4.4353328e-06,0.10000000000000037,-0.010987272
17,0.1250000000000004,5.66054e-06,0.1250000000000004,-0.01063388
18,0.1500000000000004,7.036400000000001e-06,0.1500000000000004,-0.010297104
19,0.17500000000000043,8.399536e-06,0.17500000000000043,-0.009968184
20,0.20000000000000046,9.711624e-06,0.20000000000000046,-0.009645368
21,0.22500000000000048,1.209704e-05,0.22500000000000048,-0.009327688
22,0.2500000000000005,1.4317e-05,0.2500000000000005,-0.009016656000000001
23,0.2750000000000005,1.674936e-05,0.2750000000000005,-0.008710912
24,0.30000000000000054,1.9443784e-05,0.30000000000000054,-0.008406528
25,0.32500000000000057,2.2376895999999998e-05,0.32500000000000057,-0.008103744
26,0.3500000000000006,2.5570360000000002e-05,0.3500000000000006,-0.008196832
27,0.3750000000000006,2.9091784e-05,0.3750000000000006,-0.007645503200000001
28,0.40000000000000063,3.2911000000000004e-05,0.40000000000000063,-0.007289592
29,0.42500000000000066,3.7072672e-05,0.42500000000000066,-0.0069565504
30,0.4500000000000007,4.1607344000000004e-05,0.4500000000000007,-0.0066397072
31,0.4750000000000007,4.6517088e-05,0.4750000000000007,-0.0063217832
32,0.5000000000000007,5.1919232000000003e-05,0.5000000000000007,-0.006004048
33,0.5250000000000008,5.7816352e-05,0.5250000000000008,-0.0056840008
34,0.5500000000000007,6.4403088e-05,0.5500000000000007,-0.0053602184
35,0.5750000000000008,7.1850984e-05,0.5750000000000008,-0.005032883199999999
36,0.6000000000000008,8.054792e-05,0.6000000000000008,-0.0047015432
37,0.6250000000000009,9.090312e-05,0.6250000000000009,-0.0043655456
38,0.6500000000000008,0.00010378016000000001,0.6500000000000008,-0.0040211944
39,0.6750000000000009,0.00011867784000000001,0.6750000000000009,-0.0036721456
40,0.7000000000000008,0.00013640504,0.7000000000000008,-0.0033194704
41,0.7250000000000008,0.00015771448,0.7250000000000008,-0.0029580472
42,0.7500000000000009,0.0001830308,0.7500000000000009,-0.0025879096
43,0.775000000000001,0.00021308992,0.775000000000001,-0.0022159648000000002
44,0.8000000000000009,0.00024870288,0.8000000000000009,-0.0018364992
45,0.8250000000000008,0.00029099368,0.8250000000000008,-0.00144918
46,0.850000000000001,0.00034155304000000003,0.850000000000001,-0.0010524416
47,0.8750000000000011,0.00040241864,0.8750000000000011,-0.0009531975999999999
48,0.900000000000001,0.00047677768,0.900000000000001,-0.0005574223199999999
49,0.9250000000000009,0.00056858768,0.9250000000000009,-0.00027528024
50,0.9500000000000011,0.0006827264000000001,0.9500000000000011,0.00023808328
51,0.9750000000000012,0.0008656728000000001,0.9750000000000012,0.00072301992
52,1.000000000000001,0.001030956,1.000000000000001,0.0010686928
53,1.025000000000001,0.0012435648,1.025000000000001,0.0015812392000000002
54,1.0500000000000012,0.0014969688,1.0500000000000012,0.0020764192
55,1.0750000000000013,0.0017958312,1.0750000000000013,0.002569832
56,1.1000000000000012,0.002133476,1.1000000000000012,0.00306348
57,1.125000000000001,0.00251056,1.125000000000001,0.0035616391999999998
58,1.1500000000000012,0.0029208064,1.1500000000000012,0.004064775200000001
59,1.1750000000000014,0.0033621239999999998,1.1750000000000014,0.004573092799999999
60,1.2000000000000013,0.0038323024,1.2000000000000013,0.0050870888
61,1.2250000000000012,0.0043244152,1.2250000000000012,0.0056098456
62,1.2500000000000013,0.004836768,1.2500000000000013,0.006137536
63,1.2750000000000015,0.0053670056,1.2750000000000015,0.0066733472000000005
