,52LA_2F_V_D,52LA_2F_J_D,52LA_2F_V_L,52LA_2F_J_L
0,-0.3,-2.3717632e-05,-0.3,-0.020073584
1,-0.27499999999999997,-1.92654e-05,-0.27499999999999997,-0.019053999999999998
2,-0.24999999999999994,-1.584084e-05,-0.24999999999999994,-0.018251864
3,-0.22499999999999992,-1.2952288e-05,-0.22499999999999992,-0.017597848
4,-0.1999999999999999,-1.057128e-05,-0.1999999999999999,-0.017041488
5,-0.17499999999999988,-8.437344e-06,-0.17499999999999988,-0.016554272000000002
6,-0.14999999999999986,-6.7183912e-06,-0.14999999999999986,-0.016120408
7,-0.12499999999999983,-5.0575552e-06,-0.12499999999999983,-0.015722512
8,-0.09999999999999981,-3.8053175999999997e-06,-0.09999999999999981,-0.015348576
9,-0.07499999999999979,-2.5995536e-06,-0.07499999999999979,-0.014998655999999999
10,-0.04999999999999977,-1.5498008000000001e-06,-0.04999999999999977,-0.014660936
11,-0.024999999999999745,-7.146332e-07,-0.024999999999999745,-0.014333351999999999
12,2.7755575615628914e-16,3.1379616e-07,2.7755575615628914e-16,-0.014008888
13,0.0250000000000003,1.1033480000000001e-06,0.0250000000000003,-0.013693864
14,0.05000000000000032,2.2623104e-06,0.05000000000000032,-0.013378207999999999
15,0.07500000000000034,3.4027496e-06,0.07500000000000034,-0.01306476
16,0.10000000000000037,4.6870408e-06,0.10000000000000037,-0.012750712
17,0.1250000000000004,6.1991664e-06,0.1250000000000004,-0.012435312
18,0.1500000000000004,7.9902584e-06,0.1500000000000004,-0.012117975999999999
19,0.17500000000000043,9.870616e-06,0.17500000000000043,-0.011798544
20,0.20000000000000046,1.2499584000000001e-05,0.20000000000000046,-0.011476648
21,0.22500000000000048,1.5226432000000001e-05,0.22500000000000048,-0.011150616
22,0.2500000000000005,1.8267664e-05,0.2500000000000005,-0.010820688
23,0.2750000000000005,2.1826064e-05,0.2750000000000005,-0.010484464
24,0.30000000000000054,2.5895784e-05,0.30000000000000054,-0.010145584000000001
25,0.32500000000000057,3.0335968e-05,0.32500000000000057,-0.009798336000000001
26,0.3500000000000006,3.5298432e-05,0.3500000000000006,-0.009450864
27,0.3750000000000006,4.0927055999999996e-05,0.3750000000000006,-0.00909568
28,0.40000000000000063,4.7197744e-05,0.40000000000000063,-0.00873592
29,0.42500000000000066,5.416575999999999e-05,0.42500000000000066,-0.008368768
30,0.4500000000000007,6.206416e-05,0.4500000000000007,-0.008184232
31,0.4750000000000007,7.0906672e-05,0.4750000000000007,-0.0077188175999999995
32,0.5000000000000007,8.078216e-05,0.5000000000000007,-0.0073105728
33,0.5250000000000008,9.038864e-05,0.5250000000000008,-0.00690844
34,0.5500000000000007,0.00010402,0.5500000000000007,-0.006506646400000001
35,0.5750000000000008,0.00011910671999999999,0.5750000000000008,-0.0061003232
36,0.6000000000000008,0.00013719392,0.6000000000000008,-0.005690825599999999
37,0.6250000000000009,0.00015928344,0.6250000000000009,-0.0052743216
38,0.6500000000000008,0.0001868628,0.6500000000000008,-0.0048561704
39,0.6750000000000009,0.00022212456,0.6750000000000009,-0.0044317048
40,0.7000000000000008,0.00026757056,0.7000000000000008,-0.004003416
41,0.7250000000000008,0.00032636184,0.7250000000000008,-0.0035651759999999998
42,0.7500000000000009,0.00040256384,0.7500000000000009,-0.0031242751999999998
43,0.775000000000001,0.00049966048,0.775000000000001,-0.0026773496
44,0.8000000000000009,0.00062098584,0.8000000000000009,-0.0022229024
45,0.8250000000000008,0.0007692499200000001,0.8250000000000008,-0.0017630239999999998
46,0.850000000000001,0.000923472,0.850000000000001,-0.0012967216
47,0.8750000000000011,0.0011287328,0.8750000000000011,-0.0008240768
48,0.900000000000001,0.0013615336,0.900000000000001,-0.00039537728
49,0.9250000000000009,0.0016223255999999998,0.9250000000000009,0.00011331784
50,0.9500000000000011,0.0019098087999999999,0.9500000000000011,0.0006131969600000001
51,0.9750000000000012,0.0022220328,0.9750000000000012,0.0010681039999999998
52,1.000000000000001,0.0025581584,1.000000000000001,0.001598384
53,1.025000000000001,0.0029158152,1.025000000000001,0.0021229864
54,1.0500000000000012,0.0032941496,1.0500000000000012,0.0026516904
55,1.0750000000000013,0.003691784,1.0750000000000013,0.0031861399999999996
56,1.1000000000000012,0.004106977600000001,1.1000000000000012,0.0037266663999999997
57,1.125000000000001,0.0045396056,1.125000000000001,0.0042746256
58,1.1500000000000012,0.0049887104000000005,1.1500000000000012,0.0048309032
59,1.1750000000000014,0.0054532192,1.1750000000000014,0.0053951319999999995
60,1.2000000000000013,0.005932115999999999,1.2000000000000013,0.0059673776
61,1.2250000000000012,0.006424982399999999,1.2250000000000012,0.006549508
62,1.2500000000000013,0.006931372,1.2500000000000013,0.0071397712000000006
63,1.2750000000000015,0.0074504152,1.2750000000000015,0.0077400304
