,52LA_2F_V_D,52LA_2F_J_D,52LA_2F_V_L,52LA_2F_J_L
0,-0.3,-1.0073447999999999e-05,-0.3,-0.01896568
1,-0.27499999999999997,-3.97718e-06,-0.27499999999999997,-0.017867224
2,-0.24999999999999994,-2.6356152e-06,-0.24999999999999994,-0.017170872
3,-0.22499999999999992,-1.8421808e-06,-0.22499999999999992,-0.016556736
4,-0.1999999999999999,-1.2892248e-06,-0.1999999999999999,-0.015974888
5,-0.17499999999999988,-1.3735008e-06,-0.17499999999999988,-0.015416216
6,-0.14999999999999986,-1.005784e-06,-0.14999999999999986,-0.014877192000000001
7,-0.12499999999999983,-5.9932752e-07,-0.12499999999999983,-0.0143506
8,-0.09999999999999981,2.838792e-07,-0.09999999999999981,-0.01383564
9,-0.07499999999999979,6.773574400000001e-07,-0.07499999999999979,-0.013334272
10,-0.04999999999999977,8.402368e-07,-0.04999999999999977,-0.012841559999999998
11,-0.024999999999999745,8.402376e-07,-0.024999999999999745,-0.01235912
12,2.7755575615628914e-16,4.9789176e-07,2.7755575615628914e-16,-0.011884792
13,0.0250000000000003,1.2729432e-06,0.0250000000000003,-0.011422584
14,0.05000000000000032,1.639964e-06,0.05000000000000032,-0.010969231999999999
15,0.07500000000000034,1.9506784000000002e-06,0.07500000000000034,-0.010524976
16,0.10000000000000037,2.244884e-06,0.10000000000000037,-0.010089304
17,0.1250000000000004,2.5407255999999998e-06,0.1250000000000004,-0.009662168
18,0.1500000000000004,2.854876e-06,0.1500000000000004,-0.00924336
19,0.17500000000000043,3.1783256e-06,0.17500000000000043,-0.008832679999999999
20,0.20000000000000046,3.5240112e-06,0.20000000000000046,-0.008430968
21,0.22500000000000048,3.8503664e-06,0.22500000000000048,-0.008035032000000001
22,0.2500000000000005,4.2630384e-06,0.2500000000000005,-0.007831792
23,0.2750000000000005,4.6765464e-06,0.2750000000000005,-0.0073366048
24,0.30000000000000054,5.1143792000000005e-06,0.30000000000000054,-0.0069450312
25,0.32500000000000057,5.575064e-06,0.32500000000000057,-0.0065684383999999995
26,0.3500000000000006,6.06172e-06,0.3500000000000006,-0.0062027359999999995
27,0.3750000000000006,6.562593599999999e-06,0.3750000000000006,-0.0058465192
28,0.40000000000000063,7.1239128e-06,0.40000000000000063,-0.0054979328
29,0.42500000000000066,7.767032e-06,0.42500000000000066,-0.0051568448
30,0.4500000000000007,8.345584e-06,0.4500000000000007,-0.00482264
31,0.4750000000000007,8.040848e-06,0.4750000000000007,-0.0044954328
32,0.5000000000000007,9.225543999999999e-06,0.5000000000000007,-0.0041743864
33,0.5250000000000008,1.0266328e-05,0.5250000000000008,-0.0038556104
34,0.5500000000000007,1.148708e-05,0.5500000000000007,-0.0035465104
35,0.5750000000000008,1.3014576e-05,0.5750000000000008,-0.0032403
36,0.6000000000000008,1.5136888000000001e-05,0.6000000000000008,-0.0029357608
37,0.6250000000000009,1.8242992e-05,0.6250000000000009,-0.0026324072
38,0.6500000000000008,2.3032928e-05,0.6500000000000008,-0.002333028
39,0.6750000000000009,3.0549911999999996e-05,0.6750000000000009,-0.0020317432
40,0.7000000000000008,4.2324088e-05,0.7000000000000008,-0.0017269512
41,0.7250000000000008,6.0469424000000007e-05,0.7250000000000008,-0.0014164312
42,0.7500000000000009,8.950816000000001e-05,0.7500000000000009,-0.001099124
43,0.775000000000001,0.0001271608,0.775000000000001,-0.0009634703999999999
44,0.8000000000000009,0.00017541776,0.8000000000000009,-0.0006382130399999999
45,0.8250000000000008,0.00023393823999999999,0.8250000000000008,-0.00023888968
46,0.850000000000001,0.00030010936,0.850000000000001,0.00014668104
47,0.8750000000000011,0.00036999111999999997,0.8750000000000011,0.0005378808
48,0.900000000000001,0.00043954655999999995,0.900000000000001,0.0008370168
49,0.9250000000000009,0.0005059722400000001,0.9250000000000009,0.0012698408
50,0.9500000000000011,0.00056847144,0.9500000000000011,0.0016958408000000002
51,0.9750000000000012,0.00062809024,0.9750000000000012,0.0021260448
52,1.000000000000001,0.00068739376,1.000000000000001,0.0025616856
53,1.025000000000001,0.00074958544,1.025000000000001,0.0030039392000000002
54,1.0500000000000012,0.000817976,1.0500000000000012,0.0034532448
55,1.0750000000000013,0.0009443384000000001,1.0750000000000013,0.0039069584
56,1.1000000000000012,0.0010331184,1.1000000000000012,0.0043650872
57,1.125000000000001,0.0011471864,1.125000000000001,0.0048298872
58,1.1500000000000012,0.0012822024,1.1500000000000012,0.0052983936
59,1.1750000000000014,0.0014413984,1.1750000000000014,0.0057720112
60,1.2000000000000013,0.0016246712,1.2000000000000013,0.006249544
61,1.2250000000000012,0.0018325864000000001,1.2250000000000012,0.0067303576
62,1.2500000000000013,0.0020652592,1.2500000000000013,0.0072146216
63,1.2750000000000015,0.0023282008,1.2750000000000015,0.007702005600000001
