,52LA_2F_V_D,52LA_2F_J_D,52LA_2F_V_L,52LA_2F_J_L
0,-0.3,-2.2369216e-05,-0.3,-0.020516576
1,-0.27499999999999997,-1.5831648e-05,-0.27499999999999997,-0.019821520000000002
2,-0.24999999999999994,-1.3027232e-05,-0.24999999999999994,-0.01873716
3,-0.22499999999999992,-1.0673848e-05,-0.22499999999999992,-0.0175622
4,-0.1999999999999999,-8.714464e-06,-0.1999999999999999,-0.016518296
5,-0.17499999999999988,-7.249354399999999e-06,-0.17499999999999988,-0.015651944
6,-0.14999999999999986,-5.3748272e-06,-0.14999999999999986,-0.014922808000000001
7,-0.12499999999999983,-4.0093712e-06,-0.12499999999999983,-0.014291944000000001
8,-0.09999999999999981,-2.829144e-06,-0.09999999999999981,-0.013732175999999999
9,-0.07499999999999979,-1.7974696000000002e-06,-0.07499999999999979,-0.013233456
10,-0.04999999999999977,-8.864576e-07,-0.04999999999999977,-0.012776872
11,-0.024999999999999745,-4.6548720000000003e-07,-0.024999999999999745,-0.012357824
12,2.7755575615628914e-16,7.288734399999999e-07,2.7755575615628914e-16,-0.011966128
13,0.0250000000000003,1.0727152e-06,0.0250000000000003,-0.011603264
14,0.05000000000000032,2.305428e-06,0.05000000000000032,-0.011258576
15,0.07500000000000034,3.3058064e-06,0.07500000000000034,-0.010933703999999999
16,0.10000000000000037,4.4278984e-06,0.10000000000000037,-0.01062164
17,0.1250000000000004,5.6635416e-06,0.1250000000000004,-0.010322688
18,0.1500000000000004,7.161999999999999e-06,0.1500000000000004,-0.010032863999999999
19,0.17500000000000043,8.268984e-06,0.17500000000000043,-0.009753304
20,0.20000000000000046,1.0490528e-05,0.20000000000000046,-0.009481064
21,0.22500000000000048,1.2633984000000001e-05,0.22500000000000048,-0.009211951999999999
22,0.2500000000000005,1.4951879999999999e-05,0.2500000000000005,-0.008949664
23,0.2750000000000005,1.7557144e-05,0.2750000000000005,-0.008685776000000001
24,0.30000000000000054,2.0412088e-05,0.30000000000000054,-0.00842676
25,0.32500000000000057,2.362324e-05,0.32500000000000057,-0.008161768
26,0.3500000000000006,2.7046088e-05,0.3500000000000006,-0.008334808
27,0.3750000000000006,3.0800992e-05,0.3750000000000006,-0.007805802400000001
28,0.40000000000000063,3.4938072e-05,0.40000000000000063,-0.0074760744
29,0.42500000000000066,3.9497112e-05,0.42500000000000066,-0.0071722159999999995
30,0.4500000000000007,4.440112e-05,0.4500000000000007,-0.0068786616
31,0.4750000000000007,4.9731655999999996e-05,0.4750000000000007,-0.00658246
32,0.5000000000000007,5.554732e-05,0.5000000000000007,-0.006285107199999999
33,0.5250000000000008,6.186584000000001e-05,0.5250000000000008,-0.0059769192
34,0.5500000000000007,6.884105600000001e-05,0.5500000000000007,-0.005668948
35,0.5750000000000008,7.6539776e-05,0.5750000000000008,-0.0053536864
36,0.6000000000000008,8.486608e-05,0.6000000000000008,-0.0050322552
37,0.6250000000000009,9.526768e-05,0.6250000000000009,-0.0046972592
38,0.6500000000000008,0.00010672127999999999,0.6500000000000008,-0.004362304799999999
39,0.6750000000000009,0.00012018543999999999,0.6750000000000009,-0.0040168384
40,0.7000000000000008,0.00013589192,0.7000000000000008,-0.0036642328
41,0.7250000000000008,0.00015446848,0.7250000000000008,-0.0033038008000000002
42,0.7500000000000009,0.00017649384,0.7500000000000009,-0.002936144
43,0.775000000000001,0.0002027296,0.775000000000001,-0.0025614952
44,0.8000000000000009,0.0002341332,0.8000000000000009,-0.0021788631999999997
45,0.8250000000000008,0.00027196960000000004,0.8250000000000008,-0.0017894144000000002
46,0.850000000000001,0.00031827296,0.850000000000001,-0.0013918768
47,0.8750000000000011,0.00037617312,0.8750000000000011,-0.0009873392
48,0.900000000000001,0.00044970072,0.900000000000001,-0.0007139788
49,0.9250000000000009,0.00054377064,0.9250000000000009,-0.00024734088000000003
50,0.9500000000000011,0.00066565736,0.9500000000000011,0.00020244928
51,0.9750000000000012,0.0008837608,0.9750000000000012,0.0006504569600000001
52,1.000000000000001,0.0010599096000000001,1.000000000000001,0.0009309720000000001
53,1.025000000000001,0.001295548,1.025000000000001,0.0014378136
54,1.0500000000000012,0.0015779032,1.0500000000000012,0.001928496
55,1.0750000000000013,0.0019061232,1.0750000000000013,0.0024188096
56,1.1000000000000012,0.0022723744,1.1000000000000012,0.0029119704
57,1.125000000000001,0.0026813239999999997,1.125000000000001,0.0034122872
58,1.1500000000000012,0.0031209912,1.1500000000000012,0.0039199216
59,1.1750000000000014,0.0035899744,1.1750000000000014,0.004434758400000001
60,1.2000000000000013,0.0040776984,1.2000000000000013,0.004958392
61,1.2250000000000012,0.0045944968,1.2250000000000012,0.0054908488
62,1.2500000000000013,0.0051251560000000005,1.2500000000000013,0.0060315559999999995
63,1.2750000000000015,0.005671792,1.2750000000000015,0.0065818024000000004
