,52LA_2F_V_D,52LA_2F_J_D,52LA_2F_V_L,52LA_2F_J_L
0,-0.3,-2.3890056e-05,-0.3,-0.020662720000000002
1,-0.27499999999999997,-1.7203232e-05,-0.27499999999999997,-0.019997304
2,-0.24999999999999994,-1.4200312000000001e-05,-0.24999999999999994,-0.018941424000000002
3,-0.22499999999999992,-1.1641496e-05,-0.22499999999999992,-0.017864088
4,-0.1999999999999999,-9.50512e-06,-0.1999999999999999,-0.01690768
5,-0.17499999999999988,-7.8511976e-06,-0.17499999999999988,-0.016097392
6,-0.14999999999999986,-5.8534264e-06,-0.14999999999999986,-0.01540756
7,-0.12499999999999983,-4.3784712e-06,-0.12499999999999983,-0.014813152
8,-0.09999999999999981,-3.1159080000000003e-06,-0.09999999999999981,-0.014291887999999999
9,-0.07499999999999979,-2.0222984e-06,-0.07499999999999979,-0.013832528
10,-0.04999999999999977,-1.0627448e-06,-0.04999999999999977,-0.013421359999999998
11,-0.024999999999999745,-5.612393600000001e-07,-0.024999999999999745,-0.013049568000000001
12,2.7755575615628914e-16,6.6303224e-07,2.7755575615628914e-16,-0.0127046
13,0.0250000000000003,1.0630192e-06,0.0250000000000003,-0.012388512
14,0.05000000000000032,2.3088464e-06,0.05000000000000032,-0.012089487999999999
15,0.07500000000000034,3.3552240000000003e-06,0.07500000000000034,-0.011805824
16,0.10000000000000037,4.5396376e-06,0.10000000000000037,-0.011527039999999999
17,0.1250000000000004,5.9089207999999995e-06,0.1250000000000004,-0.011264672
18,0.1500000000000004,7.5176296e-06,0.1500000000000004,-0.011004664
19,0.17500000000000043,8.801672000000001e-06,0.17500000000000043,-0.010750263999999999
20,0.20000000000000046,1.1198759999999999e-05,0.20000000000000046,-0.010491544
21,0.22500000000000048,1.3548288000000001e-05,0.22500000000000048,-0.010242056
22,0.2500000000000005,1.6131663999999998e-05,0.2500000000000005,-0.009988384
23,0.2750000000000005,1.9038552e-05,0.2750000000000005,-0.0097316
24,0.30000000000000054,2.23078e-05,0.30000000000000054,-0.009474616
25,0.32500000000000057,2.5835296000000002e-05,0.32500000000000057,-0.009209072
26,0.3500000000000006,2.9748456e-05,0.3500000000000006,-0.00894272
27,0.3750000000000006,3.407232e-05,0.3750000000000006,-0.008667384
28,0.40000000000000063,3.8891648e-05,0.40000000000000063,-0.008386072
29,0.42500000000000066,4.4028144e-05,0.42500000000000066,-0.008097864
30,0.4500000000000007,4.9675223999999994e-05,0.4500000000000007,-0.008137824
31,0.4750000000000007,5.5854176e-05,0.4750000000000007,-0.0076604192
32,0.5000000000000007,6.2632408e-05,0.5000000000000007,-0.0072950928
33,0.5250000000000008,7.007013600000001e-05,0.5250000000000008,-0.006951950399999999
34,0.5500000000000007,7.813801600000001e-05,0.5500000000000007,-0.0066069608000000005
35,0.5750000000000008,8.684264e-05,0.5750000000000008,-0.0062596856
36,0.6000000000000008,9.734424e-05,0.6000000000000008,-0.0059084984
37,0.6250000000000009,0.0001087224,0.6250000000000009,-0.0055489376
38,0.6500000000000008,0.00012159592,0.6500000000000008,-0.005183344
39,0.6750000000000009,0.00013631624,0.6750000000000009,-0.0048097208
40,0.7000000000000008,0.00015332008,0.7000000000000008,-0.004430076
41,0.7250000000000008,0.00017331391999999998,0.7250000000000008,-0.0040385816
42,0.7500000000000009,0.00019704815999999997,0.7500000000000009,-0.0036434088
43,0.775000000000001,0.00022557392000000003,0.775000000000001,-0.0032395832
44,0.8000000000000009,0.00026056152,0.8000000000000009,-0.0028254984
45,0.8250000000000008,0.0003049596,0.8250000000000008,-0.0024008392
46,0.850000000000001,0.00036267199999999997,0.850000000000001,-0.001971356
47,0.8750000000000011,0.00043957088000000003,0.8750000000000011,-0.0015302016
48,0.900000000000001,0.00054187832,0.900000000000001,-0.0010801352
49,0.9250000000000009,0.00067944288,0.9250000000000009,-0.00074133152
50,0.9500000000000011,0.0009206759999999999,0.9500000000000011,-0.00022382008
51,0.9750000000000012,0.0011178248,0.9750000000000012,0.00027733688
52,1.000000000000001,0.0013822752000000002,1.000000000000001,0.0007836275199999999
53,1.025000000000001,0.0016979536,1.025000000000001,0.001175608
54,1.0500000000000012,0.0020586808,1.0500000000000012,0.0017379312000000001
55,1.0750000000000013,0.0024569392,1.0750000000000013,0.0022901344000000002
56,1.1000000000000012,0.0028946647999999998,1.1000000000000012,0.0028445168
57,1.125000000000001,0.0033616335999999995,1.125000000000001,0.0034067168
58,1.1500000000000012,0.0038557231999999998,1.1500000000000012,0.0039770952
59,1.1750000000000014,0.0043709576,1.1750000000000014,0.004555008
60,1.2000000000000013,0.0049067912,1.2000000000000013,0.0051419816
61,1.2250000000000012,0.0054596104,1.2250000000000012,0.0057356744
62,1.2500000000000013,0.0060287168,1.2500000000000013,0.006337443199999999
63,1.2750000000000015,0.006609476,1.2750000000000015,0.0069465096
