,52LA_2R_V_D,52LA_2R_J_D,52LA_2R_V_L,52LA_2R_J_L
0,1.3,0.00358616,1.3,0.008808912
1,1.2750000000000001,0.0038019376000000002,1.2750000000000001,0.007791714399999999
2,1.2500000000000002,0.0037613031999999998,1.2500000000000002,0.0070989256
3,1.2250000000000003,0.0035841952,1.2250000000000003,0.006435688
4,1.2000000000000004,0.0033323800000000002,1.2000000000000004,0.00578998
5,1.1750000000000005,0.0030434976,1.1750000000000005,0.0051578976
6,1.1500000000000006,0.0027403336,1.1500000000000006,0.0045370264
7,1.1250000000000007,0.00243786,1.1250000000000007,0.00392612
8,1.1000000000000008,0.0021462504,1.1000000000000008,0.0033256648
9,1.0750000000000008,0.0018702248,1.0750000000000008,0.0027315448
10,1.050000000000001,0.0016152368,1.050000000000001,0.0021449336
11,1.025000000000001,0.0013833408,1.025000000000001,0.001564712
12,1.000000000000001,0.0011765664000000001,1.000000000000001,0.0009902151999999999
13,0.9750000000000012,0.0009947320000000001,0.9750000000000012,0.00041474056
14,0.9500000000000013,0.0008384312,0.9500000000000013,-0.00016112656
15,0.9250000000000014,0.00069600624,0.9250000000000014,-0.000723448
16,0.9000000000000015,0.0005914634400000001,0.9000000000000015,-0.001288508
17,0.8750000000000016,0.00050303472,0.8750000000000016,-0.0018526672000000002
18,0.8500000000000016,0.00042909448,0.8500000000000016,-0.0024048463999999997
19,0.8250000000000017,0.00036701296,0.8250000000000017,-0.0029485056
20,0.8000000000000018,0.00031434224,0.8000000000000018,-0.0034869256000000003
21,0.7750000000000019,0.00026906376,0.7750000000000019,-0.0040195264
22,0.750000000000002,0.00022980511999999998,0.750000000000002,-0.0045471408
23,0.7250000000000021,0.00019544672000000002,0.7250000000000021,-0.0050707544
24,0.7000000000000022,0.00016539176,0.7000000000000022,-0.0055875656
25,0.6750000000000023,0.00013891592,0.6750000000000023,-0.006100368
26,0.6500000000000024,0.00011568744,0.6500000000000024,-0.006609031999999999
27,0.6250000000000024,9.552488e-05,0.6250000000000024,-0.0071121448
28,0.6000000000000025,7.630174400000001e-05,0.6000000000000025,-0.00760958
29,0.5750000000000026,6.2154448e-05,0.5750000000000026,-0.008102552
30,0.5500000000000027,4.9956991999999994e-05,0.5500000000000027,-0.008511104
31,0.5250000000000028,3.960416e-05,0.5250000000000028,-0.008995
32,0.5000000000000029,3.0976168e-05,0.5000000000000029,-0.009478799999999999
33,0.475000000000003,2.3863912e-05,0.475000000000003,-0.009953456
34,0.45000000000000306,1.8062712e-05,0.45000000000000306,-0.010420688
35,0.42500000000000315,1.3409376e-05,0.42500000000000315,-0.010878744
36,0.40000000000000324,9.642968e-06,0.40000000000000324,-0.011329408000000001
37,0.37500000000000333,9.413976e-06,0.37500000000000333,-0.011772072
38,0.3500000000000034,7.3683527999999995e-06,0.3500000000000034,-0.012206984
39,0.3250000000000035,4.6219e-06,0.3250000000000035,-0.012629551999999999
40,0.3000000000000036,2.711568e-06,0.3000000000000036,-0.013043224
41,0.2750000000000037,1.1452064e-06,0.2750000000000037,-0.013447671999999999
42,0.2500000000000038,2.1443336e-06,0.2500000000000038,-0.013843472
43,0.22500000000000386,1.9451968e-06,0.22500000000000386,-0.014219200000000001
44,0.20000000000000395,1.5324976000000001e-06,0.20000000000000395,-0.014592056
45,0.17500000000000404,6.190328e-07,0.17500000000000404,-0.014950256
46,0.15000000000000413,-8.397016e-07,0.15000000000000413,-0.015296368
47,0.12500000000000422,-2.7427279999999997e-07,0.12500000000000422,-0.015628936
48,0.10000000000000431,-1.751852e-06,0.10000000000000431,-0.01594708
49,0.0750000000000044,-2.5153784e-06,0.0750000000000044,-0.016250088
50,0.050000000000004485,-3.0969752e-06,0.050000000000004485,-0.01654128
51,0.025000000000004574,-3.5925232e-06,0.025000000000004574,-0.016815840000000002
52,4.6629367034256575e-15,-4.0182808e-06,4.6629367034256575e-15,-0.017075224
53,-0.024999999999995248,-4.499776799999999e-06,-0.024999999999995248,-0.017318816
54,-0.04999999999999516,-5.002264800000001e-06,-0.04999999999999516,-0.01754652
55,-0.07499999999999507,-5.566192e-06,-0.07499999999999507,-0.017763255999999998
56,-0.09999999999999498,-6.2128352e-06,-0.09999999999999498,-0.017959792
57,-0.12499999999999489,-6.9552248e-06,-0.12499999999999489,-0.018140744
58,-0.1499999999999948,-7.883388e-06,-0.1499999999999948,-0.018309928
59,-0.17499999999999472,-8.400872e-06,-0.17499999999999472,-0.018470320000000002
60,-0.19999999999999463,-8.781896e-06,-0.19999999999999463,-0.018607064
61,-0.22499999999999454,-1.0817008e-05,-0.22499999999999454,-0.01873828
62,-0.24999999999999445,-1.2891080000000001e-05,-0.24999999999999445,-0.018861232
63,-0.27499999999999436,-1.4854424e-05,-0.27499999999999436,-0.018972224
