,52LA_2R_V_D,52LA_2R_J_D,52LA_2R_V_L,52LA_2R_J_L
0,1.3,0.0037938520000000003,1.3,0.008061648000000001
1,1.2750000000000001,0.0042638,1.2750000000000001,0.0069379592000000006
2,1.2500000000000002,0.004186804000000001,1.2500000000000002,0.006252424800000001
3,1.2250000000000003,0.003935796,1.2250000000000003,0.005610248
4,1.2000000000000004,0.0036179704,1.2000000000000004,0.0049916248
5,1.1750000000000005,0.0032728984000000003,1.1750000000000005,0.0043891024
6,1.1500000000000006,0.0029202648,1.1500000000000006,0.003798732
7,1.1250000000000007,0.0025720696,1.1250000000000007,0.0032188824
8,1.1000000000000008,0.0022389312,1.1000000000000008,0.002649704
9,1.0750000000000008,0.001921888,1.0750000000000008,0.002087648
10,1.050000000000001,0.001630664,1.050000000000001,0.0015332176
11,1.025000000000001,0.0013683127999999998,1.025000000000001,0.0009865104
12,1.000000000000001,0.0011374520000000002,1.000000000000001,0.0004786424
13,0.9750000000000012,0.0009413456000000001,0.9750000000000012,-4.6081296000000005e-05
14,0.9500000000000013,0.0007616213600000001,0.9500000000000013,-0.00057344728
15,0.9250000000000014,0.00064053112,0.9250000000000014,-0.0010913632
16,0.9000000000000015,0.0005393005600000001,0.9000000000000015,-0.00164182
17,0.8750000000000016,0.00045785896,0.8750000000000016,-0.002168084
18,0.8500000000000016,0.00039263064000000003,0.8500000000000016,-0.0026813552
19,0.8250000000000017,0.000339626,0.8250000000000017,-0.0031851735999999997
20,0.8000000000000018,0.00029557896,0.8000000000000018,-0.0036796384
21,0.7750000000000019,0.00025817504,0.7750000000000019,-0.004166700000000001
22,0.750000000000002,0.0002259128,0.750000000000002,-0.0046460384
23,0.7250000000000021,0.00019763336,0.7250000000000021,-0.005118728
24,0.7000000000000022,0.0001727924,0.7000000000000022,-0.0055832616
25,0.6750000000000023,0.00015069184,0.6750000000000023,-0.0060419639999999995
26,0.6500000000000024,0.00013113376000000002,0.6500000000000024,-0.0064940224000000005
27,0.6250000000000024,0.0001138268,0.6250000000000024,-0.0069390696
28,0.6000000000000025,9.856552000000001e-05,0.6000000000000025,-0.007377668800000001
29,0.5750000000000026,8.512432e-05,0.5750000000000026,-0.0078119016
30,0.5500000000000027,7.375376e-05,0.5500000000000027,-0.008235664
31,0.5250000000000028,6.3069688e-05,0.5250000000000028,-0.008478752
32,0.5000000000000029,5.4072544e-05,0.5000000000000029,-0.008904696
33,0.475000000000003,4.6198792e-05,0.475000000000003,-0.0093244
34,0.45000000000000306,3.9269728e-05,0.45000000000000306,-0.009733064
35,0.42500000000000315,3.3175616e-05,0.42500000000000315,-0.01013008
36,0.40000000000000324,2.7801984000000002e-05,0.40000000000000324,-0.010516392
37,0.37500000000000333,2.307652e-05,0.37500000000000333,-0.0108904
38,0.3500000000000034,1.896432e-05,0.3500000000000034,-0.011255287999999999
39,0.3250000000000035,1.5360408e-05,0.3250000000000035,-0.011609079999999999
40,0.3000000000000036,1.2283624e-05,0.3000000000000036,-0.011952952
41,0.2750000000000037,9.577248e-06,0.2750000000000037,-0.012281408
42,0.2500000000000038,7.926734400000001e-06,0.2500000000000038,-0.012601551999999999
43,0.22500000000000386,5.6639992e-06,0.22500000000000386,-0.012900656
44,0.20000000000000395,3.8900104000000005e-06,0.20000000000000395,-0.013198328
45,0.17500000000000404,2.439128e-06,0.17500000000000404,-0.013485768
46,0.15000000000000413,1.1987872e-06,0.15000000000000413,-0.013759288
47,0.12500000000000422,1.126724e-06,0.12500000000000422,-0.014022624000000001
48,0.10000000000000431,2.7376280000000003e-07,0.10000000000000431,-0.014278848
49,0.0750000000000044,-8.397040000000001e-07,0.0750000000000044,-0.014523224000000001
50,0.050000000000004485,-1.1197856e-06,0.050000000000004485,-0.01475776
51,0.025000000000004574,-2.2186112e-06,0.025000000000004574,-0.014987696
52,4.6629367034256575e-15,-2.9688088e-06,4.6629367034256575e-15,-0.015209272
53,-0.024999999999995248,-3.7499792e-06,-0.024999999999995248,-0.015428887999999998
54,-0.04999999999999516,-4.57796e-06,-0.04999999999999516,-0.015636112
55,-0.07499999999999507,-5.5101871999999995e-06,-0.07499999999999507,-0.015839176
56,-0.09999999999999498,-6.5683648e-06,-0.09999999999999498,-0.016035464
57,-0.12499999999999489,-7.817028e-06,-0.12499999999999489,-0.01623592
58,-0.1499999999999948,-8.488928e-06,-0.1499999999999948,-0.016423976
59,-0.17499999999999472,-1.0488968e-05,-0.17499999999999472,-0.016607624
60,-0.19999999999999463,-1.2327104e-05,-0.19999999999999463,-0.016781176000000002
61,-0.22499999999999454,-1.4378664000000002e-05,-0.22499999999999454,-0.016957464
62,-0.24999999999999445,-1.6669151999999998e-05,-0.24999999999999445,-0.01712968
63,-0.27499999999999436,-1.9219231999999998e-05,-0.27499999999999436,-0.017294928
