,52LA_2R_V_D,52LA_2R_J_D,52LA_2R_V_L,52LA_2R_J_L
0,1.3,0.0039607144,1.3,0.007402676800000001
1,1.2750000000000001,0.0044302936,1.2750000000000001,0.006664196799999999
2,1.2500000000000002,0.0043294184,1.2500000000000002,0.005996476
3,1.2250000000000003,0.0040613535999999995,1.2250000000000003,0.005361876
4,1.2000000000000004,0.003728488,1.2000000000000004,0.0047478096
5,1.1750000000000005,0.0033698208,1.1750000000000005,0.004147935199999999
6,1.1500000000000006,0.0030051984,1.1500000000000006,0.003558708
7,1.1250000000000007,0.0026446168,1.1250000000000007,0.0029787648
8,1.1000000000000008,0.0023001168,1.1000000000000008,0.0024098128
9,1.0750000000000008,0.0019719463999999997,1.0750000000000008,0.0018464552
10,1.050000000000001,0.001670496,1.050000000000001,0.0012909672000000001
11,1.025000000000001,0.00139876,1.025000000000001,0.00077114096
12,1.000000000000001,0.0011602183999999999,1.000000000000001,0.00020829208
13,0.9750000000000012,0.0009576464,0.9750000000000012,-0.00033427448
14,0.9500000000000013,0.00077351808,0.9500000000000013,-0.0008398408
15,0.9250000000000014,0.00064896464,0.9250000000000014,-0.0013339072000000001
16,0.9000000000000015,0.00054571176,0.9000000000000015,-0.001875144
17,0.8750000000000016,0.00046322152,0.8750000000000016,-0.0023969632000000003
18,0.8500000000000016,0.00039738311999999997,0.8500000000000016,-0.002906868
19,0.8250000000000017,0.00034411384,0.8250000000000017,-0.0034072808000000002
20,0.8000000000000018,0.000300008,0.8000000000000018,-0.0038995455999999997
21,0.7750000000000019,0.0002625436,0.7750000000000019,-0.0043832176
22,0.750000000000002,0.00023024192000000002,0.750000000000002,-0.0048614984
23,0.7250000000000021,0.00020182744000000002,0.7250000000000021,-0.0053291464
24,0.7000000000000022,0.00017687928,0.7000000000000022,-0.0057892152
25,0.6750000000000023,0.00015466808,0.6750000000000023,-0.0062443303999999995
26,0.6500000000000024,0.00013496712,0.6500000000000024,-0.006693803199999999
27,0.6250000000000024,0.00011740408,0.6250000000000024,-0.007133031200000001
28,0.6000000000000025,0.00010196616,0.6000000000000025,-0.0075646
29,0.5750000000000026,8.833888e-05,0.5750000000000026,-0.0079897784
30,0.5500000000000027,7.6633936e-05,0.5500000000000027,-0.008395784
31,0.5250000000000028,6.5657008e-05,0.5250000000000028,-0.008636064
32,0.5000000000000029,5.6433984e-05,0.5000000000000029,-0.009053519999999999
33,0.475000000000003,4.8294031999999996e-05,0.475000000000003,-0.009467664
34,0.45000000000000306,4.1016704e-05,0.45000000000000306,-0.00986548
35,0.42500000000000315,3.4683424e-05,0.42500000000000315,-0.0102516
36,0.40000000000000324,2.9129112e-05,0.40000000000000324,-0.010625384
37,0.37500000000000333,2.4243456e-05,0.37500000000000333,-0.01098808
38,0.3500000000000034,1.9989848e-05,0.3500000000000034,-0.011339256
39,0.3250000000000035,1.6279072e-05,0.3250000000000035,-0.011677184
40,0.3000000000000036,1.3104584e-05,0.3000000000000036,-0.01200288
41,0.2750000000000037,1.0359496e-05,0.2750000000000037,-0.012317544
42,0.2500000000000038,8.04648e-06,0.2500000000000038,-0.012619944
43,0.22500000000000386,6.6391e-06,0.22500000000000386,-0.012898167999999998
44,0.20000000000000395,4.5465464e-06,0.20000000000000395,-0.013179279999999998
45,0.17500000000000404,3.0275944e-06,0.17500000000000404,-0.013443776
46,0.15000000000000413,1.7546344e-06,0.15000000000000413,-0.013702223999999999
47,0.12500000000000422,1.538696e-06,0.12500000000000422,-0.013942280000000001
48,0.10000000000000431,6.292904e-07,0.10000000000000431,-0.014174728000000001
49,0.0750000000000044,-6.7282352e-07,0.0750000000000044,-0.014395912
50,0.050000000000004485,-8.306568e-07,0.050000000000004485,-0.014615536000000002
51,0.025000000000004574,-1.9444280000000003e-06,0.025000000000004574,-0.014820456000000001
52,4.6629367034256575e-15,-2.702764e-06,4.6629367034256575e-15,-0.015021024
53,-0.024999999999995248,-3.4981328e-06,-0.024999999999995248,-0.015218944000000002
54,-0.04999999999999516,-4.3452928e-06,-0.04999999999999516,-0.015409535999999998
55,-0.07499999999999507,-5.3035088e-06,-0.07499999999999507,-0.015600639999999999
56,-0.09999999999999498,-6.3937848e-06,-0.09999999999999498,-0.01578748
57,-0.12499999999999489,-7.6740968e-06,-0.12499999999999489,-0.015971672
58,-0.1499999999999948,-8.474144e-06,-0.1499999999999948,-0.016149928
59,-0.17499999999999472,-1.050676e-05,-0.17499999999999472,-0.016330448
60,-0.19999999999999463,-1.2421088000000001e-05,-0.19999999999999463,-0.016496247999999998
61,-0.22499999999999454,-1.4550184000000001e-05,-0.22499999999999454,-0.0166722
62,-0.24999999999999445,-1.693076e-05,-0.24999999999999445,-0.016839879999999998
63,-0.27499999999999436,-1.956756e-05,-0.27499999999999436,-0.017009695999999998
