,52LA_2F_V_D,52LA_2F_J_D,52LA_2F_V_L,52LA_2F_J_L
0,-0.3,-2.3576272e-05,-0.3,-0.020653728
1,-0.27499999999999997,-1.6998647999999998e-05,-0.27499999999999997,-0.020027104
2,-0.24999999999999994,-1.4029848e-05,-0.24999999999999994,-0.019033368000000002
3,-0.22499999999999992,-1.1504880000000001e-05,-0.22499999999999992,-0.018000248
4,-0.1999999999999999,-9.383608000000001e-06,-0.1999999999999999,-0.017057144
5,-0.17499999999999988,-7.7508368e-06,-0.17499999999999988,-0.0162486
6,-0.14999999999999986,-5.784112e-06,-0.14999999999999986,-0.015555744
7,-0.12499999999999983,-4.3350712e-06,-0.12499999999999983,-0.014950144000000002
8,-0.09999999999999981,-3.0832424e-06,-0.09999999999999981,-0.014416103999999999
9,-0.07499999999999979,-2.0059672e-06,-0.07499999999999979,-0.013940752
10,-0.04999999999999977,-1.0588983999999998e-06,-0.04999999999999977,-0.013513903999999998
11,-0.024999999999999745,-5.6770584e-07,-0.024999999999999745,-0.013124736000000001
12,2.7755575615628914e-16,6.0951392e-07,2.7755575615628914e-16,-0.012772096
13,0.0250000000000003,1.0371024e-06,0.0250000000000003,-0.012431448000000001
14,0.05000000000000032,2.2719063999999997e-06,0.05000000000000032,-0.012121271999999999
15,0.07500000000000034,3.3060576e-06,0.07500000000000034,-0.011825368
16,0.10000000000000037,4.4769736e-06,0.10000000000000037,-0.011543312
17,0.1250000000000004,5.7946976e-06,0.1250000000000004,-0.011263239999999999
18,0.1500000000000004,7.4076696e-06,0.1500000000000004,-0.01099792
19,0.17500000000000043,8.676535999999999e-06,0.17500000000000043,-0.010734776
20,0.20000000000000046,1.1041192e-05,0.20000000000000046,-0.010476679999999999
21,0.22500000000000048,1.3356463999999998e-05,0.22500000000000048,-0.01021904
22,0.2500000000000005,1.5903632000000002e-05,0.2500000000000005,-0.00996036
23,0.2750000000000005,1.8766056e-05,0.2750000000000005,-0.009698768
24,0.30000000000000054,2.1936184e-05,0.30000000000000054,-0.009436584000000001
25,0.32500000000000057,2.5496607999999998e-05,0.32500000000000057,-0.009169744
26,0.3500000000000006,2.9303064e-05,0.3500000000000006,-0.008898808
27,0.3750000000000006,3.354704e-05,0.3750000000000006,-0.008623224
28,0.40000000000000063,3.818872e-05,0.40000000000000063,-0.008340736
29,0.42500000000000066,4.3321384e-05,0.42500000000000066,-0.00805164
30,0.4500000000000007,4.881112e-05,0.4500000000000007,-0.008084792
31,0.4750000000000007,5.4860688e-05,0.4750000000000007,-0.0076103407999999996
32,0.5000000000000007,6.1527704e-05,0.5000000000000007,-0.0072481144
33,0.5250000000000008,6.8801016e-05,0.5250000000000008,-0.006902378400000001
34,0.5500000000000007,7.6828056e-05,0.5500000000000007,-0.006557782400000001
35,0.5750000000000008,8.507568e-05,0.5750000000000008,-0.0062107384000000005
36,0.6000000000000008,9.54188e-05,0.6000000000000008,-0.005858924
37,0.6250000000000009,0.0001064188,0.6250000000000009,-0.0055005368
38,0.6500000000000008,0.00011893063999999999,0.6500000000000008,-0.0051326472
39,0.6750000000000009,0.00013321888,0.6750000000000009,-0.0047635864
40,0.7000000000000008,0.00014967232,0.7000000000000008,-0.004387268
41,0.7250000000000008,0.000168946,0.7250000000000008,-0.00399978
42,0.7500000000000009,0.00019166344000000001,0.7500000000000009,-0.0036025863999999998
43,0.775000000000001,0.00021882248,0.775000000000001,-0.0032032688
44,0.8000000000000009,0.00025219592,0.8000000000000009,-0.0027927432
45,0.8250000000000008,0.00029368232,0.8250000000000008,-0.0023744296
46,0.850000000000001,0.0003475488,0.850000000000001,-0.0019470536
47,0.8750000000000011,0.00041912008000000004,0.8750000000000011,-0.0015101735999999998
48,0.900000000000001,0.0005153206399999999,0.900000000000001,-0.0010646584000000001
49,0.9250000000000009,0.00064242664,0.9250000000000009,-0.00073181592
50,0.9500000000000011,0.0008771552,0.9500000000000011,-0.00021879400000000002
51,0.9750000000000012,0.0010648248,0.9750000000000012,0.00027645704000000003
52,1.000000000000001,0.001318252,1.000000000000001,0.00077586608
53,1.025000000000001,0.0016242184,1.025000000000001,0.0011560904
54,1.0500000000000012,0.0019746256,1.0500000000000012,0.0017124744
55,1.0750000000000013,0.00236706,1.0750000000000013,0.0022586487999999997
56,1.1000000000000012,0.0027920848,1.1000000000000012,0.0028056808
57,1.125000000000001,0.0032544183999999995,1.125000000000001,0.0033628816
58,1.1500000000000012,0.0037414080000000003,1.1500000000000012,0.0039256216
59,1.1750000000000014,0.0042524912,1.1750000000000014,0.0044966552
60,1.2000000000000013,0.0047841544,1.2000000000000013,0.0050758648000000005
61,1.2250000000000012,0.0053305112000000005,1.2250000000000012,0.005663288
62,1.2500000000000013,0.0058935272,1.2500000000000013,0.0062590504000000005
63,1.2750000000000015,0.0064699928,1.2750000000000015,0.006861917600000001
