,52LA_2R_V_D,52LA_2R_J_D,52LA_2R_V_L,52LA_2R_J_L
0,1.3,0.0021066288,1.3,0.008041264
1,1.2750000000000001,0.0022455824,1.2750000000000001,0.0073223808
2,1.2500000000000002,0.002261644,1.2500000000000002,0.0067528928
3,1.2250000000000003,0.0022337512,1.2250000000000003,0.0061913144
4,1.2000000000000004,0.0021644224,1.2000000000000004,0.005635256
5,1.1750000000000005,0.0020530384,1.1750000000000005,0.00508406
6,1.1500000000000006,0.0019036887999999998,1.1500000000000006,0.004536608
7,1.1250000000000007,0.0017242896000000001,1.1250000000000007,0.0039927464
8,1.1000000000000008,0.0015258824,1.1000000000000008,0.0034543464
9,1.0750000000000008,0.0013165808,1.0750000000000008,0.0029179072
10,1.050000000000001,0.0011076872,1.050000000000001,0.002384944
11,1.025000000000001,0.000907988,1.025000000000001,0.0018550152
12,1.000000000000001,0.0007181217600000001,1.000000000000001,0.0013282472
13,0.9750000000000012,0.00056302424,0.9750000000000012,0.0008048279999999999
14,0.9500000000000013,0.00043219167999999995,0.9500000000000013,0.0002667644
15,0.9250000000000014,0.00032790608,0.9250000000000014,-0.00025799872
16,0.9000000000000015,0.00024812088,0.9000000000000015,-0.00077491248
17,0.8750000000000016,0.00018886712000000001,0.8750000000000016,-0.001317932
18,0.8500000000000016,0.00014569032,0.8500000000000016,-0.0018354504000000001
19,0.8250000000000017,0.0001143004,0.8250000000000017,-0.0023459344
20,0.8000000000000018,9.108848e-05,0.8000000000000018,-0.0028522976
21,0.7750000000000019,7.380592e-05,0.7750000000000019,-0.0033549776000000005
22,0.750000000000002,5.9367232e-05,0.750000000000002,-0.0038543823999999996
23,0.7250000000000021,4.8149016e-05,0.7250000000000021,-0.0043505056
24,0.7000000000000022,3.8860744e-05,0.7000000000000022,-0.004842048
25,0.6750000000000023,3.0977415999999996e-05,0.6750000000000023,-0.005331432
26,0.6500000000000024,2.4223904e-05,0.6500000000000024,-0.005817355200000001
27,0.6250000000000024,1.8431415999999998e-05,0.6250000000000024,-0.0063007168
28,0.6000000000000025,1.3460528000000001e-05,0.6000000000000025,-0.006779275999999999
29,0.5750000000000026,9.242296e-06,0.5750000000000026,-0.007254169600000001
30,0.5500000000000027,6.2209376e-06,0.5500000000000027,-0.0077251304
31,0.5250000000000028,3.1451919999999998e-06,0.5250000000000028,-0.008192912
32,0.5000000000000029,2.5690376000000003e-06,0.5000000000000029,-0.008621015999999999
33,0.475000000000003,1.9716976e-06,0.475000000000003,-0.009077680000000001
34,0.45000000000000306,1.4549807999999999e-06,0.45000000000000306,-0.009535768
35,0.42500000000000315,4.202596e-07,0.42500000000000315,-0.009988168
36,0.40000000000000324,-8.397040000000001e-07,0.40000000000000324,-0.010434664
37,0.37500000000000333,-8.322176e-07,0.37500000000000333,-0.010874176000000001
38,0.3500000000000034,-2.1222528e-06,0.3500000000000034,-0.011308408
39,0.3250000000000035,-2.7994712e-06,0.3250000000000035,-0.011733672
40,0.3000000000000036,-3.2730688000000004e-06,0.3000000000000036,-0.01215108
41,0.2750000000000037,-3.6245912e-06,0.2750000000000037,-0.012563144000000002
42,0.2500000000000038,-3.8789216e-06,0.2500000000000038,-0.01296852
43,0.22500000000000386,-3.963184e-06,0.22500000000000386,-0.013360152
44,0.20000000000000395,-4.1645752000000006e-06,0.20000000000000395,-0.013748624000000001
45,0.17500000000000404,-4.2523352000000006e-06,0.17500000000000404,-0.01412656
46,0.15000000000000413,-4.292074399999999e-06,0.15000000000000413,-0.014495104
47,0.12500000000000422,-4.3074264e-06,0.12500000000000422,-0.014853256
48,0.10000000000000431,-4.2948568e-06,0.10000000000000431,-0.015200479999999999
49,0.0750000000000044,-4.2611584e-06,0.0750000000000044,-0.015537472
50,0.050000000000004485,-4.214941599999999e-06,0.050000000000004485,-0.015863616
51,0.025000000000004574,-4.1608496e-06,0.025000000000004574,-0.016177032
52,4.6629367034256575e-15,-4.0665344e-06,4.6629367034256575e-15,-0.016479104
53,-0.024999999999995248,-4.0249471999999995e-06,-0.024999999999995248,-0.016768648
54,-0.04999999999999516,-3.976552e-06,-0.04999999999999516,-0.01704344
55,-0.07499999999999507,-3.92842e-06,-0.07499999999999507,-0.017308624
56,-0.09999999999999498,-3.8910144e-06,-0.09999999999999498,-0.017554736
57,-0.12499999999999489,-3.8615248e-06,-0.12499999999999489,-0.017789720000000002
58,-0.1499999999999948,-3.8462632e-06,-0.1499999999999948,-0.018008968
59,-0.17499999999999472,-3.8452488e-06,-0.17499999999999472,-0.0182194
60,-0.19999999999999463,-3.8205399999999995e-06,-0.19999999999999463,-0.018407384
61,-0.22499999999999454,-3.8722815999999995e-06,-0.22499999999999454,-0.018589288000000002
62,-0.24999999999999445,-3.923352e-06,-0.24999999999999445,-0.018755823999999997
63,-0.27499999999999436,-3.991597600000001e-06,-0.27499999999999436,-0.018909552
