,52LA_2F_V_D,52LA_2F_J_D,52LA_2F_V_L,52LA_2F_J_L
0,-0.3,-1.3288568000000001e-05,-0.3,-0.020119176
1,-0.27499999999999997,-2.4603984e-06,-0.27499999999999997,-0.019821568
2,-0.24999999999999994,-9.715048e-07,-0.24999999999999994,-0.019588336
3,-0.22499999999999992,-1.08292e-06,-0.22499999999999992,-0.019348496
4,-0.1999999999999999,-6.962296e-07,-0.1999999999999999,-0.019091848
5,-0.17499999999999988,5.080628e-07,-0.17499999999999988,-0.01880896
6,-0.14999999999999986,8.050679999999999e-07,-0.14999999999999986,-0.018503952
7,-0.12499999999999983,8.402328000000001e-07,-0.12499999999999983,-0.018172736000000002
8,-0.09999999999999981,8.402328000000001e-07,-0.09999999999999981,-0.017818960000000002
9,-0.07499999999999979,1.6742504000000002e-07,-0.07499999999999979,-0.017444895999999998
10,-0.04999999999999977,1.4041816e-06,-0.04999999999999977,-0.017051256
11,-0.024999999999999745,1.7744720000000002e-06,-0.024999999999999745,-0.016643648
12,2.7755575615628914e-16,2.0150512e-06,2.7755575615628914e-16,-0.016222928
13,0.0250000000000003,2.2950216e-06,0.0250000000000003,-0.01579588
14,0.05000000000000032,2.5418488e-06,0.05000000000000032,-0.015361759999999999
15,0.07500000000000034,2.790208e-06,0.07500000000000034,-0.014924312
16,0.10000000000000037,2.9409208e-06,0.10000000000000037,-0.014483728000000001
17,0.1250000000000004,3.3000848000000003e-06,0.1250000000000004,-0.014043136000000001
18,0.1500000000000004,3.5855672e-06,0.1500000000000004,-0.013601928
19,0.17500000000000043,3.8772944e-06,0.17500000000000043,-0.013161016000000001
20,0.20000000000000046,4.1794303999999995e-06,0.20000000000000046,-0.012720656
21,0.22500000000000048,4.4268064e-06,0.22500000000000048,-0.012281664000000001
22,0.2500000000000005,4.8165752000000004e-06,0.2500000000000005,-0.011844968
23,0.2750000000000005,5.1831704e-06,0.2750000000000005,-0.011408864000000001
24,0.30000000000000054,5.5603007999999995e-06,0.30000000000000054,-0.0109762
25,0.32500000000000057,5.8825936e-06,0.32500000000000057,-0.01054228
26,0.3500000000000006,6.4164168e-06,0.3500000000000006,-0.010112368
27,0.3750000000000006,6.9687264e-06,0.3750000000000006,-0.009683776
28,0.40000000000000063,7.5414672e-06,0.40000000000000063,-0.009255936
29,0.42500000000000066,8.12888e-06,0.42500000000000066,-0.008828008
30,0.4500000000000007,8.399584e-06,0.4500000000000007,-0.00840428
31,0.4750000000000007,6.8743879999999994e-06,0.4750000000000007,-0.008103848
32,0.5000000000000007,1.0055976e-05,0.5000000000000007,-0.007630664800000001
33,0.5250000000000008,1.3114232e-05,0.5250000000000008,-0.0071958863999999996
34,0.5500000000000007,1.75196e-05,0.5500000000000007,-0.0067671008
35,0.5750000000000008,2.412128e-05,0.5750000000000008,-0.0063404472
36,0.6000000000000008,3.3913392e-05,0.6000000000000008,-0.005916088
37,0.6250000000000009,4.7866448e-05,0.6250000000000009,-0.0054910488
38,0.6500000000000008,6.677437600000001e-05,0.6500000000000008,-0.0050685728
39,0.6750000000000009,8.57748e-05,0.6750000000000009,-0.0046466536
40,0.7000000000000008,0.00010936624,0.7000000000000008,-0.00422568
41,0.7250000000000008,0.00013961112,0.7250000000000008,-0.003801848
42,0.7500000000000009,0.00017599216,0.7500000000000009,-0.00338032
43,0.775000000000001,0.00021889288,0.775000000000001,-0.0029578312
44,0.8000000000000009,0.00026894768,0.8000000000000009,-0.0025338039999999997
45,0.8250000000000008,0.00032668152,0.8250000000000008,-0.0021088903999999997
46,0.850000000000001,0.00039261224,0.850000000000001,-0.0016827056
47,0.8750000000000011,0.00046695015999999995,0.8750000000000011,-0.0012551583999999998
48,0.900000000000001,0.00054971024,0.900000000000001,-0.0008259304
49,0.9250000000000009,0.00064051752,0.9250000000000009,-0.00047270064
50,0.9500000000000011,0.00073912576,0.9500000000000011,-0.00021728336
51,0.9750000000000012,0.0008399896000000001,0.9750000000000012,0.00024484455999999996
52,1.000000000000001,0.0009197128000000001,1.000000000000001,0.00070186168
53,1.025000000000001,0.0010530968,1.025000000000001,0.0010517016000000001
54,1.0500000000000012,0.0012067879999999999,1.0500000000000012,0.0015203783999999999
55,1.0750000000000013,0.0013774328,1.0750000000000013,0.0019871216
56,1.1000000000000012,0.0015673447999999999,1.1000000000000012,0.0024531832
57,1.125000000000001,0.0017791336000000002,1.125000000000001,0.0029221976
58,1.1500000000000012,0.0020154384,1.1500000000000012,0.0033931408000000005
59,1.1750000000000014,0.0022773416,1.1750000000000014,0.0038668255999999997
60,1.2000000000000013,0.0025709928,1.2000000000000013,0.004343380799999999
61,1.2250000000000012,0.0028948672000000003,1.2250000000000012,0.0048233136
62,1.2500000000000013,0.0032496504000000003,1.2500000000000013,0.00530664
63,1.2750000000000015,0.0036356687999999997,1.2750000000000015,0.0057940296
