,52LA_2R_V_D,52LA_2R_J_D,52LA_2R_V_L,52LA_2R_J_L
0,1.3,0.001853436,1.3,0.008430672
1,1.2750000000000001,0.0020370472000000002,1.2750000000000001,0.007725594399999999
2,1.2500000000000002,0.00209652,1.2500000000000002,0.0071589608
3,1.2250000000000003,0.0020917967999999998,1.2250000000000003,0.00660288
4,1.2000000000000004,0.0020378288,1.2000000000000004,0.0060532488
5,1.1750000000000005,0.0019433056,1.1750000000000005,0.0055091984
6,1.1500000000000006,0.0018152904000000001,1.1500000000000006,0.0049699992
7,1.1250000000000007,0.0016605728,1.1250000000000007,0.0044358912
8,1.1000000000000008,0.001487452,1.1000000000000008,0.0039082552
9,1.0750000000000008,0.0013009232000000001,1.0750000000000008,0.003384572
10,1.050000000000001,0.001110336,1.050000000000001,0.0028656256000000003
11,1.025000000000001,0.0009229192000000001,1.025000000000001,0.0023513184
12,1.000000000000001,0.00073652864,1.000000000000001,0.0018413519999999999
13,0.9750000000000012,0.00058322648,0.9750000000000012,0.0013368272000000001
14,0.9500000000000013,0.0004489784,0.9500000000000013,0.0008365687999999999
15,0.9250000000000014,0.00033990784,0.9250000000000014,0.00034803664
16,0.9000000000000015,0.00025578624,0.9000000000000015,-0.00015801592000000002
17,0.8750000000000016,0.00019341568,0.8750000000000016,-0.0006506704799999999
18,0.8500000000000016,0.00014829856,0.8500000000000016,-0.0011263872
19,0.8250000000000017,0.00011579935999999999,0.8250000000000017,-0.0016251071999999998
20,0.8000000000000018,9.210775999999999e-05,0.8000000000000018,-0.0021100959999999997
21,0.7750000000000019,7.386228e-05,0.7750000000000019,-0.0025879208
22,0.750000000000002,6.0307391999999996e-05,0.750000000000002,-0.0030609688
23,0.7250000000000021,4.9632192e-05,0.7250000000000021,-0.0035292072
24,0.7000000000000022,4.0934656e-05,0.7000000000000022,-0.0039916408
25,0.6750000000000023,3.3640768e-05,0.6750000000000023,-0.0044510752
26,0.6500000000000024,2.747896e-05,0.6500000000000024,-0.0049070648
27,0.6250000000000024,2.2250216e-05,0.6250000000000024,-0.0053592792
28,0.6000000000000025,1.7775512e-05,0.6000000000000025,-0.0058052416
29,0.5750000000000026,1.3994048e-05,0.5750000000000026,-0.0062477832
30,0.5500000000000027,1.0790008e-05,0.5500000000000027,-0.0066861712
31,0.5250000000000028,8.070384e-06,0.5250000000000028,-0.0071188208
32,0.5000000000000029,6.5959087999999996e-06,0.5000000000000029,-0.0075481744000000005
33,0.475000000000003,4.2733672e-06,0.475000000000003,-0.0079723376
34,0.45000000000000306,2.599588e-06,0.45000000000000306,-0.008389584
35,0.42500000000000315,1.2312672e-06,0.42500000000000315,-0.008717096
36,0.40000000000000324,1.5719248000000001e-06,0.40000000000000324,-0.009126912
37,0.37500000000000333,1.10906e-06,0.37500000000000333,-0.00953964
38,0.3500000000000034,3.6546848e-07,0.3500000000000034,-0.009943808
39,0.3250000000000035,-7.9262544e-07,0.3250000000000035,-0.0103414
40,0.3000000000000036,-3.2936864000000003e-07,0.3000000000000036,-0.010729136
41,0.2750000000000037,-1.3318816e-06,0.2750000000000037,-0.011112136
42,0.2500000000000038,-1.8667208000000001e-06,0.2500000000000038,-0.011486768
43,0.22500000000000386,-2.2129656e-06,0.22500000000000386,-0.011849576
44,0.20000000000000395,-2.592436e-06,0.20000000000000395,-0.012212488
45,0.17500000000000404,-2.8686424e-06,0.17500000000000404,-0.012564744
46,0.15000000000000413,-3.1052432000000004e-06,0.15000000000000413,-0.012909960000000002
47,0.12500000000000422,-3.3033712e-06,0.12500000000000422,-0.013248736
48,0.10000000000000431,-3.4718216e-06,0.10000000000000431,-0.013575599999999998
49,0.0750000000000044,-3.6158424000000002e-06,0.0750000000000044,-0.013894703999999999
50,0.050000000000004485,-3.7408416000000004e-06,0.050000000000004485,-0.014205208
51,0.025000000000004574,-3.8487832e-06,0.025000000000004574,-0.014511408
52,4.6629367034256575e-15,-3.9211096e-06,4.6629367034256575e-15,-0.014803336
53,-0.024999999999995248,-4.0310008e-06,-0.024999999999995248,-0.015087976
54,-0.04999999999999516,-4.1233368000000005e-06,-0.04999999999999516,-0.01536412
55,-0.07499999999999507,-4.22156e-06,-0.07499999999999507,-0.015631936
56,-0.09999999999999498,-4.3206208e-06,-0.09999999999999498,-0.015889952
57,-0.12499999999999489,-4.4299087999999995e-06,-0.12499999999999489,-0.016138608
58,-0.1499999999999948,-4.5505032e-06,-0.1499999999999948,-0.016379416
59,-0.17499999999999472,-4.6825736e-06,-0.17499999999999472,-0.016609888
60,-0.19999999999999463,-4.78722e-06,-0.19999999999999463,-0.016826632
61,-0.22499999999999454,-4.9798424e-06,-0.22499999999999454,-0.017041872
62,-0.24999999999999445,-5.1699208e-06,-0.24999999999999445,-0.01724444
63,-0.27499999999999436,-5.377748000000001e-06,-0.27499999999999436,-0.017440223999999997
