,52LA_2R_V_D,52LA_2R_J_D,52LA_2R_V_L,52LA_2R_J_L
0,1.3,0.0042056872000000006,1.3,0.0070002992
1,1.2750000000000001,0.0047009672,1.2750000000000001,0.006290387999999999
2,1.2500000000000002,0.004575296,1.2500000000000002,0.0056405984
3,1.2250000000000003,0.0042814752,1.2250000000000003,0.0050164152
4,1.2000000000000004,0.0039203424,1.2000000000000004,0.0044078976
5,1.1750000000000005,0.0035360144000000002,1.1750000000000005,0.0038097143999999998
6,1.1500000000000006,0.0031457824000000003,1.1500000000000006,0.0032199584000000003
7,1.1250000000000007,0.0027603519999999998,1.1250000000000007,0.0026367944
8,1.1000000000000008,0.0023917272,1.1000000000000008,0.0020634976
9,1.0750000000000008,0.0020424976,1.0750000000000008,0.0014947968000000001
10,1.050000000000001,0.0017200104,1.050000000000001,0.000933312
11,1.025000000000001,0.0014296344,1.025000000000001,0.00040870543999999996
12,1.000000000000001,0.0011755664,1.000000000000001,-0.00015990615999999998
13,0.9750000000000012,0.0009599384,0.9750000000000012,-0.00070895312
14,0.9500000000000013,0.00076703648,0.9500000000000013,-0.0011939544
15,0.9250000000000014,0.0006368631199999999,0.9250000000000014,-0.001748976
16,0.9000000000000015,0.0005309140000000001,0.9000000000000015,-0.0022825248
17,0.8750000000000016,0.00044809152000000005,0.8750000000000016,-0.0028043616
18,0.8500000000000016,0.00038343576,0.8500000000000016,-0.0033166184
19,0.8250000000000017,0.0003321096,0.8250000000000017,-0.0038194488
20,0.8000000000000018,0.00029007584,0.8000000000000018,-0.0043132544
21,0.7750000000000019,0.00025494808,0.7750000000000019,-0.0047991448
22,0.750000000000002,0.00022465672000000002,0.750000000000002,-0.0052783216
23,0.7250000000000021,0.00019823872,0.7250000000000021,-0.0057468664
24,0.7000000000000022,0.00017481248,0.7000000000000022,-0.0062058968
25,0.6750000000000023,0.0001539728,0.6750000000000023,-0.0066584792
26,0.6500000000000024,0.00013542319999999998,0.6500000000000024,-0.007105040799999999
27,0.6250000000000024,0.00011888016,0.6250000000000024,-0.0075386888
28,0.6000000000000025,0.00010406128000000001,0.6000000000000025,-0.007966532799999999
29,0.5750000000000026,9.093472e-05,0.5750000000000026,-0.008382504
30,0.5500000000000027,7.948701600000001e-05,0.5500000000000027,-0.00860248
31,0.5250000000000028,6.8509008e-05,0.5250000000000028,-0.009021376000000001
32,0.5000000000000029,5.9162016e-05,0.5000000000000029,-0.009430768
33,0.475000000000003,5.0932224e-05,0.475000000000003,-0.009827832
34,0.45000000000000306,4.3607848e-05,0.45000000000000306,-0.010207431999999999
35,0.42500000000000315,3.7131312e-05,0.42500000000000315,-0.010573408
36,0.40000000000000324,3.1427168e-05,0.40000000000000324,-0.01092732
37,0.37500000000000333,2.6481016e-05,0.37500000000000333,-0.011266464
38,0.3500000000000034,2.2171696e-05,0.3500000000000034,-0.011593744
39,0.3250000000000035,1.8445168e-05,0.3250000000000035,-0.011904192
40,0.3000000000000036,1.5142296e-05,0.3000000000000036,-0.01220128
41,0.2750000000000037,1.238168e-05,0.2750000000000037,-0.012481592
42,0.2500000000000038,9.924488e-06,0.2500000000000038,-0.012749495999999999
43,0.22500000000000386,8.300032e-06,0.22500000000000386,-0.012988176
44,0.20000000000000395,6.0921928e-06,0.20000000000000395,-0.013227776
45,0.17500000000000404,4.4548663999999996e-06,0.17500000000000404,-0.0134478
46,0.15000000000000413,3.0538584000000004e-06,0.15000000000000413,-0.013659904
47,0.12500000000000422,1.8493296e-06,0.12500000000000422,-0.013850656
48,0.10000000000000431,1.480624e-06,0.10000000000000431,-0.014028760000000001
49,0.0750000000000044,5.73386e-07,0.0750000000000044,-0.014198616
50,0.050000000000004485,-6.835788000000001e-07,0.050000000000004485,-0.01436896
51,0.025000000000004574,-9.597672e-07,0.025000000000004574,-0.014524935999999999
52,4.6629367034256575e-15,-2.0811256e-06,4.6629367034256575e-15,-0.014675727999999999
53,-0.024999999999995248,-2.9564048000000002e-06,-0.024999999999995248,-0.014827592
54,-0.04999999999999516,-3.883476e-06,-0.04999999999999516,-0.014977104
55,-0.07499999999999507,-4.9238576e-06,-0.07499999999999507,-0.015128832
56,-0.09999999999999498,-6.1250112e-06,-0.09999999999999498,-0.015281800000000002
57,-0.12499999999999489,-7.513727200000001e-06,-0.12499999999999489,-0.015434936
58,-0.1499999999999948,-8.552552e-06,-0.1499999999999948,-0.015588656000000001
59,-0.17499999999999472,-1.0718343999999999e-05,-0.17499999999999472,-0.015743616
60,-0.19999999999999463,-1.2769512e-05,-0.19999999999999463,-0.015888015999999998
61,-0.22499999999999454,-1.5084688e-05,-0.22499999999999454,-0.01604696
62,-0.24999999999999445,-1.7668744e-05,-0.24999999999999445,-0.016201872
63,-0.27499999999999436,-2.0592816e-05,-0.27499999999999436,-0.016360608
