,52LA_2R_V_D,52LA_2R_J_D,52LA_2R_V_L,52LA_2R_J_L
0,1.3,0.010519968000000001,1.3,0.010632416
1,1.2750000000000001,0.010097072,1.2750000000000001,0.009891808
2,1.2500000000000002,0.00962856,1.2500000000000002,0.009281328
3,1.2250000000000003,0.009145472,1.2250000000000003,0.008689792
4,1.2000000000000004,0.008659728,1.2000000000000004,0.008102
5,1.1750000000000005,0.008176272,1.1750000000000005,0.007550728
6,1.1500000000000006,0.0076965768,1.1500000000000006,0.0069466768
7,1.1250000000000007,0.007236184800000001,1.1250000000000007,0.006342885600000001
8,1.1000000000000008,0.006783178400000001,1.1000000000000008,0.0057384048
9,1.0750000000000008,0.00633936,1.0750000000000008,0.00512998
10,1.050000000000001,0.0059097944,1.050000000000001,0.004521188000000001
11,1.025000000000001,0.0054951728,1.025000000000001,0.0039122928
12,1.000000000000001,0.0050973792,1.000000000000001,0.0033049696000000003
13,0.9750000000000012,0.0047171632,0.9750000000000012,0.0026994912
14,0.9500000000000013,0.0043550656,0.9500000000000013,0.0020965008
15,0.9250000000000014,0.0040101848,0.9250000000000014,0.0014969879999999999
16,0.9000000000000015,0.003683732,0.9000000000000015,0.0009011016000000001
17,0.8750000000000016,0.0033754607999999997,0.8750000000000016,0.00032305216
18,0.8500000000000016,0.0030854072,0.8500000000000016,-0.00027880848
19,0.8250000000000017,0.0028121208000000003,0.8250000000000017,-0.0008500704
20,0.8000000000000018,0.0025554512000000003,0.8000000000000018,-0.0014470488
21,0.7750000000000019,0.0023147352,0.7750000000000019,-0.0020267416
22,0.750000000000002,0.002090092,0.750000000000002,-0.0025994544000000003
23,0.7250000000000021,0.0018800704,0.7250000000000021,-0.003163996
24,0.7000000000000022,0.0016846104000000002,0.7000000000000022,-0.0037210312
25,0.6750000000000023,0.0015024728,0.6750000000000023,-0.0042737824
26,0.6500000000000024,0.0013335592,0.6500000000000024,-0.0048206968000000005
27,0.6250000000000024,0.0011779624,0.6250000000000024,-0.0053585112
28,0.6000000000000025,0.0010345952,0.6000000000000025,-0.005890904000000001
29,0.5750000000000026,0.0009027792,0.5750000000000026,-0.006416369600000001
30,0.5500000000000027,0.00077594392,0.5500000000000027,-0.006934259199999999
31,0.5250000000000028,0.00066608072,0.5250000000000028,-0.0074435968000000005
32,0.5000000000000029,0.0005681224,0.5000000000000029,-0.007944841599999999
33,0.475000000000003,0.00048049864,0.475000000000003,-0.008398416
34,0.45000000000000306,0.00040184671999999997,0.45000000000000306,-0.008864911999999999
35,0.42500000000000315,0.0003322812,0.42500000000000315,-0.009356647999999999
36,0.40000000000000324,0.00027151592,0.40000000000000324,-0.0098332
37,0.37500000000000333,0.00021878072,0.37500000000000333,-0.010295936
38,0.3500000000000034,0.00017348888,0.3500000000000034,-0.010745904
39,0.3250000000000035,0.00013532952000000001,0.3250000000000035,-0.011184023999999999
40,0.3000000000000036,0.00010376680000000001,0.3000000000000036,-0.011607568
41,0.2750000000000037,7.490672800000001e-05,0.2750000000000037,-0.012021616
42,0.2500000000000038,5.4875583999999996e-05,0.2500000000000038,-0.012424583999999999
43,0.22500000000000386,3.9618792e-05,0.22500000000000386,-0.012808952000000002
44,0.20000000000000395,2.8178056e-05,0.20000000000000395,-0.013189815999999998
45,0.17500000000000404,1.9374807999999998e-05,0.17500000000000404,-0.01355568
46,0.15000000000000413,1.2823864e-05,0.15000000000000413,-0.013910792
47,0.12500000000000422,8.214232e-06,0.12500000000000422,-0.014248575999999999
48,0.10000000000000431,5.2096776e-06,0.10000000000000431,-0.014574496000000001
49,0.0750000000000044,2.62184e-06,0.0750000000000044,-0.01488604
50,0.050000000000004485,8.730536000000001e-07,0.050000000000004485,-0.015189928
51,0.025000000000004574,-2.0252824e-07,0.025000000000004574,-0.015474640000000001
52,4.6629367034256575e-15,-1.3976016e-06,4.6629367034256575e-15,-0.015746431999999998
53,-0.024999999999995248,-2.9684824e-06,-0.024999999999995248,-0.0160048
54,-0.04999999999999516,-4.4524664e-06,-0.04999999999999516,-0.016252624
55,-0.07499999999999507,-6.073912e-06,-0.07499999999999507,-0.016484824000000002
56,-0.09999999999999498,-7.8876992e-06,-0.09999999999999498,-0.016704152
57,-0.12499999999999489,-9.703904000000001e-06,-0.12499999999999489,-0.01690944
58,-0.1499999999999948,-1.253964e-05,-0.1499999999999948,-0.01710136
59,-0.17499999999999472,-1.5666216e-05,-0.17499999999999472,-0.017279472
60,-0.19999999999999463,-1.9221408e-05,-0.19999999999999463,-0.017439296
61,-0.22499999999999454,-2.3258944000000002e-05,-0.22499999999999454,-0.017596856
62,-0.24999999999999445,-2.8114352000000002e-05,-0.24999999999999445,-0.017738752
63,-0.27499999999999436,-3.3960776e-05,-0.27499999999999436,-0.017873832
