,52LA_2F_V_D,52LA_2F_J_D,52LA_2F_V_L,52LA_2F_J_L
0,-0.3,-2.4074208000000003e-05,-0.3,-0.020668416000000002
1,-0.27499999999999997,-1.7304392e-05,-0.27499999999999997,-0.019905672
2,-0.24999999999999994,-1.4283368e-05,-0.24999999999999994,-0.018685056
3,-0.22499999999999992,-1.1709952e-05,-0.22499999999999992,-0.017526248
4,-0.1999999999999999,-9.532208e-06,-0.1999999999999999,-0.016531144
5,-0.17499999999999988,-7.862592800000001e-06,-0.17499999999999988,-0.015710384
6,-0.14999999999999986,-5.8485656e-06,-0.14999999999999986,-0.015030432
7,-0.12499999999999983,-4.3683568e-06,-0.12499999999999983,-0.014460016000000001
8,-0.09999999999999981,-3.1034336e-06,-0.09999999999999981,-0.013969984
9,-0.07499999999999979,-2.0078144000000002e-06,-0.07499999999999979,-0.013544496
10,-0.04999999999999977,-1.0485472e-06,-0.04999999999999977,-0.013168759999999998
11,-0.024999999999999745,-5.561672e-07,-0.024999999999999745,-0.012830175999999999
12,2.7755575615628914e-16,6.326871999999999e-07,2.7755575615628914e-16,-0.012521032000000001
13,0.0250000000000003,1.0626032e-06,0.0250000000000003,-0.012227208
14,0.05000000000000032,2.3159376e-06,0.05000000000000032,-0.011951696000000001
15,0.07500000000000034,3.3615672e-06,0.07500000000000034,-0.011690992
16,0.10000000000000037,4.5548152e-06,0.10000000000000037,-0.01143168
17,0.1250000000000004,5.9309959999999995e-06,0.1250000000000004,-0.011188176
18,0.1500000000000004,7.559826400000001e-06,0.1500000000000004,-0.01094616
19,0.17500000000000043,8.83396e-06,0.17500000000000043,-0.010707576
20,0.20000000000000046,1.124152e-05,0.20000000000000046,-0.010462
21,0.22500000000000048,1.3634896e-05,0.22500000000000048,-0.010224824
22,0.2500000000000005,1.6242568e-05,0.2500000000000005,-0.00998308
23,0.2750000000000005,1.9199176e-05,0.2750000000000005,-0.009736224
24,0.30000000000000054,2.245944e-05,0.30000000000000054,-0.009489048
25,0.32500000000000057,2.6058127999999997e-05,0.32500000000000057,-0.009231912
26,0.3500000000000006,3.0071488e-05,0.3500000000000006,-0.008973072
27,0.3750000000000006,3.444184e-05,0.3750000000000006,-0.0087046
28,0.40000000000000063,3.9311864e-05,0.40000000000000063,-0.008429272
29,0.42500000000000066,4.4546256000000004e-05,0.42500000000000066,-0.008146272
30,0.4500000000000007,5.0289360000000004e-05,0.4500000000000007,-0.008202456
31,0.4750000000000007,5.662048e-05,0.4750000000000007,-0.007718332
32,0.5000000000000007,6.3603936e-05,0.5000000000000007,-0.007354592
33,0.5250000000000008,7.117317599999999e-05,0.5250000000000008,-0.0070118336000000005
34,0.5500000000000007,7.9541696e-05,0.5500000000000007,-0.0066714176
35,0.5750000000000008,8.840216e-05,0.5750000000000008,-0.0063258648
36,0.6000000000000008,9.92468e-05,0.6000000000000008,-0.0059753944
37,0.6250000000000009,0.00011101591999999999,0.6250000000000009,-0.005616615199999999
38,0.6500000000000008,0.0001243808,0.6500000000000008,-0.0052501264
39,0.6750000000000009,0.000139742,0.6750000000000009,-0.0048776424
40,0.7000000000000008,0.00015747744,0.7000000000000008,-0.0044965504
41,0.7250000000000008,0.0001784296,0.7250000000000008,-0.0041061752
42,0.7500000000000009,0.00020322864,0.7500000000000009,-0.003707408
43,0.775000000000001,0.00023318488,0.775000000000001,-0.003300832
44,0.8000000000000009,0.00026997551999999997,0.8000000000000009,-0.0028831432
45,0.8250000000000008,0.00031699256,0.8250000000000008,-0.002454144
46,0.850000000000001,0.00037837639999999996,0.850000000000001,-0.0020198656
47,0.8750000000000011,0.0004604016,0.8750000000000011,-0.0015735744
48,0.900000000000001,0.00057026016,0.900000000000001,-0.001116696
49,0.9250000000000009,0.00071586568,0.9250000000000009,-0.0007685077600000001
50,0.9500000000000011,0.000964368,0.9500000000000011,-0.00024266136
51,0.9750000000000012,0.0011745704,0.9750000000000012,0.00026791407999999996
52,1.000000000000001,0.0014518552,1.000000000000001,0.0007819875199999999
53,1.025000000000001,0.0017805143999999999,1.025000000000001,0.0011887415999999999
54,1.0500000000000012,0.0021537448000000002,1.0500000000000012,0.001760748
55,1.0750000000000013,0.0025674704,1.0750000000000013,0.0023224192
56,1.1000000000000012,0.0030141112,1.1000000000000012,0.002886016
57,1.125000000000001,0.0034921496,1.125000000000001,0.0034578791999999997
58,1.1500000000000012,0.0039956472,1.1500000000000012,0.0040380712
59,1.1750000000000014,0.0045186744000000004,1.1750000000000014,0.004625595200000001
60,1.2000000000000013,0.0050661064,1.2000000000000013,0.0052225168
61,1.2250000000000012,0.0056284064,1.2250000000000012,0.005825932000000001
62,1.2500000000000013,0.0062058624,1.2500000000000013,0.0064373184
63,1.2750000000000015,0.006792548,1.2750000000000015,0.0070558944
