,52LA_2R_V_D,52LA_2R_J_D,52LA_2R_V_L,52LA_2R_J_L
0,1.3,0.0046945736,1.3,0.0069594296
1,1.2750000000000001,0.0051999344,1.2750000000000001,0.006278148
2,1.2500000000000002,0.0050260176,1.2500000000000002,0.0056354848
3,1.2250000000000003,0.00468558,1.2250000000000003,0.0050071272
4,1.2000000000000004,0.0042845392000000005,1.2000000000000004,0.0043879288
5,1.1750000000000005,0.0038613479999999997,1.1750000000000005,0.0037748296
6,1.1500000000000006,0.0034334984,1.1500000000000006,0.0031671968
7,1.1250000000000007,0.0030134528,1.1250000000000007,0.0025640240000000003
8,1.1000000000000008,0.0026085224,1.1000000000000008,0.0019691776
9,1.0750000000000008,0.002223964,1.0750000000000008,0.0013772608
10,1.050000000000001,0.0018673304,1.050000000000001,0.0008121208
11,1.025000000000001,0.0015434448,1.025000000000001,0.00021529767999999998
12,1.000000000000001,0.0012585672,1.000000000000001,-0.00036454968000000003
13,0.9750000000000012,0.0010149808,0.9750000000000012,-0.000895228
14,0.9500000000000013,0.000815056,0.9500000000000013,-0.0014817752
15,0.9250000000000014,0.00064733064,0.9250000000000014,-0.0020475856
16,0.9000000000000015,0.00053216992,0.9000000000000015,-0.0026025696
17,0.8750000000000016,0.00044344944,0.8750000000000016,-0.0031481488
18,0.8500000000000016,0.0003759436,0.8500000000000016,-0.0036849536
19,0.8250000000000017,0.00032383768,0.8250000000000017,-0.004213012800000001
20,0.8000000000000018,0.00028238591999999997,0.8000000000000018,-0.0047325119999999995
21,0.7750000000000019,0.00024827896,0.7750000000000019,-0.005243579999999999
22,0.750000000000002,0.0002192424,0.750000000000002,-0.0057477624
23,0.7250000000000021,0.00019404256,0.7250000000000021,-0.0062400232
24,0.7000000000000022,0.00017176559999999998,0.7000000000000022,-0.0067222696
25,0.6750000000000023,0.00015185984000000002,0.6750000000000023,-0.0071982216000000005
26,0.6500000000000024,0.0001340844,0.6500000000000024,-0.0076663632
27,0.6250000000000024,0.00011805864,0.6250000000000024,-0.008120816
28,0.6000000000000025,0.00010366655999999999,0.6000000000000025,-0.008403576
29,0.5750000000000026,9.073712e-05,0.5750000000000026,-0.008865175999999999
30,0.5500000000000027,7.9474864e-05,0.5500000000000027,-0.009310127999999999
31,0.5250000000000028,6.8696928e-05,0.5250000000000028,-0.009739216
32,0.5000000000000029,5.946256e-05,0.5000000000000029,-0.010153648
33,0.475000000000003,5.137940800000001e-05,0.475000000000003,-0.010557008
34,0.45000000000000306,4.417872e-05,0.45000000000000306,-0.010942784
35,0.42500000000000315,3.7852968e-05,0.42500000000000315,-0.011315912000000001
36,0.40000000000000324,3.2270543999999996e-05,0.40000000000000324,-0.011676856
37,0.37500000000000333,2.7425928e-05,0.37500000000000333,-0.012027024
38,0.3500000000000034,2.3243800000000003e-05,0.3500000000000034,-0.012357983999999999
39,0.3250000000000035,1.9518048e-05,0.3250000000000035,-0.012674336
40,0.3000000000000036,1.6277344e-05,0.3000000000000036,-0.012974392000000001
41,0.2750000000000037,1.3385095999999999e-05,0.2750000000000037,-0.013260504000000001
42,0.2500000000000038,1.089128e-05,0.2500000000000038,-0.013527912
43,0.22500000000000386,8.756064e-06,0.22500000000000386,-0.013766328
44,0.20000000000000395,7.269705600000001e-06,0.20000000000000395,-0.014001408000000002
45,0.17500000000000404,5.270808000000001e-06,0.17500000000000404,-0.014215816000000001
46,0.15000000000000413,3.7922384e-06,0.15000000000000413,-0.014417336
47,0.12500000000000422,2.5391704e-06,0.12500000000000422,-0.014593055999999998
48,0.10000000000000431,1.4733976e-06,0.10000000000000431,-0.014753864
49,0.0750000000000044,1.0890968000000001e-06,0.0750000000000044,-0.014899167999999999
50,0.050000000000004485,2.6274152e-07,0.050000000000004485,-0.015034912000000001
51,0.025000000000004574,-8.393327999999999e-07,0.025000000000004574,-0.015151096
52,4.6629367034256575e-15,-1.246212e-06,4.6629367034256575e-15,-0.015257960000000001
53,-0.024999999999995248,-2.4152928e-06,-0.024999999999995248,-0.015360151999999998
54,-0.04999999999999516,-3.3609024e-06,-0.04999999999999516,-0.015465944
55,-0.07499999999999507,-4.424188e-06,-0.07499999999999507,-0.0155602
56,-0.09999999999999498,-5.6581032e-06,-0.09999999999999498,-0.015656784
57,-0.12499999999999489,-7.0660608e-06,-0.12499999999999489,-0.0157562
58,-0.1499999999999948,-8.400888e-06,-0.1499999999999948,-0.015853271999999998
59,-0.17499999999999472,-1.0181864e-05,-0.17499999999999472,-0.015959151999999997
60,-0.19999999999999463,-1.2653968e-05,-0.19999999999999463,-0.016056576
61,-0.22499999999999454,-1.5131904e-05,-0.22499999999999454,-0.016171688
62,-0.24999999999999445,-1.7871472e-05,-0.24999999999999445,-0.016284384
63,-0.27499999999999436,-2.1009704e-05,-0.27499999999999436,-0.01640084
