,52LA_2R_V_D,52LA_2R_J_D,52LA_2R_V_L,52LA_2R_J_L
0,1.3,0.0044842808,1.3,0.0068807456
1,1.2750000000000001,0.004953056,1.2750000000000001,0.006191908
2,1.2500000000000002,0.004794784,1.2500000000000002,0.0055512232
3,1.2250000000000003,0.0044730272,1.2250000000000003,0.0049293112
4,1.2000000000000004,0.0040909752,1.2000000000000004,0.0043190896
5,1.1750000000000005,0.0036853832000000005,1.1750000000000005,0.0037165488000000003
6,1.1500000000000006,0.0032764016,1.1500000000000006,0.0031207016000000002
7,1.1250000000000007,0.0028732376,1.1250000000000007,0.0025312104
8,1.1000000000000008,0.0024869352,1.1000000000000008,0.0019488295999999998
9,1.0750000000000008,0.0021209568,1.0750000000000008,0.0013713848
10,1.050000000000001,0.0017824975999999998,1.050000000000001,0.0008000056
11,1.025000000000001,0.001476804,1.025000000000001,0.00026321936
12,1.000000000000001,0.0012089368,1.000000000000001,-0.00031416584
13,0.9750000000000012,0.0009809464,0.9750000000000012,-0.0008255847999999999
14,0.9500000000000013,0.00077860712,0.9500000000000013,-0.0013985424
15,0.9250000000000014,0.00064096064,0.9250000000000014,-0.0019496352000000002
16,0.9000000000000015,0.00053033688,0.9000000000000015,-0.0024886272000000003
17,0.8750000000000016,0.00044485999999999994,0.8750000000000016,-0.0030181864
18,0.8500000000000016,0.000379134,0.8500000000000016,-0.003539656
19,0.8250000000000017,0.00032760608000000004,0.8250000000000017,-0.0040495928
20,0.8000000000000018,0.00028609328,0.8000000000000018,-0.0045521272000000005
21,0.7750000000000019,0.00025156736000000004,0.7750000000000019,-0.0050461088
22,0.750000000000002,0.00022204847999999998,0.750000000000002,-0.0055332608
23,0.7250000000000021,0.00019626112,0.7250000000000021,-0.0060083064
24,0.7000000000000022,0.00017352984000000002,0.7000000000000022,-0.0064742016
25,0.6750000000000023,0.00015324696000000002,0.6750000000000023,-0.0069337776000000005
26,0.6500000000000024,0.00013506024,0.6500000000000024,-0.0073831776000000005
27,0.6250000000000024,0.00011880272,0.6250000000000024,-0.007824368
28,0.6000000000000025,0.00010421248,0.6000000000000025,-0.008256231999999999
29,0.5750000000000026,9.1178e-05,0.5750000000000026,-0.008494952
30,0.5500000000000027,7.968883999999999e-05,0.5500000000000027,-0.008928544
31,0.5250000000000028,6.876156800000001e-05,0.5250000000000028,-0.009351112
32,0.5000000000000029,5.9435944e-05,0.5000000000000029,-0.009757456000000001
33,0.475000000000003,5.124289599999999e-05,0.475000000000003,-0.010148272
34,0.45000000000000306,4.3966448000000004e-05,0.45000000000000306,-0.010527216
35,0.42500000000000315,3.755072e-05,0.42500000000000315,-0.0108902
36,0.40000000000000324,3.1940511999999996e-05,0.40000000000000324,-0.011242199999999999
37,0.37500000000000333,2.7098816000000003e-05,0.37500000000000333,-0.011578424
38,0.3500000000000034,2.282244e-05,0.3500000000000034,-0.011901328
39,0.3250000000000035,1.912924e-05,0.3250000000000035,-0.012207464
40,0.3000000000000036,1.5904632e-05,0.3000000000000036,-0.012498032000000001
41,0.2750000000000037,1.3063792e-05,0.2750000000000037,-0.01277344
42,0.2500000000000038,1.0584032e-05,0.2500000000000038,-0.013035511999999999
43,0.22500000000000386,8.491352e-06,0.22500000000000386,-0.013262616
44,0.20000000000000395,7.0023168e-06,0.20000000000000395,-0.013487424000000001
45,0.17500000000000404,5.004164e-06,0.17500000000000404,-0.013694112
46,0.15000000000000413,3.5403208000000003e-06,0.15000000000000413,-0.013888344
47,0.12500000000000422,2.2884272e-06,0.12500000000000422,-0.01405876
48,0.10000000000000431,1.2097696e-06,0.10000000000000431,-0.014217256000000001
49,0.0750000000000044,7.1774288e-07,0.0750000000000044,-0.014362368
50,0.050000000000004485,-5.4274336e-07,0.050000000000004485,-0.014499703999999999
51,0.025000000000004574,-8.016296000000001e-07,0.025000000000004574,-0.014628584
52,4.6629367034256575e-15,-1.9310656e-06,4.6629367034256575e-15,-0.014751048
53,-0.024999999999995248,-2.8122864e-06,-0.024999999999995248,-0.014873543999999999
54,-0.04999999999999516,-3.7538567999999997e-06,-0.04999999999999516,-0.014993688
55,-0.07499999999999507,-4.819736e-06,-0.07499999999999507,-0.015118336
56,-0.09999999999999498,-6.048704e-06,-0.09999999999999498,-0.015243000000000001
57,-0.12499999999999489,-7.4756416e-06,-0.12499999999999489,-0.015370024
58,-0.1499999999999948,-8.604440000000001e-06,-0.1499999999999948,-0.015498592
59,-0.17499999999999472,-1.0811623999999999e-05,-0.17499999999999472,-0.015638264
60,-0.19999999999999463,-1.2919512e-05,-0.19999999999999463,-0.015759944
61,-0.22499999999999454,-1.537044e-05,-0.22499999999999454,-0.015898648
62,-0.24999999999999445,-1.8056368e-05,-0.24999999999999445,-0.016034792
63,-0.27499999999999436,-2.1073728e-05,-0.27499999999999436,-0.016178432
