,V6_4F_V_D,V6_4F_J_D,V6_4F_V_L,V6_4F_J_L
0,-0.3,-2.637958e-05,-0.3,-0.016954633333333333
1,-0.27499999999999997,-2.307598666666667e-05,-0.27499999999999997,-0.01679508
2,-0.24999999999999994,-2.0474646666666668e-05,-0.24999999999999994,-0.016692333333333337
3,-0.22499999999999992,-1.795732e-05,-0.22499999999999992,-0.016604626666666667
4,-0.1999999999999999,-1.5214546666666667e-05,-0.1999999999999999,-0.016528960000000002
5,-0.17499999999999988,-1.2491466666666667e-05,-0.17499999999999988,-0.016452746666666667
6,-0.14999999999999986,-1.0253580000000002e-05,-0.14999999999999986,-0.016379460000000002
7,-0.12499999999999983,-8.060086666666667e-06,-0.12499999999999983,-0.016309873333333332
8,-0.09999999999999981,-6.449072e-06,-0.09999999999999981,-0.01624034
9,-0.07499999999999979,-4.440889333333333e-06,-0.07499999999999979,-0.016168306666666667
10,-0.04999999999999977,-2.760826e-06,-0.04999999999999977,-0.016097973333333335
11,-0.024999999999999745,-1.102434e-06,-0.024999999999999745,-0.016023000000000003
12,2.7755575615628914e-16,5.069654666666667e-07,2.7755575615628914e-16,-0.01595326
13,0.0250000000000003,2.341408e-06,0.0250000000000003,-0.015872653333333337
14,0.05000000000000032,4.163333333333334e-06,0.05000000000000032,-0.015791853333333335
15,0.07500000000000034,6.318908e-06,0.07500000000000034,-0.01570432
16,0.10000000000000037,8.252673333333334e-06,0.10000000000000037,-0.015619866666666668
17,0.1250000000000004,1.053068e-05,0.1250000000000004,-0.01552916
18,0.1500000000000004,1.3040993333333335e-05,0.1500000000000004,-0.015434393333333333
19,0.17500000000000043,1.5317280000000002e-05,0.17500000000000043,-0.015335566666666668
20,0.20000000000000046,1.7740266666666667e-05,0.20000000000000046,-0.015232486666666668
21,0.22500000000000048,2.0801580000000003e-05,0.22500000000000048,-0.015118766666666667
22,0.2500000000000005,2.3586113333333333e-05,0.2500000000000005,-0.015005213333333335
23,0.2750000000000005,2.6592960000000005e-05,0.2750000000000005,-0.014886326666666668
24,0.30000000000000054,2.9719433333333336e-05,0.30000000000000054,-0.014759806666666667
25,0.32500000000000057,3.24961e-05,0.32500000000000057,-0.01463802
26,0.3500000000000006,3.621351333333334e-05,0.3500000000000006,-0.014500233333333334
27,0.3750000000000006,4.0689006666666666e-05,0.3750000000000006,-0.014353913333333334
28,0.40000000000000063,4.399456666666667e-05,0.40000000000000063,-0.014188086666666667
29,0.42500000000000066,4.8569513333333335e-05,0.42500000000000066,-0.014033700000000001
30,0.4500000000000007,5.457152666666667e-05,0.4500000000000007,-0.01385574
31,0.4750000000000007,6.013354e-05,0.4750000000000007,-0.01366672
32,0.5000000000000007,6.537631333333334e-05,0.5000000000000007,-0.013471006666666667
33,0.5250000000000008,6.935773333333334e-05,0.5250000000000008,-0.013244826666666668
34,0.5500000000000007,7.556360000000001e-05,0.5500000000000007,-0.013012493333333333
35,0.5750000000000008,8.38998e-05,0.5750000000000008,-0.012759306666666668
36,0.6000000000000008,8.667446666666667e-05,0.6000000000000008,-0.012488813333333333
37,0.6250000000000009,9.318986666666667e-05,0.6250000000000009,-0.012191493333333334
38,0.6500000000000008,0.00010272173333333334,0.6500000000000008,-0.011864666666666667
39,0.6750000000000009,0.00010844766666666667,0.6750000000000009,-0.01149316
40,0.7000000000000008,0.0001218526,0.7000000000000008,-0.011096720000000001
41,0.7250000000000008,0.00013648406666666666,0.7250000000000008,-0.01064348
42,0.7500000000000009,0.0001484096,0.7500000000000009,-0.010163293333333333
43,0.775000000000001,0.00017341946666666667,0.775000000000001,-0.009637406666666667
44,0.8000000000000009,0.00020763706666666667,0.8000000000000009,-0.009055853333333334
45,0.8250000000000008,0.00024183619999999998,0.8250000000000008,-0.008391566666666668
46,0.850000000000001,0.00029948813333333335,0.850000000000001,-0.007688846666666667
47,0.8750000000000011,0.0003764911333333333,0.8750000000000011,-0.006926633333333334
48,0.900000000000001,0.0004902352666666667,0.900000000000001,-0.006242603333333333
49,0.9250000000000009,0.000644029,0.9250000000000009,-0.005235616666666667
50,0.9500000000000011,0.0008678466666666668,0.9500000000000011,-0.0042507353333333334
51,0.9750000000000012,0.0011708126666666668,0.9750000000000012,-0.0031901833333333332
52,1.000000000000001,0.0015683700000000001,1.000000000000001,-0.002081462666666667
53,1.025000000000001,0.00207491,1.025000000000001,-0.0009307633333333333
54,1.0500000000000012,0.002690568,1.0500000000000012,0.00024621353333333334
55,1.0750000000000013,0.0034088266666666665,1.0750000000000013,0.0012175993333333334
56,1.1000000000000012,0.004225283333333333,1.1000000000000012,0.002526078666666667
57,1.125000000000001,0.005128005333333334,1.125000000000001,0.0038553140000000003
58,1.1500000000000012,0.006108589333333334,1.1500000000000012,0.005233948
59,1.1750000000000014,0.007292993333333334,1.1750000000000014,0.006637934000000001
60,1.2000000000000013,0.008408193333333334,1.2000000000000013,0.008117046666666667
61,1.2250000000000012,0.009600086666666667,1.2250000000000012,0.009605480000000001
62,1.2500000000000013,0.010850466666666668,1.2500000000000013,0.011131953333333333
63,1.2750000000000015,0.012167833333333334,1.2750000000000015,0.012693813333333333
