,V6_4F_V_D,V6_4F_J_D,V6_4F_V_L,V6_4F_J_L
0,-0.3,-4.6052453333333335e-05,-0.3,-0.01700488
1,-0.27499999999999997,-4.050224e-05,-0.27499999999999997,-0.016856953333333334
2,-0.24999999999999994,-3.520337333333334e-05,-0.24999999999999994,-0.016758853333333334
3,-0.22499999999999992,-2.9894006666666668e-05,-0.22499999999999992,-0.016681193333333337
4,-0.1999999999999999,-2.544732e-05,-0.1999999999999999,-0.016610313333333335
5,-0.17499999999999988,-2.131556666666667e-05,-0.17499999999999988,-0.016540553333333333
6,-0.14999999999999986,-1.7754326666666668e-05,-0.14999999999999986,-0.016476260000000003
7,-0.12499999999999983,-1.3951200000000001e-05,-0.12499999999999983,-0.01641264
8,-0.09999999999999981,-1.0635766666666667e-05,-0.09999999999999981,-0.01635054
9,-0.07499999999999979,-7.58682e-06,-0.07499999999999979,-0.01628764666666667
10,-0.04999999999999977,-4.862723333333334e-06,-0.04999999999999977,-0.016225220000000002
11,-0.024999999999999745,-1.9505366666666666e-06,-0.024999999999999745,-0.016162226666666668
12,2.7755575615628914e-16,6.757693333333334e-07,2.7755575615628914e-16,-0.01610004
13,0.0250000000000003,3.3321793333333337e-06,0.0250000000000003,-0.016028726666666666
14,0.05000000000000032,5.8863133333333336e-06,0.05000000000000032,-0.01595816
15,0.07500000000000034,8.311420000000001e-06,0.07500000000000034,-0.015881606666666666
16,0.10000000000000037,1.1232046666666667e-05,0.10000000000000037,-0.01580968
17,0.1250000000000004,1.3960593333333334e-05,0.1250000000000004,-0.01573168
18,0.1500000000000004,1.744452e-05,0.1500000000000004,-0.015647260000000003
19,0.17500000000000043,2.040008e-05,0.17500000000000043,-0.015567246666666668
20,0.20000000000000046,2.359278666666667e-05,0.20000000000000046,-0.015473633333333334
21,0.22500000000000048,2.6979553333333333e-05,0.22500000000000048,-0.015376146666666667
22,0.2500000000000005,3.0893473333333334e-05,0.2500000000000005,-0.015281633333333334
23,0.2750000000000005,3.3923280000000006e-05,0.2750000000000005,-0.015178033333333334
24,0.30000000000000054,3.876994e-05,0.30000000000000054,-0.015069593333333334
25,0.32500000000000057,4.1861700000000006e-05,0.32500000000000057,-0.014954766666666666
26,0.3500000000000006,4.542703333333334e-05,0.3500000000000006,-0.014836653333333333
27,0.3750000000000006,4.998863333333334e-05,0.3750000000000006,-0.014711686666666668
28,0.40000000000000063,5.479442e-05,0.40000000000000063,-0.014575666666666667
29,0.42500000000000066,5.969376e-05,0.42500000000000066,-0.01444272666666667
30,0.4500000000000007,6.577228666666668e-05,0.4500000000000007,-0.014291913333333333
31,0.4750000000000007,5.557912666666667e-05,0.4750000000000007,-0.014124806666666668
32,0.5000000000000007,6.1000846666666666e-05,0.5000000000000007,-0.013949653333333333
33,0.5250000000000008,6.571218000000001e-05,0.5250000000000008,-0.013766866666666665
34,0.5500000000000007,7.027873333333334e-05,0.5500000000000007,-0.013557646666666668
35,0.5750000000000008,7.831286666666667e-05,0.5750000000000008,-0.013343273333333336
36,0.6000000000000008,8.582253333333334e-05,0.6000000000000008,-0.013097506666666668
37,0.6250000000000009,9.356860000000001e-05,0.6250000000000009,-0.012835373333333334
38,0.6500000000000008,0.00010284399999999999,0.6500000000000008,-0.01253778
39,0.6750000000000009,0.00011494806666666666,0.6750000000000009,-0.01221524
40,0.7000000000000008,0.000122901,0.7000000000000008,-0.011863013333333334
41,0.7250000000000008,0.00013712993333333333,0.7250000000000008,-0.011458413333333334
42,0.7500000000000009,0.0001546986,0.7500000000000009,-0.0110037
43,0.775000000000001,0.00017471826666666667,0.775000000000001,-0.010497933333333332
44,0.8000000000000009,0.00020853333333333332,0.8000000000000009,-0.00992122
45,0.8250000000000008,0.00024648173333333335,0.8250000000000008,-0.009259933333333335
46,0.850000000000001,0.0003033528666666667,0.850000000000001,-0.008545806666666668
47,0.8750000000000011,0.00038152886666666667,0.8750000000000011,-0.00774266
48,0.900000000000001,0.0005020612000000001,0.900000000000001,-0.00685176
49,0.9250000000000009,0.000664886,0.9250000000000009,-0.006055126666666666
50,0.9500000000000011,0.0009104373333333333,0.9500000000000011,-0.004899169333333333
51,0.9750000000000012,0.0012456693333333334,0.9750000000000012,-0.0037713426666666668
52,1.000000000000001,0.00168454,1.000000000000001,-0.0025496213333333333
53,1.025000000000001,0.002245908,1.025000000000001,-0.001253854
54,1.0500000000000012,0.002919796,1.0500000000000012,-1.1828573333333333e-05
55,1.0750000000000013,0.0037280773333333334,1.0750000000000013,0.001387922
56,1.1000000000000012,0.004650370000000001,1.1000000000000012,0.0028813786666666667
57,1.125000000000001,0.005687066,1.125000000000001,0.0043886640000000005
58,1.1500000000000012,0.006808233333333333,1.1500000000000012,0.005952566
59,1.1750000000000014,0.008123693333333333,1.1750000000000014,0.007598646666666666
60,1.2000000000000013,0.009400553333333334,1.2000000000000013,0.009246240000000001
61,1.2250000000000012,0.010756733333333334,1.2250000000000012,0.01098242
62,1.2500000000000013,0.012182073333333335,1.2500000000000013,0.012707786666666667
63,1.2750000000000015,0.013662539999999999,1.2750000000000015,0.014477846666666667
