,V6_4F_V_D,V6_4F_J_D,V6_4F_V_L,V6_4F_J_L
0,-0.3,-4.949638666666667e-05,-0.3,-0.01710184
1,-0.27499999999999997,-4.2571673333333334e-05,-0.27499999999999997,-0.016974120000000002
2,-0.24999999999999994,-3.697858666666667e-05,-0.24999999999999994,-0.01689142
3,-0.22499999999999992,-3.147158666666667e-05,-0.22499999999999992,-0.01682208666666667
4,-0.1999999999999999,-2.6719553333333332e-05,-0.1999999999999999,-0.016761153333333334
5,-0.17499999999999988,-2.2331993333333333e-05,-0.17499999999999988,-0.01670278
6,-0.14999999999999986,-1.8271553333333334e-05,-0.14999999999999986,-0.0166489
7,-0.12499999999999983,-1.4409906666666667e-05,-0.12499999999999983,-0.01659682
8,-0.09999999999999981,-1.0850693333333333e-05,-0.09999999999999981,-0.0165452
9,-0.07499999999999979,-7.654413333333334e-06,-0.07499999999999979,-0.01649556
10,-0.04999999999999977,-5.0822260000000005e-06,-0.04999999999999977,-0.01644372666666667
11,-0.024999999999999745,-2.0458953333333334e-06,-0.024999999999999745,-0.016389246666666666
12,2.7755575615628914e-16,7.1151e-07,2.7755575615628914e-16,-0.01633894
13,0.0250000000000003,3.313784e-06,0.0250000000000003,-0.016283953333333333
14,0.05000000000000032,5.972351333333334e-06,0.05000000000000032,-0.01622808666666667
15,0.07500000000000034,8.606266666666668e-06,0.07500000000000034,-0.01617192
16,0.10000000000000037,1.16121e-05,0.10000000000000037,-0.016107753333333332
17,0.1250000000000004,1.4738346666666668e-05,0.1250000000000004,-0.016046953333333336
18,0.1500000000000004,1.7907573333333334e-05,0.1500000000000004,-0.015978893333333334
19,0.17500000000000043,2.1429473333333335e-05,0.17500000000000043,-0.015914180000000003
20,0.20000000000000046,2.541756666666667e-05,0.20000000000000046,-0.015839906666666667
21,0.22500000000000048,2.931866e-05,0.22500000000000048,-0.01576668
22,0.2500000000000005,3.3303986666666666e-05,0.2500000000000005,-0.015693486666666666
23,0.2750000000000005,3.771406e-05,0.2750000000000005,-0.015607633333333336
24,0.30000000000000054,4.1718206666666666e-05,0.30000000000000054,-0.015516980000000001
25,0.32500000000000057,4.669394e-05,0.32500000000000057,-0.015431046666666667
26,0.3500000000000006,5.082149333333333e-05,0.3500000000000006,-0.015340320000000001
27,0.3750000000000006,5.495846666666667e-05,0.3750000000000006,-0.015250393333333336
28,0.40000000000000063,6.046295333333333e-05,0.40000000000000063,-0.015142180000000002
29,0.42500000000000066,6.549084666666668e-05,0.42500000000000066,-0.015033433333333334
30,0.4500000000000007,7.701126666666667e-05,0.4500000000000007,-0.014921866666666667
31,0.4750000000000007,8.431506666666668e-05,0.4750000000000007,-0.01479806
32,0.5000000000000007,9.00522e-05,0.5000000000000007,-0.01465964
33,0.5250000000000008,9.6165e-05,0.5250000000000008,-0.014511326666666666
34,0.5500000000000007,0.00010462433333333333,0.5500000000000007,-0.014363746666666668
35,0.5750000000000008,0.00011089273333333334,0.5750000000000008,-0.014184853333333336
36,0.6000000000000008,0.00012158146666666667,0.6000000000000008,-0.013995466666666668
37,0.6250000000000009,0.0001271892,0.6250000000000009,-0.01377148
38,0.6500000000000008,0.0001370606,0.6500000000000008,-0.013533733333333336
39,0.6750000000000009,0.00015044806666666667,0.6750000000000009,-0.013274186666666667
40,0.7000000000000008,0.00016243693333333332,0.7000000000000008,-0.0129865
41,0.7250000000000008,0.0001771184,0.7250000000000008,-0.012645513333333334
42,0.7500000000000009,0.00019365393333333335,0.7500000000000009,-0.012168580000000002
43,0.775000000000001,0.0002185242666666667,0.775000000000001,-0.0117018
44,0.8000000000000009,0.000265424,0.8000000000000009,-0.011131786666666667
45,0.8250000000000008,0.00031484726666666666,0.8250000000000008,-0.01051254
46,0.850000000000001,0.0003717719333333333,0.850000000000001,-0.009800053333333334
47,0.8750000000000011,0.00045178826666666667,0.8750000000000011,-0.008992686666666668
48,0.900000000000001,0.0005801066666666667,0.900000000000001,-0.008090873333333333
49,0.9250000000000009,0.0006433676,0.9250000000000009,-0.007189193333333333
50,0.9500000000000011,0.000880924,0.9500000000000011,-0.006278988666666667
51,0.9750000000000012,0.0012190713333333333,0.9750000000000012,-0.004904362
52,1.000000000000001,0.00166846,1.000000000000001,-0.0035453426666666667
53,1.025000000000001,0.0022557826666666668,1.025000000000001,-0.0021494766666666667
54,1.0500000000000012,0.0029895000000000004,1.0500000000000012,-0.0006857553333333334
55,1.0750000000000013,0.003870958,1.0750000000000013,0.0009093220000000001
56,1.1000000000000012,0.004893312666666667,1.1000000000000012,0.0025621233333333335
57,1.125000000000001,0.006052778,1.125000000000001,0.004281565333333334
58,1.1500000000000012,0.0074291,1.1500000000000012,0.006074476666666667
59,1.1750000000000014,0.008811953333333334,1.1750000000000014,0.007960246666666667
60,1.2000000000000013,0.010299106666666667,1.2000000000000013,0.00985214
61,1.2250000000000012,0.011871113333333334,1.2250000000000012,0.011823273333333334
62,1.2500000000000013,0.013518173333333335,1.2500000000000013,0.013806666666666667
63,1.2750000000000015,0.015233546666666669,1.2750000000000015,0.015850353333333334
