,V6_4R_V_D,V6_4R_J_D,V6_4R_V_L,V6_4R_J_L
0,1.3,0.015717333333333333,1.3,0.01507898
1,1.2750000000000001,0.014224773333333333,1.2750000000000001,0.013203413333333332
2,1.2500000000000002,0.012658053333333334,1.2500000000000002,0.01135124
3,1.2250000000000003,0.01111404,1.2250000000000003,0.00952252
4,1.2000000000000004,0.009611726666666667,1.2000000000000004,0.007729426666666667
5,1.1750000000000005,0.008173933333333334,1.1750000000000005,0.005989700000000001
6,1.1500000000000006,0.00681792,1.1500000000000006,0.004255754666666667
7,1.1250000000000007,0.005577350666666666,1.1250000000000007,0.002565796
8,1.1000000000000008,0.004459411333333334,1.1000000000000008,0.0009248
9,1.0750000000000008,0.0034769073333333336,1.0750000000000008,-0.0006699773333333334
10,1.050000000000001,0.002643757333333333,1.050000000000001,-0.002213038666666667
11,1.025000000000001,0.001972914,1.025000000000001,-0.0036883140000000003
12,1.000000000000001,0.0014673153333333334,1.000000000000001,-0.0050839966666666675
13,0.9750000000000012,0.001097104,0.9750000000000012,-0.006396246
14,0.9500000000000013,0.0008426906666666666,0.9500000000000013,-0.0075513
15,0.9250000000000014,0.0006667453333333334,0.9250000000000014,-0.00868312
16,0.9000000000000015,0.000550599,0.9000000000000015,-0.009683373333333333
17,0.8750000000000016,0.00046257626666666675,0.8750000000000016,-0.01056822
18,0.8500000000000016,0.000399091,0.8500000000000016,-0.011334286666666667
19,0.8250000000000017,0.0003488128666666667,0.8250000000000017,-0.011991886666666667
20,0.8000000000000018,0.000309959,0.8000000000000018,-0.012556446666666667
21,0.7750000000000019,0.0002756166,0.7750000000000019,-0.013033473333333333
22,0.750000000000002,0.00024750933333333335,0.750000000000002,-0.013450100000000001
23,0.7250000000000021,0.00022418673333333332,0.7250000000000021,-0.013793
24,0.7000000000000022,0.00020172700000000002,0.7000000000000022,-0.014090873333333333
25,0.6750000000000023,0.00018199213333333335,0.6750000000000023,-0.014354326666666667
26,0.6500000000000024,0.00016496933333333332,0.6500000000000024,-0.01458766
27,0.6250000000000024,0.00014888346666666667,0.6250000000000024,-0.014783546666666666
28,0.6000000000000025,0.0001340092,0.6000000000000025,-0.014963133333333335
29,0.5750000000000026,0.00012064453333333334,0.5750000000000026,-0.015123493333333335
30,0.5500000000000027,0.00010933373333333334,0.5500000000000027,-0.015272080000000002
31,0.5250000000000028,9.75678e-05,0.5250000000000028,-0.01540394
32,0.5000000000000029,8.6937e-05,0.5000000000000029,-0.01552438
33,0.475000000000003,7.807173333333334e-05,0.475000000000003,-0.01563160666666667
34,0.45000000000000306,6.89844e-05,0.45000000000000306,-0.015732526666666666
35,0.42500000000000315,6.133015333333333e-05,0.42500000000000315,-0.015825433333333333
36,0.40000000000000324,5.418474666666667e-05,0.40000000000000324,-0.015910506666666668
37,0.37500000000000333,4.739106666666667e-05,0.37500000000000333,-0.01598844
38,0.3500000000000034,4.1569540000000005e-05,0.3500000000000034,-0.016061546666666666
39,0.3250000000000035,3.6108340000000004e-05,0.3250000000000035,-0.016132553333333334
40,0.3000000000000036,3.105045333333334e-05,0.3000000000000036,-0.01619134666666667
41,0.2750000000000037,2.6647013333333333e-05,0.2750000000000037,-0.016249413333333334
42,0.2500000000000038,2.213730666666667e-05,0.2500000000000038,-0.016303326666666666
43,0.22500000000000386,1.8391066666666667e-05,0.22500000000000386,-0.016348
44,0.20000000000000395,1.485116e-05,0.20000000000000395,-0.016401506666666666
45,0.17500000000000404,1.1847333333333334e-05,0.17500000000000404,-0.0164467
46,0.15000000000000413,8.920146666666667e-06,0.15000000000000413,-0.016488560000000003
47,0.12500000000000422,6.699266666666667e-06,0.12500000000000422,-0.0165285
48,0.10000000000000431,4.236122666666667e-06,0.10000000000000431,-0.016566786666666666
49,0.0750000000000044,2.1433586666666665e-06,0.0750000000000044,-0.0166011
50,0.050000000000004485,2.840836666666667e-07,0.050000000000004485,-0.016636226666666667
51,0.025000000000004574,-1.4589700000000002e-06,0.025000000000004574,-0.016669386666666668
52,4.6629367034256575e-15,-3.2081006666666665e-06,4.6629367034256575e-15,-0.016702833333333333
53,-0.024999999999995248,-4.983840000000001e-06,-0.024999999999995248,-0.016730693333333334
54,-0.04999999999999516,-6.910526666666667e-06,-0.04999999999999516,-0.016758440000000003
55,-0.07499999999999507,-8.719473333333333e-06,-0.07499999999999507,-0.016785593333333335
56,-0.09999999999999498,-1.1582986666666667e-05,-0.09999999999999498,-0.01681392
57,-0.12499999999999489,-1.4627226666666667e-05,-0.12499999999999489,-0.016838193333333334
58,-0.1499999999999948,-1.7625573333333335e-05,-0.1499999999999948,-0.016863326666666668
59,-0.17499999999999472,-2.4509786666666665e-05,-0.17499999999999472,-0.01688696
60,-0.19999999999999463,-2.7144333333333337e-05,-0.19999999999999463,-0.01691114
61,-0.22499999999999454,-3.3566286666666665e-05,-0.22499999999999454,-0.01693708
62,-0.24999999999999445,-3.8893520000000004e-05,-0.24999999999999445,-0.01696266
63,-0.27499999999999436,-4.426530666666667e-05,-0.27499999999999436,-0.01698592
