,NiOx_D3_34d_4R_V_D,NiOx_D3_34d_4R_J_D,NiOx_D3_34d_4R_V_L,NiOx_D3_34d_4R_J_L
0,1.25,0.014834846666666669,1.25,0.013919873333333334
1,1.225,0.011734326666666666,1.225,0.009874573333333334
2,1.2000000000000002,0.008763713333333334,1.2000000000000002,0.006202918
3,1.1750000000000003,0.006210072666666667,1.1750000000000003,0.0027466793333333333
4,1.1500000000000004,0.004282721333333334,1.1500000000000004,0.00017622153333333334
5,1.1250000000000004,0.0028079813333333333,1.1250000000000004,-0.002365588
6,1.1000000000000005,0.0017758066666666667,1.1000000000000005,-0.004892826666666667
7,1.0750000000000006,0.0010982253333333334,1.0750000000000006,-0.00686416
8,1.0500000000000007,0.0006685293333333333,1.0500000000000007,-0.007948426666666666
9,1.0250000000000008,0.0004324613333333334,1.0250000000000008,-0.009581113333333334
10,1.0000000000000009,0.00024269366666666668,1.0000000000000009,-0.010712613333333334
11,0.975000000000001,0.00013933133333333335,0.975000000000001,-0.011594740000000001
12,0.9500000000000011,7.451653333333334e-05,0.9500000000000011,-0.01230368
13,0.9250000000000012,4.5077399999999996e-05,0.9250000000000012,-0.012895753333333333
14,0.9000000000000012,1.109366e-05,0.9000000000000012,-0.01340344
15,0.8750000000000013,1.775084e-08,0.8750000000000013,-0.013792786666666666
16,0.8500000000000014,-1.1266073333333333e-05,0.8500000000000014,-0.014142213333333334
17,0.8250000000000015,-2.3037280000000002e-05,0.8250000000000015,-0.01444664
18,0.8000000000000016,-2.8665953333333334e-05,0.8000000000000016,-0.01472022666666667
19,0.7750000000000017,-3.2833920000000006e-05,0.7750000000000017,-0.014997426666666668
20,0.7500000000000018,-3.616659333333333e-05,0.7500000000000018,-0.015240486666666667
21,0.7250000000000019,-3.900272666666667e-05,0.7250000000000019,-0.015479613333333335
22,0.700000000000002,-4.124265333333334e-05,0.700000000000002,-0.015704673333333335
23,0.675000000000002,-4.3678860000000003e-05,0.675000000000002,-0.01591712
24,0.6500000000000021,-4.5655493333333334e-05,0.6500000000000021,-0.016117966666666667
25,0.6250000000000022,-4.74273e-05,0.6250000000000022,-0.016304506666666666
26,0.6000000000000023,-4.900731333333333e-05,0.6000000000000023,-0.01648184
27,0.5750000000000024,-5.040955333333334e-05,0.5750000000000024,-0.016647933333333333
28,0.5500000000000025,-5.163843333333334e-05,0.5500000000000025,-0.01678754
29,0.5250000000000026,-5.271005333333334e-05,0.5250000000000026,-0.01691866
30,0.5000000000000027,-5.363311333333333e-05,0.5000000000000027,-0.017036693333333335
31,0.47500000000000275,-5.4422520000000004e-05,0.47500000000000275,-0.017142206666666666
32,0.45000000000000284,-5.508987333333333e-05,0.45000000000000284,-0.01724064
33,0.42500000000000293,-5.565372666666667e-05,0.42500000000000293,-0.017328186666666665
34,0.400000000000003,-5.612362e-05,0.400000000000003,-0.01740636
35,0.3750000000000031,-5.651210666666667e-05,0.3750000000000031,-0.017480493333333333
36,0.3500000000000032,-5.6832413333333334e-05,0.3500000000000032,-0.017546153333333335
37,0.3250000000000033,-5.709686e-05,0.3250000000000033,-0.017607306666666666
38,0.3000000000000034,-5.731264e-05,0.3000000000000034,-0.01766006
39,0.27500000000000346,-5.749174000000001e-05,0.27500000000000346,-0.017713333333333334
40,0.25000000000000355,-5.763948e-05,0.25000000000000355,-0.017766646666666667
41,0.22500000000000364,-5.7727653333333334e-05,0.22500000000000364,-0.01780104
42,0.20000000000000373,-5.7871226666666667e-05,0.20000000000000373,-0.017848233333333335
43,0.17500000000000382,-5.796059333333334e-05,0.17500000000000382,-0.01789139333333333
44,0.1500000000000039,-5.804058000000001e-05,0.1500000000000039,-0.017928780000000002
45,0.125000000000004,-5.811092e-05,0.125000000000004,-0.01796532
46,0.10000000000000409,-5.817472e-05,0.10000000000000409,-0.017997593333333336
47,0.07500000000000417,-5.8234626666666664e-05,0.07500000000000417,-0.018031173333333334
48,0.05000000000000426,-5.829202666666667e-05,0.05000000000000426,-0.018060666666666666
49,0.025000000000004352,-5.834501333333334e-05,0.025000000000004352,-0.018089133333333333
50,4.440892098500626e-15,-5.839038e-05,4.440892098500626e-15,-0.018118460000000003
51,-0.02499999999999547,-5.8444200000000005e-05,-0.02499999999999547,-0.01814268
52,-0.04999999999999538,-5.848731333333333e-05,-0.04999999999999538,-0.018168006666666667
53,-0.07499999999999529,-5.853231333333334e-05,-0.07499999999999529,-0.018193313333333332
54,-0.0999999999999952,-5.857130666666667e-05,-0.0999999999999952,-0.018213226666666665
55,-0.12499999999999512,-5.861798e-05,-0.12499999999999512,-0.018231806666666666
56,-0.14999999999999503,-5.866446666666667e-05,-0.14999999999999503,-0.018253973333333336
57,-0.17499999999999494,-5.871023333333334e-05,-0.17499999999999494,-0.018276
58,-0.19999999999999485,-5.873210666666667e-05,-0.19999999999999485,-0.018290439999999998
59,-0.22499999999999476,-5.8790453333333334e-05,-0.22499999999999476,-0.01831158
