,F_S_C_Cu_111023_2d_2F_V_D,F_S_C_Cu_111023_2d_2F_J_D,F_S_C_Cu_111023_2d_2F_V_L,F_S_C_Cu_111023_2d_2F_J_L
0,-0.25,-7.622686666666667e-05,-0.25,-0.021467319999999998
1,-0.225,-7.549560000000001e-05,-0.225,-0.021304526666666667
2,-0.2,-7.55412e-05,-0.2,-0.021141926666666668
3,-0.17500000000000002,-7.526326666666667e-05,-0.17500000000000002,-0.02098066
4,-0.15000000000000002,-7.46782e-05,-0.15000000000000002,-0.020827580000000002
5,-0.12500000000000003,-7.388946666666666e-05,-0.12500000000000003,-0.020677186666666666
6,-0.10000000000000003,-7.2938e-05,-0.10000000000000003,-0.02052868
7,-0.07500000000000004,-7.187913333333334e-05,-0.07500000000000004,-0.02037438
8,-0.050000000000000044,-7.0721e-05,-0.050000000000000044,-0.02021036
9,-0.02500000000000005,-6.940893333333333e-05,-0.02500000000000005,-0.02004802
10,-5.551115123125783e-17,-6.788033333333334e-05,-5.551115123125783e-17,-0.01986312
11,0.02499999999999991,-6.692833333333334e-05,0.02499999999999991,-0.019655173333333335
12,0.04999999999999993,-6.397444e-05,0.04999999999999993,-0.01943872666666667
13,0.07499999999999996,-6.0235140000000005e-05,0.07499999999999996,-0.019192653333333334
14,0.09999999999999992,-5.4797420000000006e-05,0.09999999999999992,-0.018916620000000002
15,0.12499999999999989,-4.670325333333333e-05,0.12499999999999989,-0.018592940000000002
16,0.1499999999999999,-3.462072e-05,0.1499999999999999,-0.01824148
17,0.17499999999999993,-1.668182e-05,0.17499999999999993,-0.017838793333333332
18,0.1999999999999999,9.652586666666668e-06,0.1999999999999999,-0.01737174
19,0.22499999999999987,4.697914666666667e-05,0.22499999999999987,-0.0168397
20,0.2499999999999999,4.3038500000000005e-05,0.2499999999999999,-0.01623476
21,0.2749999999999999,0.00011435413333333334,0.2749999999999999,-0.015537566666666669
22,0.2999999999999998,0.00020980466666666665,0.2999999999999998,-0.014748680000000002
23,0.32499999999999984,0.00034054193333333334,0.32499999999999984,-0.01384592
24,0.34999999999999987,0.0005169386666666666,0.34999999999999987,-0.01282658
25,0.3749999999999999,0.00069995,0.3749999999999999,-0.011710946666666668
26,0.3999999999999999,0.000782666,0.3999999999999999,-0.010474626666666667
27,0.4249999999999998,0.0011644766666666668,0.4249999999999998,-0.009105693333333333
28,0.44999999999999984,0.001614926,0.44999999999999984,-0.0076179866666666665
29,0.47499999999999987,0.0021617186666666667,0.47499999999999987,-0.007537886666666667
30,0.4999999999999998,0.002812134,0.4999999999999998,-0.006037392666666667
31,0.5249999999999998,0.00358323,0.5249999999999998,-0.003936754666666667
32,0.5499999999999998,0.004462846,0.5499999999999998,-0.0019118820000000002
33,0.5749999999999998,0.005465701333333334,0.5749999999999998,-0.0012406806666666668
34,0.5999999999999999,0.006591884000000001,0.5999999999999999,0.0011299986666666669
35,0.6249999999999998,0.006180264,0.6249999999999998,0.0034408333333333335
36,0.6499999999999998,0.007650746666666666,0.6499999999999998,0.0057933233333333336
37,0.6749999999999998,0.00918858,0.6749999999999998,0.007083586666666667
38,0.6999999999999997,0.010806066666666666,0.6999999999999997,0.0097027
39,0.7249999999999998,0.0125311,0.7249999999999998,0.012296893333333335
40,0.7499999999999998,0.014356426666666667,0.7499999999999998,0.014903
41,0.7749999999999997,0.01629628666666667,0.7749999999999997,0.01756076
42,0.7999999999999998,0.01831766,0.7999999999999998,0.020272166666666668
43,0.8249999999999997,0.020434046666666667,0.8249999999999997,0.02304002
44,0.8499999999999996,0.0226556,0.8499999999999996,0.025850206666666667
45,0.8749999999999998,0.02494976,0.8749999999999998,0.028699966666666667
46,0.8999999999999997,0.027330793333333332,0.8999999999999997,0.03160681333333334
47,0.9249999999999998,0.029789373333333338,0.9249999999999998,0.034554753333333334
48,0.9499999999999997,0.03232752666666667,0.9499999999999997,0.037559140000000005
49,0.9749999999999996,0.03493301333333333,0.9749999999999996,0.04059021333333333
50,0.9999999999999998,0.03762614,0.9999999999999998,0.04367783333333333
51,1.0249999999999997,0.04037330666666667,1.0249999999999997,0.046799
52,1.0499999999999998,0.043201840000000005,1.0499999999999998,0.04997138
53,1.0749999999999997,0.046085306666666666,1.0749999999999997,0.05317330666666668
54,1.0999999999999996,0.04906432,1.0999999999999996,0.05643126
55,1.1249999999999998,0.05207692,1.1249999999999998,0.05971888000000001
56,1.1499999999999997,0.055161746666666664,1.1499999999999997,0.06306288
57,1.1749999999999996,0.0582967,1.1749999999999996,0.06641772
58,1.1999999999999997,0.06149932,1.1999999999999997,0.0698206
59,1.2249999999999996,0.06476078,1.2249999999999996,0.07174146666666667
