,F_S_A_Ag_111023_2d_4R_V_D,F_S_A_Ag_111023_2d_4R_J_D,F_S_A_Ag_111023_2d_4R_V_L,F_S_A_Ag_111023_2d_4R_J_L
0,1.25,0.0533421,1.25,0.05240971333333334
1,1.225,0.05002830666666667,1.225,0.048522666666666665
2,1.2000000000000002,0.046943193333333334,1.2000000000000002,0.044915213333333336
3,1.1750000000000003,0.044090220000000006,1.1750000000000003,0.041506093333333334
4,1.1500000000000004,0.04143219333333333,1.1500000000000004,0.03825087333333334
5,1.1250000000000004,0.03894674,1.1250000000000004,0.03514422666666667
6,1.1000000000000005,0.03661051333333334,1.1000000000000005,0.03215828
7,1.0750000000000006,0.034416586666666665,1.0750000000000006,0.029301666666666667
8,1.0500000000000007,0.03233624,1.0500000000000007,0.02655412
9,1.0250000000000008,0.030355486666666667,1.0250000000000008,0.023911973333333336
10,1.0000000000000009,0.028456426666666666,1.0000000000000009,0.021365833333333334
11,0.975000000000001,0.0266453,0.975000000000001,0.018923866666666667
12,0.9500000000000011,0.02490118666666667,0.9500000000000011,0.016582886666666668
13,0.9250000000000012,0.023229813333333335,0.9250000000000012,0.014335446666666668
14,0.9000000000000012,0.02161854666666667,0.9000000000000012,0.012176466666666667
15,0.8750000000000013,0.020075153333333335,0.8750000000000013,0.010123913333333335
16,0.8500000000000014,0.01858732,0.8500000000000014,0.008143846666666666
17,0.8250000000000015,0.017161026666666666,0.8250000000000015,0.006394907333333333
18,0.8000000000000016,0.01579344666666667,0.8000000000000016,0.0045167593333333336
19,0.7750000000000017,0.014487666666666668,0.7750000000000017,0.0027993460000000003
20,0.7500000000000018,0.013238486666666669,0.7500000000000018,0.001185466
21,0.7250000000000019,0.012044686666666667,0.7250000000000019,-0.00021575020000000003
22,0.700000000000002,0.010908773333333335,0.700000000000002,-0.001613264
23,0.675000000000002,0.009828346666666666,0.675000000000002,-0.003060646666666667
24,0.6500000000000021,0.008809446666666668,0.6500000000000021,-0.004371063333333334
25,0.6250000000000022,0.007844773333333334,0.6250000000000022,-0.005601132000000001
26,0.6000000000000023,0.006940073333333335,0.6000000000000023,-0.006757353333333334
27,0.5750000000000024,0.006084161333333333,0.5750000000000024,-0.007764213333333334
28,0.5500000000000025,0.005300606,0.5500000000000025,-0.008777946666666666
29,0.5250000000000026,0.004569830666666667,0.5250000000000026,-0.009734393333333334
30,0.5000000000000027,0.003899422666666667,0.5000000000000027,-0.010627426666666667
31,0.47500000000000275,0.0032848766666666667,0.47500000000000275,-0.011449520000000001
32,0.45000000000000284,0.00272891,0.45000000000000284,-0.012207093333333334
33,0.42500000000000293,0.002229278666666667,0.42500000000000293,-0.0129061
34,0.400000000000003,0.0017880993333333334,0.400000000000003,-0.013544106666666667
35,0.3750000000000031,0.001401586,0.3750000000000031,-0.014115053333333334
36,0.3500000000000032,0.0010703573333333335,0.3500000000000032,-0.01462728
37,0.3250000000000033,0.0007911346666666667,0.3250000000000033,-0.015093753333333335
38,0.3000000000000034,0.0005609214000000001,0.3000000000000034,-0.015482026666666666
39,0.27500000000000346,0.00037878580000000003,0.27500000000000346,-0.015826426666666667
40,0.25000000000000355,0.00023897460000000002,0.25000000000000355,-0.016120560000000003
41,0.22500000000000364,0.00013537033333333335,0.22500000000000364,-0.01634208666666667
42,0.20000000000000373,6.149976e-05,0.20000000000000373,-0.016556480000000002
43,0.17500000000000382,1.195988e-05,0.17500000000000382,-0.01671516
44,0.1500000000000039,-1.99458e-05,0.1500000000000039,-0.016842493333333333
45,0.125000000000004,-3.965829333333334e-05,0.125000000000004,-0.016940753333333333
46,0.10000000000000409,-5.1347086666666677e-05,0.10000000000000409,-0.017018473333333336
47,0.07500000000000417,-5.815212e-05,0.07500000000000417,-0.01708262
48,0.05000000000000426,-6.210130666666666e-05,0.05000000000000426,-0.01713394
49,0.025000000000004352,-6.446327333333334e-05,0.025000000000004352,-0.01718228
50,4.440892098500626e-15,-6.597698e-05,4.440892098500626e-15,-0.017228433333333334
51,-0.02499999999999547,-6.706213333333334e-05,-0.02499999999999547,-0.01726150666666667
52,-0.04999999999999538,-6.794853333333333e-05,-0.04999999999999538,-0.017295633333333334
53,-0.07499999999999529,-6.874146666666667e-05,-0.07499999999999529,-0.017333893333333333
54,-0.0999999999999952,-6.95438e-05,-0.0999999999999952,-0.017371993333333332
55,-0.12499999999999512,-6.996853333333334e-05,-0.12499999999999512,-0.01739746
56,-0.14999999999999503,-7.083986666666667e-05,-0.14999999999999503,-0.017429453333333334
57,-0.17499999999999494,-7.162080000000001e-05,-0.17499999999999494,-0.01746292
58,-0.19999999999999485,-7.244486666666667e-05,-0.19999999999999485,-0.017488006666666667
59,-0.22499999999999476,-7.33248e-05,-0.22499999999999476,-0.017520046666666667
