Elapsed Time,Sample_Cell#,I_ph(suns),V_oc(V),mpp(V),J_sc(mA),R_sh,R_ser,FF,PCE(%)
2.133113384246826,F_S_C_Cu_111023_2d_1F_162532,0.805,0.7149991032157351,0.4249999999999998,20.37768666666667,225.4795767097602,13.47872141210793,0.4314170592367122,6.285758499999998
2.1333958824475605,F_S_C_Cu_111023_2d_1R_162532,0.805,0.8935225034234577,0.5750000000000024,20.85965333333333,2212.03728418707,14.33928476102242,0.4905128449607934,9.142457833333372
3.091684858004252,F_S_C_Cu_111023_2d_2F_162629,0.805,0.5880835985409525,0.3249999999999998,19.86312000000001,122.50061028841188,10.545500459979706,0.385228709111657,4.499923999999999
3.0922058184941608,F_S_C_Cu_111023_2d_2R_162629,0.805,0.7408243141743781,0.4750000000000027,20.68936000000001,538.2471654288477,10.393397005592496,0.477024903150851,7.311447000000043
4.775598684946696,F_S_C_Cu_111023_2d_2F_162810,0.805,0.6804506849644,0.3999999999999999,20.10028000000001,161.41967278545505,17.4845838424309,0.3988784500990817,5.455560000000001
4.775880026817322,F_S_C_Cu_111023_2d_2R_162810,0.805,0.8152438242607589,0.5500000000000025,20.68490666666668,788.6280095314048,9.975027850273044,0.5058242135888716,8.529836333333375
5.520658131440481,F_S_C_Cu_111023_2d_3F_162855,0.805,0.1010980304883355,0.0499999999999999,8.98005333333333,11.026163517697055,11.31750620832206,0.2503044579297914,0.2272428333333331
5.52094970146815,F_S_C_Cu_111023_2d_3R_162855,0.805,0.460173873029656,0.2500000000000035,18.07242666666677,40.666963758230494,13.97243889850186,0.3227712023536688,2.6843133333333715
6.370885936419169,F_S_C_Cu_111023_2d_4F_162946,0.805,0.5648395502043297,0.3249999999999998,19.96776,101.8550032123453,13.49602946809636,0.383630100478077,4.326802999999998
6.371140309174856,F_S_C_Cu_111023_2d_4R_162946,0.805,0.7278005169194562,0.4500000000000028,20.99980000000001,397.5214585117618,14.3716485315748,0.4510009128610334,6.892947000000045
7.14370748202006,F_S_C_Cu_111023_2d_5F_163032,0.805,0.0541990386524805,0.0249999999999999,6.78944666666666,8.00750745582733,7.972959124448454,0.2493307075018488,0.091749083333333
7.143890504042307,F_S_C_Cu_111023_2d_5R_163032,0.805,0.0809687007176947,0.0500000000000042,10.16044666666723,7.90202279835375,7.961600880498909,0.2363805291056793,0.1944651000000166
7.907263751824697,F_S_C_Cu_111023_2d_6F_163118,0.805,0.914013606513702,0.5999999999999999,21.11187333333333,364.3823865115414,10.184109692890075,0.5037313559368133,9.720272
7.907524792353312,F_S_C_Cu_111023_2d_6R_163118,0.805,1.0266561419459357,0.7500000000000018,21.321393333333337,2114.4567899816952,8.906105353645444,0.6020373174315254,13.178440000000032
11.69025229215622,F_S_A_Ag_111023_2d_1F_163505,0.805,0.9872782026244878,0.6249999999999998,19.805660000000007,277.97308230970043,12.52715051092146,0.4709616777911217,9.209041666666664
11.690512828032176,F_S_A_Ag_111023_2d_1R_163505,0.805,1.053476394319402,0.7250000000000019,19.625153333333337,4277.524154490634,11.600078657858504,0.5521014634930344,11.414496666666697
12.508611464500428,F_S_A_Ag_111023_2d_2F_163554,0.805,0.0928056053874056,0.0499999999999999,11.94144666666666,7.669478436493609,7.788029362743032,0.2505550605821396,0.2776734333333329
12.509139323234558,F_S_A_Ag_111023_2d_2R_163554,0.805,0.8878052394992882,0.5500000000000025,19.3203266666667,149.65319408722797,15.599442912739292,0.4463474765195142,7.656058666666701
13.344988890488942,F_S_A_Ag_111023_2d_3F_163644,0.805,0.9308829857024868,0.5749999999999998,19.77706666666668,235.7140567447281,27.940109815771663,0.4303748211077852,7.923258499999998
13.34551084836324,F_S_A_Ag_111023_2d_3R_163644,0.805,1.0318274440052946,0.6500000000000021,19.75478000000001,781.2116450459656,16.834774988483403,0.4936397123401174,10.062117000000034
14.22093422015508,F_S_A_Ag_111023_2d_4F_163737,0.805,0.6626784746049672,0.3999999999999999,17.161893333333342,185.05397443784867,16.073483681044998,0.4043829434564648,4.5989733333333325
14.2211634794871,F_S_A_Ag_111023_2d_4R_163737,0.805,0.7288493381678021,0.4500000000000028,17.228433333333342,581.2588394948594,17.841643566551824,0.4374629008277157,5.493192000000035
14.974723080794016,F_S_A_Ag_111023_2d_5F_163822,0.805,0.9841659993151172,0.6499999999999998,19.46314666666668,315.91008871383804,12.60210646736315,0.5027629946653556,9.630408666666664
14.975245185693105,F_S_A_Ag_111023_2d_5R_163822,0.805,1.0547278821537982,0.7500000000000018,19.29035333333334,1102.9628144684973,10.498665325764378,0.5726139242598219,11.65044500000003
15.808869524796805,F_S_A_Ag_111023_2d_6F_163912,0.805,1.0141631626938463,0.6999999999999997,19.77324666666668,355.98414609431035,10.317941166348987,0.5345838108804041,10.720168666666662
15.809128578503929,F_S_A_Ag_111023_2d_6R_163912,0.805,1.0682425123150925,0.7750000000000017,19.490473333333338,1368.1470521406427,8.018682032373547,0.6212426809114378,12.9346156666667
18.817461168766023,F_S_C_102423_1F_164213,0.805,1.0823906054570755,0.8999999999999997,15.474980000000002,418.2930348741642,5.926588064752991,0.6560213570856083,10.988339999999996
18.81772262652715,F_S_C_102423_1R_164213,0.805,1.1177943357044091,0.9500000000000012,14.631900000000003,2283.536326545436,5.916644420178585,0.7859732658018617,12.854950333333347
20.25559456348419,F_S_C_102423_1F_164339,0.805,1.067168784727261,0.8499999999999996,15.518053333333338,254.3454551297794,7.142098039869538,0.6062663044664908,10.040001666666663
20.25577019850413,F_S_C_102423_1R_164339,0.805,1.1091468181213764,0.9500000000000012,15.11761333333334,1342.9321240930294,5.396624562559182,0.7589796779807428,12.72630766666668
22.962712796529136,F_S_A_102423_1F_164621,0.805,1.0696364033951138,0.7999999999999998,19.33894,525.0031401305414,11.920689459765654,0.603821305624696,12.490426666666666
22.963257841269176,F_S_A_102423_1R_164621,0.805,1.1024059148069882,0.8500000000000014,18.872093333333336,1959.9915921079785,9.508414706038693,0.6812897253691816,14.17403333333336
26.188556190331777,F_S_C_102423_1F_164935,0.805,1.073400720467738,0.8249999999999997,19.07209333333334,240.49390943258467,9.39106835273762,0.5771668980064035,11.815759999999996
26.189077238241833,F_S_C_102423_1R_164935,0.805,1.1127983902283758,0.9000000000000012,19.09191333333334,1892.7867310948523,6.077606661269996,0.7209805249835233,15.317556000000021
