,P2_6F_V_D,P2_6F_J_D,P2_6F_V_L,P2_6F_J_L
0,-0.25,-1.0417460000000001e-06,-0.25,-0.02252412
1,-0.225,-9.794793333333335e-07,-0.225,-0.022446333333333335
2,-0.2,-9.487246666666667e-07,-0.2,-0.022395966666666666
3,-0.17500000000000002,-9.127733333333334e-07,-0.17500000000000002,-0.02235586666666667
4,-0.15000000000000002,-8.846173333333332e-07,-0.15000000000000002,-0.022322706666666668
5,-0.12500000000000003,-8.582073333333334e-07,-0.12500000000000003,-0.022291693333333334
6,-0.10000000000000003,-8.346420000000001e-07,-0.10000000000000003,-0.02225940666666667
7,-0.07500000000000004,-8.118540000000001e-07,-0.07500000000000004,-0.022232573333333335
8,-0.050000000000000044,-7.918526666666667e-07,-0.050000000000000044,-0.022202366666666667
9,-0.02500000000000005,-7.727353333333334e-07,-0.02500000000000005,-0.0221713
10,-5.551115123125783e-17,-7.568006666666667e-07,-5.551115123125783e-17,-0.0221398
11,0.02499999999999991,-7.33482e-07,0.02499999999999991,-0.02210316
12,0.04999999999999993,-7.105626666666667e-07,0.04999999999999993,-0.022064160000000003
13,0.07499999999999996,-6.853206666666666e-07,0.07499999999999996,-0.022021513333333336
14,0.09999999999999992,-6.561458e-07,0.09999999999999992,-0.021973513333333333
15,0.12499999999999989,-6.234414e-07,0.12499999999999989,-0.021917693333333335
16,0.1499999999999999,-5.869626e-07,0.1499999999999999,-0.02185648
17,0.17499999999999993,-5.464794666666667e-07,0.17499999999999993,-0.021784880000000003
18,0.1999999999999999,-5.036033333333334e-07,0.1999999999999999,-0.02170146666666667
19,0.22499999999999987,-4.567022666666667e-07,0.22499999999999987,-0.02160232
20,0.2499999999999999,-4.024654666666667e-07,0.2499999999999999,-0.021489033333333334
21,0.2749999999999999,-3.450343333333333e-07,0.2749999999999999,-0.021354933333333333
22,0.2999999999999998,-2.8188400000000004e-07,0.2999999999999998,-0.021195126666666668
23,0.32499999999999984,-2.120618e-07,0.32499999999999984,-0.021007153333333334
24,0.34999999999999987,-1.3315973333333335e-07,0.34999999999999987,-0.020792766666666667
25,0.3749999999999999,-4.045774e-08,0.3749999999999999,-0.020542753333333334
26,0.3999999999999999,7.120386666666668e-08,0.3999999999999999,-0.020256906666666668
27,0.4249999999999998,2.1583166666666665e-07,0.4249999999999998,-0.019936020000000002
28,0.44999999999999984,4.047448e-07,0.44999999999999984,-0.019575193333333334
29,0.47499999999999987,6.734033333333334e-07,0.47499999999999987,-0.01917256666666667
30,0.4999999999999998,1.0633500000000002e-06,0.4999999999999998,-0.018725186666666668
31,0.5249999999999998,1.6393580000000002e-06,0.5249999999999998,-0.018228833333333336
32,0.5499999999999998,2.5052993333333333e-06,0.5499999999999998,-0.017680586666666668
33,0.5749999999999998,3.814913333333333e-06,0.5749999999999998,-0.017072413333333335
34,0.5999999999999999,5.762889333333333e-06,0.5999999999999999,-0.016401766666666668
35,0.6249999999999998,7.275433333333334e-06,0.6249999999999998,-0.015658773333333334
36,0.6499999999999998,1.1160473333333334e-05,0.6499999999999998,-0.014840633333333334
37,0.6749999999999998,1.659250666666667e-05,0.6749999999999998,-0.013950553333333332
38,0.6999999999999997,2.4069406666666666e-05,0.6999999999999997,-0.01298808
39,0.7249999999999998,3.421601333333333e-05,0.7249999999999998,-0.011957586666666667
40,0.7499999999999998,4.786786000000001e-05,0.7499999999999998,-0.010871733333333333
41,0.7749999999999997,6.718713333333334e-05,0.7749999999999997,-0.00974904
42,0.7999999999999998,8.637546666666667e-05,0.7999999999999998,-0.008596586666666668
43,0.8249999999999997,0.00012852813333333335,0.8249999999999997,-0.0074361666666666664
44,0.8499999999999996,0.00019150526666666668,0.8499999999999996,-0.006354794666666667
45,0.8749999999999998,0.0002801670666666667,0.8749999999999998,-0.005188850000000001
46,0.8999999999999997,0.00040126640000000003,0.8999999999999997,-0.004105322
47,0.9249999999999998,0.0005627484,0.9249999999999998,-0.0030873413333333335
48,0.9499999999999997,0.000764654,0.9499999999999997,-0.002139976
49,0.9749999999999996,0.0010317213333333334,0.9749999999999996,-0.0012733986666666666
50,0.9999999999999998,0.0013698906666666667,0.9999999999999998,-0.0004862072666666667
51,1.0249999999999997,0.0017834320000000002,1.0249999999999997,0.00029576446666666664
52,1.0499999999999998,0.002284252666666667,1.0499999999999998,0.0010870726666666669
53,1.0749999999999997,0.0028818433333333334,1.0749999999999997,0.0019089220000000002
54,1.0999999999999996,0.0035875166666666665,1.0999999999999996,0.0028022480000000002
55,1.1249999999999998,0.004407415333333334,1.1249999999999998,0.0037912233333333334
56,1.1499999999999997,0.005350595333333334,1.1499999999999997,0.004898301333333334
57,1.1749999999999996,0.006419358666666667,1.1749999999999996,0.006129787333333333
58,1.1999999999999997,0.007849773333333334,1.1999999999999997,0.00775614
59,1.2249999999999996,0.009139726666666667,1.2249999999999996,0.009206886666666667
