,P2_6F_V_D,P2_6F_J_D,P2_6F_V_L,P2_6F_J_L
0,-0.25,-1.28291e-06,-0.25,-0.02251966
1,-0.225,-1.1906213333333334e-06,-0.225,-0.02244048
2,-0.2,-1.1170100000000001e-06,-0.2,-0.022389759999999998
3,-0.17500000000000002,-1.0509673333333335e-06,-0.17500000000000002,-0.022348106666666666
4,-0.15000000000000002,-9.945739999999999e-07,-0.15000000000000002,-0.0223195
5,-0.12500000000000003,-9.494246666666667e-07,-0.12500000000000003,-0.02228886
6,-0.10000000000000003,-9.009760000000001e-07,-0.10000000000000003,-0.022258826666666665
7,-0.07500000000000004,-8.585373333333333e-07,-0.07500000000000004,-0.022229966666666667
8,-0.050000000000000044,-8.18344e-07,-0.050000000000000044,-0.022199826666666665
9,-0.02500000000000005,-7.81126e-07,-0.02500000000000005,-0.022170413333333333
10,-5.551115123125783e-17,-7.462773333333334e-07,-5.551115123125783e-17,-0.022137673333333333
11,0.02499999999999991,-7.026386666666667e-07,0.02499999999999991,-0.022102973333333335
12,0.04999999999999993,-6.559646666666667e-07,0.04999999999999993,-0.022061920000000002
13,0.07499999999999996,-6.059172e-07,0.07499999999999996,-0.022017206666666667
14,0.09999999999999992,-5.422145333333334e-07,0.09999999999999992,-0.02196962
15,0.12499999999999989,-4.7420626666666667e-07,0.12499999999999989,-0.021912013333333334
16,0.1499999999999999,-3.931058e-07,0.1499999999999999,-0.021848806666666668
17,0.17499999999999993,-3.1666513333333337e-07,0.17499999999999993,-0.021775973333333334
18,0.1999999999999999,-2.0171046666666667e-07,0.1999999999999999,-0.021691313333333333
19,0.22499999999999987,-1.231732e-07,0.22499999999999987,-0.021591453333333333
20,0.2499999999999999,-1.061464e-08,0.2499999999999999,-0.021473346666666667
21,0.2749999999999999,1.0647540000000001e-07,0.2749999999999999,-0.021334566666666666
22,0.2999999999999998,2.765772666666667e-07,0.2999999999999998,-0.02117056
23,0.32499999999999984,4.116122666666667e-07,0.32499999999999984,-0.020980073333333335
24,0.34999999999999987,5.803643333333333e-07,0.34999999999999987,-0.020759593333333333
25,0.3749999999999999,7.293780000000001e-07,0.3749999999999999,-0.020507920000000002
26,0.3999999999999999,9.303626666666667e-07,0.3999999999999999,-0.02022386
27,0.4249999999999998,1.172496e-06,0.4249999999999998,-0.019905680000000002
28,0.44999999999999984,1.4773466666666667e-06,0.44999999999999984,-0.019552280000000002
29,0.47499999999999987,1.821666e-06,0.47499999999999987,-0.01916098
30,0.4999999999999998,2.4652040000000002e-06,0.4999999999999998,-0.018728420000000003
31,0.5249999999999998,3.0543660000000003e-06,0.5249999999999998,-0.018247620000000003
32,0.5499999999999998,4.132604e-06,0.5499999999999998,-0.01771198
33,0.5749999999999998,5.752463333333334e-06,0.5749999999999998,-0.017121286666666666
34,0.5999999999999999,6.90228e-06,0.5999999999999999,-0.016460586666666666
35,0.6249999999999998,1.026238e-05,0.6249999999999998,-0.015729206666666665
36,0.6499999999999998,1.4807373333333334e-05,0.6499999999999998,-0.014922386666666669
37,0.6749999999999998,2.1100973333333333e-05,0.6749999999999998,-0.014033346666666667
38,0.6999999999999997,2.9657026666666668e-05,0.6999999999999997,-0.01307672
39,0.7249999999999998,4.1051366666666665e-05,0.7249999999999998,-0.012052060000000002
40,0.7499999999999998,5.656233333333333e-05,0.7499999999999998,-0.010973693333333335
41,0.7749999999999997,6.829833333333334e-05,0.7749999999999997,-0.0098522
42,0.7999999999999998,0.00010063893333333333,0.7999999999999998,-0.00870068
43,0.8249999999999997,0.00015027893333333334,0.8249999999999997,-0.007537520000000001
44,0.8499999999999996,0.0002230382666666667,0.8499999999999996,-0.006444969333333333
45,0.8749999999999998,0.00032566320000000003,0.8749999999999998,-0.005259646666666667
46,0.8999999999999997,0.00046635386666666673,0.8999999999999997,-0.004146075333333334
47,0.9249999999999998,0.0006532173333333334,0.9249999999999998,-0.0030871080000000003
48,0.9499999999999997,0.0008880720000000001,0.9499999999999997,-0.002089962
49,0.9749999999999996,0.0011929973333333335,0.9749999999999996,-0.0011620766666666667
50,0.9999999999999998,0.0015762253333333335,0.9999999999999998,-0.00030205920000000004
51,1.0249999999999997,0.0020408386666666664,1.0249999999999997,0.0005582009333333334
52,1.0499999999999998,0.0025979946666666665,1.0499999999999998,0.0014418553333333333
53,1.0749999999999997,0.003257197333333334,1.0749999999999997,0.0023558886666666667
54,1.0999999999999996,0.004029546666666667,1.0999999999999996,0.003347569333333334
55,1.1249999999999998,0.004917396,1.1249999999999998,0.004436487333333333
56,1.1499999999999997,0.005934593333333333,1.1499999999999997,0.0056447373333333335
57,1.1749999999999996,0.007289693333333334,1.1749999999999996,0.00720612
58,1.1999999999999997,0.008534086666666668,1.1999999999999997,0.008633153333333334
59,1.2249999999999996,0.009925486666666667,1.2249999999999996,0.010208246666666667
