,P2_6R_V_D,P2_6R_J_D,P2_6R_V_L,P2_6R_J_L
0,1.25,0.010656913333333334,1.25,0.010518846666666666
1,1.225,0.00956294,1.225,0.009235593333333333
2,1.2000000000000002,0.008390360000000001,1.2000000000000002,0.0078943
3,1.1750000000000003,0.007234826666666668,1.1750000000000003,0.006583341333333334
4,1.1500000000000004,0.006132056666666667,1.1500000000000004,0.005315371333333333
5,1.1250000000000004,0.005118317333333334,1.1250000000000004,0.004087436666666667
6,1.1000000000000005,0.004177838,1.1000000000000005,0.0029085206666666667
7,1.0750000000000006,0.0033348306666666663,1.0750000000000006,0.0017779073333333334
8,1.0500000000000007,0.0025929906666666666,1.0500000000000007,0.0006758153333333333
9,1.0250000000000008,0.0019569073333333335,1.0250000000000008,-0.00039653653333333335
10,1.0000000000000009,0.001425822,1.0000000000000009,-0.0014816086666666667
11,0.975000000000001,0.0010016993333333334,0.975000000000001,-0.0026208693333333337
12,0.9500000000000011,0.0006762366666666667,0.9500000000000011,-0.0037969340000000005
13,0.9250000000000012,0.00044388500000000004,0.9250000000000012,-0.005000692
14,0.9000000000000012,0.0002805516,0.9000000000000012,-0.006235240666666668
15,0.8750000000000013,0.0001748148,0.8750000000000013,-0.0074291466666666665
16,0.8500000000000014,0.00010820280000000001,0.8500000000000014,-0.00870318
17,0.8250000000000015,6.755786666666667e-05,0.8250000000000015,-0.009959046666666667
18,0.8000000000000016,4.2924693333333337e-05,0.8000000000000016,-0.01119108
19,0.7750000000000017,2.788626e-05,0.7750000000000017,-0.012382653333333334
20,0.7500000000000018,1.847208e-05,0.7500000000000018,-0.013512233333333333
21,0.7250000000000019,1.255484e-05,0.7250000000000019,-0.014580866666666666
22,0.700000000000002,8.772433333333334e-06,0.700000000000002,-0.01556498666666667
23,0.675000000000002,6.618584666666666e-06,0.675000000000002,-0.016470266666666667
24,0.6500000000000021,4.707644666666667e-06,0.6500000000000021,-0.01727756
25,0.6250000000000022,3.473905333333334e-06,0.6250000000000022,-0.01799648666666667
26,0.6000000000000023,2.598482666666667e-06,0.6000000000000023,-0.0186274
27,0.5750000000000024,1.929762e-06,0.5750000000000024,-0.01918072666666667
28,0.5500000000000025,1.432546e-06,0.5500000000000025,-0.019657046666666667
29,0.5250000000000026,1.0414006666666668e-06,0.5250000000000026,-0.02006614
30,0.5000000000000027,7.404286666666666e-07,0.5000000000000027,-0.02041532
31,0.47500000000000275,5.027492666666667e-07,0.47500000000000275,-0.020711026666666667
32,0.45000000000000284,2.9856533333333337e-07,0.45000000000000284,-0.020961486666666668
33,0.42500000000000293,1.3373653333333333e-07,0.42500000000000293,-0.02117112
34,0.400000000000003,-8.264446666666667e-09,0.400000000000003,-0.021345506666666667
35,0.3750000000000031,-1.260450666666667e-07,0.3750000000000031,-0.02149224
36,0.3500000000000032,-2.2989213333333336e-07,0.3500000000000032,-0.021617673333333334
37,0.3250000000000033,-3.2783686666666667e-07,0.3250000000000033,-0.021717213333333336
38,0.3000000000000034,-4.077781333333333e-07,0.3000000000000034,-0.02180258666666667
39,0.27500000000000346,-4.816082000000001e-07,0.27500000000000346,-0.02187588
40,0.25000000000000355,-5.45639e-07,0.25000000000000355,-0.021936333333333332
41,0.22500000000000364,-5.928588e-07,0.22500000000000364,-0.021986773333333334
42,0.20000000000000373,-6.503124e-07,0.20000000000000373,-0.022034233333333333
43,0.17500000000000382,-6.989833333333334e-07,0.17500000000000382,-0.02207322
44,0.1500000000000039,-7.395393333333333e-07,0.1500000000000039,-0.0221089
45,0.125000000000004,-7.788753333333334e-07,0.125000000000004,-0.022139166666666668
46,0.10000000000000409,-8.109660000000001e-07,0.10000000000000409,-0.02216572
47,0.07500000000000417,-8.425620000000001e-07,0.07500000000000417,-0.02219186
48,0.05000000000000426,-8.726853333333334e-07,0.05000000000000426,-0.02221362666666667
49,0.025000000000004352,-9.047880000000001e-07,0.025000000000004352,-0.022233660000000002
50,4.440892098500626e-15,-9.391786666666667e-07,4.440892098500626e-15,-0.022254573333333333
51,-0.02499999999999547,-9.8189e-07,-0.02499999999999547,-0.022271620000000002
52,-0.04999999999999538,-1.0316693333333333e-06,-0.04999999999999538,-0.022289866666666665
53,-0.07499999999999529,-1.0877920000000002e-06,-0.07499999999999529,-0.022305600000000002
54,-0.0999999999999952,-1.1479473333333334e-06,-0.0999999999999952,-0.02232006
55,-0.12499999999999512,-1.2106473333333335e-06,-0.12499999999999512,-0.022333946666666667
56,-0.14999999999999503,-1.2801680000000002e-06,-0.14999999999999503,-0.022346626666666668
57,-0.17499999999999494,-1.3576373333333334e-06,-0.17499999999999494,-0.022359720000000003
58,-0.19999999999999485,-1.4569893333333334e-06,-0.19999999999999485,-0.02237082666666667
59,-0.22499999999999476,-1.6688960000000001e-06,-0.22499999999999476,-0.022382140000000002
