,P2_6R_V_D,P2_6R_J_D,P2_6R_V_L,P2_6R_J_L
0,1.25,0.01016882,1.25,0.00992052
1,1.225,0.009111406666666667,1.225,0.008693373333333334
2,1.2000000000000002,0.00797498,1.2000000000000002,0.007405633333333334
3,1.1750000000000003,0.006858319999999999,1.1750000000000003,0.006143355333333334
4,1.1500000000000004,0.005790276666666667,1.1500000000000004,0.004928784666666667
5,1.1250000000000004,0.004815219333333333,1.1250000000000004,0.003753526
6,1.1000000000000005,0.003914741333333333,1.1000000000000005,0.002626812
7,1.0750000000000006,0.003109444666666667,1.0750000000000006,0.0015473393333333334
8,1.0500000000000007,0.002405152,1.0500000000000007,0.0005048981333333334
9,1.0250000000000008,0.0018048406666666666,1.0250000000000008,-0.0005383432666666667
10,1.0000000000000009,0.0013071626666666667,1.0000000000000009,-0.0015665960000000002
11,0.975000000000001,0.000913144,0.975000000000001,-0.002661066666666667
12,0.9500000000000011,0.0006157605333333334,0.9500000000000011,-0.0037932113333333335
13,0.9250000000000012,0.0003994762,0.9250000000000012,-0.004961116000000001
14,0.9000000000000012,0.00025263626666666665,0.9000000000000012,-0.0061615766666666665
15,0.8750000000000013,0.0001577414666666667,0.8750000000000013,-0.0073256933333333335
16,0.8500000000000014,9.812046666666667e-05,0.8500000000000014,-0.008576226666666667
17,0.8250000000000015,6.194512000000001e-05,0.8250000000000015,-0.009817246666666668
18,0.8000000000000016,3.959064e-05,0.8000000000000016,-0.011037746666666667
19,0.7750000000000017,2.5747026666666667e-05,0.7750000000000017,-0.012221093333333334
20,0.7500000000000018,1.7182526666666668e-05,0.7500000000000018,-0.0133533
21,0.7250000000000019,1.1755773333333334e-05,0.7250000000000019,-0.01442456
22,0.700000000000002,8.288113333333335e-06,0.700000000000002,-0.015418093333333334
23,0.675000000000002,6.234900666666667e-06,0.675000000000002,-0.01633215333333333
24,0.6500000000000021,4.434862e-06,0.6500000000000021,-0.01715526
25,0.6250000000000022,3.2506286666666665e-06,0.6250000000000022,-0.017891586666666667
26,0.6000000000000023,2.398056e-06,0.6000000000000023,-0.0185405
27,0.5750000000000024,1.754504e-06,0.5750000000000024,-0.019112573333333334
28,0.5500000000000025,1.265538e-06,0.5500000000000025,-0.01960842
29,0.5250000000000026,8.861426666666667e-07,0.5250000000000026,-0.02002842
30,0.5000000000000027,5.888758666666667e-07,0.5000000000000027,-0.020388946666666668
31,0.47500000000000275,3.478164666666667e-07,0.47500000000000275,-0.020695646666666668
32,0.45000000000000284,1.5909293333333333e-07,0.45000000000000284,-0.020950486666666667
33,0.42500000000000293,1.3383966666666668e-09,0.42500000000000293,-0.021165240000000002
34,0.400000000000003,-1.3089333333333332e-07,0.400000000000003,-0.021344613333333335
35,0.3750000000000031,-2.4049140000000005e-07,0.3750000000000031,-0.021491720000000002
36,0.3500000000000032,-3.3386900000000004e-07,0.3500000000000032,-0.02161494666666667
37,0.3250000000000033,-4.1615840000000006e-07,0.3250000000000033,-0.02171896666666667
38,0.3000000000000034,-4.895190666666667e-07,0.3000000000000034,-0.02180372666666667
39,0.27500000000000346,-5.526244666666666e-07,0.27500000000000346,-0.021877706666666667
40,0.25000000000000355,-6.096529333333333e-07,0.25000000000000355,-0.021934613333333335
41,0.22500000000000364,-6.500539333333333e-07,0.22500000000000364,-0.021987640000000003
42,0.20000000000000373,-7.024546666666667e-07,0.20000000000000373,-0.02203316
43,0.17500000000000382,-7.410473333333333e-07,0.17500000000000382,-0.022071106666666666
44,0.1500000000000039,-7.751186666666667e-07,0.1500000000000039,-0.02210514
45,0.125000000000004,-8.053946666666667e-07,0.125000000000004,-0.02213406
46,0.10000000000000409,-8.325120000000001e-07,0.10000000000000409,-0.022161433333333334
47,0.07500000000000417,-8.577646666666666e-07,0.07500000000000417,-0.022185486666666667
48,0.05000000000000426,-8.830060000000001e-07,0.05000000000000426,-0.02220806
49,0.025000000000004352,-9.100793333333334e-07,0.025000000000004352,-0.02222720666666667
50,4.440892098500626e-15,-9.410800000000001e-07,4.440892098500626e-15,-0.022246986666666666
51,-0.02499999999999547,-9.774e-07,-0.02499999999999547,-0.022263893333333333
52,-0.04999999999999538,-1.0200813333333334e-06,-0.04999999999999538,-0.022278506666666666
53,-0.07499999999999529,-1.0690693333333334e-06,-0.07499999999999529,-0.022294853333333333
54,-0.0999999999999952,-1.1227253333333335e-06,-0.0999999999999952,-0.022308333333333333
55,-0.12499999999999512,-1.1766206666666667e-06,-0.12499999999999512,-0.02232081333333333
56,-0.14999999999999503,-1.2393593333333334e-06,-0.14999999999999503,-0.02233360666666667
57,-0.17499999999999494,-1.3070446666666666e-06,-0.17499999999999494,-0.022345220000000002
58,-0.19999999999999485,-1.3909620000000001e-06,-0.19999999999999485,-0.02235266
59,-0.22499999999999476,-1.5546386666666668e-06,-0.22499999999999476,-0.022365386666666667
