,FACl_A_900K_1F_V_D,FACl_A_900K_1F_J_D,FACl_A_900K_1F_V_L,FACl_A_900K_1F_J_L
0,-0.25,-6.033432e-05,-0.25,-0.020609946666666667
1,-0.225,-5.9931860000000005e-05,-0.225,-0.020583773333333333
2,-0.2,-5.9484313333333334e-05,-0.2,-0.02056908
3,-0.17500000000000002,-5.9059253333333333e-05,-0.17500000000000002,-0.020552753333333333
4,-0.15000000000000002,-5.869791333333334e-05,-0.15000000000000002,-0.02053954
5,-0.12500000000000003,-5.840084000000001e-05,-0.12500000000000003,-0.020521906666666666
6,-0.10000000000000003,-5.8156566666666665e-05,-0.10000000000000003,-0.020503026666666667
7,-0.07500000000000004,-5.794818e-05,-0.07500000000000004,-0.020480226666666667
8,-0.050000000000000044,-5.776385333333333e-05,-0.050000000000000044,-0.020451913333333335
9,-0.02500000000000005,-5.759025333333333e-05,-0.02500000000000005,-0.02041776
10,-5.551115123125783e-17,-5.7450226666666665e-05,-5.551115123125783e-17,-0.020378140000000003
11,0.02499999999999991,-5.727260666666667e-05,0.02499999999999991,-0.020340066666666667
12,0.04999999999999993,-5.710757333333333e-05,0.04999999999999993,-0.020302593333333334
13,0.07499999999999996,-5.6952953333333336e-05,0.07499999999999996,-0.020266020000000003
14,0.09999999999999992,-5.6808520000000005e-05,0.09999999999999992,-0.020233053333333334
15,0.12499999999999989,-5.6671533333333335e-05,0.12499999999999989,-0.0202017
16,0.1499999999999999,-5.654528666666667e-05,0.1499999999999999,-0.020171093333333334
17,0.17499999999999993,-5.642181333333333e-05,0.17499999999999993,-0.02014404666666667
18,0.1999999999999999,-5.6304513333333335e-05,0.1999999999999999,-0.02011728
19,0.22499999999999987,-5.620428666666667e-05,0.22499999999999987,-0.02009180666666667
20,0.2499999999999999,-5.608490666666667e-05,0.2499999999999999,-0.020066293333333336
21,0.2749999999999999,-5.5965100000000004e-05,0.2749999999999999,-0.020043686666666668
22,0.2999999999999998,-5.584764666666667e-05,0.2999999999999998,-0.02001796
23,0.32499999999999984,-5.571614666666667e-05,0.32499999999999984,-0.019994426666666665
24,0.34999999999999987,-5.557766e-05,0.34999999999999987,-0.01996796
25,0.3749999999999999,-5.5455946666666664e-05,0.3749999999999999,-0.019946753333333334
26,0.3999999999999999,-5.5257926666666676e-05,0.3999999999999999,-0.019919833333333335
27,0.4249999999999998,-5.5043333333333335e-05,0.4249999999999998,-0.019892626666666666
28,0.44999999999999984,-5.479463333333334e-05,0.44999999999999984,-0.01986272
29,0.47499999999999987,-5.449518e-05,0.47499999999999987,-0.019832853333333334
30,0.4999999999999998,-5.4123393333333335e-05,0.4999999999999998,-0.0198024
31,0.5249999999999998,-5.364335333333334e-05,0.5249999999999998,-0.01976802
32,0.5499999999999998,-5.300280666666667e-05,0.5499999999999998,-0.01973194
33,0.5749999999999998,-5.211676666666667e-05,0.5749999999999998,-0.019685893333333333
34,0.5999999999999999,-5.0871019999999996e-05,0.5999999999999999,-0.019629740000000003
35,0.6249999999999998,-4.907222e-05,0.6249999999999998,-0.01957086
36,0.6499999999999998,-4.6458626666666674e-05,0.6499999999999998,-0.019494753333333337
37,0.6749999999999998,-4.259986666666667e-05,0.6749999999999998,-0.01939806
38,0.6999999999999997,-3.6927740000000005e-05,0.6999999999999997,-0.019285526666666667
39,0.7249999999999998,-2.832615333333333e-05,0.7249999999999998,-0.019140406666666665
40,0.7499999999999998,-1.5404693333333332e-05,0.7499999999999998,-0.01894838
41,0.7749999999999997,-2.1287553333333336e-06,0.7749999999999997,-0.01869444666666667
42,0.7999999999999998,1.709702e-05,0.7999999999999998,-0.018357833333333334
43,0.8249999999999997,6.085810666666667e-05,0.8249999999999997,-0.01789804
44,0.8499999999999996,0.00010880893333333333,0.8499999999999996,-0.01726504
45,0.8749999999999998,0.00021809266666666667,0.8749999999999998,-0.01641034666666667
46,0.8999999999999997,0.00040215760000000003,0.8999999999999997,-0.015258813333333333
47,0.9249999999999998,0.0006999506666666667,0.9249999999999998,-0.013726760000000001
48,0.9499999999999997,0.0011774013333333334,0.9499999999999997,-0.011700480000000001
49,0.9749999999999996,0.0021204933333333334,0.9749999999999996,-0.00907554
50,0.9999999999999998,0.003673047333333333,0.9999999999999998,-0.006309709333333333
51,1.0249999999999997,0.006073382,1.0249999999999997,-0.001919512
52,1.0499999999999998,0.009267133333333333,1.0499999999999998,0.0034529506666666665
53,1.0749999999999997,0.014046493333333335,1.0749999999999997,0.00894008
54,1.0999999999999996,0.020183680000000002,1.0999999999999996,0.016652620000000003
55,1.1249999999999998,0.027614033333333336,1.1249999999999998,0.025390186666666665
56,1.1499999999999997,0.036282213333333334,1.1499999999999997,0.03512458
57,1.1749999999999996,0.04604291333333333,1.1749999999999996,0.045749646666666664
58,1.1999999999999997,0.056813253333333334,1.1999999999999997,0.05722384666666667
59,1.2249999999999996,0.06844113333333333,1.2249999999999996,0.0694314
