,NiOx_DPPP_111323_4R_V_D,NiOx_DPPP_111323_4R_J_D,NiOx_DPPP_111323_4R_V_L,NiOx_DPPP_111323_4R_J_L
0,1.25,0.0291927,1.25,0.028291293333333335
1,1.225,0.025606893333333335,1.225,0.021730946666666667
2,1.2000000000000002,0.020818953333333334,1.2000000000000002,0.015470553333333335
3,1.1750000000000003,0.016136086666666667,1.1750000000000003,0.009538086666666666
4,1.1500000000000004,0.011874613333333334,1.1500000000000004,0.004094716
5,1.1250000000000004,0.008233366666666667,1.1250000000000004,-0.0011342933333333334
6,1.1000000000000005,0.005345048000000001,1.1000000000000005,-0.005819752666666667
7,1.0750000000000006,0.0031965820000000003,1.0750000000000006,-0.009488753333333334
8,1.0500000000000007,0.00179103,1.0500000000000007,-0.01303862
9,1.0250000000000008,0.0009609560000000001,1.0250000000000008,-0.015745173333333334
10,1.0000000000000009,0.0005317239333333334,1.0000000000000009,-0.01771412
11,0.975000000000001,0.00027113580000000004,0.975000000000001,-0.019032753333333336
12,0.9500000000000011,0.00014103733333333335,0.9500000000000011,-0.019886880000000003
13,0.9250000000000012,7.522420000000001e-05,0.9250000000000012,-0.020433446666666667
14,0.9000000000000012,5.018672666666667e-05,0.9000000000000012,-0.02077154
15,0.8750000000000013,2.3005406666666668e-05,0.8750000000000013,-0.020993433333333332
16,0.8500000000000014,6.981046666666667e-06,0.8500000000000014,-0.021148513333333334
17,0.8250000000000015,2.8872033333333335e-06,0.8250000000000015,-0.021269933333333334
18,0.8000000000000016,-6.99746e-06,0.8000000000000016,-0.021345693333333336
19,0.7750000000000017,-1.066672e-05,0.7750000000000017,-0.02140620666666667
20,0.7500000000000018,-1.806924e-05,0.7500000000000018,-0.021457106666666666
21,0.7250000000000019,-2.4182453333333336e-05,0.7250000000000019,-0.02150054
22,0.700000000000002,-2.9752313333333335e-05,0.700000000000002,-0.02153676
23,0.675000000000002,-3.503608e-05,0.675000000000002,-0.02156718666666667
24,0.6500000000000021,-3.884968e-05,0.6500000000000021,-0.021596286666666666
25,0.6250000000000022,-4.294274e-05,0.6250000000000022,-0.021625886666666667
26,0.6000000000000023,-4.6881133333333334e-05,0.6000000000000023,-0.021651793333333336
27,0.5750000000000024,-5.028167333333333e-05,0.5750000000000024,-0.02167924666666667
28,0.5500000000000025,-5.3709700000000005e-05,0.5500000000000025,-0.02170718
29,0.5250000000000026,-5.670236666666667e-05,0.5250000000000026,-0.02173294666666667
30,0.5000000000000027,-5.928407333333334e-05,0.5000000000000027,-0.021770353333333336
31,0.47500000000000275,-6.214246666666667e-05,0.47500000000000275,-0.021792680000000002
32,0.45000000000000284,-6.511450000000001e-05,0.45000000000000284,-0.021821353333333335
33,0.42500000000000293,-6.81276e-05,0.42500000000000293,-0.02184760666666667
34,0.400000000000003,-6.99796e-05,0.400000000000003,-0.02187398
35,0.3750000000000031,-7.279826666666667e-05,0.3750000000000031,-0.021907386666666667
36,0.3500000000000032,-7.494546666666666e-05,0.3500000000000032,-0.021934973333333337
37,0.3250000000000033,-7.689706666666667e-05,0.3250000000000033,-0.02196222
38,0.3000000000000034,-7.917486666666667e-05,0.3000000000000034,-0.02199012
39,0.27500000000000346,-8.099293333333334e-05,0.27500000000000346,-0.022016093333333334
40,0.25000000000000355,-8.298846666666667e-05,0.25000000000000355,-0.0220336
41,0.22500000000000364,-8.45414e-05,0.22500000000000364,-0.022050666666666666
42,0.20000000000000373,-8.6476e-05,0.20000000000000373,-0.022085233333333332
43,0.17500000000000382,-8.784626666666667e-05,0.17500000000000382,-0.02212122
44,0.1500000000000039,-8.958446666666667e-05,0.1500000000000039,-0.0221393
45,0.125000000000004,-9.112226666666667e-05,0.125000000000004,-0.02215952
46,0.10000000000000409,-9.26558e-05,0.10000000000000409,-0.022194173333333334
47,0.07500000000000417,-9.42088e-05,0.07500000000000417,-0.022213586666666667
48,0.05000000000000426,-9.571373333333335e-05,0.05000000000000426,-0.022241013333333337
49,0.025000000000004352,-9.723820000000001e-05,0.025000000000004352,-0.022266913333333336
50,4.440892098500626e-15,-9.873006666666667e-05,4.440892098500626e-15,-0.0222999
51,-0.02499999999999547,-0.00010027753333333334,-0.02499999999999547,-0.022319193333333334
52,-0.04999999999999538,-0.00010175846666666666,-0.04999999999999538,-0.022343926666666666
53,-0.07499999999999529,-0.00010335453333333333,-0.07499999999999529,-0.0223735
54,-0.0999999999999952,-0.00010497946666666668,-0.0999999999999952,-0.02239962666666667
55,-0.12499999999999512,-0.0001071456,-0.12499999999999512,-0.022424160000000002
56,-0.14999999999999503,-0.00010898153333333334,-0.14999999999999503,-0.022455573333333333
57,-0.17499999999999494,-0.00011115906666666668,-0.17499999999999494,-0.022467766666666666
58,-0.19999999999999485,-0.00011351693333333332,-0.19999999999999485,-0.022490546666666666
59,-0.22499999999999476,-0.0001163922,-0.22499999999999476,-0.022519906666666666
