,4wireLA5_2F_V_D,4wireLA5_2F_J_D,4wireLA5_2F_V_L,4wireLA5_2F_J_L
0,-0.25,-2.416456e-05,-0.25,-0.020933912
1,-0.225,-2.199876e-05,-0.225,-0.020864264
2,-0.2,-2.1461144e-05,-0.2,-0.020621672
3,-0.17500000000000002,-2.1141928e-05,-0.17500000000000002,-0.020331168
4,-0.15000000000000002,-2.0823376e-05,-0.15000000000000002,-0.020082008000000002
5,-0.12500000000000003,-2.0631456e-05,-0.12500000000000003,-0.019894455999999998
6,-0.10000000000000003,-2.0720208e-05,-0.10000000000000003,-0.019752136
7,-0.07500000000000004,-2.0887488e-05,-0.07500000000000004,-0.019637560000000002
8,-0.050000000000000044,-2.0966216e-05,-0.050000000000000044,-0.019530472
9,-0.02500000000000005,-2.095716e-05,-0.02500000000000005,-0.01945472
10,-5.551115123125783e-17,-2.0930496e-05,-5.551115123125783e-17,-0.019379376
11,0.02499999999999991,-2.0886384e-05,0.02499999999999991,-0.01930276
12,0.04999999999999993,-2.0862912e-05,0.04999999999999993,-0.019234128
13,0.07499999999999996,-2.0836608e-05,0.07499999999999996,-0.01916884
14,0.09999999999999992,-2.0820271999999998e-05,0.09999999999999992,-0.019099704000000002
15,0.12499999999999989,-2.0807304e-05,0.12499999999999989,-0.019038
16,0.1499999999999999,-2.0791064e-05,0.1499999999999999,-0.01896792
17,0.17499999999999993,-2.075224e-05,0.17499999999999993,-0.018905336000000002
18,0.1999999999999999,-2.0745552000000002e-05,0.1999999999999999,-0.018834464000000002
19,0.22499999999999987,-2.068672e-05,0.22499999999999987,-0.018740416
20,0.2499999999999999,-2.0682480000000003e-05,0.2499999999999999,-0.018668752
21,0.2749999999999999,-2.0622208e-05,0.2749999999999999,-0.01855776
22,0.2999999999999998,-2.0595632e-05,0.2999999999999998,-0.018467904
23,0.32499999999999984,-2.0539584000000002e-05,0.32499999999999984,-0.01836332
24,0.34999999999999987,-2.0485584e-05,0.34999999999999987,-0.018227568
25,0.3749999999999999,-2.0410048e-05,0.3749999999999999,-0.018089712
26,0.3999999999999999,-2.032328e-05,0.3999999999999999,-0.01794588
27,0.4249999999999998,-2.0216015999999998e-05,0.4249999999999998,-0.017773063999999998
28,0.44999999999999984,-2.0064664e-05,0.44999999999999984,-0.0175864
29,0.47499999999999987,-1.9868271999999998e-05,0.47499999999999987,-0.017356904
30,0.4999999999999998,-1.956136e-05,0.4999999999999998,-0.017133264000000002
31,0.5249999999999998,-1.9098720000000002e-05,0.5249999999999998,-0.016838704
32,0.5499999999999998,-1.8320304e-05,0.5499999999999998,-0.01650708
33,0.5749999999999998,-1.7016112e-05,0.5749999999999998,-0.016130552
34,0.5999999999999999,-1.4687863999999999e-05,0.5999999999999999,-0.015665368
35,0.6249999999999998,-1.0635272e-05,0.6249999999999998,-0.015137488
36,0.6499999999999998,-6.0043456000000005e-06,0.6499999999999998,-0.014502776
37,0.6749999999999998,8.399192e-06,0.6749999999999998,-0.013802608
38,0.6999999999999997,2.7431016e-05,0.6999999999999997,-0.013010520000000001
39,0.7249999999999998,7.7923936e-05,0.7249999999999998,-0.0121052
40,0.7499999999999998,0.00014349023999999999,0.7499999999999998,-0.011126816000000001
41,0.7749999999999997,0.00030021632,0.7749999999999997,-0.010020672
42,0.7999999999999998,0.0005481172,0.7999999999999998,-0.008828704
43,0.8249999999999997,0.0008262768,0.8249999999999997,-0.0079065208
44,0.8499999999999996,0.0013799296,0.8499999999999996,-0.006434676
45,0.8749999999999998,0.002075016,0.8749999999999998,-0.0049134287999999995
46,0.8999999999999997,0.0029282568,0.8999999999999997,-0.0033258959999999996
47,0.9249999999999998,0.0039235368,0.9249999999999998,-0.0016662768000000002
48,0.9499999999999997,0.0050660792,0.9499999999999997,-0.00049050208
49,0.9749999999999996,0.0063367432,0.9749999999999996,0.001222032
50,0.9999999999999998,0.0077469616,0.9999999999999998,0.0032758863999999997
51,1.0249999999999997,0.008975376,1.0249999999999997,0.0053563432000000005
52,1.0499999999999998,0.01065688,1.0499999999999998,0.007475763200000001
53,1.0749999999999997,0.012401935999999999,1.0749999999999997,0.0094112
54,1.0999999999999996,0.014228888,1.0999999999999996,0.011737135999999999
55,1.1249999999999998,0.01614256,1.1249999999999998,0.01408096
56,1.1499999999999997,0.018159152,1.1499999999999997,0.016458967999999997
57,1.1749999999999996,0.020273152,1.1749999999999996,0.018913
58,1.1999999999999997,0.022412992,1.1999999999999997,0.021388144
59,1.2249999999999996,0.024680696,1.2249999999999996,0.023961096
