,NiOx_C2_77d_4R_V_D,NiOx_C2_77d_4R_J_D,NiOx_C2_77d_4R_V_L,NiOx_C2_77d_4R_J_L
0,1.25,0.02506060666666667,1.25,0.028570366666666666
1,1.225,0.021142880000000003,1.225,0.023387686666666668
2,1.2000000000000002,0.017079473333333334,1.2000000000000002,0.01844072
3,1.1750000000000003,0.013322200000000001,1.1750000000000003,0.013834406666666667
4,1.1500000000000004,0.010007646666666667,1.1500000000000004,0.009570440000000001
5,1.1250000000000004,0.007213386666666667,1.1250000000000004,0.006098682
6,1.1000000000000005,0.005054241333333334,1.1000000000000005,0.0024247900000000005
7,1.0750000000000006,0.003359146666666667,1.0750000000000006,-0.0007121453333333333
8,1.0500000000000007,0.0021506033333333332,1.0500000000000007,-0.0034027346666666665
9,1.0250000000000008,0.0013606080000000001,1.0250000000000008,-0.005651002666666667
10,1.0000000000000009,0.0008676386666666666,1.0000000000000009,-0.00699856
11,0.975000000000001,0.0007761153333333333,0.975000000000001,-0.007909213333333333
12,0.9500000000000011,0.0005791217333333333,0.9500000000000011,-0.009715473333333334
13,0.9250000000000012,0.000395526,0.9250000000000012,-0.010936640000000001
14,0.9000000000000012,0.00030768926666666665,0.9000000000000012,-0.011882726666666668
15,0.8750000000000013,0.00024646173333333336,0.8750000000000013,-0.012711513333333334
16,0.8500000000000014,0.00019898806666666667,0.8500000000000014,-0.013473246666666668
17,0.8250000000000015,0.0001589034,0.8250000000000015,-0.014172806666666666
18,0.8000000000000016,0.00012520140000000002,0.8000000000000016,-0.014837106666666667
19,0.7750000000000017,9.6743e-05,0.7750000000000017,-0.015453593333333335
20,0.7500000000000018,7.143786666666667e-05,0.7500000000000018,-0.01604116666666667
21,0.7250000000000019,5.559149333333333e-05,0.7250000000000019,-0.016586860000000002
22,0.700000000000002,2.8961873333333334e-05,0.700000000000002,-0.017095293333333334
23,0.675000000000002,1.1987073333333333e-05,0.675000000000002,-0.017560306666666668
24,0.6500000000000021,6.746953333333334e-07,0.6500000000000021,-0.01797898666666667
25,0.6250000000000022,-1.4374993333333334e-05,0.6250000000000022,-0.01837002
26,0.6000000000000023,-2.7463093333333335e-05,0.6000000000000023,-0.018731300000000003
27,0.5750000000000024,-3.56384e-05,0.5750000000000024,-0.019035893333333335
28,0.5500000000000025,-4.2235459999999996e-05,0.5500000000000025,-0.019313160000000003
29,0.5250000000000026,-4.766831333333334e-05,0.5250000000000026,-0.019566173333333336
30,0.5000000000000027,-5.198410000000001e-05,0.5000000000000027,-0.019800460000000002
31,0.47500000000000275,-5.541749333333333e-05,0.47500000000000275,-0.01999016
32,0.45000000000000284,-5.810698666666667e-05,0.45000000000000284,-0.020168666666666668
33,0.42500000000000293,-6.021703333333334e-05,0.42500000000000293,-0.020334873333333333
34,0.400000000000003,-6.18658e-05,0.400000000000003,-0.020481446666666667
35,0.3750000000000031,-6.315915333333334e-05,0.3750000000000031,-0.020610493333333334
36,0.3500000000000032,-6.417697333333333e-05,0.3500000000000032,-0.020731440000000004
37,0.3250000000000033,-6.498111333333334e-05,0.3250000000000033,-0.020839240000000002
38,0.3000000000000034,-6.561848666666666e-05,0.3000000000000034,-0.02093996
39,0.27500000000000346,-6.613086666666666e-05,0.27500000000000346,-0.02103614666666667
40,0.25000000000000355,-6.654156666666666e-05,0.25000000000000355,-0.021120160000000002
41,0.22500000000000364,-6.680926666666667e-05,0.22500000000000364,-0.02118852666666667
42,0.20000000000000373,-6.717526666666667e-05,0.20000000000000373,-0.021269413333333334
43,0.17500000000000382,-6.742593333333335e-05,0.17500000000000382,-0.021336666666666667
44,0.1500000000000039,-6.763866666666667e-05,0.1500000000000039,-0.021396533333333332
45,0.125000000000004,-6.783160000000001e-05,0.125000000000004,-0.02145118
46,0.10000000000000409,-6.800213333333334e-05,0.10000000000000409,-0.021508413333333334
47,0.07500000000000417,-6.815766666666667e-05,0.07500000000000417,-0.021557593333333333
48,0.05000000000000426,-6.830686666666667e-05,0.05000000000000426,-0.02160526
49,0.025000000000004352,-6.843273333333333e-05,0.025000000000004352,-0.021646353333333333
50,4.440892098500626e-15,-6.855133333333334e-05,4.440892098500626e-15,-0.0216895
51,-0.02499999999999547,-6.868066666666667e-05,-0.02499999999999547,-0.02172782666666667
52,-0.04999999999999538,-6.878593333333333e-05,-0.04999999999999538,-0.021763286666666666
53,-0.07499999999999529,-6.888926666666666e-05,-0.07499999999999529,-0.021798293333333336
54,-0.0999999999999952,-6.901653333333334e-05,-0.0999999999999952,-0.021828953333333335
55,-0.12499999999999512,-6.909760000000001e-05,-0.12499999999999512,-0.021858913333333334
56,-0.14999999999999503,-6.919873333333335e-05,-0.14999999999999503,-0.02189334
57,-0.17499999999999494,-6.929653333333334e-05,-0.17499999999999494,-0.02191714
58,-0.19999999999999485,-6.932606666666667e-05,-0.19999999999999485,-0.021940653333333334
59,-0.22499999999999476,-6.947973333333334e-05,-0.22499999999999476,-0.021971213333333333
