,b4_4F_V_D,b4_4F_J_D,b4_4F_V_L,b4_4F_J_L
0,-0.25,-8.541986666666667e-06,-0.25,-0.019969920000000002
1,-0.225,-6.90148e-06,-0.225,-0.0198743
2,-0.2,-5.332256e-06,-0.2,-0.01979288666666667
3,-0.17500000000000002,-4.064568e-06,-0.17500000000000002,-0.01972564
4,-0.15000000000000002,-3.0475406666666666e-06,-0.15000000000000002,-0.019663426666666668
5,-0.12500000000000003,-2.2694713333333334e-06,-0.12500000000000003,-0.019605133333333333
6,-0.10000000000000003,-1.6170773333333335e-06,-0.10000000000000003,-0.019546246666666666
7,-0.07500000000000004,-1.05062e-06,-0.07500000000000004,-0.01949584
8,-0.050000000000000044,-5.460483333333333e-07,-0.050000000000000044,-0.019441446666666667
9,-0.02500000000000005,-7.663133333333334e-08,-0.02500000000000005,-0.019391293333333334
10,-5.551115123125783e-17,3.657553333333334e-07,-5.551115123125783e-17,-0.01934138
11,0.02499999999999991,8.399666666666668e-07,0.02499999999999991,-0.019285393333333335
12,0.04999999999999993,1.3097373333333334e-06,0.04999999999999993,-0.019217253333333337
13,0.07499999999999996,1.80717e-06,0.07499999999999996,-0.019156480000000004
14,0.09999999999999992,2.3471086666666664e-06,0.09999999999999992,-0.019087693333333336
15,0.12499999999999989,2.9487460000000002e-06,0.12499999999999989,-0.019011260000000002
16,0.1499999999999999,3.605902e-06,0.1499999999999999,-0.018926946666666666
17,0.17499999999999993,4.372686e-06,0.17499999999999993,-0.018833773333333335
18,0.1999999999999999,5.257851333333333e-06,0.1999999999999999,-0.01873526
19,0.22499999999999987,6.303235333333334e-06,0.22499999999999987,-0.018625133333333335
20,0.2499999999999999,6.999373333333334e-06,0.2499999999999999,-0.01852108
21,0.2749999999999999,7.944293333333335e-06,0.2749999999999999,-0.018401533333333334
22,0.2999999999999998,9.924753333333333e-06,0.2999999999999998,-0.01826374
23,0.32499999999999984,1.1770066666666666e-05,0.32499999999999984,-0.018113373333333335
24,0.34999999999999987,1.3854213333333334e-05,0.34999999999999987,-0.017944306666666666
25,0.3749999999999999,1.6282653333333334e-05,0.3749999999999999,-0.017742733333333333
26,0.3999999999999999,1.9149193333333334e-05,0.3999999999999999,-0.017542206666666667
27,0.4249999999999998,2.251044666666667e-05,0.4249999999999998,-0.01731052
28,0.44999999999999984,2.661066e-05,0.44999999999999984,-0.017054286666666668
29,0.47499999999999987,3.151414666666667e-05,0.47499999999999987,-0.01675046666666667
30,0.4999999999999998,3.748736666666667e-05,0.4999999999999998,-0.016441233333333336
31,0.5249999999999998,4.495800666666667e-05,0.5249999999999998,-0.016068613333333336
32,0.5499999999999998,5.438278666666667e-05,0.5499999999999998,-0.015650533333333334
33,0.5749999999999998,6.68534e-05,0.5749999999999998,-0.015158866666666668
34,0.5999999999999999,7.380226666666668e-05,0.5999999999999999,-0.014616913333333334
35,0.6249999999999998,9.802493333333334e-05,0.6249999999999998,-0.013987733333333334
36,0.6499999999999998,0.00012867013333333333,0.6499999999999998,-0.013283766666666667
37,0.6749999999999998,0.000171896,0.6749999999999998,-0.0124848
38,0.6999999999999997,0.00023511073333333334,0.6999999999999997,-0.011577986666666668
39,0.7249999999999998,0.0003313150666666667,0.7249999999999998,-0.010600720000000001
40,0.7499999999999998,0.00047093026666666666,0.7499999999999998,-0.009505913333333334
41,0.7749999999999997,0.0006792753333333334,0.7749999999999997,-0.008301206666666667
42,0.7999999999999998,0.0009213973333333333,0.7999999999999998,-0.006964453333333333
43,0.8249999999999997,0.001365264,0.8249999999999997,-0.006008521333333333
44,0.8499999999999996,0.0019494599999999999,0.8499999999999996,-0.004146365333333334
45,0.8749999999999998,0.002716874,0.8749999999999998,-0.0023926480000000003
46,0.8999999999999997,0.003694352666666667,0.8999999999999997,-0.001100604
47,0.9249999999999998,0.004895823333333334,0.9249999999999998,0.001124002
48,0.9499999999999997,0.006333638666666667,0.9499999999999997,0.0033400013333333336
49,0.9749999999999996,0.007993346666666666,0.9749999999999996,0.005633060666666667
50,0.9999999999999998,0.00990876,0.9999999999999998,0.0078174
51,1.0249999999999997,0.01200702,1.0249999999999997,0.010456373333333333
52,1.0499999999999998,0.014286173333333332,1.0499999999999998,0.013128226666666666
53,1.0749999999999997,0.01672778,1.0749999999999997,0.01588282
54,1.0999999999999996,0.019317553333333334,1.0999999999999996,0.018728686666666668
55,1.1249999999999998,0.02202870666666667,1.1249999999999998,0.02165512
56,1.1499999999999997,0.024863506666666667,1.1499999999999997,0.02465104666666667
57,1.1749999999999996,0.02778882666666667,1.1749999999999996,0.02771268
58,1.1999999999999997,0.03080824666666667,1.1999999999999997,0.03085848
59,1.2249999999999996,0.03389548,1.2249999999999996,0.03405216666666667
