,b4_4F_V_D,b4_4F_J_D,b4_4F_V_L,b4_4F_J_L
0,-0.25,-5.220246666666667e-06,-0.25,-0.019769480000000002
1,-0.225,-4.239047333333334e-06,-0.225,-0.019712600000000004
2,-0.2,-3.454246666666667e-06,-0.2,-0.019654333333333336
3,-0.17500000000000002,-2.7473693333333335e-06,-0.17500000000000002,-0.019597193333333332
4,-0.15000000000000002,-2.1680246666666667e-06,-0.15000000000000002,-0.01954156
5,-0.12500000000000003,-1.6644093333333335e-06,-0.12500000000000003,-0.019489026666666666
6,-0.10000000000000003,-1.2310933333333333e-06,-0.10000000000000003,-0.0194356
7,-0.07500000000000004,-8.377706666666668e-07,-0.07500000000000004,-0.019382093333333333
8,-0.050000000000000044,-4.7664833333333336e-07,-0.050000000000000044,-0.019325466666666666
9,-0.02500000000000005,-1.3143973333333333e-07,-0.02500000000000005,-0.019269773333333334
10,-5.551115123125783e-17,1.8950846666666668e-07,-5.551115123125783e-17,-0.019209733333333336
11,0.02499999999999991,5.363554000000001e-07,0.02499999999999991,-0.019144653333333334
12,0.04999999999999993,8.858000000000001e-07,0.04999999999999993,-0.019078033333333334
13,0.07499999999999996,1.2290593333333333e-06,0.07499999999999996,-0.019006846666666667
14,0.09999999999999992,1.6036260000000003e-06,0.09999999999999992,-0.018930253333333334
15,0.12499999999999989,2.018794666666667e-06,0.12499999999999989,-0.018847773333333335
16,0.1499999999999999,2.481796666666667e-06,0.1499999999999999,-0.01875458
17,0.17499999999999993,2.996722666666667e-06,0.17499999999999993,-0.01866722666666667
18,0.1999999999999999,3.5718493333333333e-06,0.1999999999999999,-0.018567626666666667
19,0.22499999999999987,4.22896e-06,0.22499999999999987,-0.01844606
20,0.2499999999999999,5.037298666666667e-06,0.2499999999999999,-0.018341586666666666
21,0.2749999999999999,5.988548e-06,0.2749999999999999,-0.01820002
22,0.2999999999999998,6.999393333333333e-06,0.2999999999999998,-0.018060533333333333
23,0.32499999999999984,7.724366666666667e-06,0.32499999999999984,-0.017897873333333335
24,0.34999999999999987,9.713933333333334e-06,0.34999999999999987,-0.017721153333333333
25,0.3749999999999999,1.1392713333333334e-05,0.3749999999999999,-0.017524266666666666
26,0.3999999999999999,1.358636e-05,0.3999999999999999,-0.017304553333333333
27,0.4249999999999998,1.621934e-05,0.4249999999999998,-0.017064353333333334
28,0.44999999999999984,1.94676e-05,0.44999999999999984,-0.016789713333333334
29,0.47499999999999987,2.3545126666666667e-05,0.47499999999999987,-0.01647144
30,0.4999999999999998,2.8618853333333333e-05,0.4999999999999998,-0.016150513333333335
31,0.5249999999999998,3.539522666666667e-05,0.5249999999999998,-0.01577592666666667
32,0.5499999999999998,4.455576666666667e-05,0.5499999999999998,-0.015362486666666668
33,0.5749999999999998,5.6897733333333336e-05,0.5749999999999998,-0.014864539999999999
34,0.5999999999999999,6.9995e-05,0.5999999999999999,-0.01435418
35,0.6249999999999998,8.079126666666667e-05,0.6249999999999998,-0.013757606666666668
36,0.6499999999999998,0.00011412046666666667,0.6499999999999998,-0.01309166
37,0.6749999999999998,0.0001575754,0.6749999999999998,-0.012334973333333334
38,0.6999999999999997,0.00021933646666666667,0.6999999999999997,-0.011504266666666667
39,0.7249999999999998,0.0003084442,0.7249999999999998,-0.010575000000000001
40,0.7499999999999998,0.00043461706666666664,0.7499999999999998,-0.009543086666666667
41,0.7749999999999997,0.0006165418,0.7749999999999997,-0.008419633333333332
42,0.7999999999999998,0.0007641286666666667,0.7999999999999998,-0.007172913333333333
43,0.8249999999999997,0.001138012,0.8249999999999997,-0.006385374
44,0.8499999999999996,0.0016355653333333334,0.8499999999999996,-0.004591688666666666
45,0.8749999999999998,0.0022934973333333334,0.8749999999999998,-0.0029505693333333333
46,0.8999999999999997,0.0031398913333333333,0.8999999999999997,-0.0011988953333333333
47,0.9249999999999998,0.00418475,0.9249999999999998,0.00028944433333333335
48,0.9499999999999997,0.005447238,0.9499999999999997,0.0020382946666666667
49,0.9749999999999996,0.006913453333333334,0.9749999999999996,0.004307557333333333
50,0.9999999999999998,0.00850728,0.9999999999999998,0.0065863706666666666
51,1.0249999999999997,0.010386253333333335,1.0249999999999997,0.00866106
52,1.0499999999999998,0.012444153333333334,1.0499999999999998,0.011211833333333334
53,1.0749999999999997,0.014659493333333334,1.0749999999999997,0.013782426666666667
54,1.0999999999999996,0.01702216,1.0999999999999996,0.016431133333333334
55,1.1249999999999998,0.019506553333333336,1.1249999999999998,0.019144666666666667
56,1.1499999999999997,0.022108593333333336,1.1499999999999997,0.02193278
57,1.1749999999999996,0.024805960000000002,1.1749999999999996,0.024780653333333333
58,1.1999999999999997,0.02759538666666667,1.1999999999999997,0.02769722
59,1.2249999999999996,0.030457566666666665,1.2249999999999996,0.030662526666666665
