,NiOx_D2_42d_2R_V_D,NiOx_D2_42d_2R_J_D,NiOx_D2_42d_2R_V_L,NiOx_D2_42d_2R_J_L
0,1.25,0.020258133333333334,1.25,0.0220848
1,1.225,0.015588513333333335,1.225,0.016036906666666666
2,1.2000000000000002,0.011460333333333333,1.2000000000000002,0.01056336
3,1.1750000000000003,0.008097900000000002,1.1750000000000003,0.00607489
4,1.1500000000000004,0.005594140666666667,1.1500000000000004,0.0015542006666666667
5,1.1250000000000004,0.003680106666666667,1.1250000000000004,-0.002135612
6,1.1000000000000005,0.002400391333333333,1.1000000000000005,-0.0052081
7,1.0750000000000006,0.0015692353333333334,1.0750000000000006,-0.006856933333333334
8,1.0500000000000007,0.0010191080000000001,1.0500000000000007,-0.009188586666666668
9,1.0250000000000008,0.000695416,1.0250000000000008,-0.010765906666666667
10,1.0000000000000009,0.00040855080000000004,1.0000000000000009,-0.01196904
11,0.975000000000001,0.00024319306666666665,0.975000000000001,-0.012925913333333334
12,0.9500000000000011,0.00013228060000000002,0.9500000000000011,-0.013720826666666668
13,0.9250000000000012,6.906906666666668e-05,0.9250000000000012,-0.014418473333333334
14,0.9000000000000012,1.5564980000000003e-05,0.9000000000000012,-0.014976686666666668
15,0.8750000000000013,-1.2626046666666666e-05,0.8750000000000013,-0.015504386666666667
16,0.8500000000000014,-2.9381293333333337e-05,0.8500000000000014,-0.01598296
17,0.8250000000000015,-3.9185166666666665e-05,0.8250000000000015,-0.01640456666666667
18,0.8000000000000016,-4.497670666666667e-05,0.8000000000000016,-0.01680300666666667
19,0.7750000000000017,-4.85457e-05,0.7750000000000017,-0.0171561
20,0.7500000000000018,-5.093306e-05,0.7500000000000018,-0.017475693333333334
21,0.7250000000000019,-5.272076666666667e-05,0.7250000000000019,-0.0177625
22,0.700000000000002,-5.4151320000000006e-05,0.700000000000002,-0.018018613333333332
23,0.675000000000002,-5.550332666666667e-05,0.675000000000002,-0.018246773333333334
24,0.6500000000000021,-5.668606000000001e-05,0.6500000000000021,-0.018453353333333335
25,0.6250000000000022,-5.7762660000000006e-05,0.6250000000000022,-0.01863634
26,0.6000000000000023,-5.874655333333333e-05,0.6000000000000023,-0.01880472
27,0.5750000000000024,-5.962382e-05,0.5750000000000024,-0.018947306666666667
28,0.5500000000000025,-6.0396720000000005e-05,0.5500000000000025,-0.019080466666666667
29,0.5250000000000026,-6.107460666666667e-05,0.5250000000000026,-0.019201406666666667
30,0.5000000000000027,-6.165561333333335e-05,0.5000000000000027,-0.019313386666666668
31,0.47500000000000275,-6.215188666666666e-05,0.47500000000000275,-0.019405946666666667
32,0.45000000000000284,-6.25719e-05,0.45000000000000284,-0.01949318
33,0.42500000000000293,-6.293532666666668e-05,0.42500000000000293,-0.019574573333333335
34,0.400000000000003,-6.323146666666667e-05,0.400000000000003,-0.019646873333333335
35,0.3750000000000031,-6.347931333333334e-05,0.3750000000000031,-0.019712486666666668
36,0.3500000000000032,-6.366371333333334e-05,0.3500000000000032,-0.019773413333333333
37,0.3250000000000033,-6.380736666666667e-05,0.3250000000000033,-0.019829246666666668
38,0.3000000000000034,-6.393836666666667e-05,0.3000000000000034,-0.019880093333333335
39,0.27500000000000346,-6.408094e-05,0.27500000000000346,-0.01992664666666667
40,0.25000000000000355,-6.42233e-05,0.25000000000000355,-0.01996966666666667
41,0.22500000000000364,-6.430643333333333e-05,0.22500000000000364,-0.02000554666666667
42,0.20000000000000373,-6.440865333333334e-05,0.20000000000000373,-0.020045673333333333
43,0.17500000000000382,-6.445738000000001e-05,0.17500000000000382,-0.020082413333333337
44,0.1500000000000039,-6.450156666666666e-05,0.1500000000000039,-0.020112400000000002
45,0.125000000000004,-6.453356e-05,0.125000000000004,-0.020140520000000002
46,0.10000000000000409,-6.457128666666667e-05,0.10000000000000409,-0.020168413333333333
47,0.07500000000000417,-6.461550666666667e-05,0.07500000000000417,-0.020195606666666668
48,0.05000000000000426,-6.466271333333333e-05,0.05000000000000426,-0.020217593333333336
49,0.025000000000004352,-6.471052666666667e-05,0.025000000000004352,-0.0202394
50,4.440892098500626e-15,-6.476096e-05,4.440892098500626e-15,-0.02026254
51,-0.02499999999999547,-6.480368666666667e-05,-0.02499999999999547,-0.02028206
52,-0.04999999999999538,-6.484980666666667e-05,-0.04999999999999538,-0.020302186666666666
53,-0.07499999999999529,-6.489488e-05,-0.07499999999999529,-0.02031956
54,-0.0999999999999952,-6.493947333333333e-05,-0.0999999999999952,-0.02033648
55,-0.12499999999999512,-6.498419333333334e-05,-0.12499999999999512,-0.020354213333333336
56,-0.14999999999999503,-6.502950666666667e-05,-0.14999999999999503,-0.020370720000000002
57,-0.17499999999999494,-6.507567333333334e-05,-0.17499999999999494,-0.02038412666666667
58,-0.19999999999999485,-6.510144e-05,-0.19999999999999485,-0.020397366666666666
59,-0.22499999999999476,-6.516080666666667e-05,-0.22499999999999476,-0.020410933333333336
