,b4_4R_V_D,b4_4R_J_D,b4_4R_V_L,b4_4R_J_L
0,1.25,0.0319669,1.25,0.04449938666666667
1,1.225,0.032974213333333335,1.225,0.040955693333333335
2,1.2000000000000002,0.031273673333333335,1.2000000000000002,0.03758842666666667
3,1.1750000000000003,0.028632640000000004,1.1750000000000003,0.0341004
4,1.1500000000000004,0.025472813333333334,1.1500000000000004,0.030679420000000002
5,1.1250000000000004,0.023423313333333334,1.1250000000000004,0.02746816
6,1.1000000000000005,0.020373080000000002,1.1000000000000005,0.02432026
7,1.0750000000000006,0.01842712,1.0750000000000006,0.02129124666666667
8,1.0500000000000007,0.015646673333333333,1.0500000000000007,0.01840158
9,1.0250000000000008,0.014370593333333332,1.0250000000000008,0.015610826666666668
10,1.0000000000000009,0.012599973333333334,1.0000000000000009,0.012993226666666666
11,0.975000000000001,0.011086073333333333,0.975000000000001,0.010512153333333333
12,0.9500000000000011,0.009717686666666666,0.9500000000000011,0.008115326666666667
13,0.9250000000000012,0.008565086666666668,0.9250000000000012,0.005959897333333334
14,0.9000000000000012,0.00750254,0.9000000000000012,0.003747289333333333
15,0.8750000000000013,0.006580911333333334,0.8750000000000013,0.0016402373333333335
16,0.8500000000000014,0.005888326,0.8500000000000014,-0.00010637173333333335
17,0.8250000000000015,0.005385531333333333,0.8250000000000015,-0.0018125666666666666
18,0.8000000000000016,0.004787636666666667,0.8000000000000016,-0.003925422666666667
19,0.7750000000000017,0.004280171333333333,0.7750000000000017,-0.005515657333333333
20,0.7500000000000018,0.003880066666666667,0.7500000000000018,-0.006936440000000001
21,0.7250000000000019,0.0035705760000000002,0.7250000000000019,-0.008118953333333333
22,0.700000000000002,0.0032709320000000003,0.700000000000002,-0.009303373333333333
23,0.675000000000002,0.002982280666666667,0.675000000000002,-0.010473566666666666
24,0.6500000000000021,0.002744354,0.6500000000000021,-0.011434786666666667
25,0.6250000000000022,0.002532944666666667,0.6250000000000022,-0.01233468
26,0.6000000000000023,0.0023848193333333334,0.6000000000000023,-0.013150386666666668
27,0.5750000000000024,0.0022176273333333334,0.5750000000000024,-0.013875526666666665
28,0.5500000000000025,0.0020450520000000003,0.5500000000000025,-0.014582359999999999
29,0.5250000000000026,0.001925672,0.5250000000000026,-0.01509358
30,0.5000000000000027,0.0017934333333333335,0.5000000000000027,-0.01567456
31,0.47500000000000275,0.0016244253333333335,0.47500000000000275,-0.016143866666666666
32,0.45000000000000284,0.0015914806666666667,0.45000000000000284,-0.016603286666666668
33,0.42500000000000293,0.0014522493333333334,0.42500000000000293,-0.017031006666666668
34,0.400000000000003,0.0013152286666666668,0.400000000000003,-0.01743818
35,0.3750000000000031,0.001218962,0.3750000000000031,-0.017751833333333335
36,0.3500000000000032,0.0011229646666666667,0.3500000000000032,-0.01808124666666667
37,0.3250000000000033,0.001021272,0.3250000000000033,-0.01838144666666667
38,0.3000000000000034,0.000921526,0.3000000000000034,-0.018656620000000002
39,0.27500000000000346,0.0008375893333333333,0.27500000000000346,-0.018926833333333334
40,0.25000000000000355,0.0007166426666666667,0.25000000000000355,-0.019156540000000003
41,0.22500000000000364,0.0006556443333333334,0.22500000000000364,-0.01936226666666667
42,0.20000000000000373,0.0005804889333333334,0.20000000000000373,-0.019582193333333334
43,0.17500000000000382,0.0004861787333333334,0.17500000000000382,-0.01977370666666667
44,0.1500000000000039,0.0003990088666666667,0.1500000000000039,-0.019969446666666665
45,0.125000000000004,0.0003115252,0.125000000000004,-0.020137620000000002
46,0.10000000000000409,0.00023128333333333334,0.10000000000000409,-0.020311100000000002
47,0.07500000000000417,0.00014681613333333333,0.07500000000000417,-0.020442666666666668
48,0.05000000000000426,7.156146666666667e-05,0.05000000000000426,-0.020572706666666666
49,0.025000000000004352,7.663793333333333e-06,0.025000000000004352,-0.020710120000000002
50,4.440892098500626e-15,-6.005445333333334e-05,4.440892098500626e-15,-0.02085024666666667
51,-0.02499999999999547,-0.00012150053333333335,-0.02499999999999547,-0.020965706666666667
52,-0.04999999999999538,-0.00018512146666666669,-0.04999999999999538,-0.021076273333333336
53,-0.07499999999999529,-0.0002490112,-0.07499999999999529,-0.021184626666666668
54,-0.0999999999999952,-0.0003146002666666667,-0.0999999999999952,-0.02129454
55,-0.12499999999999512,-0.00038791320000000005,-0.12499999999999512,-0.021392126666666667
56,-0.14999999999999503,-0.00045818460000000003,-0.14999999999999503,-0.021489626666666668
57,-0.17499999999999494,-0.0005292600666666667,-0.17499999999999494,-0.02158616
58,-0.19999999999999485,-0.0005925547333333333,-0.19999999999999485,-0.02167876666666667
59,-0.22499999999999476,-0.0006734686666666667,-0.22499999999999476,-0.02177868666666667
