,mo1_5F_V_D,mo1_5F_J_D,mo1_5F_V_L,mo1_5F_J_L
0,-0.25,-3.3996373333333335e-06,-0.25,-0.021522153333333335
1,-0.225,-2.514272e-06,-0.225,-0.021449093333333332
2,-0.2,-2.109304e-06,-0.2,-0.021320986666666666
3,-0.17500000000000002,-1.7669720000000003e-06,-0.17500000000000002,-0.02113023333333333
4,-0.15000000000000002,-1.5412160000000002e-06,-0.15000000000000002,-0.02088366666666667
5,-0.12500000000000003,-1.3616360000000002e-06,-0.12500000000000003,-0.020587913333333336
6,-0.10000000000000003,-1.21251e-06,-0.10000000000000003,-0.02025546666666667
7,-0.07500000000000004,-1.0845980000000001e-06,-0.07500000000000004,-0.019894020000000002
8,-0.050000000000000044,-9.685593333333334e-07,-0.050000000000000044,-0.01951052
9,-0.02500000000000005,-8.830113333333334e-07,-0.02500000000000005,-0.01911114
10,-5.551115123125783e-17,-8.062399999999999e-07,-5.551115123125783e-17,-0.018701653333333335
11,0.02499999999999991,-6.758086666666668e-07,0.02499999999999991,-0.018267433333333333
12,0.04999999999999993,-5.801602e-07,0.04999999999999993,-0.017839853333333332
13,0.07499999999999996,-4.879737333333333e-07,0.07499999999999996,-0.017406333333333333
14,0.09999999999999992,-3.9648633333333336e-07,0.09999999999999992,-0.016961753333333336
15,0.12499999999999989,-3.051215333333333e-07,0.12499999999999989,-0.016508553333333335
16,0.1499999999999999,-2.1105420000000002e-07,0.1499999999999999,-0.016061373333333333
17,0.17499999999999993,-1.1430220000000001e-07,0.17499999999999993,-0.015609786666666669
18,0.1999999999999999,-1.4340173333333334e-08,0.1999999999999999,-0.015149766666666667
19,0.22499999999999987,6.803813333333334e-08,0.22499999999999987,-0.014688953333333334
20,0.2499999999999999,1.905512e-07,0.2499999999999999,-0.014224106666666668
21,0.2749999999999999,3.09124e-07,0.2749999999999999,-0.013751426666666669
22,0.2999999999999998,4.3089406666666665e-07,0.2999999999999998,-0.013276860000000001
23,0.32499999999999984,5.608469333333333e-07,0.32499999999999984,-0.012796126666666666
24,0.34999999999999987,6.989226666666666e-07,0.34999999999999987,-0.012302406666666666
25,0.3749999999999999,8.511273333333333e-07,0.3749999999999999,-0.011812573333333335
26,0.3999999999999999,1.0197093333333333e-06,0.3999999999999999,-0.011315633333333333
27,0.4249999999999998,1.2208179999999999e-06,0.4249999999999998,-0.010808846666666668
28,0.44999999999999984,1.463376e-06,0.44999999999999984,-0.010291446666666667
29,0.47499999999999987,1.7787453333333335e-06,0.47499999999999987,-0.009774113333333334
30,0.4999999999999998,2.2113213333333334e-06,0.4999999999999998,-0.009247133333333334
31,0.5249999999999998,2.8361433333333335e-06,0.5249999999999998,-0.008711906666666668
32,0.5499999999999998,3.7750553333333334e-06,0.5499999999999998,-0.00816564
33,0.5749999999999998,5.246389333333333e-06,0.5749999999999998,-0.007608833333333333
34,0.5999999999999999,8.253806666666668e-06,0.5999999999999999,-0.007046193333333334
35,0.6249999999999998,1.291508e-05,0.6249999999999998,-0.00678854
36,0.6499999999999998,1.9391093333333335e-05,0.6499999999999998,-0.0060648306666666665
37,0.6749999999999998,2.908102666666667e-05,0.6749999999999998,-0.0054281166666666665
38,0.6999999999999997,4.3335186666666666e-05,0.6999999999999997,-0.004802133333333333
39,0.7249999999999998,6.396808e-05,0.7249999999999998,-0.004175982666666667
40,0.7499999999999998,9.558946666666666e-05,0.7499999999999998,-0.0035462553333333335
41,0.7749999999999997,0.00013476066666666669,0.7749999999999997,-0.00291631
42,0.7999999999999998,0.0001862412,0.7999999999999998,-0.002279602666666667
43,0.8249999999999997,0.0002528946666666667,0.8249999999999997,-0.001636998
44,0.8499999999999996,0.0003365966,0.8499999999999996,-0.0009862253333333335
45,0.8749999999999998,0.00043625586666666674,0.8749999999999998,-0.000473969
46,0.8999999999999997,0.0005515114,0.8999999999999997,0.00023803713333333333
47,0.9249999999999998,0.0006807353333333334,0.9249999999999998,0.0007423446666666668
48,0.9499999999999997,0.0008351620000000001,0.9499999999999997,0.0014886893333333334
49,0.9749999999999996,0.0010010913333333333,0.9749999999999996,0.0022137113333333333
50,0.9999999999999998,0.0011871686666666667,0.9999999999999998,0.002944184666666667
51,1.0249999999999997,0.0013926353333333335,1.0249999999999997,0.0036802700000000002
52,1.0499999999999998,0.00162057,1.0499999999999998,0.004424844
53,1.0749999999999997,0.0018725126666666665,1.0749999999999997,0.005180851333333333
54,1.0999999999999996,0.0021506980000000004,1.0999999999999996,0.005953138
55,1.1249999999999998,0.002455178,1.1249999999999998,0.006739386666666667
56,1.1499999999999997,0.0027917653333333335,1.1499999999999997,0.007404239999999999
57,1.1749999999999996,0.00315919,1.1749999999999996,0.008247233333333333
58,1.1999999999999997,0.0035617446666666667,1.1999999999999997,0.009098746666666668
59,1.2249999999999996,0.003996478,1.2249999999999996,0.009960713333333333
