,mo1_5R_V_D,mo1_5R_J_D,mo1_5R_V_L,mo1_5R_J_L
0,1.25,0.011816493333333334,1.25,0.010513526666666667
1,1.225,0.010468020000000001,1.225,0.008994426666666666
2,1.2000000000000002,0.009176060000000002,1.2000000000000002,0.0075404266666666666
3,1.1750000000000003,0.00795614,1.1750000000000003,0.006147009333333334
4,1.1500000000000004,0.006799813333333334,1.1500000000000004,0.004743837333333333
5,1.1250000000000004,0.005716383333333333,1.1250000000000004,0.0033885593333333333
6,1.1000000000000005,0.004687008666666667,1.1000000000000005,0.002063876666666667
7,1.0750000000000006,0.0037601193333333333,1.0750000000000006,0.0007695306666666667
8,1.0500000000000007,0.0029272273333333333,1.0500000000000007,-0.0004631497333333334
9,1.0250000000000008,0.0022003073333333335,1.0250000000000008,-0.0017080866666666667
10,1.0000000000000009,0.0015881573333333334,1.0000000000000009,-0.0029563993333333333
11,0.975000000000001,0.001100666,0.975000000000001,-0.004152706666666667
12,0.9500000000000011,0.0007318093333333334,0.9500000000000011,-0.005323779333333334
13,0.9250000000000012,0.0004919819333333334,0.9250000000000012,-0.00646148
14,0.9000000000000012,0.00030273533333333337,0.9000000000000012,-0.007521266666666668
15,0.8750000000000013,0.00019621866666666668,0.8750000000000013,-0.008626673333333333
16,0.8500000000000014,0.0001330874,0.8500000000000014,-0.009683613333333334
17,0.8250000000000015,9.59608e-05,0.8250000000000015,-0.010695286666666666
18,0.8000000000000016,7.37482e-05,0.8000000000000016,-0.011667566666666667
19,0.7750000000000017,6.350733333333333e-05,0.7750000000000017,-0.0125915
20,0.7500000000000018,5.211042666666667e-05,0.7500000000000018,-0.013467153333333332
21,0.7250000000000019,4.573756e-05,0.7250000000000019,-0.014292466666666667
22,0.700000000000002,4.109008e-05,0.700000000000002,-0.015061146666666666
23,0.675000000000002,3.756309333333334e-05,0.675000000000002,-0.015777633333333336
24,0.6500000000000021,3.474053333333334e-05,0.6500000000000021,-0.016421933333333333
25,0.6250000000000022,3.2238500000000007e-05,0.6250000000000022,-0.017012426666666667
26,0.6000000000000023,3.001766666666667e-05,0.6000000000000023,-0.017537253333333336
27,0.5750000000000024,2.7919213333333334e-05,0.5750000000000024,-0.018004013333333332
28,0.5500000000000025,2.6032833333333333e-05,0.5500000000000025,-0.018416246666666667
29,0.5250000000000026,2.4394366666666668e-05,0.5250000000000026,-0.01877216666666667
30,0.5000000000000027,2.2796413333333333e-05,0.5000000000000027,-0.019079613333333335
31,0.47500000000000275,2.1269353333333335e-05,0.47500000000000275,-0.019343053333333336
32,0.45000000000000284,1.9855233333333336e-05,0.45000000000000284,-0.019567626666666667
33,0.42500000000000293,1.841148666666667e-05,0.42500000000000293,-0.01976162
34,0.400000000000003,1.689994666666667e-05,0.400000000000003,-0.019926473333333333
35,0.3750000000000031,1.557316e-05,0.3750000000000031,-0.020072866666666668
36,0.3500000000000032,1.428012e-05,0.3500000000000032,-0.02020306666666667
37,0.3250000000000033,1.3046013333333334e-05,0.3250000000000033,-0.020310766666666667
38,0.3000000000000034,1.178158e-05,0.3000000000000034,-0.020407413333333332
39,0.27500000000000346,1.0700293333333334e-05,0.27500000000000346,-0.02049416
40,0.25000000000000355,9.413626666666667e-06,0.25000000000000355,-0.020575286666666668
41,0.22500000000000364,8.32848e-06,0.22500000000000364,-0.020632686666666667
42,0.20000000000000373,7.027460000000001e-06,0.20000000000000373,-0.020700213333333335
43,0.17500000000000382,6.431524666666667e-06,0.17500000000000382,-0.020759266666666665
44,0.1500000000000039,4.852513333333333e-06,0.1500000000000039,-0.02081178666666667
45,0.125000000000004,3.620702e-06,0.125000000000004,-0.020858873333333333
46,0.10000000000000409,2.4352753333333337e-06,0.10000000000000409,-0.020903453333333332
47,0.07500000000000417,1.2640226666666668e-06,0.07500000000000417,-0.02094712
48,0.05000000000000426,9.724360000000001e-08,0.05000000000000426,-0.02098532666666667
49,0.025000000000004352,-1.0739173333333334e-06,0.025000000000004352,-0.021025846666666667
50,4.440892098500626e-15,-2.2413926666666667e-06,4.440892098500626e-15,-0.02105858
51,-0.02499999999999547,-3.4250413333333334e-06,-0.02499999999999547,-0.02109008
52,-0.04999999999999538,-4.601369333333333e-06,-0.04999999999999538,-0.02112214
53,-0.07499999999999529,-5.806684e-06,-0.07499999999999529,-0.02115470666666667
54,-0.0999999999999952,-6.972166666666667e-06,-0.0999999999999952,-0.02118058
55,-0.12499999999999512,-7.835066666666667e-06,-0.12499999999999512,-0.021205993333333336
56,-0.14999999999999503,-9.268e-06,-0.14999999999999503,-0.021230746666666668
57,-0.17499999999999494,-1.0484940000000001e-05,-0.17499999999999494,-0.02125460666666667
58,-0.19999999999999485,-1.1692153333333334e-05,-0.19999999999999485,-0.021273933333333335
59,-0.22499999999999476,-1.2986700000000002e-05,-0.22499999999999476,-0.021296193333333335
