,mo1_5F_V_D,mo1_5F_J_D,mo1_5F_V_L,mo1_5F_J_L
0,-0.25,-2.7540833333333334e-07,-0.25,-0.021590746666666667
1,-0.225,-6.843213333333333e-08,-0.225,-0.021493713333333334
2,-0.2,-3.565194e-08,-0.2,-0.02132640666666667
3,-0.17500000000000002,3.862387333333334e-08,-0.17500000000000002,-0.021115646666666668
4,-0.15000000000000002,7.199813333333333e-08,-0.15000000000000002,-0.020887846666666668
5,-0.12500000000000003,9.88756e-08,-0.12500000000000003,-0.02065316
6,-0.10000000000000003,1.2315926666666666e-07,-0.10000000000000003,-0.020420513333333334
7,-0.07500000000000004,1.451168e-07,-0.07500000000000004,-0.020191453333333335
8,-0.050000000000000044,1.6434886666666668e-07,-0.050000000000000044,-0.019964973333333334
9,-0.02500000000000005,1.838258e-07,-0.02500000000000005,-0.01973984
10,-5.551115123125783e-17,1.947232e-07,-5.551115123125783e-17,-0.01951986666666667
11,0.02499999999999991,2.201132e-07,0.02499999999999991,-0.019276093333333334
12,0.04999999999999993,2.3856026666666665e-07,0.04999999999999993,-0.019046533333333334
13,0.07499999999999996,2.577248e-07,0.07499999999999996,-0.018809673333333336
14,0.09999999999999992,2.7803046666666666e-07,0.09999999999999992,-0.018561013333333334
15,0.12499999999999989,3.000173333333334e-07,0.12499999999999989,-0.01830796
16,0.1499999999999999,3.243374e-07,0.1499999999999999,-0.01804288
17,0.17499999999999993,3.509160666666667e-07,0.17499999999999993,-0.01777122
18,0.1999999999999999,3.823564e-07,0.1999999999999999,-0.01749656
19,0.22499999999999987,4.0659253333333337e-07,0.22499999999999987,-0.01720408
20,0.2499999999999999,4.566641333333333e-07,0.2499999999999999,-0.01690932666666667
21,0.2749999999999999,5.046782e-07,0.2749999999999999,-0.01659782
22,0.2999999999999998,5.594266666666668e-07,0.2999999999999998,-0.016281840000000002
23,0.32499999999999984,6.221484e-07,0.32499999999999984,-0.01594692
24,0.34999999999999987,6.947693333333334e-07,0.34999999999999987,-0.015597133333333334
25,0.3749999999999999,7.78174e-07,0.3749999999999999,-0.015246546666666666
26,0.3999999999999999,8.74956e-07,0.3999999999999999,-0.014879966666666668
27,0.4249999999999998,9.91652e-07,0.4249999999999998,-0.01449502
28,0.44999999999999984,1.130646e-06,0.44999999999999984,-0.01409258
29,0.47499999999999987,1.3042160000000002e-06,0.47499999999999987,-0.013684573333333335
30,0.4999999999999998,1.5291813333333334e-06,0.4999999999999998,-0.013257566666666666
31,0.5249999999999998,1.8295453333333335e-06,0.5249999999999998,-0.012814606666666667
32,0.5499999999999998,2.242228e-06,0.5499999999999998,-0.012353353333333334
33,0.5749999999999998,2.8308246666666666e-06,0.5749999999999998,-0.011871733333333334
34,0.5999999999999999,3.6701180000000003e-06,0.5999999999999999,-0.011375093333333334
35,0.6249999999999998,4.879602e-06,0.6249999999999998,-0.01086002
36,0.6499999999999998,6.641818666666666e-06,0.6499999999999998,-0.010322086666666667
37,0.6749999999999998,1.0062866666666668e-05,0.6749999999999998,-0.009762166666666667
38,0.6999999999999997,1.3673340000000001e-05,0.6999999999999997,-0.009184426666666667
39,0.7249999999999998,1.805428e-05,0.7249999999999998,-0.00858666
40,0.7499999999999998,2.390221333333333e-05,0.7499999999999998,-0.007967433333333334
41,0.7749999999999997,3.211358666666667e-05,0.7749999999999997,-0.0073232
42,0.7999999999999998,4.4403586666666664e-05,0.7999999999999998,-0.006908526666666667
43,0.8249999999999997,6.356380666666668e-05,0.8249999999999997,-0.006122927333333333
44,0.8499999999999996,0.00010382233333333333,0.8499999999999996,-0.005384753333333334
45,0.8749999999999998,0.00015629826666666667,0.8749999999999998,-0.004644169333333333
46,0.8999999999999997,0.00023315986666666666,0.8999999999999997,-0.0038914893333333333
47,0.9249999999999998,0.0003419702666666667,0.9249999999999998,-0.003125856666666667
48,0.9499999999999997,0.0004904222,0.9499999999999997,-0.0023448813333333336
49,0.9749999999999996,0.0007745013333333334,0.9749999999999996,-0.0015533993333333334
50,0.9999999999999998,0.0010365266666666668,0.9999999999999998,-0.0007436913333333334
51,1.0249999999999997,0.0013602886666666666,1.0249999999999997,-3.591504666666667e-05
52,1.0499999999999998,0.0017469666666666665,1.0499999999999998,0.0007853506666666666
53,1.0749999999999997,0.002195816,1.0749999999999997,0.0016983826666666668
54,1.0999999999999996,0.002707778666666667,1.0999999999999996,0.0026183106666666667
55,1.1249999999999998,0.0032785146666666665,1.1249999999999998,0.0035569993333333335
56,1.1499999999999997,0.0039125973333333335,1.1499999999999997,0.004523408666666667
57,1.1749999999999996,0.004604641333333334,1.1749999999999996,0.005518038
58,1.1999999999999997,0.005357241333333334,1.1999999999999997,0.0065477066666666675
59,1.2249999999999996,0.006167234666666667,1.2249999999999996,0.00762354
