,mo1_5F_V_D,mo1_5F_J_D,mo1_5F_V_L,mo1_5F_J_L
0,-0.25,-4.4980340000000007e-07,-0.25,-0.02162436
1,-0.225,-1.5253520000000002e-07,-0.225,-0.021565666666666667
2,-0.2,-8.708926666666667e-08,-0.2,-0.021443393333333335
3,-0.17500000000000002,2.1467506666666667e-08,-0.17500000000000002,-0.02124394
4,-0.15000000000000002,7.699626666666666e-08,-0.15000000000000002,-0.020984293333333334
5,-0.12500000000000003,1.2263193333333333e-07,-0.12500000000000003,-0.020692553333333336
6,-0.10000000000000003,1.618358e-07,-0.10000000000000003,-0.020394833333333334
7,-0.07500000000000004,1.96413e-07,-0.07500000000000004,-0.02011042
8,-0.050000000000000044,2.2746253333333333e-07,-0.050000000000000044,-0.01984362
9,-0.02500000000000005,2.4015633333333334e-07,-0.02500000000000005,-0.019592233333333334
10,-5.551115123125783e-17,2.541348e-07,-5.551115123125783e-17,-0.019351046666666667
11,0.02499999999999991,3.055942e-07,0.02499999999999991,-0.019096186666666667
12,0.04999999999999993,3.3046573333333335e-07,0.04999999999999993,-0.01886756666666667
13,0.07499999999999996,3.5331613333333334e-07,0.07499999999999996,-0.018632113333333332
14,0.09999999999999992,3.747458e-07,0.09999999999999992,-0.018390393333333335
15,0.12499999999999989,3.9722160000000004e-07,0.12499999999999989,-0.018153813333333334
16,0.1499999999999999,4.188634e-07,0.1499999999999999,-0.017908966666666668
17,0.17499999999999993,4.3985960000000005e-07,0.17499999999999993,-0.01766216666666667
18,0.1999999999999999,4.633428e-07,0.1999999999999999,-0.017414553333333336
19,0.22499999999999987,4.750973333333334e-07,0.22499999999999987,-0.017155433333333334
20,0.2499999999999999,5.116894666666667e-07,0.2499999999999999,-0.016897266666666667
21,0.2749999999999999,5.409676666666667e-07,0.2749999999999999,-0.016625186666666666
22,0.2999999999999998,5.757274666666667e-07,0.2999999999999998,-0.016349293333333334
23,0.32499999999999984,6.172673333333334e-07,0.32499999999999984,-0.01605878666666667
24,0.34999999999999987,6.66716e-07,0.34999999999999987,-0.015750919999999998
25,0.3749999999999999,7.306946666666667e-07,0.3749999999999999,-0.015445320000000002
26,0.3999999999999999,8.101046666666668e-07,0.3999999999999999,-0.015122933333333335
27,0.4249999999999998,9.125433333333334e-07,0.4249999999999998,-0.014778533333333333
28,0.44999999999999984,1.045478e-06,0.44999999999999984,-0.014414926666666666
29,0.47499999999999987,1.2213833333333334e-06,0.47499999999999987,-0.01404312
30,0.4999999999999998,1.4590153333333335e-06,0.4999999999999998,-0.01364868
31,0.5249999999999998,1.7942100000000002e-06,0.5249999999999998,-0.013232066666666667
32,0.5499999999999998,2.27524e-06,0.5499999999999998,-0.01279636
33,0.5749999999999998,2.993742666666667e-06,0.5749999999999998,-0.01232882
34,0.5999999999999999,4.100882666666666e-06,0.5999999999999999,-0.011840173333333334
35,0.6249999999999998,5.8653246666666665e-06,0.6249999999999998,-0.011326786666666668
36,0.6499999999999998,1.1144066666666667e-05,0.6499999999999998,-0.010783886666666666
37,0.6749999999999998,1.6087093333333335e-05,0.6749999999999998,-0.010206746666666667
38,0.6999999999999997,2.2772433333333332e-05,0.6999999999999997,-0.00961588
39,0.7249999999999998,3.162042e-05,0.7249999999999998,-0.008995106666666667
40,0.7499999999999998,4.275724e-05,0.7499999999999998,-0.008346353333333334
41,0.7749999999999997,5.6698826666666664e-05,0.7749999999999997,-0.007667613333333334
42,0.7999999999999998,7.23154e-05,0.7999999999999998,-0.00697044
43,0.8249999999999997,0.00010079973333333333,0.8249999999999997,-0.006503642666666667
44,0.8499999999999996,0.0001453736666666667,0.8499999999999996,-0.005645975333333333
45,0.8749999999999998,0.00021419746666666666,0.8749999999999998,-0.004841759333333333
46,0.8999999999999997,0.0003175318666666667,0.8999999999999997,-0.004031057333333333
47,0.9249999999999998,0.00046671040000000004,0.9249999999999998,-0.0032074526666666667
48,0.9499999999999997,0.0007319706666666667,0.9499999999999997,-0.0023684133333333334
49,0.9749999999999996,0.0010059313333333334,0.9749999999999996,-0.0015168446666666668
50,0.9999999999999998,0.00135986,0.9999999999999998,-0.0008567466666666668
51,1.0249999999999997,0.0017878193333333333,1.0249999999999997,-0.00011636733333333335
52,1.0499999999999998,0.002289782666666667,1.0499999999999998,0.0008353646666666668
53,1.0749999999999997,0.0028604933333333336,1.0749999999999997,0.001843810666666667
54,1.0999999999999996,0.0034980026666666672,1.0999999999999996,0.002852752666666667
55,1.1249999999999998,0.004193642666666667,1.1249999999999998,0.0038741266666666666
56,1.1499999999999997,0.004950391333333333,1.1499999999999997,0.004916538666666667
57,1.1749999999999996,0.005760454,1.1749999999999996,0.005980910000000001
58,1.1999999999999997,0.0066231120000000004,1.1999999999999997,0.007073033333333333
59,1.2249999999999996,0.007789086666666667,1.2249999999999996,0.008210886666666667
