,mo1_5R_V_D,mo1_5R_J_D,mo1_5R_V_L,mo1_5R_J_L
0,1.25,0.009900733333333333,1.25,0.00927064
1,1.225,0.008963006666666667,1.225,0.0079486
2,1.2000000000000002,0.007940926666666667,1.2000000000000002,0.006674633333333334
3,1.1750000000000003,0.006937640000000001,1.1750000000000003,0.005460868666666667
4,1.1500000000000004,0.0059843173333333334,1.1500000000000004,0.004224252
5,1.1250000000000004,0.005050606,1.1250000000000004,0.003026798666666667
6,1.1000000000000005,0.004178583333333334,1.1000000000000005,0.0018514606666666666
7,1.0750000000000006,0.0033755653333333337,1.0750000000000006,0.0007019733333333334
8,1.0500000000000007,0.002648474666666667,1.0500000000000007,-0.00039715293333333337
9,1.0250000000000008,0.002010078666666667,1.0250000000000008,-0.0015104226666666667
10,1.0000000000000009,0.0014637606666666667,1.0000000000000009,-0.0026368593333333337
11,0.975000000000001,0.0010265453333333334,0.975000000000001,-0.0037226133333333336
12,0.9500000000000011,0.0006891893333333334,0.9500000000000011,-0.004791958000000001
13,0.9250000000000012,0.0004657431333333334,0.9250000000000012,-0.005840814000000001
14,0.9000000000000012,0.0002879988666666667,0.9000000000000012,-0.006869146666666668
15,0.8750000000000013,0.0001857278,0.8750000000000013,-0.00783256
16,0.8500000000000014,0.00012391513333333333,0.8500000000000014,-0.008843086666666666
17,0.8250000000000015,8.793846666666668e-05,0.8250000000000015,-0.009811380000000001
18,0.8000000000000016,7.142206666666668e-05,0.8000000000000016,-0.010747660000000001
19,0.7750000000000017,5.674062e-05,0.7750000000000017,-0.011649553333333335
20,0.7500000000000018,4.558560666666667e-05,0.7500000000000018,-0.01251416
21,0.7250000000000019,3.9687840000000006e-05,0.7250000000000019,-0.0133394
22,0.700000000000002,3.5293606666666666e-05,0.700000000000002,-0.01412182
23,0.675000000000002,3.1847326666666667e-05,0.675000000000002,-0.01485592
24,0.6500000000000021,2.9123666666666667e-05,0.6500000000000021,-0.01554516
25,0.6250000000000022,2.6841006666666665e-05,0.6250000000000022,-0.01617422
26,0.6000000000000023,2.485214e-05,0.6000000000000023,-0.01675341333333333
27,0.5750000000000024,2.3037833333333335e-05,0.5750000000000024,-0.017277213333333333
28,0.5500000000000025,2.150232666666667e-05,0.5500000000000025,-0.017754226666666668
29,0.5250000000000026,2.0043080000000003e-05,0.5250000000000026,-0.018166266666666667
30,0.5000000000000027,1.85994e-05,0.5000000000000027,-0.01853286
31,0.47500000000000275,1.730784e-05,0.47500000000000275,-0.018855353333333335
32,0.45000000000000284,1.6152846666666668e-05,0.45000000000000284,-0.019134893333333337
33,0.42500000000000293,1.4909560000000001e-05,0.42500000000000293,-0.01937528666666667
34,0.400000000000003,1.3683860000000002e-05,0.400000000000003,-0.019587793333333336
35,0.3750000000000031,1.2719840000000001e-05,0.3750000000000031,-0.01976854
36,0.3500000000000032,1.15265e-05,0.3500000000000032,-0.019928453333333332
37,0.3250000000000033,1.0545826666666667e-05,0.3250000000000033,-0.020070093333333334
38,0.3000000000000034,9.57172e-06,0.3000000000000034,-0.02019362
39,0.27500000000000346,8.659786666666666e-06,0.27500000000000346,-0.020300166666666668
40,0.25000000000000355,7.661306666666667e-06,0.25000000000000355,-0.020395700000000003
41,0.22500000000000364,6.844106666666667e-06,0.22500000000000364,-0.020470493333333332
42,0.20000000000000373,6.326342666666667e-06,0.20000000000000373,-0.020553926666666666
43,0.17500000000000382,4.903754e-06,0.17500000000000382,-0.020621593333333334
44,0.1500000000000039,3.9459913333333335e-06,0.1500000000000039,-0.020685273333333334
45,0.125000000000004,2.974786e-06,0.125000000000004,-0.020740473333333335
46,0.10000000000000409,2.02468e-06,0.10000000000000409,-0.020791620000000004
47,0.07500000000000417,1.1467433333333334e-06,0.07500000000000417,-0.020835753333333335
48,0.05000000000000426,1.577922e-07,0.05000000000000426,-0.020878846666666666
49,0.025000000000004352,-7.736826666666666e-07,0.025000000000004352,-0.02091932
50,4.440892098500626e-15,-1.6997653333333334e-06,4.440892098500626e-15,-0.02095518
51,-0.02499999999999547,-2.6076866666666668e-06,-0.02499999999999547,-0.02098552
52,-0.04999999999999538,-3.5589813333333334e-06,-0.04999999999999538,-0.021019520000000003
53,-0.07499999999999529,-4.486039333333333e-06,-0.07499999999999529,-0.0210513
54,-0.0999999999999952,-5.458474e-06,-0.0999999999999952,-0.021084086666666668
55,-0.12499999999999512,-6.50943e-06,-0.12499999999999512,-0.021108226666666667
56,-0.14999999999999503,-7.25022e-06,-0.14999999999999503,-0.021131833333333336
57,-0.17499999999999494,-8.398486666666667e-06,-0.17499999999999494,-0.021157033333333335
58,-0.19999999999999485,-9.353246666666668e-06,-0.19999999999999485,-0.021176753333333336
59,-0.22499999999999476,-1.046596e-05,-0.22499999999999476,-0.02120182
