,mo1_5R_V_D,mo1_5R_J_D,mo1_5R_V_L,mo1_5R_J_L
0,1.25,0.008153373333333333,1.25,0.007862773333333333
1,1.225,0.007466313333333334,1.225,0.006787206666666668
2,1.2000000000000002,0.00669214,1.2000000000000002,0.0057503753333333334
3,1.1750000000000003,0.005929832,1.1750000000000003,0.004700541333333334
4,1.1500000000000004,0.005151714666666666,1.1500000000000004,0.0036690033333333333
5,1.1250000000000004,0.004394047333333333,1.1250000000000004,0.0026506880000000004
6,1.1000000000000005,0.003670394,1.1000000000000005,0.001639442
7,1.0750000000000006,0.0029951653333333333,1.0750000000000006,0.0006533110666666666
8,1.0500000000000007,0.0023746526666666664,1.0500000000000007,-0.0003617706
9,1.0250000000000008,0.0018208286666666668,1.0250000000000008,-0.001351468
10,1.0000000000000009,0.0013418966666666667,1.0000000000000009,-0.002370876666666667
11,0.975000000000001,0.0009474613333333334,0.975000000000001,-0.003372606
12,0.9500000000000011,0.0006507411333333333,0.9500000000000011,-0.0043742600000000005
13,0.9250000000000012,0.00041409013333333335,0.9250000000000012,-0.005368352
14,0.9000000000000012,0.00025952233333333336,0.9000000000000012,-0.006354666
15,0.8750000000000013,0.00016057120000000002,0.8750000000000013,-0.007290553333333333
16,0.8500000000000014,9.96146e-05,0.8500000000000014,-0.008274466666666667
17,0.8250000000000015,6.794073333333334e-05,0.8250000000000015,-0.009225173333333333
18,0.8000000000000016,4.215636e-05,0.8000000000000016,-0.010150313333333334
19,0.7750000000000017,2.8714133333333337e-05,0.7750000000000017,-0.011043313333333334
20,0.7500000000000018,2.045176e-05,0.7500000000000018,-0.011902113333333334
21,0.7250000000000019,1.507366e-05,0.7250000000000019,-0.012725093333333335
22,0.700000000000002,1.1386686666666667e-05,0.700000000000002,-0.013507766666666667
23,0.675000000000002,8.701646666666667e-06,0.675000000000002,-0.014250620000000002
24,0.6500000000000021,8.902646666666667e-06,0.6500000000000021,-0.014947440000000001
25,0.6250000000000022,7.785113333333333e-06,0.6250000000000022,-0.01558986
26,0.6000000000000023,6.436586e-06,0.6000000000000023,-0.01618696
27,0.5750000000000024,4.220819333333334e-06,0.5750000000000024,-0.016736439999999998
28,0.5500000000000025,3.1018286666666667e-06,0.5500000000000025,-0.017240426666666666
29,0.5250000000000026,2.227398e-06,0.5250000000000026,-0.017688333333333334
30,0.5000000000000027,1.5168993333333334e-06,0.5000000000000027,-0.01809386
31,0.47500000000000275,9.355693333333333e-07,0.47500000000000275,-0.018454133333333334
32,0.45000000000000284,4.626738666666667e-07,0.45000000000000284,-0.018777933333333337
33,0.42500000000000293,6.439713333333334e-08,0.42500000000000293,-0.0190676
34,0.400000000000003,-2.591326e-07,0.400000000000003,-0.019321686666666667
35,0.3750000000000031,-5.346918666666667e-07,0.3750000000000031,-0.019549406666666665
36,0.3500000000000032,-7.72336e-07,0.3500000000000032,-0.019749266666666668
37,0.3250000000000033,-9.790726666666666e-07,0.3250000000000033,-0.019927266666666665
38,0.3000000000000034,-1.149274e-06,0.3000000000000034,-0.020083986666666668
39,0.27500000000000346,-1.29499e-06,0.27500000000000346,-0.02022314
40,0.25000000000000355,-1.4037040000000001e-06,0.25000000000000355,-0.02034668666666667
41,0.22500000000000364,-1.3535606666666667e-06,0.22500000000000364,-0.020448686666666667
42,0.20000000000000373,-1.5132140000000001e-06,0.20000000000000373,-0.020551386666666668
43,0.17500000000000382,-1.5351146666666666e-06,0.17500000000000382,-0.02064108
44,0.1500000000000039,-1.5280173333333334e-06,0.1500000000000039,-0.0207201
45,0.125000000000004,-1.5008540000000001e-06,0.125000000000004,-0.020788260000000003
46,0.10000000000000409,-1.4602946666666668e-06,0.10000000000000409,-0.020847980000000002
47,0.07500000000000417,-1.4129800000000001e-06,0.07500000000000417,-0.02090162666666667
48,0.05000000000000426,-1.3635460000000002e-06,0.05000000000000426,-0.02095178666666667
49,0.025000000000004352,-1.3152646666666669e-06,0.025000000000004352,-0.020995513333333334
50,4.440892098500626e-15,-1.266958e-06,4.440892098500626e-15,-0.021035113333333334
51,-0.02499999999999547,-1.2289773333333333e-06,-0.02499999999999547,-0.021067846666666667
52,-0.04999999999999538,-1.1914186666666667e-06,-0.04999999999999538,-0.021099426666666667
53,-0.07499999999999529,-1.1599313333333335e-06,-0.07499999999999529,-0.02113104
54,-0.0999999999999952,-1.1311673333333333e-06,-0.0999999999999952,-0.02116218
55,-0.12499999999999512,-1.1050293333333335e-06,-0.12499999999999512,-0.0211869
56,-0.14999999999999503,-1.084518e-06,-0.14999999999999503,-0.021212866666666667
57,-0.17499999999999494,-1.0660560000000001e-06,-0.17499999999999494,-0.02123758666666667
58,-0.19999999999999485,-1.0334300000000001e-06,-0.19999999999999485,-0.021254733333333335
59,-0.22499999999999476,-1.0363400000000002e-06,-0.22499999999999476,-0.02128066
