,mo1_5R_V_D,mo1_5R_J_D,mo1_5R_V_L,mo1_5R_J_L
0,1.25,0.00828152,1.25,0.00800196
1,1.225,0.007581040000000001,1.225,0.006909593333333333
2,1.2000000000000002,0.00679322,1.2000000000000002,0.005853694
3,1.1750000000000003,0.006016336666666667,1.1750000000000003,0.004788696
4,1.1500000000000004,0.0052274140000000005,1.1500000000000004,0.0037419000000000003
5,1.1250000000000004,0.004458425333333333,1.1250000000000004,0.002708387333333333
6,1.1000000000000005,0.0037239920000000006,1.1000000000000005,0.0016812126666666668
7,1.0750000000000006,0.0030384873333333335,1.0750000000000006,0.000679982
8,1.0500000000000007,0.0024090766666666668,1.0500000000000007,-0.00035011899999999997
9,1.0250000000000008,0.0018459833333333336,1.0250000000000008,-0.001354524
10,1.0000000000000009,0.0013605233333333334,1.0000000000000009,-0.0023881326666666666
11,0.975000000000001,0.0009607093333333333,0.975000000000001,-0.003404742666666667
12,0.9500000000000011,0.0006593194666666667,0.9500000000000011,-0.004421075333333333
13,0.9250000000000012,0.00042058486666666665,0.9250000000000012,-0.005428085333333333
14,0.9000000000000012,0.00026385233333333334,0.9000000000000012,-0.006426909333333333
15,0.8750000000000013,0.0001636776,0.8750000000000013,-0.0073732599999999995
16,0.8500000000000014,0.00010191553333333334,0.8500000000000014,-0.008367686666666667
17,0.8250000000000015,7.016413333333333e-05,0.8250000000000015,-0.009327673333333333
18,0.8000000000000016,4.6360220000000005e-05,0.8000000000000016,-0.01026016
19,0.7750000000000017,3.0146566666666667e-05,0.7750000000000017,-0.01115968
20,0.7500000000000018,2.1469966666666666e-05,0.7500000000000018,-0.012023793333333335
21,0.7250000000000019,1.588392e-05,0.7250000000000019,-0.01285062
22,0.700000000000002,1.205904e-05,0.700000000000002,-0.013635066666666668
23,0.675000000000002,9.266206666666667e-06,0.675000000000002,-0.01437774
24,0.6500000000000021,7.148720000000001e-06,0.6500000000000021,-0.015074286666666669
25,0.6250000000000022,7.683273333333334e-06,0.6250000000000022,-0.01571340666666667
26,0.6000000000000023,6.39559e-06,0.6000000000000023,-0.016305506666666667
27,0.5750000000000024,4.17529e-06,0.5750000000000024,-0.01685140666666667
28,0.5500000000000025,3.0325066666666666e-06,0.5500000000000025,-0.01734826
29,0.5250000000000026,2.1395993333333335e-06,0.5250000000000026,-0.017789286666666668
30,0.5000000000000027,1.4226153333333335e-06,0.5000000000000027,-0.01818804
31,0.47500000000000275,8.330786666666666e-07,0.47500000000000275,-0.018545153333333335
32,0.45000000000000284,3.5734113333333333e-07,0.45000000000000284,-0.01886068
33,0.42500000000000293,-3.190432e-08,0.42500000000000293,-0.019143426666666668
34,0.400000000000003,-3.493286e-07,0.400000000000003,-0.01939162666666667
35,0.3750000000000031,-6.160024666666667e-07,0.3750000000000031,-0.01961304
36,0.3500000000000032,-8.38138e-07,0.3500000000000032,-0.019805993333333334
37,0.3250000000000033,-1.0398986666666666e-06,0.3250000000000033,-0.0199812
38,0.3000000000000034,-1.2077086666666666e-06,0.3000000000000034,-0.02013344
39,0.27500000000000346,-1.3491813333333334e-06,0.27500000000000346,-0.020270686666666666
40,0.25000000000000355,-1.46438e-06,0.25000000000000355,-0.02038930666666667
41,0.22500000000000364,-1.4225893333333334e-06,0.22500000000000364,-0.020486453333333335
42,0.20000000000000373,-1.5893093333333333e-06,0.20000000000000373,-0.0205873
43,0.17500000000000382,-1.6170366666666668e-06,0.17500000000000382,-0.02067224
44,0.1500000000000039,-1.6162073333333334e-06,0.1500000000000039,-0.020747046666666668
45,0.125000000000004,-1.5925440000000002e-06,0.125000000000004,-0.020814606666666666
46,0.10000000000000409,-1.5513246666666668e-06,0.10000000000000409,-0.02087282666666667
47,0.07500000000000417,-1.5049946666666667e-06,0.07500000000000417,-0.020924033333333335
48,0.05000000000000426,-1.453926e-06,0.05000000000000426,-0.020968186666666666
49,0.025000000000004352,-1.402742e-06,0.025000000000004352,-0.021010013333333334
50,4.440892098500626e-15,-1.3426166666666668e-06,4.440892098500626e-15,-0.021047800000000002
51,-0.02499999999999547,-1.3097606666666668e-06,-0.02499999999999547,-0.021080066666666668
52,-0.04999999999999538,-1.2731693333333333e-06,-0.04999999999999538,-0.021109306666666668
53,-0.07499999999999529,-1.2390233333333335e-06,-0.07499999999999529,-0.02114062666666667
54,-0.0999999999999952,-1.208934e-06,-0.0999999999999952,-0.021171433333333333
55,-0.12499999999999512,-1.1841086666666667e-06,-0.12499999999999512,-0.021192526666666666
56,-0.14999999999999503,-1.1622666666666669e-06,-0.14999999999999503,-0.02121674
57,-0.17499999999999494,-1.142968e-06,-0.17499999999999494,-0.021241933333333334
58,-0.19999999999999485,-1.1119653333333333e-06,-0.19999999999999485,-0.021258506666666666
59,-0.22499999999999476,-1.114242e-06,-0.22499999999999476,-0.021285326666666667
