,mo1_5F_V_D,mo1_5F_J_D,mo1_5F_V_L,mo1_5F_J_L
0,-0.25,-7.197386666666667e-06,-0.25,-0.021602160000000002
1,-0.225,-6.329449333333334e-06,-0.225,-0.021501413333333334
2,-0.2,-5.515613333333334e-06,-0.2,-0.021350813333333333
3,-0.17500000000000002,-4.738565333333333e-06,-0.17500000000000002,-0.021186133333333333
4,-0.15000000000000002,-4.033514e-06,-0.15000000000000002,-0.021022213333333335
5,-0.12500000000000003,-3.3077280000000005e-06,-0.12500000000000003,-0.02086452
6,-0.10000000000000003,-2.5808046666666667e-06,-0.10000000000000003,-0.02070466
7,-0.07500000000000004,-1.8675493333333333e-06,-0.07500000000000004,-0.020546053333333335
8,-0.050000000000000044,-1.1571033333333333e-06,-0.050000000000000044,-0.02039198
9,-0.02500000000000005,-4.3827739999999997e-07,-0.02500000000000005,-0.0202353
10,-5.551115123125783e-17,2.632804666666667e-07,-5.551115123125783e-17,-0.020074500000000002
11,0.02499999999999991,1.0095846666666667e-06,0.02499999999999991,-0.019901333333333333
12,0.04999999999999993,1.7325473333333335e-06,0.04999999999999993,-0.019739533333333333
13,0.07499999999999996,2.463412e-06,0.07499999999999996,-0.019562353333333334
14,0.09999999999999992,3.1995946666666663e-06,0.09999999999999992,-0.019374893333333334
15,0.12499999999999989,3.942170000000001e-06,0.12499999999999989,-0.019172353333333333
16,0.1499999999999999,4.705342666666667e-06,0.1499999999999999,-0.01897528
17,0.17499999999999993,5.461091333333334e-06,0.17499999999999993,-0.01875868666666667
18,0.1999999999999999,6.2303606666666665e-06,0.1999999999999999,-0.018532406666666668
19,0.22499999999999987,6.97842e-06,0.22499999999999987,-0.01829100666666667
20,0.2499999999999999,7.4280199999999996e-06,0.2499999999999999,-0.018044146666666667
21,0.2749999999999999,8.503646666666666e-06,0.2749999999999999,-0.017775273333333334
22,0.2999999999999998,9.36606e-06,0.2999999999999998,-0.017496093333333334
23,0.32499999999999984,1.0137940000000001e-05,0.32499999999999984,-0.017191733333333334
24,0.34999999999999987,1.099566e-05,0.34999999999999987,-0.016875113333333334
25,0.3749999999999999,1.181172e-05,0.3749999999999999,-0.016537846666666668
26,0.3999999999999999,1.2704993333333333e-05,0.3999999999999999,-0.01618418
27,0.4249999999999998,1.3595973333333333e-05,0.4249999999999998,-0.01580486
28,0.44999999999999984,1.4562726666666666e-05,0.44999999999999984,-0.015399520000000002
29,0.47499999999999987,1.558296e-05,0.47499999999999987,-0.014982506666666668
30,0.4999999999999998,1.6730886666666667e-05,0.4999999999999998,-0.014539
31,0.5249999999999998,1.78513e-05,0.5249999999999998,-0.014064846666666667
32,0.5499999999999998,1.9110706666666666e-05,0.5499999999999998,-0.013561660000000001
33,0.5749999999999998,2.0568213333333336e-05,0.5749999999999998,-0.013040946666666667
34,0.5999999999999999,2.2041980000000002e-05,0.5999999999999999,-0.012493886666666667
35,0.6249999999999998,2.4047413333333335e-05,0.6249999999999998,-0.01191844
36,0.6499999999999998,2.8605273333333335e-05,0.6499999999999998,-0.011317926666666667
37,0.6749999999999998,3.1637e-05,0.6749999999999998,-0.010690973333333334
38,0.6999999999999997,3.5461473333333335e-05,0.6999999999999997,-0.010042873333333334
39,0.7249999999999998,4.087763333333333e-05,0.7249999999999998,-0.009369546666666667
40,0.7499999999999998,4.8821053333333334e-05,0.7499999999999998,-0.00867426
41,0.7749999999999997,6.0497746666666674e-05,0.7749999999999997,-0.007955206666666667
42,0.7999999999999998,7.595666666666667e-05,0.7999999999999998,-0.007222020000000001
43,0.8249999999999997,0.00010432466666666668,0.8249999999999997,-0.0066806
44,0.8499999999999996,0.00014534866666666667,0.8499999999999996,-0.005811026
45,0.8749999999999998,0.00020466253333333332,0.8749999999999998,-0.004997798666666667
46,0.8999999999999997,0.00028850673333333335,0.8999999999999997,-0.004182531333333334
47,0.9249999999999998,0.00040340093333333336,0.9249999999999998,-0.003360398666666667
48,0.9499999999999997,0.0005569276666666667,0.9499999999999997,-0.002525322
49,0.9749999999999996,0.0008102373333333334,0.9749999999999996,-0.0016850960000000003
50,0.9999999999999998,0.0010743046666666669,0.9999999999999998,-0.0008277420000000001
51,1.0249999999999997,0.001391672,1.0249999999999997,-0.00013429933333333334
52,1.0499999999999998,0.0017678226666666666,1.0499999999999998,0.0007352540000000001
53,1.0749999999999997,0.0022034646666666668,1.0749999999999997,0.0017048673333333335
54,1.0999999999999996,0.002701142,1.0999999999999996,0.002680542
55,1.1249999999999998,0.0032610273333333337,1.1249999999999998,0.003675742
56,1.1499999999999997,0.0038850986666666668,1.1499999999999997,0.004701572
57,1.1749999999999996,0.0045712520000000005,1.1749999999999996,0.005760534666666667
58,1.1999999999999997,0.005318008,1.1999999999999997,0.006859873333333334
59,1.2249999999999996,0.006130522666666667,1.2249999999999996,0.007992813333333335
