,mo1_5R_V_D,mo1_5R_J_D,mo1_5R_V_L,mo1_5R_J_L
0,1.25,0.011121966666666667,1.25,0.01006106
1,1.225,0.009922993333333333,1.225,0.008618093333333333
2,1.2000000000000002,0.00873108,1.2000000000000002,0.007232293333333333
3,1.1750000000000003,0.00759212,1.1750000000000003,0.005907031333333333
4,1.1500000000000004,0.006510897333333334,1.1500000000000004,0.0045649746666666675
5,1.1250000000000004,0.005475518666666667,1.1250000000000004,0.00326977
6,1.1000000000000005,0.004514777333333333,1.1000000000000005,0.001998164
7,1.0750000000000006,0.0036332133333333333,1.0750000000000006,0.0007577013333333333
8,1.0500000000000007,0.0028390426666666667,1.0500000000000007,-0.0004263276666666667
9,1.0250000000000008,0.0021432499999999998,1.0250000000000008,-0.0016220160000000002
10,1.0000000000000009,0.0015536173333333334,1.0000000000000009,-0.0028248013333333336
11,0.975000000000001,0.0010823526666666667,0.975000000000001,-0.003979687333333334
12,0.9500000000000011,0.0007236533333333334,0.9500000000000011,-0.0051147399999999996
13,0.9250000000000012,0.0004866622666666666,0.9250000000000012,-0.0062172780000000006
14,0.9000000000000012,0.000299547,0.9000000000000012,-0.007245913333333333
15,0.8750000000000013,0.00019400446666666666,0.8750000000000013,-0.0083248
16,0.8500000000000014,0.00013049406666666667,0.8500000000000014,-0.009360640000000002
17,0.8250000000000015,9.32846e-05,0.8250000000000015,-0.010355046666666666
18,0.8000000000000016,7.124126666666667e-05,0.8000000000000016,-0.011316320000000001
19,0.7750000000000017,6.098280666666667e-05,0.7750000000000017,-0.012237033333333334
20,0.7500000000000018,4.936190666666667e-05,0.7500000000000018,-0.013106106666666666
21,0.7250000000000019,4.3186133333333337e-05,0.7250000000000019,-0.013935553333333335
22,0.700000000000002,3.850142e-05,0.700000000000002,-0.01471214
23,0.675000000000002,3.504934e-05,0.675000000000002,-0.01544272
24,0.6500000000000021,3.2243866666666665e-05,0.6500000000000021,-0.016104273333333335
25,0.6250000000000022,2.985983333333333e-05,0.6250000000000022,-0.016715360000000002
26,0.6000000000000023,2.7835746666666667e-05,0.6000000000000023,-0.017262893333333335
27,0.5750000000000024,2.5738133333333334e-05,0.5750000000000024,-0.0177583
28,0.5500000000000025,2.3979133333333332e-05,0.5500000000000025,-0.01819178
29,0.5250000000000026,2.218484e-05,0.5250000000000026,-0.01857226
30,0.5000000000000027,2.054892e-05,0.5000000000000027,-0.018901373333333332
31,0.47500000000000275,1.915962e-05,0.47500000000000275,-0.019187006666666666
32,0.45000000000000284,1.7904860000000003e-05,0.45000000000000284,-0.019432806666666667
33,0.42500000000000293,1.6568500000000002e-05,0.42500000000000293,-0.019645546666666666
34,0.400000000000003,1.5349913333333332e-05,0.400000000000003,-0.019828473333333336
35,0.3750000000000031,1.4012486666666668e-05,0.3750000000000031,-0.019985433333333334
36,0.3500000000000032,1.2905646666666668e-05,0.3500000000000032,-0.020127266666666668
37,0.3250000000000033,1.1728913333333334e-05,0.3250000000000033,-0.02024368
38,0.3000000000000034,1.06941e-05,0.3000000000000034,-0.0203499
39,0.27500000000000346,9.55002e-06,0.27500000000000346,-0.020442833333333334
40,0.25000000000000355,8.438666666666668e-06,0.25000000000000355,-0.020522946666666667
41,0.22500000000000364,7.502433333333333e-06,0.22500000000000364,-0.020590293333333332
42,0.20000000000000373,7.1182200000000004e-06,0.20000000000000373,-0.02066778
43,0.17500000000000382,5.965461333333333e-06,0.17500000000000382,-0.020726833333333333
44,0.1500000000000039,4.500206e-06,0.1500000000000039,-0.020780640000000003
45,0.125000000000004,3.3459720000000003e-06,0.125000000000004,-0.020835253333333335
46,0.10000000000000409,2.2436153333333333e-06,0.10000000000000409,-0.020880293333333334
47,0.07500000000000417,1.2076933333333335e-06,0.07500000000000417,-0.02092440666666667
48,0.05000000000000426,7.907206666666667e-08,0.05000000000000426,-0.020966506666666666
49,0.025000000000004352,-1.004e-06,0.025000000000004352,-0.02100622666666667
50,4.440892098500626e-15,-2.083934666666667e-06,4.440892098500626e-15,-0.021038313333333333
51,-0.02499999999999547,-3.1744126666666666e-06,-0.02499999999999547,-0.021070746666666668
52,-0.04999999999999538,-4.229686666666667e-06,-0.04999999999999538,-0.021104713333333334
53,-0.07499999999999529,-5.334938e-06,-0.07499999999999529,-0.02113048666666667
54,-0.0999999999999952,-6.519170000000001e-06,-0.0999999999999952,-0.021161926666666667
55,-0.12499999999999512,-7.23256e-06,-0.12499999999999512,-0.021187086666666667
56,-0.14999999999999503,-8.457646666666667e-06,-0.14999999999999503,-0.02121336
57,-0.17499999999999494,-9.510486666666666e-06,-0.17499999999999494,-0.021236686666666667
58,-0.19999999999999485,-1.0670046666666667e-05,-0.19999999999999485,-0.021256733333333333
59,-0.22499999999999476,-1.1764473333333335e-05,-0.22499999999999476,-0.021279246666666668
