,mo1_5F_V_D,mo1_5F_J_D,mo1_5F_V_L,mo1_5F_J_L
0,-0.25,-8.77238e-07,-0.25,-0.021522326666666668
1,-0.225,-2.0656893333333332e-07,-0.225,-0.02148212
2,-0.2,8.990953333333333e-09,-0.2,-0.02142046666666667
3,-0.17500000000000002,1.7838746666666667e-07,-0.17500000000000002,-0.02132827333333333
4,-0.15000000000000002,2.7269433333333334e-07,-0.15000000000000002,-0.021203533333333333
5,-0.12500000000000003,3.4378673333333334e-07,-0.12500000000000003,-0.021036946666666667
6,-0.10000000000000003,4.0378833333333333e-07,-0.10000000000000003,-0.0208306
7,-0.07500000000000004,4.6073966666666675e-07,-0.07500000000000004,-0.020587533333333335
8,-0.050000000000000044,5.164527333333333e-07,-0.050000000000000044,-0.02030954
9,-0.02500000000000005,5.714705333333334e-07,-0.02500000000000005,-0.020004340000000002
10,-5.551115123125783e-17,6.014202666666667e-07,-5.551115123125783e-17,-0.019676366666666667
11,0.02499999999999991,6.968893333333333e-07,0.02499999999999991,-0.019320086666666667
12,0.04999999999999993,7.67688e-07,0.04999999999999993,-0.018959153333333333
13,0.07499999999999996,8.396853333333334e-07,0.07499999999999996,-0.01858368
14,0.09999999999999992,9.12594e-07,0.09999999999999992,-0.018191713333333335
15,0.12499999999999989,9.87968e-07,0.12499999999999989,-0.01779256
16,0.1499999999999999,1.063436e-06,0.1499999999999999,-0.017380173333333335
17,0.17499999999999993,1.139072e-06,0.17499999999999993,-0.016962093333333334
18,0.1999999999999999,1.2174746666666666e-06,0.1999999999999999,-0.016527693333333333
19,0.22499999999999987,1.276548e-06,0.22499999999999987,-0.01608474
20,0.2499999999999999,1.3716046666666667e-06,0.2499999999999999,-0.015634433333333336
21,0.2749999999999999,1.4628300000000002e-06,0.2749999999999999,-0.015170026666666666
22,0.2999999999999998,1.5570253333333333e-06,0.2999999999999998,-0.014694953333333333
23,0.32499999999999984,1.6609573333333335e-06,0.32499999999999984,-0.014206673333333334
24,0.34999999999999987,1.7750646666666665e-06,0.34999999999999987,-0.013704606666666667
25,0.3749999999999999,1.9055833333333335e-06,0.3749999999999999,-0.013196873333333334
26,0.3999999999999999,2.0581566666666668e-06,0.3999999999999999,-0.012679293333333333
27,0.4249999999999998,2.247202e-06,0.4249999999999998,-0.012144346666666667
28,0.44999999999999984,2.4519093333333334e-06,0.44999999999999984,-0.01160678
29,0.47499999999999987,2.7922406666666667e-06,0.47499999999999987,-0.011046573333333334
30,0.4999999999999998,3.2311900000000002e-06,0.4999999999999998,-0.01047762
31,0.5249999999999998,3.874273333333334e-06,0.5249999999999998,-0.009898700000000002
32,0.5499999999999998,4.855991333333334e-06,0.5499999999999998,-0.00930656
33,0.5749999999999998,6.443468e-06,0.5749999999999998,-0.00870188
34,0.5999999999999999,9.73282e-06,0.5999999999999999,-0.0080899
35,0.6249999999999998,1.4668853333333332e-05,0.6249999999999998,-0.0074683733333333335
36,0.6499999999999998,2.1608573333333334e-05,0.6499999999999998,-0.006839346666666667
37,0.6749999999999998,3.193389333333333e-05,0.6749999999999998,-0.006470148666666667
38,0.6999999999999997,4.69026e-05,0.6999999999999997,-0.005717416666666667
39,0.7249999999999998,6.81364e-05,0.7249999999999998,-0.0050303380000000005
40,0.7499999999999998,9.726686666666667e-05,0.7499999999999998,-0.0043574546666666665
41,0.7749999999999997,0.00013447893333333336,0.7749999999999997,-0.0036873406666666666
42,0.7999999999999998,0.00018309293333333332,0.7999999999999998,-0.0030180473333333334
43,0.8249999999999997,0.0002459521333333334,0.8249999999999997,-0.0023509953333333334
44,0.8499999999999996,0.00032560233333333335,0.8499999999999996,-0.0016825146666666667
45,0.8749999999999998,0.00042203499999999997,0.8749999999999998,-0.00101644
46,0.8999999999999997,0.0005365456666666667,0.8999999999999997,-0.0004829716
47,0.9249999999999998,0.000669032,0.9249999999999998,0.0002220674
48,0.9499999999999997,0.000823698,0.9499999999999997,0.0007321173333333334
49,0.9749999999999996,0.0010022086666666666,0.9749999999999996,0.0014551526666666667
50,0.9999999999999998,0.0012070693333333334,0.9999999999999998,0.0021668273333333337
51,1.0249999999999997,0.0014355413333333334,1.0249999999999997,0.0028762473333333333
52,1.0499999999999998,0.0016897793333333336,1.0499999999999998,0.003591742
53,1.0749999999999997,0.001969967333333333,1.0749999999999997,0.004315172666666667
54,1.0999999999999996,0.0022788333333333332,1.0999999999999996,0.005052082
55,1.1249999999999998,0.0026165486666666665,1.1249999999999998,0.005801408
56,1.1499999999999997,0.00298326,1.1499999999999997,0.006567010666666667
57,1.1749999999999996,0.0033801680000000002,1.1749999999999996,0.007220753333333333
58,1.1999999999999997,0.003809816666666667,1.1999999999999997,0.008043606666666666
59,1.2249999999999996,0.004273110666666666,1.2249999999999996,0.008874620000000001
