,mo1_5F_V_D,mo1_5F_J_D,mo1_5F_V_L,mo1_5F_J_L
0,-0.25,-1.5355293333333332e-06,-0.25,-0.021495173333333333
1,-0.225,-7.266053333333333e-07,-0.225,-0.021406586666666668
2,-0.2,-3.530920666666667e-07,-0.2,-0.021245366666666668
3,-0.17500000000000002,-4.0021426666666666e-08,-0.17500000000000002,-0.021013693333333333
4,-0.15000000000000002,1.6496046666666666e-07,-0.15000000000000002,-0.02072104
5,-0.12500000000000003,3.239322666666667e-07,-0.12500000000000003,-0.020383673333333335
6,-0.10000000000000003,4.53017e-07,-0.10000000000000003,-0.020015206666666667
7,-0.07500000000000004,5.609742666666666e-07,-0.07500000000000004,-0.019625713333333333
8,-0.050000000000000044,6.525250666666667e-07,-0.050000000000000044,-0.019226586666666667
9,-0.02500000000000005,7.330926666666667e-07,-0.02500000000000005,-0.01881256666666667
10,-5.551115123125783e-17,7.734373333333334e-07,-5.551115123125783e-17,-0.01839416
11,0.02499999999999991,8.699193333333334e-07,0.02499999999999991,-0.01796508
12,0.04999999999999993,9.338233333333334e-07,0.04999999999999993,-0.01752864
13,0.07499999999999996,9.929046666666666e-07,0.07499999999999996,-0.017091226666666667
14,0.09999999999999992,1.0491733333333333e-06,0.09999999999999992,-0.016651693333333335
15,0.12499999999999989,1.104082e-06,0.12499999999999989,-0.016209653333333334
16,0.1499999999999999,1.1586773333333334e-06,0.1499999999999999,-0.01576412666666667
17,0.17499999999999993,1.2133553333333333e-06,0.17499999999999993,-0.015318406666666668
18,0.1999999999999999,1.2710613333333333e-06,0.1999999999999999,-0.014871266666666667
19,0.22499999999999987,1.3140886666666668e-06,0.22499999999999987,-0.014418706666666668
20,0.2499999999999999,1.3890553333333333e-06,0.2499999999999999,-0.013959640000000002
21,0.2749999999999999,1.4595746666666668e-06,0.2749999999999999,-0.013506613333333334
22,0.2999999999999998,1.5338720000000001e-06,0.2999999999999998,-0.013043926666666667
23,0.32499999999999984,1.6154366666666666e-06,0.32499999999999984,-0.012578713333333333
24,0.34999999999999987,1.70459e-06,0.34999999999999987,-0.012107806666666669
25,0.3749999999999999,1.8061366666666668e-06,0.3749999999999999,-0.011631226666666668
26,0.3999999999999999,1.9226466666666667e-06,0.3999999999999999,-0.011150893333333335
27,0.4249999999999998,2.0648546666666666e-06,0.4249999999999998,-0.010660846666666668
28,0.44999999999999984,2.2394660000000002e-06,0.44999999999999984,-0.010166433333333334
29,0.47499999999999987,2.4662160000000002e-06,0.47499999999999987,-0.009664
30,0.4999999999999998,2.776076e-06,0.4999999999999998,-0.009157706666666668
31,0.5249999999999998,3.220447333333333e-06,0.5249999999999998,-0.008639273333333334
32,0.5499999999999998,3.885377333333334e-06,0.5499999999999998,-0.00811254
33,0.5749999999999998,4.928710666666667e-06,0.5749999999999998,-0.00757
34,0.5999999999999999,6.622366666666666e-06,0.5999999999999999,-0.007027813333333333
35,0.6249999999999998,1.052718e-05,0.6249999999999998,-0.006787986666666667
36,0.6499999999999998,1.5878506666666667e-05,0.6499999999999998,-0.006086354666666668
37,0.6749999999999998,2.3796493333333336e-05,0.6749999999999998,-0.005462964
38,0.6999999999999997,3.5795253333333334e-05,0.6999999999999997,-0.004853908666666667
39,0.7249999999999998,5.3658753333333337e-05,0.7249999999999998,-0.004242015333333334
40,0.7499999999999998,8.400693333333333e-05,0.7499999999999998,-0.0036290860000000006
41,0.7749999999999997,0.00011957673333333334,0.7749999999999997,-0.003012028
42,0.7999999999999998,0.00016702826666666667,0.7999999999999998,-0.0023890173333333334
43,0.8249999999999997,0.00022895820000000004,0.8249999999999997,-0.0017610686666666667
44,0.8499999999999996,0.00030737306666666665,0.8499999999999996,-0.001124836
45,0.8749999999999998,0.0004017132666666667,0.8749999999999998,-0.0006255241333333333
46,0.8999999999999997,0.0005120188666666668,0.8999999999999997,6.799233333333333e-05
47,0.9249999999999998,0.0006374450666666667,0.9249999999999998,0.0006999586666666667
48,0.9499999999999997,0.0007954786666666667,0.9499999999999997,0.001248432
49,0.9749999999999996,0.0009597000000000001,0.9749999999999996,0.001969748666666667
50,0.9999999999999998,0.0011462393333333334,0.9999999999999998,0.0026813593333333335
51,1.0249999999999997,0.0013538213333333334,1.0249999999999997,0.0033952860000000004
52,1.0499999999999998,0.001585404,1.0499999999999998,0.004117394666666667
53,1.0749999999999997,0.001841788,1.0749999999999997,0.004848593333333333
54,1.0999999999999996,0.002125014,1.0999999999999996,0.005595643333333333
55,1.1249999999999998,0.0024375573333333335,1.1249999999999998,0.006355053333333333
56,1.1499999999999997,0.0027790920000000004,1.1499999999999997,0.006996173333333334
57,1.1749999999999996,0.0031517853333333334,1.1749999999999996,0.007814346666666668
58,1.1999999999999997,0.003558394666666667,1.1999999999999997,0.008638886666666666
59,1.2249999999999996,0.003998096666666667,1.2249999999999996,0.009476680000000001
