,mo1_5R_V_D,mo1_5R_J_D,mo1_5R_V_L,mo1_5R_J_L
0,1.25,0.008697406666666668,1.25,0.009232413333333333
1,1.225,0.008014346666666667,1.225,0.008024306666666668
2,1.2000000000000002,0.0072016599999999995,1.2000000000000002,0.006844733333333333
3,1.1750000000000003,0.006370116666666667,1.1750000000000003,0.005669956
4,1.1500000000000004,0.0055558840000000005,1.1500000000000004,0.0045175653333333335
5,1.1250000000000004,0.004746814,1.1250000000000004,0.0033847353333333334
6,1.1000000000000005,0.00397015,1.1000000000000005,0.002257858
7,1.0750000000000006,0.0032438040000000003,1.0750000000000006,0.001142274
8,1.0500000000000007,0.0025760633333333336,1.0500000000000007,3.7259686666666666e-05
9,1.0250000000000008,0.001979644,1.0250000000000008,-0.0010931386666666668
10,1.0000000000000009,0.0014638073333333335,1.0000000000000009,-0.0022224033333333336
11,0.975000000000001,0.0010401713333333335,0.975000000000001,-0.0033298073333333333
12,0.9500000000000011,0.0007080233333333333,0.9500000000000011,-0.004432614
13,0.9250000000000012,0.0004698616666666667,0.9250000000000012,-0.005523165333333333
14,0.9000000000000012,0.0002954124,0.9000000000000012,-0.0065975366666666665
15,0.8750000000000013,0.00018643286666666668,0.8750000000000013,-0.007603553333333334
16,0.8500000000000014,0.00011778866666666669,0.8500000000000014,-0.00866308
17,0.8250000000000015,7.56778e-05,0.8250000000000015,-0.009682653333333333
18,0.8000000000000016,5.340983333333333e-05,0.8000000000000016,-0.010667806666666668
19,0.7750000000000017,3.375806666666667e-05,0.7750000000000017,-0.01161206
20,0.7500000000000018,2.3050766666666666e-05,0.7500000000000018,-0.012518153333333334
21,0.7250000000000019,1.5944346666666668e-05,0.7250000000000019,-0.013371313333333332
22,0.700000000000002,1.0955713333333335e-05,0.700000000000002,-0.014180286666666667
23,0.675000000000002,7.2598599999999995e-06,0.675000000000002,-0.014938080000000001
24,0.6500000000000021,6.089564e-06,0.6500000000000021,-0.015647826666666666
25,0.6250000000000022,2.881510666666667e-06,0.6250000000000022,-0.01629274
26,0.6000000000000023,9.470893333333333e-07,0.6000000000000023,-0.016886806666666667
27,0.5750000000000024,-5.754314666666667e-07,0.5750000000000024,-0.017424386666666666
28,0.5500000000000025,-1.7823093333333332e-06,0.5500000000000025,-0.017911773333333336
29,0.5250000000000026,-2.753122e-06,0.5250000000000026,-0.01834582666666667
30,0.5000000000000027,-3.5133913333333336e-06,0.5000000000000027,-0.018731033333333334
31,0.47500000000000275,-4.092527333333333e-06,0.47500000000000275,-0.019071053333333334
32,0.45000000000000284,-4.507143333333334e-06,0.45000000000000284,-0.01937342
33,0.42500000000000293,-4.787437333333334e-06,0.42500000000000293,-0.01963819333333333
34,0.400000000000003,-4.929125333333333e-06,0.400000000000003,-0.019867720000000002
35,0.3750000000000031,-4.963603333333333e-06,0.3750000000000031,-0.020066413333333335
36,0.3500000000000032,-4.910996666666666e-06,0.3500000000000032,-0.02024376
37,0.3250000000000033,-4.7970406666666665e-06,0.3250000000000033,-0.02040068
38,0.3000000000000034,-4.640796666666667e-06,0.3000000000000034,-0.020532106666666668
39,0.27500000000000346,-4.4781180000000004e-06,0.27500000000000346,-0.020648386666666668
40,0.25000000000000355,-4.3123186666666665e-06,0.25000000000000355,-0.02075100666666667
41,0.22500000000000364,-3.994320666666667e-06,0.22500000000000364,-0.020826973333333335
42,0.20000000000000373,-3.983332666666667e-06,0.20000000000000373,-0.02091260666666667
43,0.17500000000000382,-3.857278666666666e-06,0.17500000000000382,-0.020981333333333334
44,0.1500000000000039,-3.728670666666667e-06,0.1500000000000039,-0.021041006666666667
45,0.125000000000004,-3.6030400000000003e-06,0.125000000000004,-0.021092473333333334
46,0.10000000000000409,-3.4742393333333333e-06,0.10000000000000409,-0.021136833333333334
47,0.07500000000000417,-3.342556666666667e-06,0.07500000000000417,-0.021173573333333334
48,0.05000000000000426,-3.2148366666666665e-06,0.05000000000000426,-0.021204313333333336
49,0.025000000000004352,-3.0639833333333335e-06,0.025000000000004352,-0.021231173333333336
50,4.440892098500626e-15,-2.94845e-06,4.440892098500626e-15,-0.021255713333333336
51,-0.02499999999999547,-2.8566613333333336e-06,-0.02499999999999547,-0.021273553333333334
52,-0.04999999999999538,-2.76163e-06,-0.04999999999999538,-0.02128890666666667
53,-0.07499999999999529,-2.674242e-06,-0.07499999999999529,-0.021304760000000002
54,-0.0999999999999952,-2.5936133333333333e-06,-0.0999999999999952,-0.021324346666666667
55,-0.12499999999999512,-2.5223293333333333e-06,-0.12499999999999512,-0.021333313333333333
56,-0.14999999999999503,-2.456104e-06,-0.14999999999999503,-0.02134867333333333
57,-0.17499999999999494,-2.394261333333333e-06,-0.17499999999999494,-0.021363333333333335
58,-0.19999999999999485,-2.3129273333333336e-06,-0.19999999999999485,-0.021375626666666668
59,-0.22499999999999476,-2.280506666666667e-06,-0.22499999999999476,-0.021392453333333335
