,mo1_5R_V_D,mo1_5R_J_D,mo1_5R_V_L,mo1_5R_J_L
0,1.25,0.002727255333333333,1.25,0.010058033333333334
1,1.225,0.0032242720000000002,1.225,0.00899744
2,1.2000000000000002,0.003427200666666667,1.2000000000000002,0.007992780000000001
3,1.1750000000000003,0.0034037106666666666,1.1750000000000003,0.0070251133333333335
4,1.1500000000000004,0.003218026,1.1500000000000004,0.006035854
5,1.1250000000000004,0.002926432666666667,1.1250000000000004,0.005108856
6,1.1000000000000005,0.002570534,1.1000000000000005,0.004204279333333334
7,1.0750000000000006,0.0021849946666666667,1.0750000000000006,0.0033166113333333333
8,1.0500000000000007,0.0017944680000000002,1.0500000000000007,0.0024367533333333334
9,1.0250000000000008,0.0014212333333333334,1.0250000000000008,0.00156272
10,1.0000000000000009,0.0010832173333333334,1.0000000000000009,0.00068739
11,0.975000000000001,0.000795756,0.975000000000001,-0.00018276566666666668
12,0.9500000000000011,0.0005466061333333334,0.9500000000000011,-0.0011010733333333335
13,0.9250000000000012,0.00038380006666666666,0.9250000000000012,-0.002014492666666667
14,0.9000000000000012,0.0002613262,0.9000000000000012,-0.002921662666666667
15,0.8750000000000013,0.000176069,0.8750000000000013,-0.003829266
16,0.8500000000000014,0.00011861313333333333,0.8500000000000014,-0.004740927333333334
17,0.8250000000000015,8.086293333333333e-05,0.8250000000000015,-0.005651570000000001
18,0.8000000000000016,5.557119333333333e-05,0.8000000000000016,-0.006558542666666666
19,0.7750000000000017,3.9416113333333336e-05,0.7750000000000017,-0.00737962
20,0.7500000000000018,2.8647306666666665e-05,0.7500000000000018,-0.008306393333333334
21,0.7250000000000019,2.11306e-05,0.7250000000000019,-0.009212066666666668
22,0.700000000000002,1.5710193333333335e-05,0.700000000000002,-0.010092953333333333
23,0.675000000000002,1.1625806666666667e-05,0.675000000000002,-0.01095564
24,0.6500000000000021,8.457213333333333e-06,0.6500000000000021,-0.011794006666666667
25,0.6250000000000022,6.652832e-06,0.6250000000000022,-0.012597986666666667
26,0.6000000000000023,4.183118e-06,0.6000000000000023,-0.013370920000000001
27,0.5750000000000024,2.381876666666667e-06,0.5750000000000024,-0.01411514
28,0.5500000000000025,9.089773333333333e-07,0.5500000000000025,-0.014821120000000002
29,0.5250000000000026,-3.215034e-07,0.5250000000000026,-0.015478533333333332
30,0.5000000000000027,-1.3402486666666668e-06,0.5000000000000027,-0.016100066666666666
31,0.47500000000000275,-2.181348666666667e-06,0.47500000000000275,-0.016674353333333333
32,0.45000000000000284,-2.863236666666667e-06,0.45000000000000284,-0.017208693333333334
33,0.42500000000000293,-3.3919660000000002e-06,0.42500000000000293,-0.017699180000000002
34,0.400000000000003,-3.826947333333333e-06,0.400000000000003,-0.018143953333333334
35,0.3750000000000031,-4.151921333333333e-06,0.3750000000000031,-0.018544373333333333
36,0.3500000000000032,-4.387273333333333e-06,0.3500000000000032,-0.018906373333333334
37,0.3250000000000033,-4.553840666666667e-06,0.3250000000000033,-0.0192301
38,0.3000000000000034,-4.659607333333333e-06,0.3000000000000034,-0.019516193333333334
39,0.27500000000000346,-4.721465333333334e-06,0.27500000000000346,-0.019768906666666666
40,0.25000000000000355,-4.744477333333334e-06,0.25000000000000355,-0.01999272666666667
41,0.22500000000000364,-4.666566666666667e-06,0.22500000000000364,-0.020181713333333337
42,0.20000000000000373,-4.6933106666666666e-06,0.20000000000000373,-0.02035724666666667
43,0.17500000000000382,-4.6556406666666665e-06,0.17500000000000382,-0.02050624666666667
44,0.1500000000000039,-4.600918e-06,0.1500000000000039,-0.020636
45,0.125000000000004,-4.530976666666667e-06,0.125000000000004,-0.02074732666666667
46,0.10000000000000409,-4.4501693333333335e-06,0.10000000000000409,-0.020842033333333333
47,0.07500000000000417,-4.3295706666666676e-06,0.07500000000000417,-0.020924573333333335
48,0.05000000000000426,-4.248158666666667e-06,0.05000000000000426,-0.020994986666666667
49,0.025000000000004352,-4.139612e-06,0.025000000000004352,-0.02105602666666667
50,4.440892098500626e-15,-4.002927333333333e-06,4.440892098500626e-15,-0.021108440000000003
51,-0.02499999999999547,-3.884890666666666e-06,-0.02499999999999547,-0.021153460000000002
52,-0.04999999999999538,-3.7559540000000005e-06,-0.04999999999999538,-0.02119164
53,-0.07499999999999529,-3.619529333333334e-06,-0.07499999999999529,-0.021227526666666666
54,-0.0999999999999952,-3.479399333333333e-06,-0.0999999999999952,-0.02126138
55,-0.12499999999999512,-3.3371520000000004e-06,-0.12499999999999512,-0.021283933333333335
56,-0.14999999999999503,-3.1940380000000005e-06,-0.14999999999999503,-0.021308066666666667
57,-0.17499999999999494,-3.0508606666666667e-06,-0.17499999999999494,-0.02133192
58,-0.19999999999999485,-2.887865333333333e-06,-0.19999999999999485,-0.021346993333333335
59,-0.22499999999999476,-2.767866666666667e-06,-0.22499999999999476,-0.021366706666666666
