,mo1_5F_V_D,mo1_5F_J_D,mo1_5F_V_L,mo1_5F_J_L
0,-0.25,-1.0151386666666667e-05,-0.25,-0.021664226666666668
1,-0.225,-8.993306666666667e-06,-0.225,-0.02152208666666667
2,-0.2,-7.976813333333335e-06,-0.2,-0.021366766666666665
3,-0.17500000000000002,-6.946313333333334e-06,-0.17500000000000002,-0.02122808
4,-0.15000000000000002,-6.037804666666666e-06,-0.15000000000000002,-0.02110724666666667
5,-0.12500000000000003,-4.976936e-06,-0.12500000000000003,-0.020997253333333334
6,-0.10000000000000003,-3.987382000000001e-06,-0.10000000000000003,-0.020890253333333334
7,-0.07500000000000004,-2.9912273333333335e-06,-0.07500000000000004,-0.020793653333333335
8,-0.050000000000000044,-2.0055406666666666e-06,-0.050000000000000044,-0.020695226666666667
9,-0.02500000000000005,-1.0216539999999999e-06,-0.02500000000000005,-0.02059354
10,-5.551115123125783e-17,-5.8076820000000007e-08,-5.551115123125783e-17,-0.020498913333333334
11,0.02499999999999991,9.463553333333334e-07,0.02499999999999991,-0.02038666
12,0.04999999999999993,1.930109333333333e-06,0.04999999999999993,-0.020274293333333335
13,0.07499999999999996,2.9124226666666667e-06,0.07499999999999996,-0.0201617
14,0.09999999999999992,3.911696e-06,0.09999999999999992,-0.0200379
15,0.12499999999999989,4.903628666666667e-06,0.12499999999999989,-0.019909193333333335
16,0.1499999999999999,5.966017333333334e-06,0.1499999999999999,-0.019776746666666668
17,0.17499999999999993,6.999366666666667e-06,0.17499999999999993,-0.019628893333333335
18,0.1999999999999999,7.833846666666667e-06,0.1999999999999999,-0.019475326666666667
19,0.22499999999999987,9.206473333333333e-06,0.22499999999999987,-0.019304866666666667
20,0.2499999999999999,1.037506e-05,0.2499999999999999,-0.019133106666666667
21,0.2749999999999999,1.195558e-05,0.2749999999999999,-0.01894352
22,0.2999999999999998,1.3131593333333334e-05,0.2999999999999998,-0.018740233333333335
23,0.32499999999999984,1.440336e-05,0.32499999999999984,-0.018526393333333335
24,0.34999999999999987,1.553718666666667e-05,0.34999999999999987,-0.018281473333333333
25,0.3749999999999999,1.6681340000000002e-05,0.3749999999999999,-0.018020353333333333
26,0.3999999999999999,1.796284666666667e-05,0.3999999999999999,-0.017743833333333334
27,0.4249999999999998,1.9343693333333333e-05,0.4249999999999998,-0.017431846666666667
28,0.44999999999999984,2.0638373333333335e-05,0.44999999999999984,-0.01709496666666667
29,0.47499999999999987,2.20162e-05,0.47499999999999987,-0.016723926666666666
30,0.4999999999999998,2.333358e-05,0.4999999999999998,-0.016323373333333335
31,0.5249999999999998,2.4948646666666666e-05,0.5249999999999998,-0.01587820666666667
32,0.5499999999999998,2.660206e-05,0.5499999999999998,-0.015390013333333334
33,0.5749999999999998,2.846122e-05,0.5749999999999998,-0.014871600000000002
34,0.5999999999999999,3.066850666666667e-05,0.5999999999999999,-0.014307146666666668
35,0.6249999999999998,3.335978666666667e-05,0.6249999999999998,-0.013702246666666668
36,0.6499999999999998,3.700306666666667e-05,0.6499999999999998,-0.013056313333333333
37,0.6749999999999998,4.2289253333333336e-05,0.6749999999999998,-0.012363753333333335
38,0.6999999999999997,5.011313333333333e-05,0.6999999999999997,-0.011638353333333334
39,0.7249999999999998,6.188489333333334e-05,0.7249999999999998,-0.01087424
40,0.7499999999999998,7.10552e-05,0.7499999999999998,-0.010077206666666666
41,0.7749999999999997,9.96458e-05,0.7749999999999997,-0.009251213333333334
42,0.7999999999999998,0.0001387794,0.7999999999999998,-0.008394573333333334
43,0.8249999999999997,0.00019391133333333336,0.8249999999999997,-0.007515460000000001
44,0.8499999999999996,0.0002699064,0.8499999999999996,-0.0068161466666666675
45,0.8749999999999998,0.00037120093333333333,0.8749999999999998,-0.005785482
46,0.8999999999999997,0.0005010808666666667,0.8999999999999997,-0.004808478000000001
47,0.9249999999999998,0.0006636475333333333,0.9249999999999998,-0.0038246580000000003
48,0.9499999999999997,0.0008489206666666668,0.9499999999999997,-0.0028247413333333336
49,0.9749999999999996,0.0011048466666666668,0.9749999999999996,-0.0018100813333333337
50,0.9999999999999998,0.0013957613333333335,0.9999999999999998,-0.0007736186666666666
51,1.0249999999999997,0.0017294553333333336,1.0249999999999997,0.00016986520000000001
52,1.0499999999999998,0.0021088386666666668,1.0499999999999998,0.0011697233333333335
53,1.0749999999999997,0.0025351373333333334,1.0749999999999997,0.0023366206666666665
54,1.0999999999999996,0.0030170473333333333,1.0999999999999996,0.0035077273333333336
55,1.1249999999999998,0.003548128666666667,1.1249999999999998,0.004700935333333334
56,1.1499999999999997,0.0041376880000000005,1.1499999999999997,0.005928141333333334
57,1.1749999999999996,0.004781169333333334,1.1749999999999996,0.007126453333333334
58,1.1999999999999997,0.005484074,1.1999999999999997,0.008467986666666667
59,1.2249999999999996,0.006244643333333334,1.2249999999999996,0.009826626666666666
