,mo1_5R_V_D,mo1_5R_J_D,mo1_5R_V_L,mo1_5R_J_L
0,1.25,0.00880496,1.25,0.008830193333333335
1,1.225,0.008097233333333334,1.225,0.0076538866666666676
2,1.2000000000000002,0.007266513333333334,1.2000000000000002,0.006500792666666666
3,1.1750000000000003,0.006427430666666667,1.1750000000000003,0.005355406
4,1.1500000000000004,0.005590966,1.1500000000000004,0.004226923333333334
5,1.1250000000000004,0.0047665373333333335,1.1250000000000004,0.0031120866666666668
6,1.1000000000000005,0.003977526666666667,1.1000000000000005,0.0020039886666666667
7,1.0750000000000006,0.003240704666666667,1.0750000000000006,0.0009079533333333333
8,1.0500000000000007,0.002564666,1.0500000000000007,-0.00016550886666666666
9,1.0250000000000008,0.001961388666666667,1.0250000000000008,-0.0012601160000000001
10,1.0000000000000009,0.0014427466666666667,1.0000000000000009,-0.002366700666666667
11,0.975000000000001,0.0010175906666666668,0.975000000000001,-0.0034500520000000003
12,0.9500000000000011,0.0006867953333333334,0.9500000000000011,-0.004526759333333333
13,0.9250000000000012,0.0004557628,0.9250000000000012,-0.005588352666666667
14,0.9000000000000012,0.0002836542666666667,0.9000000000000012,-0.0066354353333333334
15,0.8750000000000013,0.00017819706666666668,0.8750000000000013,-0.007610660000000001
16,0.8500000000000014,0.00011330653333333334,0.8500000000000014,-0.008645306666666666
17,0.8250000000000015,7.384906666666667e-05,0.8250000000000015,-0.009638206666666668
18,0.8000000000000016,5.3188660000000005e-05,0.8000000000000016,-0.010594726666666667
19,0.7750000000000017,3.6015533333333334e-05,0.7750000000000017,-0.011514146666666667
20,0.7500000000000018,2.649791333333333e-05,0.7500000000000018,-0.01239112
21,0.7250000000000019,2.022862e-05,0.7250000000000019,-0.013225520000000001
22,0.700000000000002,1.584222e-05,0.700000000000002,-0.014012240000000002
23,0.675000000000002,1.2581713333333334e-05,0.675000000000002,-0.01475272
24,0.6500000000000021,1.0066840000000001e-05,0.6500000000000021,-0.015442706666666667
25,0.6250000000000022,8.043446666666667e-06,0.6250000000000022,-0.016071153333333334
26,0.6000000000000023,8.677286666666667e-06,0.6000000000000023,-0.016650946666666666
27,0.5750000000000024,8.034846666666667e-06,0.5750000000000024,-0.01717726666666667
28,0.5500000000000025,7.404906666666667e-06,0.5500000000000025,-0.017650233333333334
29,0.5250000000000026,6.356188666666667e-06,0.5250000000000026,-0.018081033333333333
30,0.5000000000000027,4.436858e-06,0.5000000000000027,-0.01846224
31,0.47500000000000275,3.4414993333333337e-06,0.47500000000000275,-0.018800693333333333
32,0.45000000000000284,2.6563900000000002e-06,0.45000000000000284,-0.019102406666666665
33,0.42500000000000293,1.9969333333333333e-06,0.42500000000000293,-0.019367660000000002
34,0.400000000000003,1.4424626666666666e-06,0.400000000000003,-0.019600806666666668
35,0.3750000000000031,9.57544e-07,0.3750000000000031,-0.0198066
36,0.3500000000000032,5.255108000000001e-07,0.3500000000000032,-0.019987686666666667
37,0.3250000000000033,1.2900420000000002e-07,0.3250000000000033,-0.02015382
38,0.3000000000000034,-2.2775293333333334e-07,0.3000000000000034,-0.02029138
39,0.27500000000000346,-5.546714666666667e-07,0.27500000000000346,-0.02041686666666667
40,0.25000000000000355,-8.420660000000001e-07,0.25000000000000355,-0.020524706666666667
41,0.22500000000000364,-9.634860000000002e-07,0.22500000000000364,-0.020609553333333336
42,0.20000000000000373,-1.2732753333333334e-06,0.20000000000000373,-0.02070464666666667
43,0.17500000000000382,-1.4257146666666666e-06,0.17500000000000382,-0.020780273333333335
44,0.1500000000000039,-1.5295053333333334e-06,0.1500000000000039,-0.020847926666666666
45,0.125000000000004,-1.5253986666666669e-06,0.125000000000004,-0.02090376
46,0.10000000000000409,-1.6043260000000001e-06,0.10000000000000409,-0.02095428
47,0.07500000000000417,-1.6037913333333333e-06,0.07500000000000417,-0.020997453333333332
48,0.05000000000000426,-1.5891493333333334e-06,0.05000000000000426,-0.021032553333333332
49,0.025000000000004352,-1.5641520000000001e-06,0.025000000000004352,-0.021065806666666666
50,4.440892098500626e-15,-1.5337986666666669e-06,4.440892098500626e-15,-0.021098653333333335
51,-0.02499999999999547,-1.5090413333333335e-06,-0.02499999999999547,-0.021121653333333334
52,-0.04999999999999538,-1.4839506666666667e-06,-0.04999999999999538,-0.021144606666666666
53,-0.07499999999999529,-1.4606386666666667e-06,-0.07499999999999529,-0.021168333333333334
54,-0.0999999999999952,-1.442734e-06,-0.0999999999999952,-0.0211946
55,-0.12499999999999512,-1.4286620000000002e-06,-0.12499999999999512,-0.0212128
56,-0.14999999999999503,-1.4178646666666668e-06,-0.14999999999999503,-0.021234426666666667
57,-0.17499999999999494,-1.4113633333333333e-06,-0.17499999999999494,-0.021257240000000004
58,-0.19999999999999485,-1.3907740000000002e-06,-0.19999999999999485,-0.02127508
59,-0.22499999999999476,-1.4040926666666667e-06,-0.22499999999999476,-0.02129796
