,mo1_5R_V_D,mo1_5R_J_D,mo1_5R_V_L,mo1_5R_J_L
0,1.25,0.008773613333333333,1.25,0.00888208
1,1.225,0.00808118,1.225,0.0077018266666666665
2,1.2000000000000002,0.007258546666666667,1.2000000000000002,0.006543710666666667
3,1.1750000000000003,0.006423514,1.1750000000000003,0.005395174
4,1.1500000000000004,0.005590169333333334,1.1500000000000004,0.004263461333333334
5,1.1250000000000004,0.004766806,1.1250000000000004,0.0031453913333333336
6,1.1000000000000005,0.0039785260000000005,1.1000000000000005,0.002033838
7,1.0750000000000006,0.0032417686666666667,1.0750000000000006,0.0009347393333333333
8,1.0500000000000007,0.0025656700000000004,1.0500000000000007,-0.00014196880000000002
9,1.0250000000000008,0.0019629793333333333,1.0250000000000008,-0.0012399726666666667
10,1.0000000000000009,0.0014433273333333333,1.0000000000000009,-0.0023499293333333338
11,0.975000000000001,0.0010184846666666666,0.975000000000001,-0.003435461333333334
12,0.9500000000000011,0.0006874333333333334,0.9500000000000011,-0.004514082
13,0.9250000000000012,0.00045587873333333335,0.9250000000000012,-0.005577433333333334
14,0.9000000000000012,0.0002839134666666667,0.9000000000000012,-0.006627172666666667
15,0.8750000000000013,0.00017853513333333334,0.8750000000000013,-0.007602220000000001
16,0.8500000000000014,0.00011349646666666668,0.8500000000000014,-0.00863818
17,0.8250000000000015,7.431873333333334e-05,0.8250000000000015,-0.009631480000000001
18,0.8000000000000016,5.333764666666667e-05,0.8000000000000016,-0.010591080000000001
19,0.7750000000000017,3.615798000000001e-05,0.7750000000000017,-0.011510166666666667
20,0.7500000000000018,2.662748e-05,0.7500000000000018,-0.012387586666666667
21,0.7250000000000019,2.0341946666666668e-05,0.7250000000000019,-0.013222546666666668
22,0.700000000000002,1.5941846666666666e-05,0.700000000000002,-0.014009593333333334
23,0.675000000000002,1.267152e-05,0.675000000000002,-0.014750173333333333
24,0.6500000000000021,1.0152413333333335e-05,0.6500000000000021,-0.015441133333333336
25,0.6250000000000022,8.11784e-06,0.6250000000000022,-0.016071620000000002
26,0.6000000000000023,8.73832e-06,0.6000000000000023,-0.01665102
27,0.5750000000000024,8.093993333333333e-06,0.5750000000000024,-0.017177133333333334
28,0.5500000000000025,7.463960000000001e-06,0.5500000000000025,-0.017660533333333332
29,0.5250000000000026,6.415464666666667e-06,0.5250000000000026,-0.018083033333333335
30,0.5000000000000027,4.498638e-06,0.5000000000000027,-0.018465813333333334
31,0.47500000000000275,3.504314e-06,0.47500000000000275,-0.018804713333333334
32,0.45000000000000284,2.71881e-06,0.45000000000000284,-0.019104826666666668
33,0.42500000000000293,2.0621960000000002e-06,0.42500000000000293,-0.019367600000000002
34,0.400000000000003,1.5068626666666666e-06,0.400000000000003,-0.019603940000000004
35,0.3750000000000031,1.020384e-06,0.3750000000000031,-0.01980814666666667
36,0.3500000000000032,5.875104e-07,0.3500000000000032,-0.01999146
37,0.3250000000000033,1.8752086666666667e-07,0.3250000000000033,-0.02015656
38,0.3000000000000034,-1.7345973333333333e-07,0.3000000000000034,-0.020294680000000002
39,0.27500000000000346,-5.081563333333334e-07,0.27500000000000346,-0.020419200000000002
40,0.25000000000000355,-8.033300000000001e-07,0.25000000000000355,-0.02052756666666667
41,0.22500000000000364,-9.437053333333333e-07,0.22500000000000364,-0.02060866
42,0.20000000000000373,-1.2503706666666666e-06,0.20000000000000373,-0.020705993333333336
43,0.17500000000000382,-1.4130340000000002e-06,0.17500000000000382,-0.020781373333333335
44,0.1500000000000039,-1.5214013333333333e-06,0.1500000000000039,-0.02084928
45,0.125000000000004,-1.5835306666666666e-06,0.125000000000004,-0.020906433333333335
46,0.10000000000000409,-1.6111080000000001e-06,0.10000000000000409,-0.0209549
47,0.07500000000000417,-1.6126326666666667e-06,0.07500000000000417,-0.020998653333333336
48,0.05000000000000426,-1.5981646666666665e-06,0.05000000000000426,-0.021033673333333332
49,0.025000000000004352,-1.5755073333333333e-06,0.025000000000004352,-0.021066593333333335
50,4.440892098500626e-15,-1.5076633333333334e-06,4.440892098500626e-15,-0.021096726666666666
51,-0.02499999999999547,-1.5188033333333334e-06,-0.02499999999999547,-0.02112020666666667
52,-0.04999999999999538,-1.4957406666666667e-06,-0.04999999999999538,-0.021144200000000002
53,-0.07499999999999529,-1.4753813333333333e-06,-0.07499999999999529,-0.02116712
54,-0.0999999999999952,-1.4576880000000001e-06,-0.0999999999999952,-0.021193193333333336
55,-0.12499999999999512,-1.4451726666666667e-06,-0.12499999999999512,-0.021210273333333335
56,-0.14999999999999503,-1.4360893333333334e-06,-0.14999999999999503,-0.021231113333333333
57,-0.17499999999999494,-1.4307266666666669e-06,-0.17499999999999494,-0.021252333333333335
58,-0.19999999999999485,-1.410626e-06,-0.19999999999999485,-0.021269160000000002
59,-0.22499999999999476,-1.4262366666666668e-06,-0.22499999999999476,-0.02129378666666667
