,mo2_2F_V_D,mo2_2F_J_D,mo2_2F_V_L,mo2_2F_J_L
0,-0.25,-8.254120000000001e-07,-0.25,-0.02049408
1,-0.225,-3.131948666666667e-07,-0.225,-0.020124526666666667
2,-0.2,-1.1174540000000001e-07,-0.2,-0.019666799999999998
3,-0.17500000000000002,5.698665333333333e-08,-0.17500000000000002,-0.019184646666666666
4,-0.15000000000000002,1.586632e-07,-0.15000000000000002,-0.018718746666666668
5,-0.12500000000000003,2.3579953333333336e-07,-0.12500000000000003,-0.01826062666666667
6,-0.10000000000000003,3.0165220000000004e-07,-0.10000000000000003,-0.01781722666666667
7,-0.07500000000000004,3.5794593333333337e-07,-0.07500000000000004,-0.01738318
8,-0.050000000000000044,4.090892666666667e-07,-0.050000000000000044,-0.01694622
9,-0.02500000000000005,4.588844e-07,-0.02500000000000005,-0.016516953333333334
10,-5.551115123125783e-17,5.018576666666667e-07,-5.551115123125783e-17,-0.016084573333333334
11,0.02499999999999991,5.555560000000001e-07,0.02499999999999991,-0.01564642
12,0.04999999999999993,6.060458e-07,0.04999999999999993,-0.015203853333333335
13,0.07499999999999996,6.567669333333334e-07,0.07499999999999996,-0.014758233333333334
14,0.09999999999999992,7.073506666666667e-07,0.09999999999999992,-0.014307473333333334
15,0.12499999999999989,7.598206666666667e-07,0.12499999999999989,-0.013852820000000002
16,0.1499999999999999,8.12056e-07,0.1499999999999999,-0.013392726666666669
17,0.17499999999999993,8.643833333333333e-07,0.17499999999999993,-0.01293216
18,0.1999999999999999,9.187560000000002e-07,0.1999999999999999,-0.012464146666666667
19,0.22499999999999987,9.6276e-07,0.22499999999999987,-0.011993406666666668
20,0.2499999999999999,1.028272e-06,0.2499999999999999,-0.011517053333333332
21,0.2749999999999999,1.0891646666666666e-06,0.2749999999999999,-0.011034206666666668
22,0.2999999999999998,1.1538466666666668e-06,0.2999999999999998,-0.01054992
23,0.32499999999999984,1.223526e-06,0.32499999999999984,-0.010060453333333334
24,0.34999999999999987,1.2970793333333334e-06,0.34999999999999987,-0.009566193333333334
25,0.3749999999999999,1.380216e-06,0.3749999999999999,-0.009069246666666668
26,0.3999999999999999,1.4712653333333332e-06,0.3999999999999999,-0.00857252
27,0.4249999999999998,1.576392e-06,0.4249999999999998,-0.008072146666666667
28,0.44999999999999984,1.7003140000000002e-06,0.44999999999999984,-0.00757228
29,0.47499999999999987,1.8542053333333334e-06,0.47499999999999987,-0.007067786666666667
30,0.4999999999999998,2.0558546666666668e-06,0.4999999999999998,-0.006764893333333333
31,0.5249999999999998,2.340910666666667e-06,0.5249999999999998,-0.006190524
32,0.5499999999999998,2.762322666666667e-06,0.5499999999999998,-0.005664109333333334
33,0.5749999999999998,3.4109920000000002e-06,0.5749999999999998,-0.005151757333333333
34,0.5999999999999999,4.474768e-06,0.5999999999999999,-0.004650355333333333
35,0.6249999999999998,6.191263333333334e-06,0.6249999999999998,-0.004160740666666667
36,0.6499999999999998,9.733933333333334e-06,0.6499999999999998,-0.0036833653333333337
37,0.6749999999999998,1.47943e-05,0.6749999999999998,-0.003218104666666667
38,0.6999999999999997,2.196022e-05,0.6999999999999997,-0.002773912
39,0.7249999999999998,3.2228586666666666e-05,0.7249999999999998,-0.0023488093333333335
40,0.7499999999999998,4.630128e-05,0.7499999999999998,-0.0019486393333333334
41,0.7749999999999997,6.465093333333333e-05,0.7749999999999997,-0.0015752746666666667
42,0.7999999999999998,8.891313333333334e-05,0.7999999999999998,-0.0012334953333333334
43,0.8249999999999997,0.00011493980000000001,0.8249999999999997,-0.0009259226666666667
44,0.8499999999999996,0.00014381580000000002,0.8499999999999996,-0.000731828
45,0.8749999999999998,0.00017476813333333334,0.8749999999999998,-0.0004935586666666667
46,0.8999999999999997,0.00020698393333333336,0.8999999999999997,-0.0002720492666666667
47,0.9249999999999998,0.0002397298,0.9249999999999998,-8.96744e-05
48,0.9499999999999997,0.00027265353333333337,0.9499999999999997,5.053479333333333e-05
49,0.9749999999999996,0.00030534560000000004,0.9749999999999996,0.0001651116
50,0.9999999999999998,0.0003380991333333334,0.9999999999999998,0.0002757718
51,1.0249999999999997,0.0003708204666666667,1.0249999999999997,0.00037144933333333336
52,1.0499999999999998,0.0004038756666666667,1.0499999999999998,0.00045891980000000007
53,1.0749999999999997,0.0004374459333333333,1.0749999999999997,0.0005424270666666667
54,1.0999999999999996,0.000471926,1.0999999999999996,0.0006255668
55,1.1249999999999998,0.0005074484,1.1249999999999998,0.0007061233333333334
56,1.1499999999999997,0.0005443812666666666,1.1499999999999997,0.0007955573333333334
57,1.1749999999999996,0.0005828636000000001,1.1749999999999996,0.0008885206666666667
58,1.1999999999999997,0.0006233618,1.1999999999999997,0.0009869026666666668
59,1.2249999999999996,0.0006659734666666666,1.2249999999999996,0.0010913586666666667
