,mo2_2F_V_D,mo2_2F_J_D,mo2_2F_V_L,mo2_2F_J_L
0,-0.25,-3.8403740000000003e-07,-0.25,-0.02053346
1,-0.225,-9.485093333333333e-08,-0.225,-0.02025294
2,-0.2,-6.8399333333333345e-09,-0.2,-0.019884766666666668
3,-0.17500000000000002,7.703646666666666e-08,-0.17500000000000002,-0.01946904
4,-0.15000000000000002,1.2434673333333333e-07,-0.15000000000000002,-0.019035213333333332
5,-0.12500000000000003,1.616342666666667e-07,-0.12500000000000003,-0.018601846666666668
6,-0.10000000000000003,1.9216886666666667e-07,-0.10000000000000003,-0.0181778
7,-0.07500000000000004,2.1906293333333333e-07,-0.07500000000000004,-0.017760566666666668
8,-0.050000000000000044,2.4518479999999997e-07,-0.050000000000000044,-0.017338020000000003
9,-0.02500000000000005,2.7169720000000004e-07,-0.02500000000000005,-0.016924466666666665
10,-5.551115123125783e-17,2.838508e-07,-5.551115123125783e-17,-0.01650140666666667
11,0.02499999999999991,3.32293e-07,0.02499999999999991,-0.016081553333333335
12,0.04999999999999993,3.708172e-07,0.04999999999999993,-0.015645366666666667
13,0.07499999999999996,4.143671333333334e-07,0.07499999999999996,-0.015212460000000002
14,0.09999999999999992,4.623134e-07,0.09999999999999992,-0.014770653333333335
15,0.12499999999999989,5.140857333333334e-07,0.12499999999999989,-0.014316913333333335
16,0.1499999999999999,5.703190000000001e-07,0.1499999999999999,-0.01386444
17,0.17499999999999993,6.282686666666667e-07,0.17499999999999993,-0.013400613333333335
18,0.1999999999999999,6.890300000000001e-07,0.1999999999999999,-0.012927486666666668
19,0.22499999999999987,7.401893333333334e-07,0.22499999999999987,-0.01245392
20,0.2499999999999999,8.12376e-07,0.2499999999999999,-0.011970040000000001
21,0.2749999999999999,8.79736e-07,0.2749999999999999,-0.011476833333333334
22,0.2999999999999998,9.471806666666667e-07,0.2999999999999998,-0.010980946666666668
23,0.32499999999999984,1.0173906666666666e-06,0.32499999999999984,-0.01047926
24,0.34999999999999987,1.0901033333333334e-06,0.34999999999999987,-0.009975953333333334
25,0.3749999999999999,1.1680453333333334e-06,0.3749999999999999,-0.009457653333333333
26,0.3999999999999999,1.253076e-06,0.3999999999999999,-0.008943880000000001
27,0.4249999999999998,1.3520686666666668e-06,0.4249999999999998,-0.008424800000000001
28,0.44999999999999984,1.4700426666666667e-06,0.44999999999999984,-0.007907093333333334
29,0.47499999999999987,1.623032666666667e-06,0.47499999999999987,-0.007385333333333333
30,0.4999999999999998,1.829846e-06,0.4999999999999998,-0.00686416
31,0.5249999999999998,2.1261140000000002e-06,0.5249999999999998,-0.0065211033333333335
32,0.5499999999999998,2.5660293333333334e-06,0.5499999999999998,-0.005941208666666667
33,0.5749999999999998,3.2414773333333334e-06,0.5749999999999998,-0.005399291333333334
34,0.5999999999999999,4.287022000000001e-06,0.5999999999999999,-0.004877608
35,0.6249999999999998,5.926557333333333e-06,0.6249999999999998,-0.0043685926666666665
36,0.6499999999999998,8.750053333333334e-06,0.6499999999999998,-0.0038741093333333337
37,0.6749999999999998,1.3138926666666666e-05,0.6749999999999998,-0.003394304666666667
38,0.6999999999999997,1.9146473333333333e-05,0.6999999999999997,-0.002935148666666667
39,0.7249999999999998,2.7605733333333336e-05,0.7249999999999998,-0.0024974613333333335
40,0.7499999999999998,3.9090640000000004e-05,0.7499999999999998,-0.0020860433333333337
41,0.7749999999999997,5.403143333333333e-05,0.7749999999999997,-0.0017034273333333336
42,0.7999999999999998,7.232566666666668e-05,0.7999999999999998,-0.0013525120000000002
43,0.8249999999999997,9.41204e-05,0.8249999999999997,-0.0010369886666666667
44,0.8499999999999996,0.00011856206666666666,0.8499999999999996,-0.000757446
45,0.8749999999999998,0.00014516273333333335,0.8749999999999998,-0.0005413883333333333
46,0.8999999999999997,0.00017330426666666666,0.8999999999999997,-0.00032908266666666666
47,0.9249999999999998,0.00020231420000000003,0.9249999999999998,-0.00015463146666666667
48,0.9499999999999997,0.00023181133333333333,0.9499999999999997,-2.2142233333333336e-05
49,0.9749999999999996,0.0002614301333333333,0.9749999999999996,8.49446e-05
50,0.9999999999999998,0.00029141713333333334,0.9999999999999998,0.00018813393333333333
51,1.0249999999999997,0.00032169833333333336,1.0249999999999997,0.0002754604
52,1.0499999999999998,0.0003525746,1.0499999999999998,0.00035358273333333337
53,1.0749999999999997,0.0003842241333333333,1.0749999999999997,0.0004268964
54,1.0999999999999996,0.0004170136666666667,1.0999999999999996,0.0004990352666666666
55,1.1249999999999998,0.00045101426666666674,1.1249999999999998,0.0005720217333333333
56,1.1499999999999997,0.00048659293333333335,1.1499999999999997,0.0006477485333333333
57,1.1749999999999996,0.0005238576666666667,1.1749999999999996,0.0007275126666666667
58,1.1999999999999997,0.0005631774666666667,1.1999999999999997,0.0008133293333333334
59,1.2249999999999996,0.0006046518,1.2249999999999996,0.0009043726666666667
