,mo2_2R_V_D,mo2_2R_J_D,mo2_2R_V_L,mo2_2R_J_L
0,1.25,0.0009684646666666667,1.25,0.0022130513333333333
1,1.225,0.0009644953333333335,1.225,0.00202165
2,1.2000000000000002,0.00093063,1.2000000000000002,0.0018416273333333336
3,1.1750000000000003,0.0008850993333333332,1.1750000000000003,0.0016695826666666665
4,1.1500000000000004,0.0008331413333333333,1.1500000000000004,0.0015030513333333334
5,1.1250000000000004,0.0007768040000000001,1.1250000000000004,0.0013412613333333332
6,1.1000000000000005,0.0007167306666666667,1.1000000000000005,0.0011821926666666666
7,1.0750000000000006,0.0006509967333333333,1.0750000000000006,0.0010242653333333335
8,1.0500000000000007,0.0005858480666666667,1.0500000000000007,0.0008636560000000001
9,1.0250000000000008,0.0005177030666666668,1.0250000000000008,0.0006954406666666667
10,1.0000000000000009,0.0004477253333333333,1.0000000000000009,0.0005091650666666667
11,0.975000000000001,0.0003779606666666667,0.975000000000001,0.0003004374
12,0.9500000000000011,0.000310058,0.9500000000000011,5.5308546666666666e-05
13,0.9250000000000012,0.00024716353333333334,0.9250000000000012,-0.0002420054
14,0.9000000000000012,0.0001918206,0.9000000000000012,-0.0005782174666666667
15,0.8750000000000013,0.0001460202,0.8750000000000013,-0.0009731753333333333
16,0.8500000000000014,0.00011004146666666667,0.8500000000000014,-0.001412398
17,0.8250000000000015,8.30342e-05,0.8250000000000015,-0.0018942086666666668
18,0.8000000000000016,6.227896e-05,0.8000000000000016,-0.0024169773333333334
19,0.7750000000000017,4.808766e-05,0.7750000000000017,-0.0029742026666666668
20,0.7500000000000018,3.7657600000000003e-05,0.7500000000000018,-0.0035623520000000004
21,0.7250000000000019,2.9929966666666666e-05,0.7250000000000019,-0.0041776773333333335
22,0.700000000000002,2.4131326666666668e-05,0.700000000000002,-0.004810232
23,0.675000000000002,1.9668946666666666e-05,0.675000000000002,-0.005461304
24,0.6500000000000021,1.6179926666666668e-05,0.6500000000000021,-0.006122852000000001
25,0.6250000000000022,1.334928e-05,0.6250000000000022,-0.006793773333333333
26,0.6000000000000023,1.1026320000000001e-05,0.6000000000000023,-0.007377173333333333
27,0.5750000000000024,9.06824e-06,0.5750000000000024,-0.008073486666666668
28,0.5500000000000025,7.400513333333333e-06,0.5500000000000025,-0.008760486666666668
29,0.5250000000000026,6.4594073333333335e-06,0.5250000000000026,-0.009440693333333335
30,0.5000000000000027,4.877667333333334e-06,0.5000000000000027,-0.010107753333333334
31,0.47500000000000275,3.6966773333333337e-06,0.47500000000000275,-0.010765013333333334
32,0.45000000000000284,2.680016e-06,0.45000000000000284,-0.011413353333333333
33,0.42500000000000293,1.7966373333333334e-06,0.42500000000000293,-0.012040133333333333
34,0.400000000000003,9.99744e-07,0.400000000000003,-0.012647253333333334
35,0.3750000000000031,3.056896666666667e-07,0.3750000000000031,-0.013240706666666668
36,0.3500000000000032,-2.962380666666667e-07,0.3500000000000032,-0.013810086666666667
37,0.3250000000000033,-8.177233333333334e-07,0.3250000000000033,-0.014353860000000001
38,0.3000000000000034,-1.2574333333333334e-06,0.3000000000000034,-0.0148704
39,0.27500000000000346,-1.6246766666666665e-06,0.27500000000000346,-0.01536316
40,0.25000000000000355,-1.9222453333333333e-06,0.25000000000000355,-0.0158242
41,0.22500000000000364,-2.1115333333333334e-06,0.22500000000000364,-0.01624886
42,0.20000000000000373,-2.3330733333333336e-06,0.20000000000000373,-0.016663439999999998
43,0.17500000000000382,-2.4747293333333335e-06,0.17500000000000382,-0.017041333333333332
44,0.1500000000000039,-2.5764793333333334e-06,0.1500000000000039,-0.01739314
45,0.125000000000004,-2.647594666666667e-06,0.125000000000004,-0.017719873333333334
46,0.10000000000000409,-2.6969873333333336e-06,0.10000000000000409,-0.018012860000000002
47,0.07500000000000417,-2.7296506666666665e-06,0.07500000000000417,-0.018278426666666667
48,0.05000000000000426,-2.7506466666666667e-06,0.05000000000000426,-0.01852474
49,0.025000000000004352,-2.7644333333333336e-06,0.025000000000004352,-0.018749466666666666
50,4.440892098500626e-15,-2.762442e-06,4.440892098500626e-15,-0.018943493333333332
51,-0.02499999999999547,-2.771088666666667e-06,-0.02499999999999547,-0.01911936666666667
52,-0.04999999999999538,-2.7743226666666667e-06,-0.04999999999999538,-0.019276986666666666
53,-0.07499999999999529,-2.774270666666667e-06,-0.07499999999999529,-0.019417613333333333
54,-0.0999999999999952,-2.77199e-06,-0.0999999999999952,-0.01954098
55,-0.12499999999999512,-2.768598e-06,-0.12499999999999512,-0.019651446666666666
56,-0.14999999999999503,-2.762778666666667e-06,-0.14999999999999503,-0.019753600000000003
57,-0.17499999999999494,-2.7549466666666668e-06,-0.17499999999999494,-0.019843386666666667
58,-0.19999999999999485,-2.7302553333333333e-06,-0.19999999999999485,-0.019918086666666668
59,-0.22499999999999476,-2.7272233333333335e-06,-0.22499999999999476,-0.019995786666666668
