,mo2_2F_V_D,mo2_2F_J_D,mo2_2F_V_L,mo2_2F_J_L
0,-0.25,-7.1152e-07,-0.25,-0.020484286666666667
1,-0.225,-2.4943686666666665e-07,-0.225,-0.02014732
2,-0.2,-7.57548e-08,-0.2,-0.019731993333333333
3,-0.17500000000000002,6.993886666666667e-08,-0.17500000000000002,-0.019277206666666668
4,-0.15000000000000002,1.5597506666666667e-07,-0.15000000000000002,-0.01881876
5,-0.12500000000000003,2.181952e-07,-0.12500000000000003,-0.01836132
6,-0.10000000000000003,2.758408666666667e-07,-0.10000000000000003,-0.01791074
7,-0.07500000000000004,3.2342273333333333e-07,-0.07500000000000004,-0.017461953333333335
8,-0.050000000000000044,3.6689953333333334e-07,-0.050000000000000044,-0.017013173333333336
9,-0.02500000000000005,4.1005140000000005e-07,-0.02500000000000005,-0.01656712
10,-5.551115123125783e-17,4.4778053333333333e-07,-5.551115123125783e-17,-0.01612206
11,0.02499999999999991,4.975041333333334e-07,0.02499999999999991,-0.015666486666666667
12,0.04999999999999993,5.448129333333334e-07,0.04999999999999993,-0.015200426666666668
13,0.07499999999999996,5.941661333333333e-07,0.07499999999999996,-0.01474434
14,0.09999999999999992,6.454746666666667e-07,0.09999999999999992,-0.014275580000000001
15,0.12499999999999989,6.990613333333333e-07,0.12499999999999989,-0.013804526666666669
16,0.1499999999999999,7.540953333333334e-07,0.1499999999999999,-0.013324666666666667
17,0.17499999999999993,8.10314e-07,0.17499999999999993,-0.012848033333333333
18,0.1999999999999999,8.6836e-07,0.1999999999999999,-0.012363446666666666
19,0.22499999999999987,9.148066666666668e-07,0.22499999999999987,-0.011877700000000001
20,0.2499999999999999,9.861826666666666e-07,0.2499999999999999,-0.011385500000000002
21,0.2749999999999999,1.0517266666666668e-06,0.2749999999999999,-0.010890866666666667
22,0.2999999999999998,1.119432e-06,0.2999999999999998,-0.010393733333333334
23,0.32499999999999984,1.1924793333333334e-06,0.32499999999999984,-0.00989052
24,0.34999999999999987,1.2687813333333335e-06,0.34999999999999987,-0.009385833333333335
25,0.3749999999999999,1.355412e-06,0.3749999999999999,-0.0088794
26,0.3999999999999999,1.4523786666666668e-06,0.3999999999999999,-0.008372193333333333
27,0.4249999999999998,1.567184e-06,0.4249999999999998,-0.0078629
28,0.44999999999999984,1.7087153333333334e-06,0.44999999999999984,-0.0073553333333333335
29,0.47499999999999987,1.894126e-06,0.47499999999999987,-0.0068451933333333334
30,0.4999999999999998,2.149962e-06,0.4999999999999998,-0.0065312373333333345
31,0.5249999999999998,2.5270746666666667e-06,0.5249999999999998,-0.005956653333333333
32,0.5499999999999998,3.0997013333333335e-06,0.5499999999999998,-0.005432004
33,0.5749999999999998,4.001736e-06,0.5749999999999998,-0.004920529333333334
34,0.5999999999999999,5.431506e-06,0.5999999999999999,-0.004423937333333333
35,0.6249999999999998,8.131166666666668e-06,0.6249999999999998,-0.003939294
36,0.6499999999999998,1.2270820000000001e-05,0.6499999999999998,-0.003470156
37,0.6749999999999998,1.8046813333333333e-05,0.6749999999999998,-0.003014070666666667
38,0.6999999999999997,2.631334e-05,0.6999999999999997,-0.0025809126666666666
39,0.7249999999999998,3.779695333333333e-05,0.7249999999999998,-0.002168704
40,0.7499999999999998,5.3013640000000006e-05,0.7499999999999998,-0.0017827420000000001
41,0.7749999999999997,7.276573333333333e-05,0.7749999999999997,-0.0014252573333333335
42,0.7999999999999998,9.550506666666667e-05,0.7999999999999998,-0.0011002486666666668
43,0.8249999999999997,0.00012104706666666668,0.8249999999999997,-0.0008098746666666667
44,0.8499999999999996,0.0001490862,0.8499999999999996,-0.0005841389333333334
45,0.8749999999999998,0.00017867173333333333,0.8749999999999998,-0.0003565941333333333
46,0.8999999999999997,0.00020907893333333333,0.8999999999999997,-0.00016731766666666667
47,0.9249999999999998,0.00023968913333333332,0.9249999999999998,-2.401574e-05
48,0.9499999999999997,0.0002702596666666667,0.9499999999999997,9.319586666666667e-05
49,0.9749999999999996,0.0003004889333333333,0.9749999999999996,0.00020744933333333336
50,0.9999999999999998,0.00033064706666666665,0.9999999999999998,0.0003044096
51,1.0249999999999997,0.00036068713333333336,1.0249999999999997,0.00038984340000000004
52,1.0499999999999998,0.00039093213333333334,1.0499999999999998,0.0004691392
53,1.0749999999999997,0.00042156033333333334,1.0749999999999997,0.0005455742666666667
54,1.0999999999999996,0.0004528895333333334,1.0999999999999996,0.0006221874000000001
55,1.1249999999999998,0.0004850524666666667,1.1249999999999998,0.00069996
56,1.1499999999999997,0.0005184107333333334,1.1499999999999997,0.0007784286666666667
57,1.1749999999999996,0.0005530512000000001,1.1749999999999996,0.0008653959999999999
58,1.1999999999999997,0.0005893885333333334,1.1999999999999997,0.000956874
59,1.2249999999999996,0.0006275716,1.2249999999999996,0.0010538646666666668
