,mo2_2R_V_D,mo2_2R_J_D,mo2_2R_V_L,mo2_2R_J_L
0,1.25,0.0009045646666666667,1.25,0.0028665780000000003
1,1.225,0.0008724240000000001,1.225,0.002655796
2,1.2000000000000002,0.0008202060000000001,1.2000000000000002,0.0024538113333333333
3,1.1750000000000003,0.0007660413333333333,1.1750000000000003,0.0022561913333333334
4,1.1500000000000004,0.0007132460000000001,1.1500000000000004,0.002060961333333333
5,1.1250000000000004,0.0006500608,1.1250000000000004,0.0018684613333333335
6,1.1000000000000005,0.0006035012666666667,1.1000000000000005,0.0016779826666666665
7,1.0750000000000006,0.0005532933333333333,1.0750000000000006,0.0014900260000000002
8,1.0500000000000007,0.0004997712666666667,1.0500000000000007,0.0013030973333333334
9,1.0250000000000008,0.0004421422666666667,1.0250000000000008,0.0011163826666666667
10,1.0000000000000009,0.0003801926,1.0000000000000009,0.0009265993333333333
11,0.975000000000001,0.0003158004,0.975000000000001,0.0007310253333333334
12,0.9500000000000011,0.00025196433333333335,0.9500000000000011,0.000506757
13,0.9250000000000012,0.00019369806666666667,0.9250000000000012,0.0002728430666666667
14,0.9000000000000012,0.0001449842,0.9000000000000012,-5.356028e-05
15,0.8750000000000013,0.00010728213333333334,0.8750000000000013,-0.000420775
16,0.8500000000000014,7.942033333333333e-05,0.8500000000000014,-0.00085253
17,0.8250000000000015,5.721489333333334e-05,0.8250000000000015,-0.0013052406666666666
18,0.8000000000000016,4.308242e-05,0.8000000000000016,-0.00181679
19,0.7750000000000017,3.195218e-05,0.7750000000000017,-0.0023810613333333334
20,0.7500000000000018,2.3433073333333337e-05,0.7500000000000018,-0.002993058
21,0.7250000000000019,1.6929353333333336e-05,0.7250000000000019,-0.0036462133333333333
22,0.700000000000002,1.193404e-05,0.700000000000002,-0.004331476666666667
23,0.675000000000002,8.01238e-06,0.675000000000002,-0.005046571333333334
24,0.6500000000000021,5.3021213333333335e-06,0.6500000000000021,-0.005779220000000001
25,0.6250000000000022,2.57442e-06,0.6250000000000022,-0.006529232000000001
26,0.6000000000000023,4.265642666666667e-07,0.6000000000000023,-0.0072799533333333345
27,0.5750000000000024,-1.3711486666666666e-06,0.5750000000000024,-0.008051506666666666
28,0.5500000000000025,-2.8807380000000004e-06,0.5500000000000025,-0.008821253333333334
29,0.5250000000000026,-4.156135333333334e-06,0.5250000000000026,-0.009585926666666666
30,0.5000000000000027,-5.225797333333333e-06,0.5000000000000027,-0.01034076
31,0.47500000000000275,-6.108319333333334e-06,0.47500000000000275,-0.01108358
32,0.45000000000000284,-6.86496e-06,0.45000000000000284,-0.011810006666666668
33,0.42500000000000293,-6.997540000000001e-06,0.42500000000000293,-0.012520246666666667
34,0.400000000000003,-5.780454666666667e-06,0.400000000000003,-0.01320412
35,0.3750000000000031,-5.676409333333333e-06,0.3750000000000031,-0.013867426666666668
36,0.3500000000000032,-6.3291226666666665e-06,0.3500000000000032,-0.01450146
37,0.3250000000000033,-6.692120000000001e-06,0.3250000000000033,-0.015103893333333335
38,0.3000000000000034,-6.88662e-06,0.3000000000000034,-0.015677780000000002
39,0.27500000000000346,-6.9727266666666676e-06,0.27500000000000346,-0.01621470666666667
40,0.25000000000000355,-6.997533333333334e-06,0.25000000000000355,-0.0167178
41,0.22500000000000364,-6.9872199999999995e-06,0.22500000000000364,-0.017182646666666666
42,0.20000000000000373,-6.992146666666667e-06,0.20000000000000373,-0.017617133333333333
43,0.17500000000000382,-6.946240000000001e-06,0.17500000000000382,-0.01800978
44,0.1500000000000039,-6.860033333333333e-06,0.1500000000000039,-0.01836884
45,0.125000000000004,-6.7389266666666665e-06,0.125000000000004,-0.01869158666666667
46,0.10000000000000409,-6.5607839999999995e-06,0.10000000000000409,-0.01897712666666667
47,0.07500000000000417,-6.356604666666667e-06,0.07500000000000417,-0.019230553333333334
48,0.05000000000000426,-6.126029333333334e-06,0.05000000000000426,-0.01945802
49,0.025000000000004352,-5.888068e-06,0.025000000000004352,-0.019655673333333335
50,4.440892098500626e-15,-5.653278e-06,4.440892098500626e-15,-0.01982088
51,-0.02499999999999547,-5.427495333333334e-06,-0.02499999999999547,-0.019964580000000003
52,-0.04999999999999538,-5.199376e-06,-0.04999999999999538,-0.0200884
53,-0.07499999999999529,-4.976216e-06,-0.07499999999999529,-0.020192286666666667
54,-0.0999999999999952,-4.760582666666667e-06,-0.0999999999999952,-0.02028124666666667
55,-0.12499999999999512,-4.554458e-06,-0.12499999999999512,-0.020357713333333333
56,-0.14999999999999503,-4.358189333333333e-06,-0.14999999999999503,-0.02041986
57,-0.17499999999999494,-4.175906666666667e-06,-0.17499999999999494,-0.020473853333333333
58,-0.19999999999999485,-3.983340000000001e-06,-0.19999999999999485,-0.02051868
59,-0.22499999999999476,-3.834616e-06,-0.22499999999999476,-0.02055882
