,mo2_2F_V_D,mo2_2F_J_D,mo2_2F_V_L,mo2_2F_J_L
0,-0.25,-1.0434306666666667e-06,-0.25,-0.02040526
1,-0.225,-5.005600666666667e-07,-0.225,-0.01989288
2,-0.2,-2.6188646666666667e-07,-0.2,-0.019295666666666666
3,-0.17500000000000002,-4.820154e-08,-0.17500000000000002,-0.018709353333333335
4,-0.15000000000000002,9.228033333333333e-08,-0.15000000000000002,-0.018163413333333336
5,-0.12500000000000003,1.975036e-07,-0.12500000000000003,-0.017649326666666666
6,-0.10000000000000003,2.9654920000000005e-07,-0.10000000000000003,-0.017152886666666665
7,-0.07500000000000004,3.758758e-07,-0.07500000000000004,-0.016672546666666666
8,-0.050000000000000044,4.463761333333333e-07,-0.050000000000000044,-0.01619962
9,-0.02500000000000005,5.091771333333334e-07,-0.02500000000000005,-0.015733293333333332
10,-5.551115123125783e-17,5.407920666666667e-07,-5.551115123125783e-17,-0.015267686666666667
11,0.02499999999999991,6.168084666666667e-07,0.02499999999999991,-0.014797166666666669
12,0.04999999999999993,6.684806666666667e-07,0.04999999999999993,-0.014328153333333335
13,0.07499999999999996,7.173586666666667e-07,0.07499999999999996,-0.013861519999999999
14,0.09999999999999992,7.633633333333333e-07,0.09999999999999992,-0.013392713333333334
15,0.12499999999999989,8.088213333333333e-07,0.12499999999999989,-0.012922753333333334
16,0.1499999999999999,8.53244e-07,0.1499999999999999,-0.012451386666666668
17,0.17499999999999993,8.965766666666667e-07,0.17499999999999993,-0.01198276
18,0.1999999999999999,9.4178e-07,0.1999999999999999,-0.011512633333333334
19,0.22499999999999987,9.583273333333332e-07,0.22499999999999987,-0.011043853333333332
20,0.2499999999999999,1.0295893333333333e-06,0.2499999999999999,-0.010576253333333334
21,0.2749999999999999,1.081632e-06,0.2749999999999999,-0.010101946666666667
22,0.2999999999999998,1.1345786666666668e-06,0.2999999999999998,-0.00963198
23,0.32499999999999984,1.1929373333333334e-06,0.32499999999999984,-0.0091559
24,0.34999999999999987,1.2540193333333334e-06,0.34999999999999987,-0.008685333333333333
25,0.3749999999999999,1.32208e-06,0.3749999999999999,-0.008213646666666668
26,0.3999999999999999,1.3988293333333334e-06,0.3999999999999999,-0.007745446666666668
27,0.4249999999999998,1.4883120000000001e-06,0.4249999999999998,-0.007276153333333334
28,0.44999999999999984,1.5940493333333335e-06,0.44999999999999984,-0.0068102200000000005
29,0.47499999999999987,1.7266979999999999e-06,0.47499999999999987,-0.0065505193333333335
30,0.4999999999999998,1.8997366666666666e-06,0.4999999999999998,-0.006012053333333334
31,0.5249999999999998,2.1407713333333337e-06,0.5249999999999998,-0.005523392666666667
32,0.5499999999999998,2.493942e-06,0.5499999999999998,-0.005050341333333334
33,0.5749999999999998,3.034788666666667e-06,0.5749999999999998,-0.004584335333333334
34,0.5999999999999999,3.922970000000001e-06,0.5999999999999999,-0.004130874
35,0.6249999999999998,5.368541333333334e-06,0.6249999999999998,-0.003685408666666667
36,0.6499999999999998,8.808686666666667e-06,0.6499999999999998,-0.0032507513333333332
37,0.6749999999999998,1.3416886666666668e-05,0.6749999999999998,-0.0028275713333333332
38,0.6999999999999997,2.0204160000000003e-05,0.6999999999999997,-0.0024211113333333337
39,0.7249999999999998,3.029590666666667e-05,0.7249999999999998,-0.0020314906666666667
40,0.7499999999999998,4.469848e-05,0.7499999999999998,-0.0016636166666666669
41,0.7749999999999997,6.428322e-05,0.7749999999999997,-0.0013196093333333334
42,0.7999999999999998,9.48e-05,0.7999999999999998,-0.0010034166666666668
43,0.8249999999999997,0.00012504673333333334,0.8249999999999997,-0.0007178466666666667
44,0.8499999999999996,0.00015933046666666666,0.8499999999999996,-0.0004941044
45,0.8749999999999998,0.00019640213333333334,0.8749999999999998,-0.0002618444666666667
46,0.8999999999999997,0.0002350670666666667,0.8999999999999997,-0.00011122686666666668
47,0.9249999999999998,0.0002740542666666667,0.9249999999999998,6.901006666666667e-05
48,0.9499999999999997,0.0003126777333333334,0.9499999999999997,0.00022077873333333335
49,0.9749999999999996,0.00035027206666666665,0.9749999999999996,0.0003505428666666667
50,0.9999999999999998,0.0003870826666666667,0.9999999999999998,0.0004659486
51,1.0249999999999997,0.00042305019999999997,1.0249999999999997,0.0005716805333333333
52,1.0499999999999998,0.00045864506666666664,1.0499999999999998,0.0006726426666666667
53,1.0749999999999997,0.0004941930000000001,1.0749999999999997,0.0007616906666666667
54,1.0999999999999996,0.0005302542666666667,1.0999999999999996,0.0008642726666666667
55,1.1249999999999998,0.0005670743333333334,1.1249999999999998,0.0009683106666666668
56,1.1499999999999997,0.0006051544666666667,1.1499999999999997,0.001076032
57,1.1749999999999996,0.0006447220666666667,1.1749999999999996,0.0011882286666666667
58,1.1999999999999997,0.0006863066666666667,1.1999999999999997,0.0013062173333333333
59,1.2249999999999996,0.00074297,1.2249999999999996,0.0014303433333333335
