,mo2_2F_V_D,mo2_2F_J_D,mo2_2F_V_L,mo2_2F_J_L
0,-0.25,-1.1966080000000001e-06,-0.25,-0.02041922666666667
1,-0.225,-5.956826666666667e-07,-0.225,-0.01988102
2,-0.2,-3.2285033333333335e-07,-0.2,-0.019273686666666668
3,-0.17500000000000002,-7.821493333333334e-08,-0.17500000000000002,-0.018690733333333334
4,-0.15000000000000002,8.495620000000001e-08,-0.15000000000000002,-0.018156806666666667
5,-0.12500000000000003,2.137922e-07,-0.12500000000000003,-0.017654153333333335
6,-0.10000000000000003,3.230867333333333e-07,-0.10000000000000003,-0.017170513333333335
7,-0.07500000000000004,4.1473726666666665e-07,-0.07500000000000004,-0.016697526666666667
8,-0.050000000000000044,4.956919333333333e-07,-0.050000000000000044,-0.01622788
9,-0.02500000000000005,5.669918e-07,-0.02500000000000005,-0.01576186
10,-5.551115123125783e-17,6.251709333333334e-07,-5.551115123125783e-17,-0.0152988
11,0.02499999999999991,6.901193333333333e-07,0.02499999999999991,-0.014834266666666667
12,0.04999999999999993,7.450466666666666e-07,0.04999999999999993,-0.014369273333333333
13,0.07499999999999996,7.976613333333333e-07,0.07499999999999996,-0.013908766666666668
14,0.09999999999999992,8.474806666666668e-07,0.09999999999999992,-0.013440906666666667
15,0.12499999999999989,8.954806666666667e-07,0.12499999999999989,-0.01297368
16,0.1499999999999999,9.437906666666667e-07,0.1499999999999999,-0.012503160000000001
17,0.17499999999999993,9.916813333333334e-07,0.17499999999999993,-0.012039006666666668
18,0.1999999999999999,1.0401606666666667e-06,0.1999999999999999,-0.011573786666666667
19,0.22499999999999987,1.076012e-06,0.22499999999999987,-0.011108193333333334
20,0.2499999999999999,1.1396513333333333e-06,0.2499999999999999,-0.01063962
21,0.2749999999999999,1.195322e-06,0.2749999999999999,-0.010172106666666667
22,0.2999999999999998,1.2538973333333334e-06,0.2999999999999998,-0.009704746666666668
23,0.32499999999999984,1.316236e-06,0.32499999999999984,-0.00923366
24,0.34999999999999987,1.381354e-06,0.34999999999999987,-0.008767873333333334
25,0.3749999999999999,1.454938e-06,0.3749999999999999,-0.008300060000000001
26,0.3999999999999999,1.5360026666666667e-06,0.3999999999999999,-0.007837233333333334
27,0.4249999999999998,1.6307993333333332e-06,0.4249999999999998,-0.007371413333333333
28,0.44999999999999984,1.7439593333333334e-06,0.44999999999999984,-0.006908473333333334
29,0.47499999999999987,1.885562e-06,0.47499999999999987,-0.006660834000000001
30,0.4999999999999998,2.0711120000000003e-06,0.4999999999999998,-0.006118128666666667
31,0.5249999999999998,2.331994666666667e-06,0.5249999999999998,-0.005629866
32,0.5499999999999998,2.7172446666666666e-06,0.5499999999999998,-0.00515532
33,0.5749999999999998,3.3235080000000002e-06,0.5749999999999998,-0.004689274
34,0.5999999999999999,4.306214e-06,0.5999999999999999,-0.004232104
35,0.6249999999999998,5.941048e-06,0.6249999999999998,-0.0037838140000000004
36,0.6499999999999998,9.915713333333334e-06,0.6499999999999998,-0.0033452146666666663
37,0.6749999999999998,1.5149066666666665e-05,0.6749999999999998,-0.0029151113333333333
38,0.6999999999999997,2.29138e-05,0.6999999999999997,-0.002501674666666667
39,0.7249999999999998,3.450583333333333e-05,0.7249999999999998,-0.002102758666666667
40,0.7499999999999998,5.1129700000000006e-05,0.7499999999999998,-0.0017230720000000002
41,0.7749999999999997,7.927740000000001e-05,0.7749999999999997,-0.0013647800000000001
42,0.7999999999999998,0.00010869493333333335,0.7999999999999998,-0.0010318193333333334
43,0.8249999999999997,0.0001438714,0.8249999999999997,-0.0007267733333333334
44,0.8499999999999996,0.00018428346666666666,0.8499999999999996,-0.0004859081333333333
45,0.8749999999999998,0.00022817833333333334,0.8749999999999998,-0.00022839733333333335
46,0.8999999999999997,0.00027390613333333334,0.8999999999999997,-9.021993333333333e-05
47,0.9249999999999998,0.0003198141333333334,0.9249999999999998,0.00012445186666666666
48,0.9499999999999997,0.0003649702666666667,0.9499999999999997,0.0003083924666666667
49,0.9749999999999996,0.00040855153333333333,0.9749999999999996,0.0004686173333333333
50,0.9999999999999998,0.00045091146666666665,0.9999999999999998,0.0006130948666666667
51,1.0249999999999997,0.0004921126666666667,1.0249999999999997,0.0007316493333333334
52,1.0499999999999998,0.0005328699333333333,1.0499999999999998,0.0008627180000000001
53,1.0749999999999997,0.0005736914666666667,1.0749999999999997,0.0009902166666666667
54,1.0999999999999996,0.0006153510000000001,1.0999999999999996,0.001118304
55,1.1249999999999998,0.0006582345333333333,1.1249999999999998,0.001248276
56,1.1499999999999997,0.000713056,1.1499999999999997,0.001382238
57,1.1749999999999996,0.0007598326666666666,1.1749999999999996,0.0015208226666666668
58,1.1999999999999997,0.000810266,1.1999999999999997,0.0016654726666666668
59,1.2249999999999996,0.0008640360000000001,1.2249999999999996,0.0018166746666666666
