,mo2_2R_V_D,mo2_2R_J_D,mo2_2R_V_L,mo2_2R_J_L
0,1.25,0.0025609966666666666,1.25,0.0032838246666666666
1,1.225,0.002525682,1.225,0.0028883753333333335
2,1.2000000000000002,0.002373989333333333,1.2000000000000002,0.002498852
3,1.1750000000000003,0.002178596,1.1750000000000003,0.0021104400000000003
4,1.1500000000000004,0.0019597706666666668,1.1500000000000004,0.001720072
5,1.1250000000000004,0.0017297626666666669,1.1250000000000004,0.001323848
6,1.1000000000000005,0.0014955326666666667,1.1000000000000005,0.0009165393333333333
7,1.0750000000000006,0.001263742,1.0750000000000006,0.00048429693333333336
8,1.0500000000000007,0.001039778,1.0500000000000007,2.902144666666667e-05
9,1.0250000000000008,0.0008294793333333334,1.0250000000000008,-0.0004611448666666667
10,1.0000000000000009,0.0006339672666666668,1.0000000000000009,-0.000978368
11,0.975000000000001,0.00047183380000000006,0.975000000000001,-0.0015004133333333333
12,0.9500000000000011,0.0003368058666666667,0.9500000000000011,-0.0020495766666666668
13,0.9250000000000012,0.00023156000000000004,0.9250000000000012,-0.0026209826666666667
14,0.9000000000000012,0.00015377066666666668,0.9000000000000012,-0.00321826
15,0.8750000000000013,9.938360000000001e-05,0.8750000000000013,-0.003834866666666667
16,0.8500000000000014,6.440067333333334e-05,0.8500000000000014,-0.004471628
17,0.8250000000000015,3.904184666666667e-05,0.8250000000000015,-0.0051221773333333335
18,0.8000000000000016,2.3937346666666667e-05,0.8000000000000016,-0.005788877333333334
19,0.7750000000000017,1.4297913333333333e-05,0.7750000000000017,-0.006465012666666667
20,0.7500000000000018,7.992046666666668e-06,0.7500000000000018,-0.007141933333333333
21,0.7250000000000019,4.868862e-06,0.7250000000000019,-0.00783958
22,0.700000000000002,1.1349346666666667e-06,0.700000000000002,-0.008537226666666667
23,0.675000000000002,-1.1387e-06,0.675000000000002,-0.009240386666666666
24,0.6500000000000021,-2.784328e-06,0.6500000000000021,-0.009935913333333333
25,0.6250000000000022,-4.0378313333333335e-06,0.6250000000000022,-0.010626106666666666
26,0.6000000000000023,-5.014351333333334e-06,0.6000000000000023,-0.011311753333333334
27,0.5750000000000024,-5.791710666666667e-06,0.5750000000000024,-0.011977313333333335
28,0.5500000000000025,-6.4277046666666675e-06,0.5500000000000025,-0.012654653333333333
29,0.5250000000000026,-6.8436266666666666e-06,0.5250000000000026,-0.013311173333333336
30,0.5000000000000027,-6.997540000000001e-06,0.5000000000000027,-0.013922986666666668
31,0.47500000000000275,-6.997533333333334e-06,0.47500000000000275,-0.014542293333333334
32,0.45000000000000284,-5.812338666666667e-06,0.45000000000000284,-0.015131153333333333
33,0.42500000000000293,-5.74023e-06,0.42500000000000293,-0.015710253333333334
34,0.400000000000003,-6.396677333333334e-06,0.400000000000003,-0.01623122
35,0.3750000000000031,-6.588368e-06,0.3750000000000031,-0.016732640000000003
36,0.3500000000000032,-6.66906e-06,0.3500000000000032,-0.01719608666666667
37,0.3250000000000033,-6.6710333333333336e-06,0.3250000000000033,-0.01764492
38,0.3000000000000034,-6.673233333333334e-06,0.3000000000000034,-0.01803444666666667
39,0.27500000000000346,-6.624848000000001e-06,0.27500000000000346,-0.01841254
40,0.25000000000000355,-6.540683333333333e-06,0.25000000000000355,-0.01874012666666667
41,0.22500000000000364,-6.291922e-06,0.22500000000000364,-0.019011600000000003
42,0.20000000000000373,-6.178307333333334e-06,0.20000000000000373,-0.01929636
43,0.17500000000000382,-6.068802666666667e-06,0.17500000000000382,-0.019507993333333334
44,0.1500000000000039,-5.899527333333334e-06,0.1500000000000039,-0.019696933333333333
45,0.125000000000004,-5.724684666666667e-06,0.125000000000004,-0.01987356666666667
46,0.10000000000000409,-5.546368000000001e-06,0.10000000000000409,-0.020008573333333335
47,0.07500000000000417,-5.373724e-06,0.07500000000000417,-0.020145473333333334
48,0.05000000000000426,-5.210204666666667e-06,0.05000000000000426,-0.020257333333333332
49,0.025000000000004352,-5.058079333333334e-06,0.025000000000004352,-0.02034946666666667
50,4.440892098500626e-15,-4.915938e-06,4.440892098500626e-15,-0.020431093333333334
51,-0.02499999999999547,-4.797548666666667e-06,-0.02499999999999547,-0.020501393333333336
52,-0.04999999999999538,-4.689940666666667e-06,-0.04999999999999538,-0.020563746666666667
53,-0.07499999999999529,-4.5951326666666666e-06,-0.07499999999999529,-0.020614186666666666
54,-0.0999999999999952,-4.5093646666666665e-06,-0.0999999999999952,-0.020658993333333334
55,-0.12499999999999512,-4.432682666666667e-06,-0.12499999999999512,-0.020700853333333335
56,-0.14999999999999503,-4.361884e-06,-0.14999999999999503,-0.020729973333333332
57,-0.17499999999999494,-4.296869333333334e-06,-0.17499999999999494,-0.020758546666666666
58,-0.19999999999999485,-4.216136e-06,-0.19999999999999485,-0.020781806666666666
59,-0.22499999999999476,-4.1701760000000005e-06,-0.22499999999999476,-0.020803693333333335
