,mo2_2F_V_D,mo2_2F_J_D,mo2_2F_V_L,mo2_2F_J_L
0,-0.25,-9.623713333333333e-07,-0.25,-0.020387713333333335
1,-0.225,-4.0449640000000007e-07,-0.225,-0.01995666
2,-0.2,-1.71302e-07,-0.2,-0.01945142
3,-0.17500000000000002,2.66248e-08,-0.17500000000000002,-0.01892648
4,-0.15000000000000002,1.508872e-07,-0.15000000000000002,-0.01842274
5,-0.12500000000000003,2.4628693333333336e-07,-0.12500000000000003,-0.017934033333333335
6,-0.10000000000000003,3.2372746666666667e-07,-0.10000000000000003,-0.01745758
7,-0.07500000000000004,3.9129593333333333e-07,-0.07500000000000004,-0.016990106666666668
8,-0.050000000000000044,4.510797333333334e-07,-0.050000000000000044,-0.016526313333333334
9,-0.02500000000000005,5.060082666666666e-07,-0.02500000000000005,-0.01607176
10,-5.551115123125783e-17,5.295649333333334e-07,-5.551115123125783e-17,-0.015616946666666668
11,0.02499999999999991,6.068668e-07,0.02499999999999991,-0.015159706666666668
12,0.04999999999999993,6.579536e-07,0.04999999999999993,-0.014690606666666666
13,0.07499999999999996,7.082693333333334e-07,0.07499999999999996,-0.01423482
14,0.09999999999999992,7.57414e-07,0.09999999999999992,-0.013773033333333334
15,0.12499999999999989,8.053486666666667e-07,0.12499999999999989,-0.013304433333333336
16,0.1499999999999999,8.548339999999999e-07,0.1499999999999999,-0.01283298
17,0.17499999999999993,9.034073333333333e-07,0.17499999999999993,-0.012360033333333333
18,0.1999999999999999,9.524106666666667e-07,0.1999999999999999,-0.011885013333333335
19,0.22499999999999987,9.926853333333334e-07,0.22499999999999987,-0.011408906666666666
20,0.2499999999999999,1.0536186666666667e-06,0.2499999999999999,-0.010930206666666668
21,0.2749999999999999,1.110672e-06,0.2749999999999999,-0.010444606666666667
22,0.2999999999999998,1.1710886666666667e-06,0.2999999999999998,-0.009962186666666668
23,0.32499999999999984,1.237364e-06,0.32499999999999984,-0.009476326666666667
24,0.34999999999999987,1.30791e-06,0.34999999999999987,-0.008989306666666667
25,0.3749999999999999,1.387608e-06,0.3749999999999999,-0.008500126666666668
26,0.3999999999999999,1.4765773333333335e-06,0.3999999999999999,-0.008014306666666667
27,0.4249999999999998,1.5802193333333334e-06,0.4249999999999998,-0.007525966666666667
28,0.44999999999999984,1.7025893333333333e-06,0.44999999999999984,-0.007040933333333333
29,0.47499999999999987,1.8560646666666666e-06,0.47499999999999987,-0.006755813333333333
30,0.4999999999999998,2.05738e-06,0.4999999999999998,-0.006196078000000001
31,0.5249999999999998,2.3427e-06,0.5249999999999998,-0.005686332666666667
32,0.5499999999999998,2.765636e-06,0.5499999999999998,-0.005191032
33,0.5749999999999998,3.4285173333333337e-06,0.5749999999999998,-0.004703493333333334
34,0.5999999999999999,4.4953480000000005e-06,0.5999999999999999,-0.004230604
35,0.6249999999999998,6.242703333333333e-06,0.6249999999999998,-0.003767078666666667
36,0.6499999999999998,1.00043e-05,0.6499999999999998,-0.003316138666666667
37,0.6749999999999998,1.5207253333333336e-05,0.6749999999999998,-0.002879198
38,0.6999999999999997,2.2635953333333336e-05,0.6999999999999997,-0.0024614473333333334
39,0.7249999999999998,3.328348666666667e-05,0.7249999999999998,-0.0020641046666666665
40,0.7499999999999998,4.783568666666667e-05,0.7499999999999998,-0.0016910233333333334
41,0.7749999999999997,6.670193333333333e-05,0.7749999999999997,-0.001346256
42,0.7999999999999998,9.209746666666666e-05,0.7999999999999998,-0.0010318333333333334
43,0.8249999999999997,0.00011832173333333334,0.8249999999999997,-0.0007515973333333333
44,0.8499999999999996,0.000146982,0.8499999999999996,-0.0005337830666666667
45,0.8749999999999998,0.00017717193333333334,0.8749999999999998,-0.0003144490666666667
46,0.8999999999999997,0.00020808273333333335,0.8999999999999997,-0.00013203346666666667
47,0.9249999999999998,0.0002390140666666667,0.9249999999999998,-2.339652e-05
48,0.9499999999999997,0.000269693,0.9499999999999997,9.96814e-05
49,0.9749999999999996,0.0002998039333333333,0.9749999999999996,0.00021469333333333333
50,0.9999999999999998,0.00032960000000000004,0.9999999999999998,0.0003121406
51,1.0249999999999997,0.0003590614666666667,1.0249999999999997,0.0003980382666666667
52,1.0499999999999998,0.0003885055333333333,1.0499999999999998,0.00047798226666666667
53,1.0749999999999997,0.00041813566666666673,1.0749999999999997,0.0005553386666666667
54,1.0999999999999996,0.00044827340000000004,1.0999999999999996,0.0006331160666666667
55,1.1249999999999998,0.0004790584,1.1249999999999998,0.0007090373333333333
56,1.1499999999999997,0.0005108648,1.1499999999999997,0.000793904
57,1.1749999999999996,0.0005438426000000001,1.1749999999999996,0.0008822533333333333
58,1.1999999999999997,0.0005783722666666667,1.1999999999999997,0.0009758426666666667
59,1.2249999999999996,0.0006146125333333334,1.2249999999999996,0.001075294
