,mo2_2F_V_D,mo2_2F_J_D,mo2_2F_V_L,mo2_2F_J_L
0,-0.25,-1.0471746666666667e-06,-0.25,-0.0204201
1,-0.225,-4.950719333333334e-07,-0.225,-0.019935420000000002
2,-0.2,-2.528017333333334e-07,-0.2,-0.01936406666666667
3,-0.17500000000000002,-3.865968666666667e-08,-0.17500000000000002,-0.018795720000000002
4,-0.15000000000000002,1.0116813333333333e-07,-0.15000000000000002,-0.0182549
5,-0.12500000000000003,2.1287746666666668e-07,-0.12500000000000003,-0.017748406666666668
6,-0.10000000000000003,3.048234666666667e-07,-0.10000000000000003,-0.017258333333333334
7,-0.07500000000000004,3.831e-07,-0.07500000000000004,-0.016782546666666665
8,-0.050000000000000044,4.5296119999999996e-07,-0.050000000000000044,-0.016306026666666668
9,-0.02500000000000005,5.154653333333333e-07,-0.02500000000000005,-0.015846066666666665
10,-5.551115123125783e-17,5.662795333333334e-07,-5.551115123125783e-17,-0.015382273333333335
11,0.02499999999999991,6.255804666666667e-07,0.02499999999999991,-0.014918693333333333
12,0.04999999999999993,6.765053333333334e-07,0.04999999999999993,-0.014453286666666667
13,0.07499999999999996,7.244846666666667e-07,0.07499999999999996,-0.01398406
14,0.09999999999999992,7.717673333333333e-07,0.09999999999999992,-0.013518693333333333
15,0.12499999999999989,8.173293333333333e-07,0.12499999999999989,-0.013048366666666669
16,0.1499999999999999,8.618973333333333e-07,0.1499999999999999,-0.012577033333333335
17,0.17499999999999993,9.071886666666667e-07,0.17499999999999993,-0.012107053333333333
18,0.1999999999999999,9.526306666666667e-07,0.1999999999999999,-0.011635673333333334
19,0.22499999999999987,9.874966666666666e-07,0.22499999999999987,-0.011164226666666667
20,0.2499999999999999,1.0441866666666666e-06,0.2499999999999999,-0.010692160000000001
21,0.2749999999999999,1.096678e-06,0.2749999999999999,-0.0102121
22,0.2999999999999998,1.1513459999999999e-06,0.2999999999999998,-0.009739506666666667
23,0.32499999999999984,1.2111353333333334e-06,0.32499999999999984,-0.009263286666666667
24,0.34999999999999987,1.2742393333333334e-06,0.34999999999999987,-0.008786740000000001
25,0.3749999999999999,1.3445913333333333e-06,0.3749999999999999,-0.008310620000000001
26,0.3999999999999999,1.4240326666666668e-06,0.3999999999999999,-0.00783726
27,0.4249999999999998,1.516852e-06,0.4249999999999998,-0.007362206666666668
28,0.44999999999999984,1.6259746666666666e-06,0.44999999999999984,-0.006891613333333334
29,0.47499999999999987,1.7641473333333333e-06,0.47499999999999987,-0.006627793333333334
30,0.4999999999999998,1.9446e-06,0.4999999999999998,-0.006082163333333334
31,0.5249999999999998,2.1964e-06,0.5249999999999998,-0.005586328666666667
32,0.5499999999999998,2.567306e-06,0.5499999999999998,-0.005106252
33,0.5749999999999998,3.1452053333333335e-06,0.5749999999999998,-0.004633226000000001
34,0.5999999999999999,4.072284e-06,0.5999999999999999,-0.00417354
35,0.6249999999999998,5.5970380000000006e-06,0.6249999999999998,-0.003722708
36,0.6499999999999998,9.159353333333334e-06,0.6499999999999998,-0.0032835173333333333
37,0.6749999999999998,1.3957266666666666e-05,0.6749999999999998,-0.002855334
38,0.6999999999999997,2.0986726666666668e-05,0.6999999999999997,-0.0024443193333333335
39,0.7249999999999998,3.136932666666667e-05,0.7249999999999998,-0.0020515613333333335
40,0.7499999999999998,4.6061860000000004e-05,0.7499999999999998,-0.0016811993333333333
41,0.7749999999999997,6.58513e-05,0.7749999999999997,-0.0013353593333333333
42,0.7999999999999998,9.57206e-05,0.7999999999999998,-0.0010165393333333335
43,0.8249999999999997,0.00012559533333333334,0.8249999999999997,-0.0007301860000000001
44,0.8499999999999996,0.00015920046666666667,0.8499999999999996,-0.0005062276666666667
45,0.8749999999999998,0.0001953694,0.8749999999999998,-0.00027494793333333336
46,0.8999999999999997,0.00023294000000000003,0.8999999999999997,-7.903606666666667e-05
47,0.9249999999999998,0.0002707698,0.9249999999999998,8.661193333333334e-05
48,0.9499999999999997,0.00030828686666666666,0.9499999999999997,0.00022806380000000003
49,0.9749999999999996,0.0003448488666666667,0.9749999999999996,0.00034978866666666666
50,0.9999999999999998,0.0003807786,0.9999999999999998,0.0004588042
51,1.0249999999999997,0.00041598279999999996,1.0249999999999997,0.0005588840666666667
52,1.0499999999999998,0.00045091200000000004,1.0499999999999998,0.0006549104
53,1.0749999999999997,0.00048582880000000005,1.0749999999999997,0.0007381133333333334
54,1.0999999999999996,0.0005213048,1.0999999999999996,0.0008363640000000001
55,1.1249999999999998,0.0005575146,1.1249999999999998,0.0009360893333333335
56,1.1499999999999997,0.0005949552,1.1499999999999997,0.0010395613333333334
57,1.1749999999999996,0.0006338706666666668,1.1749999999999996,0.0011474626666666669
58,1.1999999999999997,0.0006747186666666667,1.1999999999999997,0.0012610940000000001
59,1.2249999999999996,0.0007298853333333334,1.2249999999999996,0.0013809266666666667
