,mo2_2R_V_D,mo2_2R_J_D,mo2_2R_V_L,mo2_2R_J_L
0,1.25,0.001241624,1.25,0.0029876286666666667
1,1.225,0.0011904046666666667,1.225,0.0027498113333333336
2,1.2000000000000002,0.0011214686666666668,1.2000000000000002,0.002524108666666667
3,1.1750000000000003,0.0010514733333333334,1.1750000000000003,0.002304492
4,1.1500000000000004,0.0009811373333333334,1.1500000000000004,0.0020880900000000003
5,1.1250000000000004,0.0009094666666666667,1.1250000000000004,0.0018744006666666668
6,1.1000000000000005,0.0008347900000000001,1.1000000000000005,0.0016613106666666668
7,1.0750000000000006,0.0007562833333333333,1.0750000000000006,0.0014479166666666666
8,1.0500000000000007,0.000672912,1.0500000000000007,0.0012304086666666666
9,1.0250000000000008,0.0005784013333333334,1.0250000000000008,0.0010047346666666667
10,1.0000000000000009,0.0004885708000000001,1.0000000000000009,0.0007630486666666666
11,0.975000000000001,0.0003978434666666667,0.975000000000001,0.00048235860000000005
12,0.9500000000000011,0.0003115242666666667,0.9500000000000011,0.00017605306666666667
13,0.9250000000000012,0.00023536260000000002,0.9250000000000012,-0.00017415506666666668
14,0.9000000000000012,0.00017279533333333335,0.9000000000000012,-0.0005781240666666666
15,0.8750000000000013,0.0001245254,0.8750000000000013,-0.0010880893333333334
16,0.8500000000000014,8.862093333333334e-05,0.8500000000000014,-0.0016152766666666669
17,0.8250000000000015,6.090964666666667e-05,0.8250000000000015,-0.00219258
18,0.8000000000000016,4.286012666666667e-05,0.8000000000000016,-0.002816921333333333
19,0.7750000000000017,2.9546706666666666e-05,0.7750000000000017,-0.003478868666666667
20,0.7500000000000018,1.9950233333333334e-05,0.7500000000000018,-0.004174258
21,0.7250000000000019,1.3019993333333333e-05,0.7250000000000019,-0.004896656666666667
22,0.700000000000002,7.944813333333333e-06,0.700000000000002,-0.005638296
23,0.675000000000002,4.749996666666667e-06,0.675000000000002,-0.0063976093333333334
24,0.6500000000000021,1.4265306666666667e-06,0.6500000000000021,-0.007151393333333334
25,0.6250000000000022,-1.0029053333333334e-06,0.6250000000000022,-0.007932326666666666
26,0.6000000000000023,-2.954966e-06,0.6000000000000023,-0.00870798
27,0.5750000000000024,-4.572942e-06,0.5750000000000024,-0.009484733333333334
28,0.5500000000000025,-5.919439333333334e-06,0.5500000000000025,-0.010244653333333334
29,0.5250000000000026,-6.973e-06,0.5250000000000026,-0.010997306666666666
30,0.5000000000000027,-6.1405833333333334e-06,0.5000000000000027,-0.011733113333333335
31,0.47500000000000275,-7.380546666666668e-06,0.47500000000000275,-0.01244968
32,0.45000000000000284,-8.160553333333334e-06,0.45000000000000284,-0.013143759999999999
33,0.42500000000000293,-8.759933333333334e-06,0.42500000000000293,-0.013816146666666668
34,0.400000000000003,-9.223213333333334e-06,0.400000000000003,-0.01445910666666667
35,0.3750000000000031,-9.578966666666666e-06,0.3750000000000031,-0.015078500000000002
36,0.3500000000000032,-9.838433333333334e-06,0.3500000000000032,-0.015657033333333334
37,0.3250000000000033,-1.0027066666666668e-05,0.3250000000000033,-0.016206253333333333
38,0.3000000000000034,-1.01464e-05,0.3000000000000034,-0.016717473333333333
39,0.27500000000000346,-1.0212000000000001e-05,0.27500000000000346,-0.0171888
40,0.25000000000000355,-1.023172e-05,0.25000000000000355,-0.017629013333333336
41,0.22500000000000364,-1.0148686666666668e-05,0.22500000000000364,-0.018017333333333333
42,0.20000000000000373,-1.013624e-05,0.20000000000000373,-0.018380173333333336
43,0.17500000000000382,-1.0063986666666667e-05,0.17500000000000382,-0.018704266666666667
44,0.1500000000000039,-9.965e-06,0.1500000000000039,-0.0189949
45,0.125000000000004,-9.842940000000001e-06,0.125000000000004,-0.019251146666666667
46,0.10000000000000409,-9.702046666666667e-06,0.10000000000000409,-0.01947494666666667
47,0.07500000000000417,-9.543106666666668e-06,0.07500000000000417,-0.019667740000000003
48,0.05000000000000426,-9.368406666666668e-06,0.05000000000000426,-0.019841993333333335
49,0.025000000000004352,-9.182486666666667e-06,0.025000000000004352,-0.019985806666666668
50,4.440892098500626e-15,-8.978746666666668e-06,4.440892098500626e-15,-0.020111033333333334
51,-0.02499999999999547,-8.775046666666667e-06,-0.02499999999999547,-0.020218106666666666
52,-0.04999999999999538,-8.565346666666668e-06,-0.04999999999999538,-0.02031058
53,-0.07499999999999529,-8.353766666666668e-06,-0.07499999999999529,-0.02039076
54,-0.0999999999999952,-8.14238e-06,-0.0999999999999952,-0.02045654666666667
55,-0.12499999999999512,-7.935213333333334e-06,-0.12499999999999512,-0.020514006666666668
56,-0.14999999999999503,-7.7346e-06,-0.14999999999999503,-0.020563853333333337
57,-0.17499999999999494,-7.5446066666666674e-06,-0.17499999999999494,-0.02060504
58,-0.19999999999999485,-7.307360000000001e-06,-0.19999999999999485,-0.020639593333333334
59,-0.22499999999999476,-7.175966666666667e-06,-0.22499999999999476,-0.0206714
