,mo2_2F_V_D,mo2_2F_J_D,mo2_2F_V_L,mo2_2F_J_L
0,-0.25,-4.5619513333333335e-07,-0.25,-0.020531653333333337
1,-0.225,-1.2177673333333333e-07,-0.225,-0.020247420000000002
2,-0.2,-1.66148e-08,-0.2,-0.019871520000000004
3,-0.17500000000000002,7.987819999999999e-08,-0.17500000000000002,-0.01943794
4,-0.15000000000000002,1.3426406666666667e-07,-0.15000000000000002,-0.01899612666666667
5,-0.12500000000000003,1.7606473333333335e-07,-0.12500000000000003,-0.018556886666666668
6,-0.10000000000000003,2.116890666666667e-07,-0.10000000000000003,-0.0181258
7,-0.07500000000000004,2.434901333333334e-07,-0.07500000000000004,-0.017706620000000003
8,-0.050000000000000044,2.73598e-07,-0.050000000000000044,-0.017285513333333332
9,-0.02500000000000005,3.0510993333333333e-07,-0.02500000000000005,-0.01686156
10,-5.551115123125783e-17,3.209606e-07,-5.551115123125783e-17,-0.016437226666666666
11,0.02499999999999991,3.7403980000000005e-07,0.02499999999999991,-0.0160093
12,0.04999999999999993,4.1612173333333334e-07,0.04999999999999993,-0.015580960000000001
13,0.07499999999999996,4.6194953333333333e-07,0.07499999999999996,-0.015142193333333333
14,0.09999999999999992,5.114472666666666e-07,0.09999999999999992,-0.01469342
15,0.12499999999999989,5.634964666666667e-07,0.12499999999999989,-0.014243866666666667
16,0.1499999999999999,6.194613333333334e-07,0.1499999999999999,-0.013784600000000001
17,0.17499999999999993,6.770093333333334e-07,0.17499999999999993,-0.013321000000000001
18,0.1999999999999999,7.35586e-07,0.1999999999999999,-0.012853866666666667
19,0.22499999999999987,7.857233333333333e-07,0.22499999999999987,-0.01237686
20,0.2499999999999999,8.56378e-07,0.2499999999999999,-0.011892766666666667
21,0.2749999999999999,9.21828e-07,0.2749999999999999,-0.01140558
22,0.2999999999999998,9.889133333333332e-07,0.2999999999999998,-0.010908966666666667
23,0.32499999999999984,1.0590713333333333e-06,0.32499999999999984,-0.010411233333333334
24,0.34999999999999987,1.1303346666666666e-06,0.34999999999999987,-0.009903586666666667
25,0.3749999999999999,1.2083686666666666e-06,0.3749999999999999,-0.009393380000000002
26,0.3999999999999999,1.292988e-06,0.3999999999999999,-0.008881693333333333
27,0.4249999999999998,1.3906046666666667e-06,0.4249999999999998,-0.0083651
28,0.44999999999999984,1.5071826666666666e-06,0.44999999999999984,-0.007847966666666668
29,0.47499999999999987,1.6560233333333335e-06,0.47499999999999987,-0.007329973333333333
30,0.4999999999999998,1.8560233333333334e-06,0.4999999999999998,-0.006811826666666667
31,0.5249999999999998,2.1435826666666667e-06,0.5249999999999998,-0.006473606666666667
32,0.5499999999999998,2.5697319999999998e-06,0.5499999999999998,-0.005893544
33,0.5749999999999998,3.2280413333333335e-06,0.5749999999999998,-0.005356656
34,0.5999999999999999,4.2564813333333335e-06,0.5999999999999999,-0.004835779333333333
35,0.6249999999999998,5.880696e-06,0.6249999999999998,-0.004328263333333334
36,0.6499999999999998,8.773406666666667e-06,0.6499999999999998,-0.0038357386666666667
37,0.6749999999999998,1.3224526666666666e-05,0.6749999999999998,-0.00335884
38,0.6999999999999997,1.9347033333333333e-05,0.6999999999999997,-0.0029012973333333333
39,0.7249999999999998,2.7996360000000002e-05,0.7249999999999998,-0.002465828666666667
40,0.7499999999999998,3.974886666666667e-05,0.7499999999999998,-0.002056400666666667
41,0.7749999999999997,5.502325333333334e-05,0.7749999999999997,-0.0016759700000000002
42,0.7999999999999998,7.406893333333335e-05,0.7999999999999998,-0.001326988
43,0.8249999999999997,9.615373333333333e-05,0.8249999999999997,-0.0010135413333333333
44,0.8499999999999996,0.0001208138,0.8499999999999996,-0.0007359293333333333
45,0.8749999999999998,0.00014755186666666668,0.8749999999999998,-0.0005223085333333334
46,0.8999999999999997,0.0001757028,0.8999999999999997,-0.0003123812666666667
47,0.9249999999999998,0.00020459273333333332,0.9249999999999998,-0.00014013006666666668
48,0.9499999999999997,0.00023396886666666666,0.9499999999999997,-2.635436e-05
49,0.9749999999999996,0.000263414,0.9749999999999996,8.530020000000001e-05
50,0.9999999999999998,0.0002931812,0.9999999999999998,0.00018992059999999999
51,1.0249999999999997,0.0003232167333333334,1.0249999999999997,0.0002783160666666667
52,1.0499999999999998,0.000353816,1.0499999999999998,0.00035727700000000003
53,1.0749999999999997,0.00038516,1.0749999999999997,0.00043138780000000004
54,1.0999999999999996,0.00041760146666666666,1.0999999999999996,0.0005043884666666667
55,1.1249999999999998,0.00045122620000000006,1.1249999999999998,0.0005782508
56,1.1499999999999997,0.00048635740000000006,1.1499999999999997,0.0006549792
57,1.1749999999999996,0.0005232035333333334,1.1749999999999996,0.000736504
58,1.1999999999999997,0.0005620611333333333,1.1999999999999997,0.0008236340000000001
59,1.2249999999999996,0.0006030384666666666,1.2249999999999996,0.0009160880000000001
