,mo2_2R_V_D,mo2_2R_J_D,mo2_2R_V_L,mo2_2R_J_L
0,1.25,0.0015504606666666668,1.25,0.004363348
1,1.225,0.001535506,1.225,0.004007005333333333
2,1.2000000000000002,0.0014774853333333333,1.2000000000000002,0.0036690573333333335
3,1.1750000000000003,0.0014051306666666666,1.1750000000000003,0.003341543333333334
4,1.1500000000000004,0.0013228273333333333,1.1500000000000004,0.0030190893333333336
5,1.1250000000000004,0.0012317666666666668,1.1250000000000004,0.002699759333333333
6,1.1000000000000005,0.0011315133333333334,1.1000000000000005,0.002379641333333333
7,1.0750000000000006,0.0010223246666666668,1.0750000000000006,0.0020571833333333333
8,1.0500000000000007,0.0009042273333333333,1.0500000000000007,0.0017261373333333334
9,1.0250000000000008,0.000778876,1.0250000000000008,0.001381206
10,1.0000000000000009,0.0006395692666666667,1.0000000000000009,0.0010130353333333334
11,0.975000000000001,0.000515047,0.975000000000001,0.0005988068666666666
12,0.9500000000000011,0.00039645953333333333,0.9500000000000011,0.00015572213333333334
13,0.9250000000000012,0.00029397093333333337,0.9250000000000012,-0.00032672260000000004
14,0.9000000000000012,0.00021171299999999998,0.9000000000000012,-0.0008952773333333334
15,0.8750000000000013,0.0001501354,0.8750000000000013,-0.0014768679999999999
16,0.8500000000000014,0.00010578886666666668,0.8500000000000014,-0.0020980046666666664
17,0.8250000000000015,7.479740000000001e-05,0.8250000000000015,-0.0027527673333333333
18,0.8000000000000016,5.188718666666667e-05,0.8000000000000016,-0.0034391706666666673
19,0.7750000000000017,3.768596666666667e-05,0.7750000000000017,-0.004148758666666667
20,0.7500000000000018,2.7540413333333337e-05,0.7500000000000018,-0.004878851333333334
21,0.7250000000000019,2.0303633333333333e-05,0.7250000000000019,-0.005624355333333333
22,0.700000000000002,1.5041226666666668e-05,0.700000000000002,-0.006379117333333333
23,0.675000000000002,1.1066793333333334e-05,0.675000000000002,-0.00711002
24,0.6500000000000021,7.976253333333335e-06,0.6500000000000021,-0.007887553333333333
25,0.6250000000000022,6.09879e-06,0.6250000000000022,-0.008661746666666668
26,0.6000000000000023,3.735504666666667e-06,0.6000000000000023,-0.009427326666666668
27,0.5750000000000024,1.954322666666667e-06,0.5750000000000024,-0.01018234
28,0.5500000000000025,4.7604973333333337e-07,0.5500000000000025,-0.01092248
29,0.5250000000000026,-7.760166666666667e-07,0.5250000000000026,-0.011648173333333333
30,0.5000000000000027,-1.8347986666666668e-06,0.5000000000000027,-0.012358233333333335
31,0.47500000000000275,-2.7271706666666666e-06,0.47500000000000275,-0.013041153333333333
32,0.45000000000000284,-3.4683186666666667e-06,0.45000000000000284,-0.013697626666666667
33,0.42500000000000293,-4.083728e-06,0.42500000000000293,-0.014337286666666667
34,0.400000000000003,-4.578256e-06,0.400000000000003,-0.014946540000000001
35,0.3750000000000031,-4.972058666666667e-06,0.3750000000000031,-0.01551444666666667
36,0.3500000000000032,-5.276172666666667e-06,0.3500000000000032,-0.016051633333333336
37,0.3250000000000033,-5.5085240000000005e-06,0.3250000000000033,-0.01655646
38,0.3000000000000034,-5.671132e-06,0.3000000000000034,-0.017022446666666666
39,0.27500000000000346,-5.785982e-06,0.27500000000000346,-0.017457513333333334
40,0.25000000000000355,-5.856222666666666e-06,0.25000000000000355,-0.017856626666666667
41,0.22500000000000364,-5.810633333333333e-06,0.22500000000000364,-0.018203360000000002
42,0.20000000000000373,-5.866399333333333e-06,0.20000000000000373,-0.018532040000000003
43,0.17500000000000382,-5.851908e-06,0.17500000000000382,-0.018826966666666667
44,0.1500000000000039,-5.814759333333333e-06,0.1500000000000039,-0.019087279999999998
45,0.125000000000004,-5.764372e-06,0.125000000000004,-0.01931634
46,0.10000000000000409,-5.696791333333334e-06,0.10000000000000409,-0.019518133333333333
47,0.07500000000000417,-5.6173466666666675e-06,0.07500000000000417,-0.019703126666666668
48,0.05000000000000426,-5.530781333333333e-06,0.05000000000000426,-0.01985628
49,0.025000000000004352,-5.433156e-06,0.025000000000004352,-0.01998868666666667
50,4.440892098500626e-15,-5.32213e-06,4.440892098500626e-15,-0.02010534
51,-0.02499999999999547,-5.212826e-06,-0.02499999999999547,-0.02020744
52,-0.04999999999999538,-5.093544e-06,-0.04999999999999538,-0.020291853333333335
53,-0.07499999999999529,-4.9653000000000006e-06,-0.07499999999999529,-0.02036886666666667
54,-0.0999999999999952,-4.834065333333334e-06,-0.0999999999999952,-0.020432306666666667
55,-0.12499999999999512,-4.696239333333333e-06,-0.12499999999999512,-0.020490093333333334
56,-0.14999999999999503,-4.553090666666667e-06,-0.14999999999999503,-0.0205381
57,-0.17499999999999494,-4.40431e-06,-0.17499999999999494,-0.02057782666666667
58,-0.19999999999999485,-4.226337333333334e-06,-0.19999999999999485,-0.020609606666666665
59,-0.22499999999999476,-4.086267333333333e-06,-0.22499999999999476,-0.02064243333333333
