,mo2_2F_V_D,mo2_2F_J_D,mo2_2F_V_L,mo2_2F_J_L
0,-0.25,-1.1727726666666668e-06,-0.25,-0.020412093333333332
1,-0.225,-5.985432666666667e-07,-0.225,-0.0198455
2,-0.2,-3.4282133333333337e-07,-0.2,-0.019205653333333336
3,-0.17500000000000002,-1.0129180000000001e-07,-0.17500000000000002,-0.01859482
4,-0.15000000000000002,5.971597333333334e-08,-0.15000000000000002,-0.018040753333333333
5,-0.12500000000000003,1.8913253333333333e-07,-0.12500000000000003,-0.017518233333333334
6,-0.10000000000000003,2.968271333333333e-07,-0.10000000000000003,-0.017013006666666667
7,-0.07500000000000004,3.9018713333333336e-07,-0.07500000000000004,-0.01652396
8,-0.050000000000000044,4.7120273333333335e-07,-0.050000000000000044,-0.016045686666666666
9,-0.02500000000000005,5.426759333333334e-07,-0.02500000000000005,-0.015566686666666668
10,-5.551115123125783e-17,6.020941333333333e-07,-5.551115123125783e-17,-0.015090013333333334
11,0.02499999999999991,6.67398e-07,0.02499999999999991,-0.014616500000000001
12,0.04999999999999993,7.229613333333333e-07,0.04999999999999993,-0.014141173333333333
13,0.07499999999999996,7.750106666666667e-07,0.07499999999999996,-0.01366818
14,0.09999999999999992,8.239973333333333e-07,0.09999999999999992,-0.013196826666666666
15,0.12499999999999989,8.72792e-07,0.12499999999999989,-0.012725813333333334
16,0.1499999999999999,9.202580000000001e-07,0.1499999999999999,-0.01225002
17,0.17499999999999993,9.671993333333333e-07,0.17499999999999993,-0.011782146666666667
18,0.1999999999999999,1.0157946666666666e-06,0.1999999999999999,-0.011316893333333333
19,0.22499999999999987,1.0547646666666666e-06,0.22499999999999987,-0.010849426666666667
20,0.2499999999999999,1.1132e-06,0.2499999999999999,-0.01038556
21,0.2749999999999999,1.166956e-06,0.2749999999999999,-0.009919253333333333
22,0.2999999999999998,1.222788e-06,0.2999999999999998,-0.009453860000000001
23,0.32499999999999984,1.2818806666666667e-06,0.32499999999999984,-0.008990873333333335
24,0.34999999999999987,1.3436793333333336e-06,0.34999999999999987,-0.008529700000000001
25,0.3749999999999999,1.412582e-06,0.3749999999999999,-0.00807022
26,0.3999999999999999,1.488576e-06,0.3999999999999999,-0.007616693333333333
27,0.4249999999999998,1.576822e-06,0.4249999999999998,-0.007161493333333333
28,0.44999999999999984,1.6818626666666666e-06,0.44999999999999984,-0.006709973333333333
29,0.47499999999999987,1.812978e-06,0.47499999999999987,-0.0064723413333333335
30,0.4999999999999998,1.9837326666666665e-06,0.4999999999999998,-0.005945872666666667
31,0.5249999999999998,2.2226586666666667e-06,0.5249999999999998,-0.0054714713333333335
32,0.5499999999999998,2.57383e-06,0.5499999999999998,-0.005012217333333333
33,0.5749999999999998,3.123908e-06,0.5749999999999998,-0.0045617033333333334
34,0.5999999999999999,4.016709333333334e-06,0.5999999999999999,-0.004120710666666667
35,0.6249999999999998,5.502375333333334e-06,0.6249999999999998,-0.0036866766666666666
36,0.6499999999999998,9.297866666666668e-06,0.6499999999999998,-0.003261736
37,0.6749999999999998,1.4209546666666667e-05,0.6749999999999998,-0.002846064666666667
38,0.6999999999999997,2.1591360000000002e-05,0.6999999999999997,-0.0024425113333333332
39,0.7249999999999998,3.278876666666667e-05,0.7249999999999998,-0.0020519433333333332
40,0.7499999999999998,4.9163093333333334e-05,0.7499999999999998,-0.0016777406666666668
41,0.7749999999999997,7.901966666666666e-05,0.7749999999999997,-0.0013219413333333335
42,0.7999999999999998,0.0001098348,0.7999999999999998,-0.0009884400000000002
43,0.8249999999999997,0.0001475528666666667,0.8249999999999997,-0.0006785426666666666
44,0.8499999999999996,0.00019173966666666668,0.8499999999999996,-0.0004320161333333333
45,0.8749999999999998,0.00024049313333333332,0.8749999999999998,-0.00016269786666666666
46,0.8999999999999997,0.0002918188,0.8999999999999997,7.513740000000001e-05
47,0.9249999999999998,0.0003435808,0.9249999999999998,0.00028638953333333335
48,0.9499999999999997,0.0003944229333333333,0.9499999999999997,0.0004760808
49,0.9749999999999996,0.00044325726666666674,0.9749999999999996,0.0006476240000000001
50,0.9999999999999998,0.0004903644,0.9999999999999998,0.0007841646666666667
51,1.0249999999999997,0.0005359308666666667,1.0249999999999997,0.0009404053333333334
52,1.0499999999999998,0.0005807958666666668,1.0499999999999998,0.0010907100000000002
53,1.0749999999999997,0.0006256338666666667,1.0749999999999997,0.0012391226666666668
54,1.0999999999999996,0.0006714140000000001,1.0999999999999996,0.0013887853333333334
55,1.1249999999999998,0.00072915,1.1249999999999998,0.0015407846666666667
56,1.1499999999999997,0.0007784173333333334,1.1499999999999997,0.0016972946666666665
57,1.1749999999999996,0.0008312366666666668,1.1749999999999996,0.0018583553333333335
58,1.1999999999999997,0.0008877606666666667,1.1999999999999997,0.002025680666666667
59,1.2249999999999996,0.0009478526666666668,1.2249999999999996,0.0021997693333333334
