,mo2_2F_V_D,mo2_2F_J_D,mo2_2F_V_L,mo2_2F_J_L
0,-0.25,-4.077249333333333e-07,-0.25,-0.020529753333333334
1,-0.225,-1.0308093333333334e-07,-0.225,-0.020248526666666666
2,-0.2,-9.432106666666667e-09,-0.2,-0.0198779
3,-0.17500000000000002,7.802273333333335e-08,-0.17500000000000002,-0.019453353333333336
4,-0.15000000000000002,1.2813306666666668e-07,-0.15000000000000002,-0.01901624
5,-0.12500000000000003,1.6675946666666667e-07,-0.12500000000000003,-0.018578586666666667
6,-0.10000000000000003,1.9863946666666666e-07,-0.10000000000000003,-0.018151013333333334
7,-0.07500000000000004,2.2763486666666668e-07,-0.07500000000000004,-0.01773014666666667
8,-0.050000000000000044,2.550587333333333e-07,-0.050000000000000044,-0.017310946666666667
9,-0.02500000000000005,2.827928e-07,-0.02500000000000005,-0.016889673333333334
10,-5.551115123125783e-17,2.954756666666667e-07,-5.551115123125783e-17,-0.016470893333333337
11,0.02499999999999991,3.4685246666666666e-07,0.02499999999999991,-0.0160398
12,0.04999999999999993,3.8682666666666666e-07,0.04999999999999993,-0.015607820000000001
13,0.07499999999999996,4.3067873333333335e-07,0.07499999999999996,-0.01517042
14,0.09999999999999992,4.798024666666667e-07,0.09999999999999992,-0.014728553333333333
15,0.12499999999999989,5.323532e-07,0.12499999999999989,-0.014275606666666668
16,0.1499999999999999,5.875236666666667e-07,0.1499999999999999,-0.01381722
17,0.17499999999999993,6.459559333333334e-07,0.17499999999999993,-0.013351680000000001
18,0.1999999999999999,7.064886666666667e-07,0.1999999999999999,-0.012878786666666668
19,0.22499999999999987,7.586733333333334e-07,0.22499999999999987,-0.012404626666666667
20,0.2499999999999999,8.29332e-07,0.2499999999999999,-0.011922733333333334
21,0.2749999999999999,8.96238e-07,0.2749999999999999,-0.011430786666666666
22,0.2999999999999998,9.635053333333334e-07,0.2999999999999998,-0.010935326666666667
23,0.32499999999999984,1.0337046666666667e-06,0.32499999999999984,-0.010434140000000001
24,0.34999999999999987,1.1058246666666666e-06,0.34999999999999987,-0.009929473333333334
25,0.3749999999999999,1.183802e-06,0.3749999999999999,-0.009416806666666666
26,0.3999999999999999,1.2679173333333334e-06,0.3999999999999999,-0.00890484
27,0.4249999999999998,1.366956e-06,0.4249999999999998,-0.00838534
28,0.44999999999999984,1.4843873333333333e-06,0.44999999999999984,-0.007867413333333335
29,0.47499999999999987,1.6349473333333334e-06,0.47499999999999987,-0.007347846666666667
30,0.4999999999999998,1.8407753333333333e-06,0.4999999999999998,-0.006828353333333333
31,0.5249999999999998,2.1347546666666666e-06,0.5249999999999998,-0.006488276666666667
32,0.5499999999999998,2.5701693333333333e-06,0.5499999999999998,-0.0059082073333333335
33,0.5749999999999998,3.241934e-06,0.5749999999999998,-0.00536907
34,0.5999999999999999,4.284196e-06,0.5999999999999999,-0.004848982000000001
35,0.6249999999999998,5.921366e-06,0.6249999999999998,-0.004342006000000001
36,0.6499999999999998,8.774273333333334e-06,0.6499999999999998,-0.0038488486666666665
37,0.6749999999999998,1.318998e-05,0.6749999999999998,-0.0033712913333333334
38,0.6999999999999997,1.924068e-05,0.6999999999999997,-0.0029133286666666665
39,0.7249999999999998,2.7761713333333334e-05,0.7249999999999998,-0.002477416666666667
40,0.7499999999999998,3.932257333333334e-05,0.7499999999999998,-0.002067695333333333
41,0.7749999999999997,5.434074000000001e-05,0.7749999999999997,-0.0016868380000000002
42,0.7999999999999998,7.281086666666667e-05,0.7999999999999998,-0.0013377013333333335
43,0.8249999999999997,9.456726666666667e-05,0.8249999999999997,-0.0010239333333333335
44,0.8499999999999996,0.00011895706666666667,0.8499999999999996,-0.0007463653333333333
45,0.8749999999999998,0.0001454368,0.8749999999999998,-0.0005319257333333333
46,0.8999999999999997,0.00017335326666666667,0.8999999999999997,-0.00032146340000000005
47,0.9249999999999998,0.00020208366666666668,0.9249999999999998,-0.0001486914
48,0.9499999999999997,0.00023129919999999998,0.9499999999999997,-1.7585993333333335e-05
49,0.9749999999999996,0.0002606336,0.9749999999999996,8.833013333333334e-05
50,0.9999999999999998,0.00029029513333333335,0.9999999999999998,0.00019039273333333332
51,1.0249999999999997,0.000320241,1.0249999999999997,0.00027686033333333335
52,1.0499999999999998,0.00035077553333333334,1.0499999999999998,0.00035426366666666665
53,1.0749999999999997,0.00038206519999999997,1.0749999999999997,0.00042700273333333335
54,1.0999999999999996,0.0004144660666666667,1.0999999999999996,0.0004986914666666667
55,1.1249999999999998,0.00044807040000000004,1.1249999999999998,0.0005712430666666667
56,1.1499999999999997,0.00048322640000000004,1.1499999999999997,0.0006466085333333333
57,1.1749999999999996,0.0005200586000000001,1.1749999999999996,0.0007262226666666666
58,1.1999999999999997,0.0005589016000000001,1.1999999999999997,0.0008117706666666667
59,1.2249999999999996,0.0005999041333333334,1.2249999999999996,0.0009025846666666666
