,mo2_2F_V_D,mo2_2F_J_D,mo2_2F_V_L,mo2_2F_J_L
0,-0.25,-1.1741746666666667e-06,-0.25,-0.02056628
1,-0.225,-5.910012666666667e-07,-0.225,-0.02013672
2,-0.2,-3.3204700000000004e-07,-0.2,-0.019591873333333336
3,-0.17500000000000002,-9.035360000000001e-08,-0.17500000000000002,-0.0190476
4,-0.15000000000000002,6.938646666666667e-08,-0.15000000000000002,-0.01853450666666667
5,-0.12500000000000003,1.9706553333333335e-07,-0.12500000000000003,-0.018045813333333334
6,-0.10000000000000003,3.046873333333334e-07,-0.10000000000000003,-0.017577766666666668
7,-0.07500000000000004,3.965003333333333e-07,-0.07500000000000004,-0.017120973333333334
8,-0.050000000000000044,4.7621760000000004e-07,-0.050000000000000044,-0.01666128
9,-0.02500000000000005,5.484540666666666e-07,-0.02500000000000005,-0.016211673333333333
10,-5.551115123125783e-17,6.064726000000001e-07,-5.551115123125783e-17,-0.0157583
11,0.02499999999999991,6.720393333333333e-07,0.02499999999999991,-0.01530126
12,0.04999999999999993,7.279846666666667e-07,0.04999999999999993,-0.014837666666666667
13,0.07499999999999996,7.804880000000001e-07,0.07499999999999996,-0.014384633333333332
14,0.09999999999999992,8.304753333333333e-07,0.09999999999999992,-0.013923060000000001
15,0.12499999999999989,8.792013333333334e-07,0.12499999999999989,-0.013459680000000002
16,0.1499999999999999,9.271733333333333e-07,0.1499999999999999,-0.012992733333333334
17,0.17499999999999993,9.745386666666666e-07,0.17499999999999993,-0.012526853333333334
18,0.1999999999999999,1.023408e-06,0.1999999999999999,-0.012053913333333334
19,0.22499999999999987,1.0626773333333333e-06,0.22499999999999987,-0.011588913333333334
20,0.2499999999999999,1.1219006666666667e-06,0.2499999999999999,-0.011118486666666667
21,0.2749999999999999,1.1772993333333335e-06,0.2749999999999999,-0.01064312
22,0.2999999999999998,1.2343740000000001e-06,0.2999999999999998,-0.010171786666666667
23,0.32499999999999984,1.2953313333333335e-06,0.32499999999999984,-0.009696893333333333
24,0.34999999999999987,1.3600106666666669e-06,0.34999999999999987,-0.009221946666666666
25,0.3749999999999999,1.4314373333333335e-06,0.3749999999999999,-0.008741933333333334
26,0.3999999999999999,1.5100653333333334e-06,0.3999999999999999,-0.008268880000000001
27,0.4249999999999998,1.6028573333333334e-06,0.4249999999999998,-0.00779526
28,0.44999999999999984,1.711578e-06,0.44999999999999984,-0.0073217333333333336
29,0.47499999999999987,1.8470026666666666e-06,0.47499999999999987,-0.006849633333333334
30,0.4999999999999998,2.024356e-06,0.4999999999999998,-0.006594372000000001
31,0.5249999999999998,2.2700853333333334e-06,0.5249999999999998,-0.006040746666666667
32,0.5499999999999998,2.6303573333333333e-06,0.5499999999999998,-0.005539984
33,0.5749999999999998,3.194252e-06,0.5749999999999998,-0.0050515280000000004
34,0.5999999999999999,4.103228666666667e-06,0.5999999999999999,-0.004576570666666667
35,0.6249999999999998,5.608714666666666e-06,0.6249999999999998,-0.004110282666666667
36,0.6499999999999998,9.330386666666668e-06,0.6499999999999998,-0.003652060666666667
37,0.6749999999999998,1.4230733333333334e-05,0.6749999999999998,-0.0032036346666666667
38,0.6999999999999997,2.1538793333333335e-05,0.6999999999999997,-0.0027679353333333336
39,0.7249999999999998,3.254355333333333e-05,0.7249999999999998,-0.002346178
40,0.7499999999999998,4.850714666666667e-05,0.7499999999999998,-0.0019424633333333333
41,0.7749999999999997,7.663460000000001e-05,0.7749999999999997,-0.0015603026666666667
42,0.7999999999999998,0.0001060832,0.7999999999999998,-0.0012010033333333333
43,0.8249999999999997,0.0001419584,0.8249999999999997,-0.0008695966666666667
44,0.8499999999999996,0.0001839706,0.8499999999999996,-0.0006075524666666667
45,0.8749999999999998,0.00023052846666666668,0.8749999999999998,-0.00032317573333333333
46,0.8999999999999997,0.00028003166666666667,0.8999999999999997,-7.471780000000001e-05
47,0.9249999999999998,0.00033072900000000004,0.9249999999999998,0.00014252039999999998
48,0.9499999999999997,0.0003814878666666667,0.9499999999999997,0.00033416580000000004
49,0.9749999999999996,0.0004312722666666667,0.9749999999999996,0.000503923
50,0.9999999999999998,0.00048030073333333337,0.9999999999999998,0.0006588832
51,1.0249999999999997,0.0005285516,1.0249999999999997,0.0007822106666666667
52,1.0499999999999998,0.0005766864666666668,1.0499999999999998,0.000924966
53,1.0749999999999997,0.0006252059333333334,1.0749999999999997,0.0010639853333333335
54,1.0999999999999996,0.0006749433333333334,1.0999999999999996,0.0012035166666666667
55,1.1249999999999998,0.0007366240000000001,1.1249999999999998,0.0013450653333333335
56,1.1499999999999997,0.0007900413333333333,1.1499999999999997,0.0014909453333333334
57,1.1749999999999996,0.0008470873333333333,1.1749999999999996,0.001641764666666667
58,1.1999999999999997,0.0009077746666666667,1.1999999999999997,0.0017987626666666665
59,1.2249999999999996,0.0009721220000000001,1.2249999999999996,0.001962588
