,mo2_2R_V_D,mo2_2R_J_D,mo2_2R_V_L,mo2_2R_J_L
0,1.25,0.0019978853333333336,1.25,0.0025629013333333334
1,1.225,0.0019326439999999999,1.225,0.00225961
2,1.2000000000000002,0.0018063266666666666,1.2000000000000002,0.001962451333333333
3,1.1750000000000003,0.0016568693333333332,1.1750000000000003,0.0016684033333333333
4,1.1500000000000004,0.001495426,1.1500000000000004,0.001373262
5,1.1250000000000004,0.0013287406666666669,1.1250000000000004,0.001073736
6,1.1000000000000005,0.0011601580000000001,1.1000000000000005,0.0007624206666666666
7,1.0750000000000006,0.000994068,1.0750000000000006,0.00042475060000000004
8,1.0500000000000007,0.0008320586666666666,1.0500000000000007,6.932686666666668e-05
9,1.0250000000000008,0.000677974,1.0250000000000008,-0.0003155864
10,1.0000000000000009,0.0005317717333333334,1.0000000000000009,-0.000757642
11,0.975000000000001,0.00040669813333333335,0.975000000000001,-0.0012201686666666667
12,0.9500000000000011,0.00029881806666666666,0.9500000000000011,-0.0017209746666666669
13,0.9250000000000012,0.00021133073333333332,0.9250000000000012,-0.0022589373333333335
14,0.9000000000000012,0.0001441014,0.9000000000000012,-0.002831672
15,0.8750000000000013,9.5254e-05,0.8750000000000013,-0.0034331046666666665
16,0.8500000000000014,6.31602e-05,0.8500000000000014,-0.0040668526666666665
17,0.8250000000000015,3.9314980000000004e-05,0.8250000000000015,-0.004714714666666667
18,0.8000000000000016,2.49022e-05,0.8000000000000016,-0.005389164666666666
19,0.7750000000000017,1.5624339999999998e-05,0.7750000000000017,-0.006080869333333333
20,0.7500000000000018,9.533373333333334e-06,0.7500000000000018,-0.006777986666666666
21,0.7250000000000019,6.558015333333334e-06,0.7250000000000019,-0.007489126666666667
22,0.700000000000002,2.9224346666666665e-06,0.700000000000002,-0.008206906666666668
23,0.675000000000002,7.264473333333334e-07,0.675000000000002,-0.008934586666666668
24,0.6500000000000021,-8.533259999999999e-07,0.6500000000000021,-0.009656506666666667
25,0.6250000000000022,-2.0514346666666667e-06,0.6250000000000022,-0.010365186666666667
26,0.6000000000000023,-2.9744846666666667e-06,0.6000000000000023,-0.011079173333333334
27,0.5750000000000024,-3.698692666666667e-06,0.5750000000000024,-0.011779506666666667
28,0.5500000000000025,-4.255464000000001e-06,0.5500000000000025,-0.01245236
29,0.5250000000000026,-4.681620000000001e-06,0.5250000000000026,-0.013117093333333335
30,0.5000000000000027,-4.997642666666666e-06,0.5000000000000027,-0.013757360000000001
31,0.47500000000000275,-5.221320666666666e-06,0.47500000000000275,-0.014384046666666669
32,0.45000000000000284,-5.365676e-06,0.45000000000000284,-0.014974146666666669
33,0.42500000000000293,-5.450619333333333e-06,0.42500000000000293,-0.015548740000000002
34,0.400000000000003,-5.476269333333334e-06,0.400000000000003,-0.01608934
35,0.3750000000000031,-5.458237333333333e-06,0.3750000000000031,-0.016593506666666667
36,0.3500000000000032,-5.4016973333333336e-06,0.3500000000000032,-0.01706234666666667
37,0.3250000000000033,-5.286369333333333e-06,0.3250000000000033,-0.017500833333333334
38,0.3000000000000034,-5.1900286666666665e-06,0.3000000000000034,-0.017900526666666666
39,0.27500000000000346,-5.0502180000000004e-06,0.27500000000000346,-0.01826664
40,0.25000000000000355,-4.8880033333333335e-06,0.25000000000000355,-0.0186054
41,0.22500000000000364,-4.625826666666666e-06,0.22500000000000364,-0.018894546666666668
42,0.20000000000000373,-4.481330666666667e-06,0.20000000000000373,-0.019165133333333334
43,0.17500000000000382,-4.272601333333334e-06,0.17500000000000382,-0.019393226666666666
44,0.1500000000000039,-4.050469333333334e-06,0.1500000000000039,-0.019599146666666668
45,0.125000000000004,-3.821466666666667e-06,0.125000000000004,-0.019782
46,0.10000000000000409,-3.590747333333333e-06,0.10000000000000409,-0.019937413333333334
47,0.07500000000000417,-3.3641173333333335e-06,0.07500000000000417,-0.020074706666666668
48,0.05000000000000426,-3.1503713333333333e-06,0.05000000000000426,-0.020196020000000002
49,0.025000000000004352,-2.951122666666667e-06,0.025000000000004352,-0.0202972
50,4.440892098500626e-15,-2.766314e-06,4.440892098500626e-15,-0.020387893333333334
51,-0.02499999999999547,-2.6071546666666665e-06,-0.02499999999999547,-0.020464333333333334
52,-0.04999999999999538,-2.4644133333333333e-06,-0.04999999999999538,-0.02053218
53,-0.07499999999999529,-2.3393820000000003e-06,-0.07499999999999529,-0.02058394666666667
54,-0.0999999999999952,-2.227976e-06,-0.0999999999999952,-0.020634533333333333
55,-0.12499999999999512,-2.127448666666667e-06,-0.12499999999999512,-0.020693933333333334
56,-0.14999999999999503,-2.0374633333333336e-06,-0.14999999999999503,-0.02072952
57,-0.17499999999999494,-1.9545126666666667e-06,-0.17499999999999494,-0.020755346666666667
58,-0.19999999999999485,-1.8563653333333334e-06,-0.19999999999999485,-0.020779713333333335
59,-0.22499999999999476,-1.7971126666666665e-06,-0.22499999999999476,-0.02080102
