,mo2_2F_V_D,mo2_2F_J_D,mo2_2F_V_L,mo2_2F_J_L
0,-0.25,-7.95604e-07,-0.25,-0.02052712
1,-0.225,-2.9343966666666667e-07,-0.225,-0.020206146666666668
2,-0.2,-9.869753333333334e-08,-0.2,-0.019792840000000003
3,-0.17500000000000002,6.350936666666667e-08,-0.17500000000000002,-0.019335733333333334
4,-0.15000000000000002,1.6059073333333335e-07,-0.15000000000000002,-0.018875333333333334
5,-0.12500000000000003,2.356662666666667e-07,-0.12500000000000003,-0.018428573333333333
6,-0.10000000000000003,2.9703226666666667e-07,-0.10000000000000003,-0.017986460000000003
7,-0.07500000000000004,3.502979333333333e-07,-0.07500000000000004,-0.017552453333333336
8,-0.050000000000000044,4.0063893333333337e-07,-0.050000000000000044,-0.017121666666666667
9,-0.02500000000000005,4.2818060000000007e-07,-0.02500000000000005,-0.016689886666666667
10,-5.551115123125783e-17,4.696268e-07,-5.551115123125783e-17,-0.016260113333333333
11,0.02499999999999991,5.411237333333333e-07,0.02499999999999991,-0.01581776
12,0.04999999999999993,5.917680666666667e-07,0.04999999999999993,-0.015374440000000001
13,0.07499999999999996,6.433522666666667e-07,0.07499999999999996,-0.01492718
14,0.09999999999999992,6.95584e-07,0.09999999999999992,-0.014474566666666668
15,0.12499999999999989,7.475766666666667e-07,0.12499999999999989,-0.014016773333333335
16,0.1499999999999999,8.014986666666667e-07,0.1499999999999999,-0.013553746666666667
17,0.17499999999999993,8.551066666666666e-07,0.17499999999999993,-0.013089193333333334
18,0.1999999999999999,9.09368e-07,0.1999999999999999,-0.01261458
19,0.22499999999999987,9.530493333333333e-07,0.22499999999999987,-0.01213838
20,0.2499999999999999,1.0197833333333335e-06,0.2499999999999999,-0.01165794
21,0.2749999999999999,1.082482e-06,0.2749999999999999,-0.01117272
22,0.2999999999999998,1.1468553333333336e-06,0.2999999999999998,-0.010681780000000002
23,0.32499999999999984,1.218308e-06,0.32499999999999984,-0.010187493333333334
24,0.34999999999999987,1.29302e-06,0.34999999999999987,-0.009688239999999999
25,0.3749999999999999,1.3757280000000002e-06,0.3749999999999999,-0.00918582
26,0.3999999999999999,1.46824e-06,0.3999999999999999,-0.008683406666666666
27,0.4249999999999998,1.574278e-06,0.4249999999999998,-0.008174573333333334
28,0.44999999999999984,1.6979933333333335e-06,0.44999999999999984,-0.007668406666666667
29,0.47499999999999987,1.8534086666666666e-06,0.47499999999999987,-0.00715962
30,0.4999999999999998,2.0569546666666666e-06,0.4999999999999998,-0.0068502733333333345
31,0.5249999999999998,2.34353e-06,0.5249999999999998,-0.0062679
32,0.5499999999999998,2.7695920000000003e-06,0.5499999999999998,-0.005734674
33,0.5749999999999998,3.435106666666667e-06,0.5749999999999998,-0.005214404000000001
34,0.5999999999999999,4.496556666666667e-06,0.5999999999999999,-0.004708092666666667
35,0.6249999999999998,6.224239333333334e-06,0.6249999999999998,-0.004211222666666667
36,0.6499999999999998,9.75108e-06,0.6499999999999998,-0.0037288186666666664
37,0.6749999999999998,1.480644e-05,0.6749999999999998,-0.0032597173333333337
38,0.6999999999999997,2.193810666666667e-05,0.6999999999999997,-0.0028098433333333334
39,0.7249999999999998,3.212286e-05,0.7249999999999998,-0.002380202666666667
40,0.7499999999999998,4.603544666666667e-05,0.7499999999999998,-0.0019748413333333333
41,0.7749999999999997,6.411353333333334e-05,0.7749999999999997,-0.0015989460000000002
42,0.7999999999999998,8.775106666666667e-05,0.7999999999999998,-0.0012538973333333333
43,0.8249999999999997,0.00011327253333333333,0.8249999999999997,-0.0009434053333333333
44,0.8499999999999996,0.00014159033333333335,0.8499999999999996,-0.0006678646666666666
45,0.8749999999999998,0.0001718568,0.8749999999999998,-0.0004561066666666667
46,0.8999999999999997,0.00020338993333333334,0.8999999999999997,-0.0002465574
47,0.9249999999999998,0.0002354608,0.9249999999999998,-7.353173333333333e-05
48,0.9499999999999997,0.0002677663333333334,0.9499999999999997,7.013906666666667e-05
49,0.9749999999999996,0.00029985293333333334,0.9749999999999996,0.00018906906666666667
50,0.9999999999999998,0.00033205593333333335,0.9999999999999998,0.00029084006666666665
51,1.0249999999999997,0.0003642830666666667,1.0249999999999997,0.0003805424
52,1.0499999999999998,0.00039687453333333336,1.0499999999999998,0.0004636057333333333
53,1.0749999999999997,0.00043001873333333335,1.0749999999999997,0.0005434631333333333
54,1.0999999999999996,0.0004641148,1.0999999999999996,0.0006234420666666666
55,1.1249999999999998,0.0004992478666666667,1.1249999999999998,0.000699462
56,1.1499999999999997,0.0005358206000000001,1.1499999999999997,0.0007863193333333333
57,1.1749999999999996,0.0005739768000000001,1.1749999999999996,0.0008767893333333335
58,1.1999999999999997,0.0006141294666666667,1.1999999999999997,0.0009725973333333333
59,1.2249999999999996,0.0006563932666666667,1.2249999999999996,0.0010745913333333335
