,mo2_2R_V_D,mo2_2R_J_D,mo2_2R_V_L,mo2_2R_J_L
0,1.25,0.0003493714,1.25,0.001453386
1,1.225,0.0007953120000000001,1.225,0.001323362
2,1.2000000000000002,0.0007580626666666667,1.2000000000000002,0.001199708
3,1.1750000000000003,0.000712264,1.1750000000000003,0.001080696
4,1.1500000000000004,0.0006619656666666667,1.1500000000000004,0.0009651326666666667
5,1.1250000000000004,0.0006117405333333334,1.1250000000000004,0.0008527406666666668
6,1.1000000000000005,0.0005599250666666666,1.1000000000000005,0.0007417506666666666
7,1.0750000000000006,0.0005074813333333333,1.0750000000000006,0.0006286201333333334
8,1.0500000000000007,0.0004545820666666667,1.0500000000000007,0.0005119334666666667
9,1.0250000000000008,0.0004015432666666667,1.0250000000000008,0.0003864519333333333
10,1.0000000000000009,0.0003485012666666667,1.0000000000000009,0.0002434020666666667
11,0.975000000000001,0.00029631046666666667,0.975000000000001,7.442426666666667e-05
12,0.9500000000000011,0.0002455094,0.9500000000000011,-0.00013168833333333332
13,0.9250000000000012,0.00019787666666666668,0.9250000000000012,-0.000382475
14,0.9000000000000012,0.00015502686666666668,0.9000000000000012,-0.000684874
15,0.8750000000000013,0.00011859286666666667,0.8750000000000013,-0.001057652
16,0.8500000000000014,8.923480000000001e-05,0.8500000000000014,-0.0014751553333333333
17,0.8250000000000015,6.676233333333334e-05,0.8250000000000015,-0.001941248
18,0.8000000000000016,4.932464666666667e-05,0.8000000000000016,-0.0024535673333333334
19,0.7750000000000017,3.738272666666667e-05,0.7750000000000017,-0.003004836
20,0.7500000000000018,2.865419333333333e-05,0.7500000000000018,-0.0035911653333333335
21,0.7250000000000019,2.224634e-05,0.7250000000000019,-0.004206687333333334
22,0.700000000000002,1.7489973333333333e-05,0.700000000000002,-0.0048455853333333335
23,0.675000000000002,1.3865186666666665e-05,0.675000000000002,-0.005501285333333334
24,0.6500000000000021,1.1071526666666666e-05,0.6500000000000021,-0.006171766666666668
25,0.6250000000000022,8.80436e-06,0.6250000000000022,-0.006851493333333334
26,0.6000000000000023,6.966120000000001e-06,0.6000000000000023,-0.007472633333333333
27,0.5750000000000024,5.9715713333333335e-06,0.5750000000000024,-0.008176860000000001
28,0.5500000000000025,4.349651333333333e-06,0.5500000000000025,-0.00887716
29,0.5250000000000026,3.173360666666667e-06,0.5250000000000026,-0.009568586666666667
30,0.5000000000000027,2.186230666666667e-06,0.5000000000000027,-0.010248646666666666
31,0.47500000000000275,1.3333886666666668e-06,0.47500000000000275,-0.010917600000000001
32,0.45000000000000284,5.94156e-07,0.45000000000000284,-0.011572593333333334
33,0.42500000000000293,-5.0796313333333337e-08,0.42500000000000293,-0.012215293333333333
34,0.400000000000003,-6.072400666666667e-07,0.400000000000003,-0.0128347
35,0.3750000000000031,-1.086566e-06,0.3750000000000031,-0.013433613333333334
36,0.3500000000000032,-1.4913106666666668e-06,0.3500000000000032,-0.014012233333333332
37,0.3250000000000033,-1.8338886666666667e-06,0.3250000000000033,-0.014562693333333335
38,0.3000000000000034,-2.112158e-06,0.3000000000000034,-0.015093226666666668
39,0.27500000000000346,-2.336524666666667e-06,0.27500000000000346,-0.0155943
40,0.25000000000000355,-2.5121493333333335e-06,0.25000000000000355,-0.0160662
41,0.22500000000000364,-2.59343e-06,0.22500000000000364,-0.016499146666666666
42,0.20000000000000373,-2.7343353333333333e-06,0.20000000000000373,-0.01691345333333333
43,0.17500000000000382,-2.808678e-06,0.17500000000000382,-0.01729956666666667
44,0.1500000000000039,-2.8577886666666668e-06,0.1500000000000039,-0.017651413333333334
45,0.125000000000004,-2.8890940000000003e-06,0.125000000000004,-0.017979053333333335
46,0.10000000000000409,-2.9065926666666667e-06,0.10000000000000409,-0.0182793
47,0.07500000000000417,-2.913846666666667e-06,0.07500000000000417,-0.018544993333333336
48,0.05000000000000426,-2.914508666666667e-06,0.05000000000000426,-0.018784746666666668
49,0.025000000000004352,-2.9094453333333338e-06,0.025000000000004352,-0.019005593333333334
50,4.440892098500626e-15,-2.888396e-06,4.440892098500626e-15,-0.019204133333333335
51,-0.02499999999999547,-2.880976666666667e-06,-0.02499999999999547,-0.019378020000000003
52,-0.04999999999999538,-2.865398e-06,-0.04999999999999538,-0.019534086666666665
53,-0.07499999999999529,-2.845567333333333e-06,-0.07499999999999529,-0.01967164
54,-0.0999999999999952,-2.8236793333333334e-06,-0.0999999999999952,-0.019791553333333333
55,-0.12499999999999512,-2.7976606666666668e-06,-0.12499999999999512,-0.01990132
56,-0.14999999999999503,-2.7677e-06,-0.14999999999999503,-0.019993533333333334
57,-0.17499999999999494,-2.7344633333333334e-06,-0.17499999999999494,-0.020077300000000003
58,-0.19999999999999485,-2.679500666666667e-06,-0.19999999999999485,-0.020147340000000003
59,-0.22499999999999476,-2.6456913333333334e-06,-0.22499999999999476,-0.02021958
