,mo2_2F_V_D,mo2_2F_J_D,mo2_2F_V_L,mo2_2F_J_L
0,-0.25,-1.1961133333333334e-06,-0.25,-0.020461433333333334
1,-0.225,-6.029023333333334e-07,-0.225,-0.019960600000000002
2,-0.2,-3.3162906666666666e-07,-0.2,-0.019367013333333336
3,-0.17500000000000002,-8.99812e-08,-0.17500000000000002,-0.018787493333333335
4,-0.15000000000000002,7.250500000000001e-08,-0.15000000000000002,-0.018247426666666667
5,-0.12500000000000003,2.0375820000000003e-07,-0.12500000000000003,-0.017738206666666666
6,-0.10000000000000003,3.1382366666666665e-07,-0.10000000000000003,-0.017245606666666666
7,-0.07500000000000004,4.072014e-07,-0.07500000000000004,-0.01676704
8,-0.050000000000000044,4.881736666666667e-07,-0.050000000000000044,-0.01629066666666667
9,-0.02500000000000005,5.607668e-07,-0.02500000000000005,-0.015819473333333334
10,-5.551115123125783e-17,6.198141333333334e-07,-5.551115123125783e-17,-0.015352580000000001
11,0.02499999999999991,6.846486666666667e-07,0.02499999999999991,-0.014881460000000001
12,0.04999999999999993,7.408793333333334e-07,0.04999999999999993,-0.014409773333333334
13,0.07499999999999996,7.933333333333333e-07,0.07499999999999996,-0.01393736
14,0.09999999999999992,8.434626666666666e-07,0.09999999999999992,-0.013464320000000002
15,0.12499999999999989,8.918626666666667e-07,0.12499999999999989,-0.01299252
16,0.1499999999999999,9.398306666666668e-07,0.1499999999999999,-0.012514953333333334
17,0.17499999999999993,9.879793333333333e-07,0.17499999999999993,-0.012047566666666667
18,0.1999999999999999,1.0366746666666668e-06,0.1999999999999999,-0.01157442
19,0.22499999999999987,1.0761073333333335e-06,0.22499999999999987,-0.01110494
20,0.2499999999999999,1.1359746666666666e-06,0.2499999999999999,-0.01063556
21,0.2749999999999999,1.1909606666666665e-06,0.2749999999999999,-0.010161233333333334
22,0.2999999999999998,1.2486866666666667e-06,0.2999999999999998,-0.00969088
23,0.32499999999999984,1.310182e-06,0.32499999999999984,-0.009218933333333333
24,0.34999999999999987,1.3738506666666667e-06,0.34999999999999987,-0.00875062
25,0.3749999999999999,1.4458486666666667e-06,0.3749999999999999,-0.008280893333333334
26,0.3999999999999999,1.5248993333333333e-06,0.3999999999999999,-0.00781668
27,0.4249999999999998,1.6169906666666668e-06,0.4249999999999998,-0.007351079999999999
28,0.44999999999999984,1.7271386666666666e-06,0.44999999999999984,-0.006888200000000001
29,0.47499999999999987,1.8645340000000002e-06,0.47499999999999987,-0.006641068
30,0.4999999999999998,2.0442053333333333e-06,0.4999999999999998,-0.0061005853333333335
31,0.5249999999999998,2.296338e-06,0.5249999999999998,-0.005613639333333333
32,0.5499999999999998,2.6679226666666668e-06,0.5499999999999998,-0.0051413886666666665
33,0.5749999999999998,3.2493173333333333e-06,0.5749999999999998,-0.004677696666666667
34,0.5999999999999999,4.200641333333334e-06,0.5999999999999999,-0.004224068
35,0.6249999999999998,5.780887333333333e-06,0.6249999999999998,-0.003778206666666667
36,0.6499999999999998,9.72134e-06,0.6499999999999998,-0.003342400666666667
37,0.6749999999999998,1.48601e-05,0.6749999999999998,-0.002913474
38,0.6999999999999997,2.253994e-05,0.6999999999999997,-0.002501422
39,0.7249999999999998,3.409822666666667e-05,0.7249999999999998,-0.0021032
40,0.7499999999999998,5.0830526666666665e-05,0.7499999999999998,-0.0017224453333333333
41,0.7749999999999997,8.0107e-05,0.7749999999999997,-0.0013618546666666668
42,0.7999999999999998,0.00011057040000000001,0.7999999999999998,-0.0010250306666666667
43,0.8249999999999997,0.0001474116,0.8249999999999997,-0.0007149506666666668
44,0.8499999999999996,0.00019012399999999998,0.8499999999999996,-0.000469028
45,0.8749999999999998,0.00023680680000000002,0.8749999999999998,-0.00020336673333333334
46,0.8999999999999997,0.0002857072666666667,0.8999999999999997,-4.7792346666666665e-05
47,0.9249999999999998,0.0003348894666666667,0.9249999999999998,0.0001502498
48,0.9499999999999997,0.0003832086666666667,0.9499999999999997,0.000350404
49,0.9749999999999996,0.00042969626666666664,0.9749999999999996,0.0005248900666666667
50,0.9999999999999998,0.0004747112666666667,0.9999999999999998,0.0006830793333333333
51,1.0249999999999997,0.0005183593333333333,1.0249999999999997,0.0008146093333333335
52,1.0499999999999998,0.0005614168,1.0499999999999998,0.0009589573333333335
53,1.0749999999999997,0.0006045244666666666,1.0749999999999997,0.001099454
54,1.0999999999999996,0.0006485112666666667,1.0999999999999996,0.0012404660000000002
55,1.1249999999999998,0.0006937986666666667,1.1249999999999998,0.0013833426666666666
56,1.1499999999999997,0.000752238,1.1499999999999997,0.001530256
57,1.1749999999999996,0.0008019573333333333,1.1749999999999996,0.001681810666666667
58,1.1999999999999997,0.0008555266666666666,1.1999999999999997,0.0018396180000000001
59,1.2249999999999996,0.0009126500000000001,1.2249999999999996,0.0020037506666666666
