,mo2_2R_V_D,mo2_2R_J_D,mo2_2R_V_L,mo2_2R_J_L
0,1.25,0.00023218586666666667,1.25,0.0015060926666666669
1,1.225,0.0010100693333333333,1.225,0.0013542873333333334
2,1.2000000000000002,0.000959152,1.2000000000000002,0.0012076633333333335
3,1.1750000000000003,0.0008927080000000001,1.1750000000000003,0.001065568
4,1.1500000000000004,0.000821122,1.1500000000000004,0.0009265553333333333
5,1.1250000000000004,0.0007475553333333334,1.1250000000000004,0.0007891759999999999
6,1.1000000000000005,0.000672956,1.1000000000000005,0.0006452884
7,1.0750000000000006,0.0005957186666666666,1.0750000000000006,0.0004988317333333333
8,1.0500000000000007,0.0005220162,1.0500000000000007,0.000339436
9,1.0250000000000008,0.0004484713333333334,1.0250000000000008,0.00015852006666666667
10,1.0000000000000009,0.0003760355333333334,1.0000000000000009,-6.104992666666666e-05
11,0.975000000000001,0.00030654613333333335,0.975000000000001,-0.000331949
12,0.9500000000000011,0.00024130733333333333,0.9500000000000011,-0.0006385273333333333
13,0.9250000000000012,0.00018318646666666669,0.9250000000000012,-0.0010135413333333333
14,0.9000000000000012,0.00013420973333333334,0.9000000000000012,-0.0014283066666666666
15,0.8750000000000013,9.553386666666668e-05,0.8750000000000013,-0.0018937733333333332
16,0.8500000000000014,6.578106e-05,0.8500000000000014,-0.0024086093333333335
17,0.8250000000000015,4.5578766666666665e-05,0.8250000000000015,-0.002965786666666667
18,0.8000000000000016,3.1523800000000005e-05,0.8000000000000016,-0.003562442
19,0.7750000000000017,2.190414e-05,0.7750000000000017,-0.0041912600000000005
20,0.7500000000000018,1.531086666666667e-05,0.7500000000000018,-0.004849635333333333
21,0.7250000000000019,1.0725260000000001e-05,0.7250000000000019,-0.005531177333333333
22,0.700000000000002,7.464420000000001e-06,0.700000000000002,-0.006229963333333333
23,0.675000000000002,5.532168e-06,0.675000000000002,-0.006942506666666667
24,0.6500000000000021,3.4391686666666667e-06,0.6500000000000021,-0.0076411000000000005
25,0.6250000000000022,1.958324666666667e-06,0.6250000000000022,-0.008374186666666667
26,0.6000000000000023,7.992566666666668e-07,0.6000000000000023,-0.009109973333333334
27,0.5750000000000024,-1.396528e-07,0.5750000000000024,-0.00984006
28,0.5500000000000025,-9.017606666666667e-07,0.5500000000000025,-0.010561846666666668
29,0.5250000000000026,-1.5247786666666667e-06,0.5250000000000026,-0.011273793333333334
30,0.5000000000000027,-2.0262353333333336e-06,0.5000000000000027,-0.011967846666666667
31,0.47500000000000275,-2.4280340000000004e-06,0.47500000000000275,-0.012649080000000002
32,0.45000000000000284,-2.7406613333333334e-06,0.45000000000000284,-0.013304846666666668
33,0.42500000000000293,-2.981486e-06,0.42500000000000293,-0.013944266666666668
34,0.400000000000003,-3.1592493333333336e-06,0.400000000000003,-0.014550333333333335
35,0.3750000000000031,-3.2879686666666668e-06,0.3750000000000031,-0.015130073333333334
36,0.3500000000000032,-3.3744840000000005e-06,0.3500000000000032,-0.015679933333333333
37,0.3250000000000033,-3.4348426666666667e-06,0.3250000000000033,-0.016206340000000003
38,0.3000000000000034,-3.4677353333333333e-06,0.3000000000000034,-0.0166872
39,0.27500000000000346,-3.4826473333333337e-06,0.27500000000000346,-0.017138686666666667
40,0.25000000000000355,-3.4828753333333336e-06,0.25000000000000355,-0.017550886666666668
41,0.22500000000000364,-3.416729333333333e-06,0.22500000000000364,-0.017924526666666666
42,0.20000000000000373,-3.432959333333334e-06,0.20000000000000373,-0.018277253333333333
43,0.17500000000000382,-3.4053966666666666e-06,0.17500000000000382,-0.018595726666666666
44,0.1500000000000039,-3.3669226666666668e-06,0.1500000000000039,-0.018876573333333334
45,0.125000000000004,-3.3184533333333334e-06,0.125000000000004,-0.019127786666666667
46,0.10000000000000409,-3.2593420000000006e-06,0.10000000000000409,-0.019360766666666668
47,0.07500000000000417,-3.190647333333334e-06,0.07500000000000417,-0.0195594
48,0.05000000000000426,-3.1109820000000003e-06,0.05000000000000426,-0.019739853333333335
49,0.025000000000004352,-3.0190993333333333e-06,0.025000000000004352,-0.01989594
50,4.440892098500626e-15,-2.9043073333333334e-06,4.440892098500626e-15,-0.02003468
51,-0.02499999999999547,-2.7969446666666665e-06,-0.02499999999999547,-0.020156373333333335
52,-0.04999999999999538,-2.6769213333333337e-06,-0.04999999999999538,-0.020259713333333335
53,-0.07499999999999529,-2.549204666666667e-06,-0.07499999999999529,-0.020351373333333336
54,-0.0999999999999952,-2.417408e-06,-0.0999999999999952,-0.020431860000000003
55,-0.12499999999999512,-2.285168e-06,-0.12499999999999512,-0.02050052
56,-0.14999999999999503,-2.1556393333333333e-06,-0.14999999999999503,-0.020557660000000002
57,-0.17499999999999494,-2.0314126666666667e-06,-0.17499999999999494,-0.020610473333333334
58,-0.19999999999999485,-1.8954266666666667e-06,-0.19999999999999485,-0.020651493333333333
59,-0.22499999999999476,-1.7967673333333334e-06,-0.22499999999999476,-0.020693853333333335
