,mo2_2F_V_D,mo2_2F_J_D,mo2_2F_V_L,mo2_2F_J_L
0,-0.25,-1.0455986666666668e-06,-0.25,-0.020414260000000004
1,-0.225,-4.967294666666667e-07,-0.225,-0.019914480000000002
2,-0.2,-2.594169333333333e-07,-0.2,-0.019330453333333334
3,-0.17500000000000002,-4.223274e-08,-0.17500000000000002,-0.01875538666666667
4,-0.15000000000000002,9.820533333333334e-08,-0.15000000000000002,-0.01821576
5,-0.12500000000000003,2.0891586666666668e-07,-0.12500000000000003,-0.01770258
6,-0.10000000000000003,3.0181373333333337e-07,-0.10000000000000003,-0.017212206666666667
7,-0.07500000000000004,3.8082346666666667e-07,-0.07500000000000004,-0.016733433333333336
8,-0.050000000000000044,4.497964666666667e-07,-0.050000000000000044,-0.016262686666666668
9,-0.02500000000000005,5.128877333333334e-07,-0.02500000000000005,-0.015792893333333335
10,-5.551115123125783e-17,5.422560666666667e-07,-5.551115123125783e-17,-0.015327673333333335
11,0.02499999999999991,6.198087333333334e-07,0.02499999999999991,-0.014860633333333333
12,0.04999999999999993,6.724006666666667e-07,0.04999999999999993,-0.014394533333333334
13,0.07499999999999996,7.211126666666667e-07,0.07499999999999996,-0.013927933333333333
14,0.09999999999999992,7.674566666666667e-07,0.09999999999999992,-0.0134614
15,0.12499999999999989,8.134913333333334e-07,0.12499999999999989,-0.01298984
16,0.1499999999999999,8.581626666666667e-07,0.1499999999999999,-0.012517366666666668
17,0.17499999999999993,9.023213333333334e-07,0.17499999999999993,-0.01205138
18,0.1999999999999999,9.479346666666666e-07,0.1999999999999999,-0.011578360000000001
19,0.22499999999999987,9.663286666666668e-07,0.22499999999999987,-0.011109866666666666
20,0.2499999999999999,1.037146e-06,0.2499999999999999,-0.010640793333333334
21,0.2749999999999999,1.0893606666666667e-06,0.2749999999999999,-0.010163726666666668
22,0.2999999999999998,1.1441593333333335e-06,0.2999999999999998,-0.009691246666666667
23,0.32499999999999984,1.20318e-06,0.32499999999999984,-0.009215546666666668
24,0.34999999999999987,1.244506e-06,0.34999999999999987,-0.008742046666666668
25,0.3749999999999999,1.332642e-06,0.3749999999999999,-0.008268686666666667
26,0.3999999999999999,1.4111253333333333e-06,0.3999999999999999,-0.007797026666666667
27,0.4249999999999998,1.5034780000000001e-06,0.4249999999999998,-0.007325753333333334
28,0.44999999999999984,1.6118766666666666e-06,0.44999999999999984,-0.00685686
29,0.47499999999999987,1.747496e-06,0.47499999999999987,-0.006593122666666666
30,0.4999999999999998,1.925548e-06,0.4999999999999998,-0.006051241333333333
31,0.5249999999999998,2.173120666666667e-06,0.5249999999999998,-0.005559464
32,0.5499999999999998,2.5369980000000004e-06,0.5499999999999998,-0.005082666
33,0.5749999999999998,3.1040686666666667e-06,0.5749999999999998,-0.004613606666666667
34,0.5999999999999999,4.012464e-06,0.5999999999999999,-0.004156282
35,0.6249999999999998,5.504674e-06,0.6249999999999998,-0.0037061420000000004
36,0.6499999999999998,9.016993333333334e-06,0.6499999999999998,-0.003269408
37,0.6749999999999998,1.3737713333333333e-05,0.6749999999999998,-0.0028418040000000003
38,0.6999999999999997,2.067087333333333e-05,0.6999999999999997,-0.002433118666666667
39,0.7249999999999998,3.093750666666667e-05,0.7249999999999998,-0.0020420206666666666
40,0.7499999999999998,4.551378e-05,0.7499999999999998,-0.0016724233333333333
41,0.7749999999999997,6.522263333333333e-05,0.7749999999999997,-0.0013271846666666667
42,0.7999999999999998,9.534053333333334e-05,0.7999999999999998,-0.0010106873333333333
43,0.8249999999999997,0.00012535173333333335,0.8249999999999997,-0.0007247446666666667
44,0.8499999999999996,0.0001592098,0.8499999999999996,-0.0005010812666666666
45,0.8749999999999998,0.00019572913333333334,0.8749999999999998,-0.0002697196
46,0.8999999999999997,0.00023369759999999998,0.8999999999999997,-7.355806666666667e-05
47,0.9249999999999998,0.0002719524,0.9249999999999998,9.275306666666666e-05
48,0.9499999999999997,0.0003098663333333333,0.9499999999999997,0.00023494726666666667
49,0.9749999999999996,0.0003468292,0.9749999999999996,0.0003577154
50,0.9999999999999998,0.0003830686,0.9999999999999998,0.00046749540000000004
51,1.0249999999999997,0.0004185552666666667,1.0249999999999997,0.000568675
52,1.0499999999999998,0.00045371880000000004,1.0499999999999998,0.0006657692
53,1.0749999999999997,0.000488874,1.0749999999999997,0.000749996
54,1.0999999999999996,0.0005245364666666667,1.0999999999999996,0.0008494113333333335
55,1.1249999999999998,0.0005609532666666667,1.1249999999999998,0.0009503240000000001
56,1.1499999999999997,0.0005986084666666667,1.1499999999999997,0.0010550546666666667
57,1.1749999999999996,0.0006377604,1.1749999999999996,0.0011641160000000002
58,1.1999999999999997,0.0006788460000000001,1.1999999999999997,0.0012788979999999999
59,1.2249999999999996,0.0007345113333333333,1.2249999999999996,0.0013999493333333333
