,mo2_2R_V_D,mo2_2R_J_D,mo2_2R_V_L,mo2_2R_J_L
0,1.25,0.0012043653333333334,1.25,0.0017441313333333335
1,1.225,0.0011750946666666668,1.225,0.001565372
2,1.2000000000000002,0.0011042173333333334,1.2000000000000002,0.0013924346666666667
3,1.1750000000000003,0.0010222706666666668,1.1750000000000003,0.0012245653333333333
4,1.1500000000000004,0.0009358000000000001,1.1500000000000004,0.0010596253333333334
5,1.1250000000000004,0.0008474333333333334,1.1250000000000004,0.0008959993333333335
6,1.1000000000000005,0.0007579980000000001,1.1000000000000005,0.0007293800000000001
7,1.0750000000000006,0.0006687326666666666,1.0750000000000006,0.0005485835333333334
8,1.0500000000000007,0.0005767996666666667,1.0500000000000007,0.00035722093333333336
9,1.0250000000000008,0.0004904697999999999,1.0250000000000008,0.0001420182666666667
10,1.0000000000000009,0.0004055625333333333,1.0000000000000009,-0.00010763780000000001
11,0.975000000000001,0.0003252129333333333,0.975000000000001,-0.00039833580000000004
12,0.9500000000000011,0.0002514666,0.9500000000000011,-0.0007592513333333333
13,0.9250000000000012,0.00018753473333333335,0.9250000000000012,-0.001155688
14,0.9000000000000012,0.00013515573333333332,0.9000000000000012,-0.0016037606666666668
15,0.8750000000000013,9.475226666666667e-05,0.8750000000000013,-0.0021012593333333334
16,0.8500000000000014,6.448357333333334e-05,0.8500000000000014,-0.0026464586666666667
17,0.8250000000000015,4.380010666666667e-05,0.8250000000000015,-0.0032308006666666666
18,0.8000000000000016,2.970748e-05,0.8000000000000016,-0.003853408
19,0.7750000000000017,2.0167160000000003e-05,0.7750000000000017,-0.0045043313333333335
20,0.7500000000000018,1.3683426666666666e-05,0.7500000000000018,-0.005183007333333334
21,0.7250000000000019,9.198573333333333e-06,0.7250000000000019,-0.005883096000000001
22,0.700000000000002,6.5246679999999995e-06,0.700000000000002,-0.006598454000000001
23,0.675000000000002,3.868013333333334e-06,0.675000000000002,-0.007311586666666667
24,0.6500000000000021,2.046512e-06,0.6500000000000021,-0.00805402
25,0.6250000000000022,6.440953999999999e-07,0.6250000000000022,-0.008800786666666666
26,0.6000000000000023,-4.6770926666666663e-07,0.6000000000000023,-0.00954218
27,0.5750000000000024,-1.3665113333333334e-06,0.5750000000000024,-0.010278680000000002
28,0.5500000000000025,-2.0860073333333336e-06,0.5500000000000025,-0.011002573333333333
29,0.5250000000000026,-2.666208e-06,0.5250000000000026,-0.011719060000000002
30,0.5000000000000027,-3.121946666666667e-06,0.5000000000000027,-0.012410926666666667
31,0.47500000000000275,-3.473851333333333e-06,0.47500000000000275,-0.013087560000000002
32,0.45000000000000284,-3.7391600000000003e-06,0.45000000000000284,-0.013742880000000002
33,0.42500000000000293,-3.933412e-06,0.42500000000000293,-0.014371953333333335
34,0.400000000000003,-4.0647860000000005e-06,0.400000000000003,-0.014971966666666668
35,0.3750000000000031,-4.153018666666667e-06,0.3750000000000031,-0.015543853333333333
36,0.3500000000000032,-4.202235333333333e-06,0.3500000000000032,-0.01608248666666667
37,0.3250000000000033,-4.223669333333334e-06,0.3250000000000033,-0.016590713333333333
38,0.3000000000000034,-4.221969333333334e-06,0.3000000000000034,-0.017058386666666668
39,0.27500000000000346,-4.202430666666667e-06,0.27500000000000346,-0.01749388
40,0.25000000000000355,-4.165999333333333e-06,0.25000000000000355,-0.017892433333333336
41,0.22500000000000364,-4.0632253333333335e-06,0.22500000000000364,-0.01824754666666667
42,0.20000000000000373,-4.037559333333334e-06,0.20000000000000373,-0.018579766666666667
43,0.17500000000000382,-3.943806666666667e-06,0.17500000000000382,-0.018869813333333336
44,0.1500000000000039,-3.8782566666666665e-06,0.1500000000000039,-0.019135233333333335
45,0.125000000000004,-3.783202666666667e-06,0.125000000000004,-0.01937002666666667
46,0.10000000000000409,-3.672724666666667e-06,0.10000000000000409,-0.019580073333333333
47,0.07500000000000417,-3.54987e-06,0.07500000000000417,-0.01976462
48,0.05000000000000426,-3.4133080000000002e-06,0.05000000000000426,-0.01992192
49,0.025000000000004352,-3.264492e-06,0.025000000000004352,-0.020061620000000002
50,4.440892098500626e-15,-3.103498e-06,4.440892098500626e-15,-0.02018128666666667
51,-0.02499999999999547,-2.940778666666667e-06,-0.02499999999999547,-0.02028702
52,-0.04999999999999538,-2.7750986666666665e-06,-0.04999999999999538,-0.020376593333333335
53,-0.07499999999999529,-2.612652666666667e-06,-0.07499999999999529,-0.020456286666666667
54,-0.0999999999999952,-2.4556713333333334e-06,-0.0999999999999952,-0.02052430666666667
55,-0.12499999999999512,-2.308258e-06,-0.12499999999999512,-0.020581933333333333
56,-0.14999999999999503,-2.1729773333333333e-06,-0.14999999999999503,-0.02063008666666667
57,-0.17499999999999494,-2.0487726666666665e-06,-0.17499999999999494,-0.020674213333333333
58,-0.19999999999999485,-1.9171160000000003e-06,-0.19999999999999485,-0.02070832
59,-0.22499999999999476,-1.8253253333333335e-06,-0.22499999999999476,-0.02074036666666667
