,mo2_2F_V_D,mo2_2F_J_D,mo2_2F_V_L,mo2_2F_J_L
0,-0.25,-6.585790666666667e-07,-0.25,-0.020500486666666668
1,-0.225,-2.167008e-07,-0.225,-0.020172433333333333
2,-0.2,-5.885884666666667e-08,-0.2,-0.019749740000000002
3,-0.17500000000000002,7.669846666666668e-08,-0.17500000000000002,-0.01929008
4,-0.15000000000000002,1.547026e-07,-0.15000000000000002,-0.018833600000000002
5,-0.12500000000000003,2.1519200000000004e-07,-0.12500000000000003,-0.01838032666666667
6,-0.10000000000000003,2.648871333333333e-07,-0.10000000000000003,-0.017938473333333333
7,-0.07500000000000004,3.089814666666667e-07,-0.07500000000000004,-0.017505713333333336
8,-0.050000000000000044,3.51519e-07,-0.050000000000000044,-0.017076126666666667
9,-0.02500000000000005,3.9310473333333336e-07,-0.02500000000000005,-0.016645260000000002
10,-5.551115123125783e-17,4.301615333333334e-07,-5.551115123125783e-17,-0.016215126666666666
11,0.02499999999999991,4.799167333333334e-07,0.02499999999999991,-0.015778493333333334
12,0.04999999999999993,5.271424000000001e-07,0.04999999999999993,-0.015340406666666667
13,0.07499999999999996,5.763690666666667e-07,0.07499999999999996,-0.014897493333333334
14,0.09999999999999992,6.278607333333333e-07,0.09999999999999992,-0.014449413333333334
15,0.12499999999999989,6.80954e-07,0.12499999999999989,-0.013995819999999999
16,0.1499999999999999,7.344833333333334e-07,0.1499999999999999,-0.013535466666666668
17,0.17499999999999993,7.90412e-07,0.17499999999999993,-0.013076953333333334
18,0.1999999999999999,8.471560000000001e-07,0.1999999999999999,-0.012606146666666667
19,0.22499999999999987,8.879966666666666e-07,0.22499999999999987,-0.012134253333333334
20,0.2499999999999999,9.613266666666668e-07,0.2499999999999999,-0.011652193333333333
21,0.2749999999999999,1.0247606666666666e-06,0.2749999999999999,-0.011169546666666667
22,0.2999999999999998,1.0902806666666667e-06,0.2999999999999998,-0.010683833333333333
23,0.32499999999999984,1.161434e-06,0.32499999999999984,-0.010190113333333334
24,0.34999999999999987,1.23551e-06,0.34999999999999987,-0.00969388
25,0.3749999999999999,1.3165946666666668e-06,0.3749999999999999,-0.009189533333333333
26,0.3999999999999999,1.4070493333333335e-06,0.3999999999999999,-0.00868578
27,0.4249999999999998,1.5109313333333334e-06,0.4249999999999998,-0.008179166666666668
28,0.44999999999999984,1.6316926666666667e-06,0.44999999999999984,-0.007673953333333333
29,0.47499999999999987,1.784876666666667e-06,0.47499999999999987,-0.007163986666666667
30,0.4999999999999998,1.9869333333333334e-06,0.4999999999999998,-0.006849693333333333
31,0.5249999999999998,2.27305e-06,0.5249999999999998,-0.0062695933333333335
32,0.5499999999999998,2.6997533333333337e-06,0.5499999999999998,-0.005737854666666667
33,0.5749999999999998,3.3635206666666665e-06,0.5749999999999998,-0.0052186306666666665
34,0.5999999999999999,4.416749333333333e-06,0.5999999999999999,-0.0047122073333333335
35,0.6249999999999998,6.109526000000001e-06,0.6249999999999998,-0.004216933333333334
36,0.6499999999999998,9.389193333333334e-06,0.6499999999999998,-0.003734194666666667
37,0.6749999999999998,1.4209733333333334e-05,0.6749999999999998,-0.0032659060000000003
38,0.6999999999999997,2.0920073333333332e-05,0.6999999999999997,-0.00281778
39,0.7249999999999998,3.0430880000000002e-05,0.7249999999999998,-0.002389632666666667
40,0.7499999999999998,4.333786e-05,0.7499999999999998,-0.0019871339999999998
41,0.7749999999999997,6.003488666666667e-05,0.7749999999999997,-0.001612152
42,0.7999999999999998,8.13138e-05,0.7999999999999998,-0.0012693846666666667
43,0.8249999999999997,0.00010486506666666667,0.8249999999999997,-0.000961854
44,0.8499999999999996,0.0001310034,0.8499999999999996,-0.0006894300000000001
45,0.8749999999999998,0.0001589874,0.8749999999999998,-0.0004793403333333334
46,0.8999999999999997,0.00018824093333333336,0.8999999999999997,-0.00027295006666666665
47,0.9249999999999998,0.00021806873333333332,0.9249999999999998,-0.00010328206666666669
48,0.9499999999999997,0.0002482120666666667,0.9499999999999997,2.5554873333333334e-05
49,0.9749999999999996,0.00027831113333333336,0.9749999999999996,0.00013028413333333335
50,0.9999999999999998,0.00030864593333333333,0.9999999999999998,0.0002325464666666667
51,1.0249999999999997,0.00033913920000000003,1.0249999999999997,0.00032033260000000004
52,1.0499999999999998,0.0003701202666666667,1.0499999999999998,0.00040000686666666666
53,1.0749999999999997,0.0004017530666666667,1.0749999999999997,0.0004757700666666667
54,1.0999999999999996,0.0004343928666666667,1.0999999999999996,0.0005510115333333333
55,1.1249999999999998,0.00046813646666666665,1.1249999999999998,0.0006275346666666667
56,1.1499999999999997,0.0005033394666666667,1.1499999999999997,0.00070571
57,1.1749999999999996,0.0005401102,1.1749999999999996,0.000791058
58,1.1999999999999997,0.0005789113333333334,1.1999999999999997,0.0008811753333333335
59,1.2249999999999996,0.0006198268,1.2249999999999996,0.0009772373333333335
