,F_S_A_102423_6F_V_D,F_S_A_102423_6F_J_D,F_S_A_102423_6F_V_L,F_S_A_102423_6F_J_L
0,-0.25,-4.9122906666666666e-05,-0.25,-0.03216944666666667
1,-0.225,-4.8835293333333334e-05,-0.225,-0.03263000666666667
2,-0.2,-4.866127333333334e-05,-0.2,-0.03096690666666667
3,-0.17500000000000002,-4.8496006666666674e-05,-0.17500000000000002,-0.02796558666666667
4,-0.15000000000000002,-4.8366853333333334e-05,-0.15000000000000002,-0.025092373333333334
5,-0.12500000000000003,-4.824776666666667e-05,-0.12500000000000003,-0.022716353333333335
6,-0.10000000000000003,-4.81335e-05,-0.10000000000000003,-0.01921766
7,-0.07500000000000004,-4.802554666666667e-05,-0.07500000000000004,-0.017416893333333336
8,-0.050000000000000044,-4.791802666666667e-05,-0.050000000000000044,-0.017069586666666667
9,-0.02500000000000005,-4.781972666666667e-05,-0.02500000000000005,-0.01675532
10,-5.551115123125783e-17,-4.7720213333333336e-05,-5.551115123125783e-17,-0.016577193333333334
11,0.02499999999999991,-4.761388666666667e-05,0.02499999999999991,-0.016691046666666667
12,0.04999999999999993,-4.75112e-05,0.04999999999999993,-0.01656216
13,0.07499999999999996,-4.741164666666667e-05,0.07499999999999996,-0.011662006666666667
14,0.09999999999999992,-4.7308740000000006e-05,0.09999999999999992,-0.009440666666666667
15,0.12499999999999989,-4.720444e-05,0.12499999999999989,-0.00785656
16,0.1499999999999999,-4.710374e-05,0.1499999999999999,0.003613230666666667
17,0.17499999999999993,-4.699993333333334e-05,0.17499999999999993,0.0011810533333333332
18,0.1999999999999999,-4.6893740000000004e-05,0.1999999999999999,-0.0023702813333333333
19,0.22499999999999987,-4.678764e-05,0.22499999999999987,-0.015793213333333334
20,0.2499999999999999,-4.667107333333333e-05,0.2499999999999999,-0.015613853333333334
21,0.2749999999999999,-4.6555666666666665e-05,0.2749999999999999,-0.015513360000000002
22,0.2999999999999998,-4.643515333333334e-05,0.2999999999999998,-0.015436853333333334
23,0.32499999999999984,-4.631209333333334e-05,0.32499999999999984,-0.015348480000000001
24,0.34999999999999987,-4.617909333333334e-05,0.34999999999999987,-0.015268193333333334
25,0.3749999999999999,-4.603548e-05,0.3749999999999999,-0.01518132
26,0.3999999999999999,-4.587871333333334e-05,0.3999999999999999,-0.015124066666666667
27,0.4249999999999998,-4.570555333333333e-05,0.4249999999999998,-0.01504164
28,0.44999999999999984,-4.550638666666666e-05,0.44999999999999984,-0.014979353333333336
29,0.47499999999999987,-4.526730666666667e-05,0.47499999999999987,-0.014893813333333335
30,0.4999999999999998,-4.497595333333334e-05,0.4999999999999998,-0.014843293333333334
31,0.5249999999999998,-4.461337333333334e-05,0.5249999999999998,-0.014726600000000001
32,0.5499999999999998,-4.414356e-05,0.5499999999999998,-0.014641046666666666
33,0.5749999999999998,-4.352710666666667e-05,0.5749999999999998,-0.014522380000000001
34,0.5999999999999999,-4.274962666666667e-05,0.5999999999999999,-0.014412973333333334
35,0.6249999999999998,-4.171775333333334e-05,0.6249999999999998,-0.014316553333333334
36,0.6499999999999998,-4.043496666666667e-05,0.6499999999999998,-0.014199266666666668
37,0.6749999999999998,-3.881608666666667e-05,0.6749999999999998,-0.014072273333333335
38,0.6999999999999997,-3.676281333333334e-05,0.6999999999999997,-0.013924593333333334
39,0.7249999999999998,-3.403802e-05,0.7249999999999998,-0.013788340000000001
40,0.7499999999999998,-3.0209393333333333e-05,0.7499999999999998,-0.013594740000000001
41,0.7749999999999997,-2.443602e-05,0.7749999999999997,-0.01316968
42,0.7999999999999998,-1.5266253333333334e-05,0.7999999999999998,-0.012977546666666668
43,0.8249999999999997,-1.2771246666666667e-06,0.8249999999999997,-0.012918113333333333
44,0.8499999999999996,2.1356660000000002e-05,0.8499999999999996,-0.01264276
45,0.8749999999999998,5.976015333333334e-05,0.8749999999999998,-0.01221402
46,0.8999999999999997,0.00011954553333333333,0.8999999999999997,-0.011853706666666668
47,0.9249999999999998,0.00022358960000000002,0.9249999999999998,-0.011434666666666668
48,0.9499999999999997,0.0003962943333333333,0.9499999999999997,-0.01065748
49,0.9749999999999996,0.0006855133333333334,0.9749999999999996,-0.0087233
50,0.9999999999999998,0.0011344073333333334,0.9999999999999998,-0.0074627266666666674
51,1.0249999999999997,0.001967772,1.0249999999999997,-0.006105538666666667
52,1.0499999999999998,0.0032800406666666673,1.0499999999999998,-0.003175774666666667
53,1.0749999999999997,0.005290443333333333,1.0749999999999997,-0.0004745984
54,1.0999999999999996,0.007935153333333334,1.0999999999999996,0.0035684173333333335
55,1.1249999999999998,0.011820780000000001,1.1249999999999998,0.008385926666666668
56,1.1499999999999997,0.016556046666666668,1.1499999999999997,0.014412959999999999
57,1.1749999999999996,0.02207448,1.1749999999999996,0.020913033333333334
58,1.1999999999999997,0.028276333333333334,1.1999999999999997,0.027860926666666667
59,1.2249999999999996,0.035030193333333334,1.2249999999999996,0.03513888666666667
