Elapsed Time,Sample_Cell#,I_ph(suns),V_oc(V),mpp(V),J_sc(mA),R_sh,R_ser,FF,PCE(%)
5.050800538063049,b6_2F_120357,1.0,1.0180110039384516,0.5499999999999998,19.623713333333345,178.03668051886348,-112.15956351895429,0.3524676699415138,5.668247841666665
5.050800538063049,b6_2R_120357,1.0,1.052907968604248,0.7750000000000019,20.154053333333337,776.1598987672173,10.558880699784725,0.5900052129615595,10.078700625000026
6.085610369841258,b6_2F_120500,1.0,1.0255980203960455,0.5499999999999998,19.65112000000001,174.7479699365987,-168.4156890511268,0.3472135058865235,5.633223364999998
6.085877068837484,b6_2R_120500,1.0,1.0534682117751824,0.7750000000000019,20.16612666666668,809.0268955487402,10.626667200641648,0.5890995746917198,10.07461632333336
6.97197995185852,b6_3F_120553,1.0,1.0225654073879376,0.5999999999999999,20.25248666666667,173.87688315035638,-23.052956698021987,0.3709278767698043,6.183791039999998
6.972139652570089,b6_3R_120553,1.0,1.075763625900526,0.8000000000000018,20.745913333333338,925.1621788721365,10.06121298452456,0.6185115543291386,11.112022506666692
8.039733731746674,b6_3F_120657,1.0,1.0308515766350903,0.5749999999999998,20.149106666666672,173.60882491464787,-4.46136331233582,0.3639604924070149,6.085581174166665
8.040151600042979,b6_3R_120657,1.0,1.070123638938205,0.8000000000000018,20.696486666666672,1098.3597477118938,10.063425535555837,0.6104884561424564,10.884385680000026
9.77642023563385,b6_4F_120841,1.0,1.0402290782156312,0.6749999999999998,21.42449333333334,277.151270568185,13.171638624687176,0.4416002320643668,7.922545154999999
9.776670225461324,b6_4R_120841,1.0,1.0957485319087183,0.8250000000000017,21.72766,1166.2081356559531,9.738508601531136,0.6334072097562924,12.139554157500026
10.287789642810822,b6_4F_120912,1.0,1.0392708810062803,0.6749999999999998,21.375253333333337,289.6242387295862,13.11718463425926,0.4398191295026109,7.865204602499999
10.28803962469101,b6_4R_120912,1.0,1.0941219838301184,0.8000000000000018,21.70120666666667,1664.2808036670092,9.755495838481565,0.6293693758748992,12.029598000000028
11.3515216588974,b6_5F_121016,1.0,0.0,0.0,0.6998333333333334,357857.62472096644,0.0,0.0,0.0
11.351885910828909,b6_5R_121016,1.0,1.097134750408271,0.8250000000000017,21.33129333333334,1349.2256576641744,9.019604899185296,0.6505922423958792,12.256936037500026
11.95245727300644,b6_5F_121052,1.0,1.0379101407239275,0.6749999999999998,20.99782666666668,310.9406852921059,12.621415461433472,0.4629990181765566,8.1228802725
11.95245727300644,b6_5R_121052,1.0,1.0930114624660372,0.8250000000000017,21.27294666666668,1159.4489740160393,8.676878494817686,0.6393665929973402,11.967355400000026
15.160924474398294,b6_5F_121404,1.0,1.0033411432852843,0.7499999999999998,20.200533333333343,436.9115322032998,8.819466611242888,0.5736429329497588,9.359421049999998
15.161051952838898,b6_5R_121404,1.0,1.030751285828767,0.8000000000000018,20.24254666666668,686.9505397675078,7.810285267639827,0.6154419802612197,10.337178880000025
56.80866447687149,b6_5F_125543,1.0,0.8890045544589181,0.5999999999999999,6.083529333333335,466.9767262350324,37.51731056989005,0.4845892296958753,2.109741424
56.80877276659012,b6_5R_125543,1.0,0.9115975834858386,0.6750000000000023,6.287033333333342,542.1944957231154,23.15334013058834,0.5501895981477043,2.538383195250009
