,B1_3R_V_D,B1_3R_J_D,B1_3R_V_L,B1_3R_J_L
0,1.3,0.014989053333333335,1.3,0.02121234666666667
1,1.2750000000000001,0.015263473333333335,1.2750000000000001,0.020451466666666668
2,1.2500000000000002,0.015097313333333334,1.2500000000000002,0.01955746666666667
3,1.2250000000000003,0.014690646666666666,1.2250000000000003,0.0186008
4,1.2000000000000004,0.014141533333333334,1.2000000000000004,0.01762638
5,1.1750000000000005,0.01351326,1.1750000000000005,0.01660416
6,1.1500000000000006,0.012834866666666667,1.1500000000000006,0.015568446666666666
7,1.1250000000000007,0.012137533333333334,1.1250000000000007,0.014534833333333334
8,1.1000000000000008,0.011422226666666667,1.1000000000000008,0.0134819
9,1.0750000000000008,0.010713913333333335,1.0750000000000008,0.0124346
10,1.050000000000001,0.010014286666666667,1.050000000000001,0.011385586666666666
11,1.025000000000001,0.009323746666666667,1.025000000000001,0.0103504
12,1.000000000000001,0.008654733333333333,1.000000000000001,0.009319666666666667
13,0.9750000000000012,0.008002953333333333,0.9750000000000012,0.008294046666666667
14,0.9500000000000013,0.007373140000000001,0.9500000000000013,0.00727938
15,0.9250000000000014,0.006766153333333334,0.9250000000000014,0.006301927333333334
16,0.9000000000000015,0.006098388,0.9000000000000015,0.005291064666666667
17,0.8750000000000016,0.005593456,0.8750000000000016,0.004310166
18,0.8500000000000016,0.005086322000000001,0.8500000000000016,0.003344884
19,0.8250000000000017,0.004603306666666667,0.8250000000000017,0.0023960860000000004
20,0.8000000000000018,0.004144300666666667,0.8000000000000018,0.001466776
21,0.7750000000000019,0.0037137486666666665,0.7750000000000019,0.000648051
22,0.750000000000002,0.003313216666666667,0.750000000000002,-0.0002893958
23,0.7250000000000021,0.0029420093333333334,0.7250000000000021,-0.0010379666666666667
24,0.7000000000000022,0.0026012566666666665,0.7000000000000022,-0.0019526113333333335
25,0.6750000000000023,0.002286996,0.6750000000000023,-0.002809802
26,0.6500000000000024,0.002000654666666667,0.6500000000000024,-0.0036320000000000002
27,0.6250000000000024,0.0017406593333333335,0.6250000000000024,-0.004423072666666667
28,0.6000000000000025,0.0015053273333333335,0.6000000000000025,-0.005188570666666666
29,0.5750000000000026,0.001294118,0.5750000000000026,-0.005924393333333333
30,0.5500000000000027,0.0011045273333333333,0.5500000000000027,-0.006634373333333334
31,0.5250000000000028,0.0009359059999999999,0.5250000000000028,-0.007034793333333334
32,0.5000000000000029,0.0007870753333333334,0.5000000000000029,-0.007781906666666667
33,0.475000000000003,0.0006407640666666667,0.475000000000003,-0.008454453333333334
34,0.45000000000000306,0.0005310066666666667,0.45000000000000306,-0.009080686666666667
35,0.42500000000000315,0.0004347123333333334,0.42500000000000315,-0.009668706666666667
36,0.40000000000000324,0.0003518674666666667,0.40000000000000324,-0.010224833333333334
37,0.37500000000000333,0.0002812616666666667,0.37500000000000333,-0.010749633333333333
38,0.3500000000000034,0.0002219732,0.3500000000000034,-0.011243453333333334
39,0.3250000000000035,0.0001727254,0.3250000000000035,-0.011706233333333333
40,0.3000000000000036,0.00013239786666666668,0.3000000000000036,-0.012144813333333334
41,0.2750000000000037,9.96966e-05,0.2750000000000037,-0.012558300000000001
42,0.2500000000000038,7.368386666666667e-05,0.2500000000000038,-0.012936666666666667
43,0.22500000000000386,5.141556000000001e-05,0.22500000000000386,-0.01327238
44,0.20000000000000395,3.6190693333333336e-05,0.20000000000000395,-0.013606786666666667
45,0.17500000000000404,2.4830413333333334e-05,0.17500000000000404,-0.013910646666666667
46,0.15000000000000413,1.6340353333333335e-05,0.15000000000000413,-0.014186153333333333
47,0.12500000000000422,1.012292e-05,0.12500000000000422,-0.014438053333333334
48,0.10000000000000431,5.714693333333334e-06,0.10000000000000431,-0.014666820000000002
49,0.0750000000000044,2.311866e-06,0.0750000000000044,-0.014874033333333335
50,0.050000000000004485,-3.1650180000000007e-08,0.050000000000004485,-0.015064600000000001
51,0.025000000000004574,-1.8512333333333336e-06,0.025000000000004574,-0.015234073333333332
52,4.6629367034256575e-15,-3.399216666666667e-06,4.6629367034256575e-15,-0.015387513333333335
53,-0.024999999999995248,-4.852854666666667e-06,-0.024999999999995248,-0.015523173333333333
54,-0.04999999999999516,-6.2980706666666674e-06,-0.04999999999999516,-0.015660893333333335
55,-0.07499999999999507,-7.024086666666667e-06,-0.07499999999999507,-0.015769326666666666
56,-0.09999999999999498,-8.860046666666667e-06,-0.09999999999999498,-0.015870106666666668
57,-0.12499999999999489,-1.068946e-05,-0.12499999999999489,-0.01597452666666667
58,-0.1499999999999948,-1.2606080000000001e-05,-0.1499999999999948,-0.016075293333333334
59,-0.17499999999999472,-1.4696120000000001e-05,-0.17499999999999472,-0.016154346666666666
60,-0.19999999999999463,-1.694710666666667e-05,-0.19999999999999463,-0.016228833333333335
61,-0.22499999999999454,-1.9392673333333334e-05,-0.22499999999999454,-0.016315446666666667
62,-0.24999999999999445,-2.202744e-05,-0.24999999999999445,-0.016395366666666668
63,-0.27499999999999436,-2.46239e-05,-0.27499999999999436,-0.01647334
