,B1_4R_V_D,B1_4R_J_D,B1_4R_V_L,B1_4R_J_L
0,1.3,0.004111794,1.3,0.013307500000000002
1,1.2750000000000001,0.005383857333333334,1.2750000000000001,0.012751493333333334
2,1.2500000000000002,0.005771719333333333,1.2500000000000002,0.012195206666666668
3,1.2250000000000003,0.005759906666666667,1.2250000000000003,0.011609973333333334
4,1.2000000000000004,0.005549264,1.2000000000000004,0.0109932
5,1.1750000000000005,0.00523455,1.1750000000000005,0.010351573333333334
6,1.1500000000000006,0.004868732000000001,1.1500000000000006,0.0096936
7,1.1250000000000007,0.004466661333333333,1.1250000000000007,0.009023266666666667
8,1.1000000000000008,0.004060344666666667,1.1000000000000008,0.008348060000000001
9,1.0750000000000008,0.0036595306666666666,1.0750000000000008,0.007667833333333334
10,1.050000000000001,0.0032724446666666665,1.050000000000001,0.006985140000000001
11,1.025000000000001,0.002894574,1.025000000000001,0.006304530666666667
12,1.000000000000001,0.002540218,1.000000000000001,0.005614701333333334
13,0.9750000000000012,0.002208892,0.9750000000000012,0.004927860666666667
14,0.9500000000000013,0.001904128666666667,0.9500000000000013,0.004240484
15,0.9250000000000014,0.0016253913333333335,0.9250000000000014,0.0035520346666666667
16,0.9000000000000015,0.0013738806666666666,0.9000000000000015,0.00286203
17,0.8750000000000016,0.0011504926666666669,0.8750000000000016,0.0021686893333333337
18,0.8500000000000016,0.0009526526666666667,0.8500000000000016,0.0014727726666666668
19,0.8250000000000017,0.0007805933333333334,0.8250000000000017,0.0007735560000000001
20,0.8000000000000018,0.0005702995333333334,0.8000000000000018,0.00010619633333333335
21,0.7750000000000019,0.00047849773333333333,0.7750000000000019,-0.000617226
22,0.750000000000002,0.0003831038,0.750000000000002,-0.0012784086666666667
23,0.7250000000000021,0.0003006129333333333,0.7250000000000021,-0.002015094
24,0.7000000000000022,0.00023162773333333336,0.7000000000000022,-0.0027356766666666666
25,0.6750000000000023,0.00017555246666666667,0.6750000000000023,-0.0034523406666666667
26,0.6500000000000024,0.00013053013333333335,0.6500000000000024,-0.004160162
27,0.6250000000000024,9.540213333333334e-05,0.6250000000000024,-0.004859896000000001
28,0.6000000000000025,6.841393333333335e-05,0.6000000000000025,-0.005550888
29,0.5750000000000026,4.347421333333334e-05,0.5750000000000026,-0.006229504
30,0.5500000000000027,3.098644666666667e-05,0.5500000000000027,-0.006894466666666667
31,0.5250000000000028,2.1477320000000003e-05,0.5250000000000028,-0.007304453333333333
32,0.5000000000000029,1.4644080000000001e-05,0.5000000000000029,-0.007994333333333334
33,0.475000000000003,9.883353333333334e-06,0.475000000000003,-0.008640506666666667
34,0.45000000000000306,6.738186666666667e-06,0.45000000000000306,-0.009251273333333334
35,0.42500000000000315,4.374848e-06,0.42500000000000315,-0.009830286666666667
36,0.40000000000000324,2.9070273333333335e-06,0.40000000000000324,-0.01038172
37,0.37500000000000333,1.8879306666666668e-06,0.37500000000000333,-0.010903126666666667
38,0.3500000000000034,1.1597406666666666e-06,0.3500000000000034,-0.011395800000000001
39,0.3250000000000035,6.247455333333334e-07,0.3250000000000035,-0.011857073333333332
40,0.3000000000000036,2.241928e-07,0.3000000000000036,-0.0122914
41,0.2750000000000037,-8.169453333333333e-08,0.2750000000000037,-0.012705993333333334
42,0.2500000000000038,-3.1356893333333337e-07,0.2500000000000038,-0.013084933333333335
43,0.22500000000000386,-4.4047940000000003e-07,0.22500000000000386,-0.013420800000000002
44,0.20000000000000395,-6.123915333333333e-07,0.20000000000000395,-0.0137644
45,0.17500000000000404,-7.1012e-07,0.17500000000000404,-0.014076253333333335
46,0.15000000000000413,-7.772786666666668e-07,0.15000000000000413,-0.014365313333333334
47,0.12500000000000422,-8.209313333333334e-07,0.12500000000000422,-0.014630480000000001
48,0.10000000000000431,-8.492306666666667e-07,0.10000000000000431,-0.01487772
49,0.0750000000000044,-8.647953333333334e-07,0.0750000000000044,-0.01510728
50,0.050000000000004485,-8.72752e-07,0.050000000000004485,-0.015321060000000001
51,0.025000000000004574,-8.757366666666667e-07,0.025000000000004574,-0.015517253333333333
52,4.6629367034256575e-15,-8.741173333333334e-07,4.6629367034256575e-15,-0.015697306666666667
53,-0.024999999999995248,-8.765233333333333e-07,-0.024999999999995248,-0.0158646
54,-0.04999999999999516,-8.782026666666666e-07,-0.04999999999999516,-0.0160253
55,-0.07499999999999507,-8.808993333333333e-07,-0.07499999999999507,-0.016159013333333336
56,-0.09999999999999498,-8.871e-07,-0.09999999999999498,-0.016287160000000002
57,-0.12499999999999489,-8.959286666666667e-07,-0.12499999999999489,-0.016405526666666666
58,-0.1499999999999948,-9.068246666666667e-07,-0.1499999999999948,-0.01652772
59,-0.17499999999999472,-9.22674e-07,-0.17499999999999472,-0.016629353333333336
60,-0.19999999999999463,-9.280713333333334e-07,-0.19999999999999463,-0.016720426666666666
61,-0.22499999999999454,-9.606573333333334e-07,-0.22499999999999454,-0.01683276666666667
62,-0.24999999999999445,-9.882693333333335e-07,-0.24999999999999445,-0.0169364
63,-0.27499999999999436,-1.019634e-06,-0.27499999999999436,-0.017043113333333335
