,B1_4R_V_D,B1_4R_J_D,B1_4R_V_L,B1_4R_J_L
0,1.3,0.0030209733333333333,1.3,0.012077773333333333
1,1.2750000000000001,0.004012952,1.2750000000000001,0.011472553333333335
2,1.2500000000000002,0.004371248,1.2500000000000002,0.010899406666666667
3,1.2250000000000003,0.004408825333333333,1.2250000000000003,0.010321493333333334
4,1.2000000000000004,0.004273954666666667,1.2000000000000004,0.009733386666666668
5,1.1750000000000005,0.0040420993333333335,1.1750000000000005,0.009135353333333334
6,1.1500000000000006,0.0037628693333333334,1.1500000000000006,0.008530653333333334
7,1.1250000000000007,0.003453824,1.1250000000000007,0.007921226666666666
8,1.1000000000000008,0.0031363713333333334,1.1000000000000008,0.007311686666666667
9,1.0750000000000008,0.002818018666666667,1.0750000000000008,0.00669924
10,1.050000000000001,0.002509016,1.050000000000001,0.006092650666666667
11,1.025000000000001,0.0022162926666666667,1.025000000000001,0.0054733460000000005
12,1.000000000000001,0.0019341766666666667,1.000000000000001,0.004858186666666667
13,0.9750000000000012,0.0016736613333333335,0.9750000000000012,0.0042422453333333335
14,0.9500000000000013,0.001435,0.9500000000000013,0.0036245166666666667
15,0.9250000000000014,0.0012196546666666669,0.9250000000000014,0.0030033560000000004
16,0.9000000000000015,0.0010227106666666666,0.9000000000000015,0.0023785486666666666
17,0.8750000000000016,0.0008506006666666667,0.8750000000000016,0.0017478453333333332
18,0.8500000000000016,0.0007009000000000001,0.8500000000000016,0.0011113513333333334
19,0.8250000000000017,0.0005148297333333334,0.8250000000000017,0.0004967778666666667
20,0.8000000000000018,0.0004360061333333334,0.8000000000000018,-0.00016861313333333333
21,0.7750000000000019,0.00035236993333333336,0.7750000000000019,-0.0007788273333333333
22,0.750000000000002,0.00027900533333333335,0.750000000000002,-0.001467386
23,0.7250000000000021,0.0002179088,0.7250000000000021,-0.0021473346666666666
24,0.7000000000000022,0.0001671574,0.7000000000000022,-0.0028236593333333337
25,0.6750000000000023,0.0001263258,0.6750000000000023,-0.0035009380000000003
26,0.6500000000000024,9.390686666666667e-05,0.6500000000000024,-0.004176165333333334
27,0.6250000000000024,6.87058e-05,0.6250000000000024,-0.004847124
28,0.6000000000000025,4.442086666666667e-05,0.6000000000000025,-0.005513196666666667
29,0.5750000000000026,3.260908666666667e-05,0.5750000000000026,-0.006170523333333334
30,0.5500000000000027,2.3239453333333335e-05,0.5500000000000027,-0.006817493333333333
31,0.5250000000000028,1.6300933333333335e-05,0.5250000000000028,-0.007215000000000001
32,0.5000000000000029,1.1333326666666668e-05,0.5000000000000029,-0.007891726666666666
33,0.475000000000003,7.84728e-06,0.475000000000003,-0.008526793333333333
34,0.45000000000000306,5.627525333333333e-06,0.45000000000000306,-0.009130306666666666
35,0.42500000000000315,3.7314486666666667e-06,0.42500000000000315,-0.009703286666666667
36,0.40000000000000324,2.5512566666666668e-06,0.40000000000000324,-0.010250400000000002
37,0.37500000000000333,1.7024246666666667e-06,0.37500000000000333,-0.01077072
38,0.3500000000000034,1.072842e-06,0.3500000000000034,-0.011262286666666668
39,0.3250000000000035,5.92716e-07,0.3250000000000035,-0.0117237
40,0.3000000000000036,2.229716e-07,0.3000000000000036,-0.012157606666666668
41,0.2750000000000037,-6.787406666666667e-08,0.2750000000000037,-0.012572620000000001
42,0.2500000000000038,-2.929065333333333e-07,0.2500000000000038,-0.012949486666666668
43,0.22500000000000386,-4.159373333333333e-07,0.22500000000000386,-0.013283600000000001
44,0.20000000000000395,-5.898786e-07,0.20000000000000395,-0.01361942
45,0.17500000000000404,-6.885913333333334e-07,0.17500000000000404,-0.013924586666666667
46,0.15000000000000413,-7.60008e-07,0.15000000000000413,-0.014205746666666666
47,0.12500000000000422,-8.083953333333333e-07,0.12500000000000422,-0.014461020000000002
48,0.10000000000000431,-8.404933333333333e-07,0.10000000000000431,-0.014693786666666667
49,0.0750000000000044,-8.61728e-07,0.0750000000000044,-0.014907153333333333
50,0.050000000000004485,-8.464946666666667e-07,0.050000000000004485,-0.015102966666666667
51,0.025000000000004574,-8.780486666666667e-07,0.025000000000004574,-0.015277626666666665
52,4.6629367034256575e-15,-8.829846666666666e-07,4.6629367034256575e-15,-0.015436653333333335
53,-0.024999999999995248,-8.88872e-07,-0.024999999999995248,-0.015581073333333334
54,-0.04999999999999516,-8.934713333333334e-07,-0.04999999999999516,-0.015721893333333334
55,-0.07499999999999507,-9.001886666666668e-07,-0.07499999999999507,-0.015832746666666668
56,-0.09999999999999498,-9.081520000000001e-07,-0.09999999999999498,-0.01594732
57,-0.12499999999999489,-9.188626666666667e-07,-0.12499999999999489,-0.016053813333333333
58,-0.1499999999999948,-9.319040000000001e-07,-0.1499999999999948,-0.016166706666666666
59,-0.17499999999999472,-9.480506666666668e-07,-0.17499999999999472,-0.016256886666666668
60,-0.19999999999999463,-9.530113333333334e-07,-0.19999999999999463,-0.016345813333333334
61,-0.22499999999999454,-9.876746666666667e-07,-0.22499999999999454,-0.01645608
62,-0.24999999999999445,-1.014772e-06,-0.24999999999999445,-0.016558813333333335
63,-0.27499999999999436,-1.045412e-06,-0.27499999999999436,-0.016666353333333335
