,B1_4F_V_D,B1_4F_J_D,B1_4F_V_L,B1_4F_J_L
0,-0.3,-1.4819973333333334e-06,-0.3,-0.021275313333333334
1,-0.27499999999999997,-1.0576393333333334e-06,-0.27499999999999997,-0.02079926
2,-0.24999999999999994,-8.414546666666668e-07,-0.24999999999999994,-0.020450346666666668
3,-0.22499999999999992,-6.718193333333334e-07,-0.22499999999999992,-0.020120486666666666
4,-0.1999999999999999,-5.550696e-07,-0.1999999999999999,-0.019785646666666667
5,-0.17499999999999988,-4.012816e-07,-0.17499999999999988,-0.019426960000000004
6,-0.14999999999999986,-2.8365200000000003e-07,-0.14999999999999986,-0.01905704
7,-0.12499999999999983,-1.7192666666666669e-07,-0.12499999999999983,-0.01867042
8,-0.09999999999999981,-6.609124e-08,-0.09999999999999981,-0.018266753333333333
9,-0.07499999999999979,3.685363333333334e-08,-0.07499999999999979,-0.017845546666666667
10,-0.04999999999999977,1.3774940000000002e-07,-0.04999999999999977,-0.01741158
11,-0.024999999999999745,2.3932220000000004e-07,-0.024999999999999745,-0.01696348
12,2.7755575615628914e-16,3.2623320000000004e-07,2.7755575615628914e-16,-0.0165097
13,0.0250000000000003,4.4942e-07,0.0250000000000003,-0.01603972
14,0.05000000000000032,5.647760000000001e-07,0.05000000000000032,-0.015562680000000002
15,0.07500000000000034,6.883946666666667e-07,0.07500000000000034,-0.015075793333333334
16,0.10000000000000037,8.225346666666666e-07,0.10000000000000037,-0.014591673333333334
17,0.1250000000000004,9.691686666666666e-07,0.1250000000000004,-0.014098613333333333
18,0.1500000000000004,1.1087006666666668e-06,0.1500000000000004,-0.013595260000000001
19,0.17500000000000043,1.3060873333333335e-06,0.17500000000000043,-0.013089713333333334
20,0.20000000000000046,1.5046006666666666e-06,0.20000000000000046,-0.01256632
21,0.22500000000000048,1.7137000000000002e-06,0.22500000000000048,-0.012035866666666667
22,0.2500000000000005,1.9622133333333337e-06,0.2500000000000005,-0.01149468
23,0.2750000000000005,2.2395366666666667e-06,0.2750000000000005,-0.010940953333333335
24,0.30000000000000054,2.558272e-06,0.30000000000000054,-0.01037672
25,0.32500000000000057,2.933612e-06,0.32500000000000057,-0.009795526666666667
26,0.3500000000000006,3.377254666666667e-06,0.3500000000000006,-0.009204066666666667
27,0.3750000000000006,3.947963333333334e-06,0.3750000000000006,-0.008597553333333334
28,0.40000000000000063,4.687639333333334e-06,0.40000000000000063,-0.007971840000000001
29,0.42500000000000066,5.683776666666667e-06,0.42500000000000066,-0.007343126666666667
30,0.4500000000000007,8.464493333333334e-06,0.4500000000000007,-0.006699633333333333
31,0.4750000000000007,1.0545133333333333e-05,0.4750000000000007,-0.006427516666666667
32,0.5000000000000007,1.3715693333333334e-05,0.5000000000000007,-0.005596564666666666
33,0.5250000000000008,1.8553613333333337e-05,0.5250000000000008,-0.004848168666666666
34,0.5500000000000007,2.5883753333333336e-05,0.5500000000000007,-0.004113639333333334
35,0.5750000000000008,3.692624666666667e-05,0.5750000000000008,-0.0033829213333333333
36,0.6000000000000008,5.342946e-05,0.6000000000000008,-0.00264924
37,0.6250000000000009,0.00011360606666666666,0.6250000000000009,-0.0019111006666666667
38,0.6500000000000008,0.00014295373333333332,0.6500000000000008,-0.001164008
39,0.6750000000000009,0.0001915452,0.6750000000000009,-0.001062388
40,0.7000000000000008,0.0002628842,0.7000000000000008,-0.0003059794
41,0.7250000000000008,0.00036012146666666666,0.7250000000000008,0.0006379341333333334
42,0.7500000000000009,0.0004892955333333334,0.7500000000000009,0.0012708686666666668
43,0.775000000000001,0.0008860626666666668,0.775000000000001,0.0022472006666666667
44,0.8000000000000009,0.0010374713333333335,0.8000000000000009,0.003195706
45,0.8250000000000008,0.0012836566666666667,0.8250000000000008,0.0041461906666666664
46,0.850000000000001,0.001595394,0.850000000000001,0.005111938
47,0.8750000000000011,0.0019817566666666666,0.8750000000000011,0.006102708
48,0.900000000000001,0.0024399893333333336,0.900000000000001,0.007092773333333334
49,0.9250000000000009,0.002968936,0.9250000000000009,0.008197526666666668
50,0.9500000000000011,0.0035656866666666665,0.9500000000000011,0.009319613333333334
51,0.9750000000000012,0.004256813333333333,0.9750000000000012,0.010470913333333333
52,1.000000000000001,0.005016917333333334,1.000000000000001,0.011656226666666668
53,1.025000000000001,0.005851896,1.025000000000001,0.01287798
54,1.0500000000000012,0.007627973333333335,1.0500000000000012,0.01413384
55,1.0750000000000013,0.008302866666666667,1.0750000000000013,0.015427073333333334
56,1.1000000000000012,0.009257366666666668,1.1000000000000012,0.01674630666666667
57,1.125000000000001,0.010321033333333333,1.125000000000001,0.018107613333333335
58,1.1500000000000012,0.01146604,1.1500000000000012,0.01949902
59,1.1750000000000014,0.012687853333333334,1.1750000000000014,0.02092186
60,1.2000000000000013,0.013962993333333333,1.2000000000000013,0.02237344
61,1.2250000000000012,0.015290833333333335,1.2250000000000012,0.02384872
62,1.2500000000000013,0.016672806666666668,1.2500000000000013,0.02535588
63,1.2750000000000015,0.01810928666666667,1.2750000000000015,0.026886413333333335
