,B4_4R_V_D,B4_4R_J_D,B4_4R_V_L,B4_4R_J_L
0,1.3,0.10616613333333333,1.3,0.1058162
1,1.2750000000000001,0.11024126666666667,1.2750000000000001,0.10766893333333333
2,1.2500000000000002,0.109559,1.2500000000000002,0.10643826666666667
3,1.2250000000000003,0.10737,1.2250000000000003,0.1040258
4,1.2000000000000004,0.10448640000000001,1.2000000000000004,0.10106346666666667
5,1.1750000000000005,0.10122540000000001,1.1750000000000005,0.097776
6,1.1500000000000006,0.0977406,1.1500000000000006,0.0942826
7,1.1250000000000007,0.09412393333333334,1.1250000000000007,0.09065540000000001
8,1.1000000000000008,0.09043773333333334,1.1000000000000008,0.08695673333333333
9,1.0750000000000008,0.08669993333333333,1.0750000000000008,0.08319426666666667
10,1.050000000000001,0.08294506666666666,1.050000000000001,0.0793994
11,1.025000000000001,0.07918626666666667,1.025000000000001,0.0755904
12,1.000000000000001,0.07544033333333333,1.000000000000001,0.07177766666666667
13,0.9750000000000012,0.0717172,0.9750000000000012,0.06797526666666667
14,0.9500000000000013,0.06802513333333333,0.9500000000000013,0.06418502
15,0.9250000000000014,0.06422094,0.9250000000000014,0.060474773333333336
16,0.9000000000000015,0.060693859999999995,0.9000000000000015,0.05677165333333334
17,0.8750000000000016,0.057173553333333335,0.8750000000000016,0.053095340000000005
18,0.8500000000000016,0.05370136666666667,0.8500000000000016,0.04945961333333334
19,0.8250000000000017,0.050286000000000004,0.8250000000000017,0.0458751
20,0.8000000000000018,0.046940206666666665,0.8000000000000018,0.042345966666666665
21,0.7750000000000019,0.043670733333333336,0.7750000000000019,0.03888013333333334
22,0.750000000000002,0.040480100000000005,0.750000000000002,0.03548138
23,0.7250000000000021,0.03737908666666667,0.7250000000000021,0.03215640666666667
24,0.7000000000000022,0.03437917333333334,0.7000000000000022,0.028919900000000002
25,0.6750000000000023,0.03147014,0.6750000000000023,0.025759880000000002
26,0.6500000000000024,0.02866676,0.6500000000000024,0.022690173333333334
27,0.6250000000000024,0.025976066666666665,0.6250000000000024,0.01971968666666667
28,0.6000000000000025,0.02340478,0.6000000000000025,0.01685186
29,0.5750000000000026,0.020952226666666667,0.5750000000000026,0.014093026666666666
30,0.5500000000000027,0.01863036,0.5500000000000027,0.011447686666666667
31,0.5250000000000028,0.01644218,0.5250000000000028,0.008924220000000002
32,0.5000000000000029,0.014393846666666668,0.5000000000000029,0.006422109333333334
33,0.475000000000003,0.012492226666666667,0.475000000000003,0.004163004666666667
34,0.45000000000000306,0.010737446666666667,0.45000000000000306,0.0020567253333333333
35,0.42500000000000315,0.009133806666666668,0.42500000000000315,-0.00023884013333333334
36,0.40000000000000324,0.00768276,0.40000000000000324,-0.0021167713333333335
37,0.37500000000000333,0.006268834666666666,0.37500000000000333,-0.003739012
38,0.3500000000000034,0.005147968,0.3500000000000034,-0.005202642666666667
39,0.3250000000000035,0.004165550666666667,0.3250000000000035,-0.006524174000000001
40,0.3000000000000036,0.0033210573333333337,0.3000000000000036,-0.007766486666666667
41,0.2750000000000037,0.002602302,0.2750000000000037,-0.008796866666666667
42,0.2500000000000038,0.0020031606666666667,0.2500000000000038,-0.009683766666666668
43,0.22500000000000386,0.0015119106666666667,0.22500000000000386,-0.01043858
44,0.20000000000000395,0.0011189433333333332,0.20000000000000395,-0.011080253333333333
45,0.17500000000000404,0.0008096846666666667,0.17500000000000404,-0.011607146666666667
46,0.15000000000000413,0.0005507387333333333,0.15000000000000413,-0.012035813333333334
47,0.12500000000000422,0.00037555466666666664,0.12500000000000422,-0.012379813333333333
48,0.10000000000000431,0.0002444778,0.10000000000000431,-0.012651626666666667
49,0.0750000000000044,0.0001457284,0.0750000000000044,-0.012859853333333334
50,0.050000000000004485,6.98446e-05,0.050000000000004485,-0.013019206666666668
51,0.025000000000004574,8.452386666666667e-06,0.025000000000004574,-0.013146073333333333
52,4.6629367034256575e-15,-4.261339333333334e-05,4.6629367034256575e-15,-0.01324584
53,-0.024999999999995248,-8.403106666666668e-05,-0.024999999999995248,-0.013325013333333333
54,-0.04999999999999516,-0.0001295076,-0.04999999999999516,-0.013396113333333333
55,-0.07499999999999507,-0.00017782386666666668,-0.07499999999999507,-0.013464546666666667
56,-0.09999999999999498,-0.00022958633333333334,-0.09999999999999498,-0.013533620000000001
57,-0.12499999999999489,-0.0002850216,-0.12499999999999489,-0.013607726666666667
58,-0.1499999999999948,-0.0003438302,-0.1499999999999948,-0.013688713333333333
59,-0.17499999999999472,-0.0004054191333333333,-0.17499999999999472,-0.01377688
60,-0.19999999999999463,-0.00046971906666666666,-0.19999999999999463,-0.01387356
61,-0.22499999999999454,-0.0005368112666666667,-0.22499999999999454,-0.013983346666666665
62,-0.24999999999999445,-0.000606815,-0.24999999999999445,-0.014099653333333335
63,-0.27499999999999436,-0.0006791946666666667,-0.27499999999999436,-0.01422782
