,NiOx_C2_112023_2R_V_D,NiOx_C2_112023_2R_J_D,NiOx_C2_112023_2R_V_L,NiOx_C2_112023_2R_J_L
0,1.25,0.059976093333333334,1.25,0.05762192000000001
1,1.225,0.053176100000000004,1.225,0.048480293333333334
2,1.2000000000000002,0.045622993333333334,1.2000000000000002,0.03974855333333333
3,1.1750000000000003,0.03815678666666667,1.1750000000000003,0.03144979333333334
4,1.1500000000000004,0.03104466,1.1500000000000004,0.02360022
5,1.1250000000000004,0.024481313333333334,1.1250000000000004,0.016294493333333333
6,1.1000000000000005,0.01858574,1.1000000000000005,0.009589219999999999
7,1.0750000000000006,0.013514473333333334,1.0750000000000006,0.0037549286666666666
8,1.0500000000000007,0.009343686666666667,1.0500000000000007,-0.001485258
9,1.0250000000000008,0.006202632666666667,1.0250000000000008,-0.005802412666666667
10,1.0000000000000009,0.0038154206666666667,1.0000000000000009,-0.00883454
11,0.975000000000001,0.0022425593333333335,0.975000000000001,-0.011537806666666667
12,0.9500000000000011,0.0012577813333333333,0.9500000000000011,-0.013460153333333334
13,0.9250000000000012,0.0006767246666666667,0.9250000000000012,-0.014783413333333334
14,0.9000000000000012,0.00039635453333333336,0.9000000000000012,-0.015687486666666667
15,0.8750000000000013,0.00018278933333333336,0.8750000000000013,-0.016315173333333335
16,0.8500000000000014,7.053413333333333e-05,0.8500000000000014,-0.01676888
17,0.8250000000000015,2.3525113333333335e-05,0.8250000000000015,-0.017109786666666668
18,0.8000000000000016,-1.5823473333333334e-05,0.8000000000000016,-0.01737790666666667
19,0.7750000000000017,-3.5498873333333336e-05,0.7750000000000017,-0.01759778
20,0.7500000000000018,-4.563438666666667e-05,0.7500000000000018,-0.017786033333333333
21,0.7250000000000019,-5.079646e-05,0.7250000000000019,-0.017947913333333333
22,0.700000000000002,-5.319787333333334e-05,0.700000000000002,-0.01808816666666667
23,0.675000000000002,-5.409402000000001e-05,0.675000000000002,-0.018208953333333333
24,0.6500000000000021,-5.430227333333334e-05,0.6500000000000021,-0.018300066666666667
25,0.6250000000000022,-5.434102000000001e-05,0.6250000000000022,-0.018353280000000003
26,0.6000000000000023,-5.439668666666667e-05,0.6000000000000023,-0.018379753333333332
27,0.5750000000000024,-5.448880666666666e-05,0.5750000000000024,-0.018404473333333334
28,0.5500000000000025,-5.47755e-05,0.5500000000000025,-0.018456146666666666
29,0.5250000000000026,-5.5130406666666666e-05,0.5250000000000026,-0.01853252
30,0.5000000000000027,-5.555856e-05,0.5000000000000027,-0.018620093333333334
31,0.47500000000000275,-5.604130000000001e-05,0.47500000000000275,-0.01870254
32,0.45000000000000284,-5.655087333333334e-05,0.45000000000000284,-0.0187756
33,0.42500000000000293,-5.706097333333334e-05,0.42500000000000293,-0.018837853333333335
34,0.400000000000003,-5.754494666666667e-05,0.400000000000003,-0.01888766
35,0.3750000000000031,-5.7975526666666665e-05,0.3750000000000031,-0.018928406666666668
36,0.3500000000000032,-5.835044666666667e-05,0.3500000000000032,-0.01895759333333333
37,0.3250000000000033,-5.8654466666666665e-05,0.3250000000000033,-0.018980493333333334
38,0.3000000000000034,-5.889339333333334e-05,0.3000000000000034,-0.01899726666666667
39,0.27500000000000346,-5.906866666666667e-05,0.27500000000000346,-0.019012366666666666
40,0.25000000000000355,-5.920114666666667e-05,0.25000000000000355,-0.019024813333333335
41,0.22500000000000364,-5.927137333333333e-05,0.22500000000000364,-0.019033293333333333
42,0.20000000000000373,-5.936040000000001e-05,0.20000000000000373,-0.019044773333333334
43,0.17500000000000382,-5.9414493333333336e-05,0.17500000000000382,-0.019058520000000002
44,0.1500000000000039,-5.945635333333333e-05,0.1500000000000039,-0.01907518
45,0.125000000000004,-5.949376e-05,0.125000000000004,-0.01908502
46,0.10000000000000409,-5.9523206666666676e-05,0.10000000000000409,-0.019087506666666667
47,0.07500000000000417,-5.9551073333333336e-05,0.07500000000000417,-0.019102306666666666
48,0.05000000000000426,-5.958083333333333e-05,0.05000000000000426,-0.019113573333333335
49,0.025000000000004352,-5.960694e-05,0.025000000000004352,-0.01912408
50,4.440892098500626e-15,-5.962851333333334e-05,4.440892098500626e-15,-0.019133106666666667
51,-0.02499999999999547,-5.965942000000001e-05,-0.02499999999999547,-0.019144006666666668
52,-0.04999999999999538,-5.9683486666666673e-05,-0.04999999999999538,-0.019154713333333333
53,-0.07499999999999529,-5.971383333333333e-05,-0.07499999999999529,-0.019162573333333335
54,-0.0999999999999952,-5.9735620000000006e-05,-0.0999999999999952,-0.019173153333333335
55,-0.12499999999999512,-5.976018666666667e-05,-0.12499999999999512,-0.019183446666666666
56,-0.14999999999999503,-5.9787966666666664e-05,-0.14999999999999503,-0.019192533333333334
57,-0.17499999999999494,-5.980999333333333e-05,-0.17499999999999494,-0.019202013333333334
58,-0.19999999999999485,-5.982875333333334e-05,-0.19999999999999485,-0.019208633333333332
59,-0.22499999999999476,-5.985489333333333e-05,-0.22499999999999476,-0.019217559999999998
