,NiOx_D2_112023_4R_V_D,NiOx_D2_112023_4R_J_D,NiOx_D2_112023_4R_V_L,NiOx_D2_112023_4R_J_L
0,1.25,0.027422900000000004,1.25,0.027107500000000003
1,1.225,0.023212553333333334,1.225,0.02160674666666667
2,1.2000000000000002,0.018960753333333333,1.2000000000000002,0.01645722
3,1.1750000000000003,0.015048253333333334,1.1750000000000003,0.011680526666666666
4,1.1500000000000004,0.011583406666666667,1.1500000000000004,0.0073010466666666675
5,1.1250000000000004,0.008642813333333334,1.1250000000000004,0.0036144906666666665
6,1.1000000000000005,0.006295062000000001,1.1000000000000005,0.0003852382666666667
7,1.0750000000000006,0.004383222000000001,1.0750000000000006,-0.0025741753333333333
8,1.0500000000000007,0.0029861393333333337,1.0500000000000007,-0.005275922
9,1.0250000000000008,0.001995558666666667,1.0250000000000008,-0.006919673333333334
10,1.0000000000000009,0.0013147193333333334,1.0000000000000009,-0.00874742
11,0.975000000000001,0.000861484,0.975000000000001,-0.010027886666666668
12,0.9500000000000011,0.0005834537333333333,0.9500000000000011,-0.010965766666666666
13,0.9250000000000012,0.0003688378666666667,0.9250000000000012,-0.011656373333333334
14,0.9000000000000012,0.00023892059999999998,0.9000000000000012,-0.012187073333333333
15,0.8750000000000013,0.00015581506666666666,0.8750000000000013,-0.012592686666666667
16,0.8500000000000014,0.00010024026666666667,0.8500000000000014,-0.012926206666666667
17,0.8250000000000015,7.427013333333333e-05,0.8250000000000015,-0.013199246666666668
18,0.8000000000000016,4.506620666666667e-05,0.8000000000000016,-0.01343284
19,0.7750000000000017,1.9350866666666668e-05,0.7750000000000017,-0.01363714
20,0.7500000000000018,1.1075733333333335e-05,0.7500000000000018,-0.013817813333333333
21,0.7250000000000019,-1.4136126666666667e-06,0.7250000000000019,-0.013979393333333335
22,0.700000000000002,-1.046938e-05,0.700000000000002,-0.014124419999999999
23,0.675000000000002,-2.0103173333333334e-05,0.675000000000002,-0.0142633
24,0.6500000000000021,-2.5839893333333337e-05,0.6500000000000021,-0.01438076
25,0.6250000000000022,-3.013614666666667e-05,0.6250000000000022,-0.014485946666666668
26,0.6000000000000023,-3.34544e-05,0.6000000000000023,-0.014584733333333332
27,0.5750000000000024,-3.6056133333333335e-05,0.5750000000000024,-0.014675713333333335
28,0.5500000000000025,-3.807946e-05,0.5500000000000025,-0.014758180000000001
29,0.5250000000000026,-3.9666886666666666e-05,0.5250000000000026,-0.014836086666666666
30,0.5000000000000027,-4.090311333333333e-05,0.5000000000000027,-0.014904673333333335
31,0.47500000000000275,-4.187908e-05,0.47500000000000275,-0.014971773333333336
32,0.45000000000000284,-4.2613153333333335e-05,0.45000000000000284,-0.01502878
33,0.42500000000000293,-4.326065333333333e-05,0.42500000000000293,-0.015083666666666667
34,0.400000000000003,-4.375922666666667e-05,0.400000000000003,-0.015135060000000002
35,0.3750000000000031,-4.416856666666667e-05,0.3750000000000031,-0.0151854
36,0.3500000000000032,-4.450368e-05,0.3500000000000032,-0.015232786666666666
37,0.3250000000000033,-4.479306666666667e-05,0.3250000000000033,-0.015275420000000001
38,0.3000000000000034,-4.504143333333333e-05,0.3000000000000034,-0.015318173333333334
39,0.27500000000000346,-4.526181333333333e-05,0.27500000000000346,-0.015354913333333334
40,0.25000000000000355,-4.546173333333333e-05,0.25000000000000355,-0.015387486666666667
41,0.22500000000000364,-4.559182666666667e-05,0.22500000000000364,-0.015418566666666666
42,0.20000000000000373,-4.5810393333333335e-05,0.20000000000000373,-0.015453526666666668
43,0.17500000000000382,-4.597268666666667e-05,0.17500000000000382,-0.015483266666666667
44,0.1500000000000039,-4.6125773333333334e-05,0.1500000000000039,-0.015512166666666665
45,0.125000000000004,-4.6276620000000005e-05,0.125000000000004,-0.015541453333333333
46,0.10000000000000409,-4.64207e-05,0.10000000000000409,-0.015567353333333332
47,0.07500000000000417,-4.655768666666667e-05,0.07500000000000417,-0.015592946666666668
48,0.05000000000000426,-4.6690813333333336e-05,0.05000000000000426,-0.015619073333333334
49,0.025000000000004352,-4.682458e-05,0.025000000000004352,-0.01564542
50,4.440892098500626e-15,-4.694715333333334e-05,4.440892098500626e-15,-0.015667033333333337
51,-0.02499999999999547,-4.7073906666666666e-05,-0.02499999999999547,-0.01568940666666667
52,-0.04999999999999538,-4.7195453333333334e-05,-0.04999999999999538,-0.015712226666666666
53,-0.07499999999999529,-4.731712e-05,-0.07499999999999529,-0.01573502666666667
54,-0.0999999999999952,-4.743372e-05,-0.0999999999999952,-0.01575396
55,-0.12499999999999512,-4.7550373333333334e-05,-0.12499999999999512,-0.015776273333333334
56,-0.14999999999999503,-4.766542666666666e-05,-0.14999999999999503,-0.01579668
57,-0.17499999999999494,-4.777686666666667e-05,-0.17499999999999494,-0.015817013333333334
58,-0.19999999999999485,-4.785528666666667e-05,-0.19999999999999485,-0.015835426666666666
59,-0.22499999999999476,-4.799901333333333e-05,-0.22499999999999476,-0.015856340000000003
