,NiOx_C3_112023_4R_V_D,NiOx_C3_112023_4R_J_D,NiOx_C3_112023_4R_V_L,NiOx_C3_112023_4R_J_L
0,1.25,0.17759313333333335,1.25,0.17981213333333335
1,1.225,0.17294493333333336,1.225,0.17484286666666665
2,1.2000000000000002,0.16894013333333333,1.2000000000000002,0.17059493333333334
3,1.1750000000000003,0.1652106,1.1750000000000003,0.16657006666666666
4,1.1500000000000004,0.1614324,1.1500000000000004,0.16278220000000002
5,1.1250000000000004,0.15774786666666668,1.1250000000000004,0.158997
6,1.1000000000000005,0.15409013333333332,1.1000000000000005,0.15531546666666668
7,1.0750000000000006,0.1505082,1.0750000000000006,0.151676
8,1.0500000000000007,0.14696333333333336,1.0500000000000007,0.14807140000000002
9,1.0250000000000008,0.14342846666666667,1.0250000000000008,0.1444474666666667
10,1.0000000000000009,0.1398892,1.0000000000000009,0.1408374666666667
11,0.975000000000001,0.13636546666666666,0.975000000000001,0.13726526666666666
12,0.9500000000000011,0.13288566666666665,0.9500000000000011,0.13374060000000002
13,0.9250000000000012,0.12936766666666666,0.9250000000000012,0.13020273333333335
14,0.9000000000000012,0.12588,0.9000000000000012,0.12662873333333335
15,0.8750000000000013,0.1223596,0.8750000000000013,0.1231082
16,0.8500000000000014,0.11883026666666667,0.8500000000000014,0.1195682
17,0.8250000000000015,0.11521533333333334,0.8250000000000015,0.1160522
18,0.8000000000000016,0.11171053333333333,0.8000000000000016,0.1124584
19,0.7750000000000017,0.1081934,0.7750000000000017,0.10885539999999999
20,0.7500000000000018,0.10466353333333334,0.7500000000000018,0.10529086666666666
21,0.7250000000000019,0.101164,0.7250000000000019,0.10168106666666668
22,0.700000000000002,0.0976072,0.700000000000002,0.09814353333333334
23,0.675000000000002,0.094082,0.675000000000002,0.0945984
24,0.6500000000000021,0.09054506666666667,0.6500000000000021,0.09102746666666667
25,0.6250000000000022,0.08700746666666667,0.6250000000000022,0.0874938
26,0.6000000000000023,0.08346626666666668,0.6000000000000023,0.083955
27,0.5750000000000024,0.07989500000000001,0.5750000000000024,0.08035326666666667
28,0.5500000000000025,0.07635080000000001,0.5500000000000025,0.07678040000000001
29,0.5250000000000026,0.07278213333333333,0.5250000000000026,0.07319706666666667
30,0.5000000000000027,0.0692548,0.5000000000000027,0.06960206666666667
31,0.47500000000000275,0.06574111333333334,0.47500000000000275,0.06605462666666667
32,0.45000000000000284,0.06216634,0.45000000000000284,0.06248271333333333
33,0.42500000000000293,0.05856211333333333,0.42500000000000293,0.058896713333333336
34,0.400000000000003,0.054977533333333335,0.400000000000003,0.055301140000000006
35,0.3750000000000031,0.05139542666666667,0.3750000000000031,0.051690566666666674
36,0.3500000000000032,0.04780208666666667,0.3500000000000032,0.04808477333333334
37,0.3250000000000033,0.0441949,0.3250000000000033,0.04447243333333333
38,0.3000000000000034,0.04058812666666667,0.3000000000000034,0.04085524
39,0.27500000000000346,0.036999220000000006,0.27500000000000346,0.03722640666666667
40,0.25000000000000355,0.033391580000000004,0.25000000000000355,0.03359559333333334
41,0.22500000000000364,0.02978446666666667,0.22500000000000364,0.02995044666666667
42,0.20000000000000373,0.026177246666666664,0.20000000000000373,0.02630882666666667
43,0.17500000000000382,0.022545086666666665,0.17500000000000382,0.022659666666666668
44,0.1500000000000039,0.01890840666666667,0.1500000000000039,0.01900250666666667
45,0.125000000000004,0.0152608,0.125000000000004,0.015334406666666666
46,0.10000000000000409,0.011610106666666667,0.10000000000000409,0.011661893333333334
47,0.07500000000000417,0.007948400000000001,0.07500000000000417,0.007981646666666667
48,0.05000000000000426,0.004279992000000001,0.05000000000000426,0.004297814666666667
49,0.025000000000004352,0.0006005240000000001,0.025000000000004352,0.0006014374
50,4.440892098500626e-15,-0.0030981153333333334,4.440892098500626e-15,-0.0031088633333333335
51,-0.02499999999999547,-0.006798266666666668,-0.02499999999999547,-0.006829606666666667
52,-0.04999999999999538,-0.010509913333333332,-0.04999999999999538,-0.010556606666666668
53,-0.07499999999999529,-0.014225779999999999,-0.07499999999999529,-0.01429076
54,-0.0999999999999952,-0.017946820000000002,-0.0999999999999952,-0.018037486666666668
55,-0.12499999999999512,-0.021671393333333334,-0.12499999999999512,-0.021793153333333336
56,-0.14999999999999503,-0.025413940000000003,-0.14999999999999503,-0.025559173333333334
57,-0.17499999999999494,-0.029156646666666664,-0.17499999999999494,-0.029325726666666666
58,-0.19999999999999485,-0.032915186666666665,-0.19999999999999485,-0.03311656
59,-0.22499999999999476,-0.036668360000000004,-0.22499999999999476,-0.03689871333333333
