,SLA_4PAC_C_1F_V_D,SLA_4PAC_C_1F_J_D,SLA_4PAC_C_1F_V_L,SLA_4PAC_C_1F_J_L
0,-0.25,-0.02078114,-0.25,-0.029245300000000002
1,-0.225,-0.017552444,-0.225,-0.025924000000000003
2,-0.2,-0.014836162,-0.2,-0.02376744
3,-0.17500000000000002,-0.012280344,-0.17500000000000002,-0.0217674
4,-0.15000000000000002,-0.009693796000000001,-0.15000000000000002,-0.01669767
5,-0.12500000000000003,-0.007145556,-0.12500000000000003,-0.01795407
6,-0.10000000000000003,-0.004541316,-0.10000000000000003,-0.014975678000000001
7,-0.07500000000000004,-0.0008594680000000001,-0.07500000000000004,-0.012385828
8,-0.050000000000000044,0.000203624,-0.050000000000000044,-0.009885086
9,-0.02500000000000005,0.002541684,-0.02500000000000005,-0.007492164
10,-5.551115123125783e-17,0.005238566,-5.551115123125783e-17,-0.005201802
11,0.02499999999999991,0.007954292,0.02499999999999991,-0.003132828
12,0.04999999999999993,0.010365078,0.04999999999999993,-0.00307462
13,0.07499999999999996,0.012514726,0.07499999999999996,-0.0016159768000000001
14,0.09999999999999992,0.014601566,0.09999999999999992,-0.0046663139999999995
15,0.12499999999999989,0.016655324,0.12499999999999989,-0.0018258482
16,0.1499999999999999,0.018595934,0.1499999999999999,-0.0013998516000000001
17,0.17499999999999993,0.0204595,0.17499999999999993,0.000538242
18,0.1999999999999999,0.015451624,0.1999999999999999,0.00348471
19,0.22499999999999987,0.013787237999999999,0.22499999999999987,0.006399774
20,0.2499999999999999,0.02074792,0.2499999999999999,0.009287746
21,0.2749999999999999,0.015599714,0.2749999999999999,0.012161788
22,0.2999999999999998,0.013931917999999998,0.2999999999999998,0.014928274
23,0.32499999999999984,0.019627122,0.32499999999999984,0.017532832
24,0.34999999999999987,0.014606752,0.34999999999999987,0.02010354
25,0.3749999999999999,0.01397458,0.3749999999999999,0.013722036000000002
26,0.3999999999999999,0.019946908,0.3999999999999999,0.020856640000000003
27,0.4249999999999998,0.015538018,0.4249999999999998,0.014685216000000001
28,0.44999999999999984,0.01467114,0.44999999999999984,0.013696785999999999
29,0.47499999999999987,0.020477020000000002,0.47499999999999987,0.02090166
30,0.4999999999999998,0.017025357999999997,0.4999999999999998,0.015773638
31,0.5249999999999998,0.016826668,0.5249999999999998,0.015861986
32,0.5499999999999998,0.016452438,0.5499999999999998,0.015389854
33,0.5749999999999998,0.016151618,0.5749999999999998,0.015150606
34,0.5999999999999999,0.015750510000000002,0.5999999999999999,0.014834513999999998
35,0.6249999999999998,0.02075964,0.6249999999999998,0.014495578
36,0.6499999999999998,0.018602434,0.6499999999999998,0.013997689999999998
37,0.6749999999999998,0.02080524,0.6749999999999998,0.013719428
38,0.6999999999999997,0.02299862,0.6999999999999997,0.01414356
39,0.7249999999999998,0.025140439999999997,0.7249999999999998,0.013976574
40,0.7499999999999998,0.02731058,0.7499999999999998,0.014189338000000001
41,0.7749999999999997,0.0294196,0.7749999999999997,0.0143321
42,0.7999999999999998,0.031529459999999995,0.7999999999999998,0.013894670000000001
43,0.8249999999999997,0.033641739999999996,0.8249999999999997,0.02009906
44,0.8499999999999996,0.03572092,0.8499999999999996,0.015997188000000002
45,0.8749999999999998,0.03787956,0.8749999999999998,0.015812888
46,0.8999999999999997,0.039952100000000004,0.8999999999999997,0.01573592
47,0.9249999999999998,0.0419743,0.9249999999999998,0.02094954
48,0.9499999999999997,0.044009559999999996,0.9499999999999997,0.020242959999999997
49,0.9749999999999996,0.046094819999999995,0.9749999999999996,0.02293732
50,0.9999999999999998,0.048223,0.9999999999999998,0.02549568
51,1.0249999999999997,0.05012122,1.0249999999999997,0.028028960000000002
52,1.0499999999999998,0.0525331,1.0499999999999998,0.030554500000000002
53,1.0749999999999997,0.05457104,1.0749999999999997,0.03309988
54,1.0999999999999996,0.05659936,1.0999999999999996,0.035664259999999996
55,1.1249999999999998,0.05873014,1.1249999999999998,0.0384834
56,1.1499999999999997,0.06084794,1.1499999999999997,0.0409206
57,1.1749999999999996,0.06289249999999999,1.1749999999999996,0.0433887
58,1.1999999999999997,0.06666784,1.1999999999999997,0.045876139999999996
59,1.2249999999999996,0.06878535999999999,1.2249999999999996,0.0483583
