,C5_4R_V_D,C5_4R_J_D,C5_4R_V_L,C5_4R_J_L
0,1.3,0.008649873333333334,1.3,0.009315693333333333
1,1.2750000000000001,0.007942053333333334,1.2750000000000001,0.008080193333333334
2,1.2500000000000002,0.007070753333333333,1.2500000000000002,0.006883233333333334
3,1.2250000000000003,0.006043260666666667,1.2250000000000003,0.005704249333333334
4,1.2000000000000004,0.005267233333333334,1.2000000000000004,0.004534048
5,1.1750000000000005,0.004385888666666667,1.1750000000000005,0.0033898626666666667
6,1.1500000000000006,0.003549994666666667,1.1500000000000006,0.0022755166666666667
7,1.1250000000000007,0.0027863360000000004,1.1250000000000007,0.0012008540000000001
8,1.1000000000000008,0.00211658,1.1000000000000008,0.0002798946666666667
9,1.0750000000000008,0.0015474733333333335,1.0750000000000008,-0.0006998273333333334
10,1.050000000000001,0.0010848886666666667,1.050000000000001,-0.0015447286666666667
11,1.025000000000001,0.0007280160000000001,1.025000000000001,-0.0025504146666666667
12,1.000000000000001,0.00040887640000000005,1.000000000000001,-0.003472448666666667
13,0.9750000000000012,0.0002760329333333333,0.9750000000000012,-0.004330655333333334
14,0.9500000000000013,0.00016845886666666667,0.9500000000000013,-0.0051504893333333334
15,0.9250000000000014,9.896766666666667e-05,0.9250000000000014,-0.005932672666666667
16,0.9000000000000015,5.0291000000000004e-05,0.9000000000000015,-0.006674746666666667
17,0.8750000000000016,3.025751333333333e-05,0.8750000000000016,-0.006787240000000001
18,0.8500000000000016,1.6952559999999998e-05,0.8500000000000016,-0.007653500000000001
19,0.8250000000000017,9.096053333333334e-06,0.8250000000000017,-0.008403606666666667
20,0.8000000000000018,5.140569333333334e-06,0.8000000000000018,-0.009066913333333333
21,0.7750000000000019,2.069434e-06,0.7750000000000019,-0.009680613333333334
22,0.750000000000002,5.407276e-07,0.750000000000002,-0.010246546666666669
23,0.7250000000000021,-3.6568240000000005e-07,0.7250000000000021,-0.010769806666666668
24,0.7000000000000022,-9.169146666666667e-07,0.7000000000000022,-0.011246586666666667
25,0.6750000000000023,-1.2804993333333334e-06,0.6750000000000023,-0.011681726666666666
26,0.6500000000000024,-1.5253880000000001e-06,0.6500000000000024,-0.012074973333333334
27,0.6250000000000024,-1.71009e-06,0.6250000000000024,-0.012431693333333334
28,0.6000000000000025,-1.8592633333333335e-06,0.6000000000000025,-0.01274656
29,0.5750000000000026,-1.9896466666666667e-06,0.5750000000000026,-0.013030560000000002
30,0.5500000000000027,-2.105054e-06,0.5500000000000027,-0.013277700000000002
31,0.5250000000000028,-2.216524666666667e-06,0.5250000000000028,-0.013514546666666669
32,0.5000000000000029,-2.3163733333333334e-06,0.5000000000000029,-0.013743846666666669
33,0.475000000000003,-2.4122513333333334e-06,0.475000000000003,-0.0139342
34,0.45000000000000306,-2.4977733333333335e-06,0.45000000000000306,-0.014121833333333335
35,0.42500000000000315,-2.578752666666667e-06,0.42500000000000315,-0.014314133333333335
36,0.40000000000000324,-2.647722666666667e-06,0.40000000000000324,-0.0145137
37,0.37500000000000333,-2.7142486666666665e-06,0.37500000000000333,-0.014687366666666667
38,0.3500000000000034,-2.7695393333333335e-06,0.3500000000000034,-0.01487102
39,0.3250000000000035,-2.794722e-06,0.3250000000000035,-0.015063826666666667
40,0.3000000000000036,-2.865514e-06,0.3000000000000036,-0.015252713333333334
41,0.2750000000000037,-2.9088913333333337e-06,0.2750000000000037,-0.015442673333333334
42,0.2500000000000038,-2.9472693333333335e-06,0.2500000000000038,-0.015636093333333333
43,0.22500000000000386,-2.8641573333333335e-06,0.22500000000000386,-0.015785320000000002
44,0.20000000000000395,-3.012316e-06,0.20000000000000395,-0.016005946666666666
45,0.17500000000000404,-3.049340666666667e-06,0.17500000000000404,-0.01621918
46,0.15000000000000413,-3.08155e-06,0.15000000000000413,-0.016397273333333334
47,0.12500000000000422,-3.1125846666666667e-06,0.12500000000000422,-0.016581000000000002
48,0.10000000000000431,-3.143724666666667e-06,0.10000000000000431,-0.016767846666666666
49,0.0750000000000044,-3.1720206666666667e-06,0.0750000000000044,-0.01696828666666667
50,0.050000000000004485,-3.2013340000000003e-06,0.050000000000004485,-0.017129793333333334
51,0.025000000000004574,-3.229310666666667e-06,0.025000000000004574,-0.017304833333333335
52,4.6629367034256575e-15,-3.2545893333333336e-06,4.6629367034256575e-15,-0.017486153333333334
53,-0.024999999999995248,-3.2790660000000004e-06,-0.024999999999995248,-0.017659286666666666
54,-0.04999999999999516,-3.3052820000000003e-06,-0.04999999999999516,-0.017828406666666668
55,-0.07499999999999507,-3.3311480000000002e-06,-0.07499999999999507,-0.017988753333333333
56,-0.09999999999999498,-3.350368666666667e-06,-0.09999999999999498,-0.018151206666666666
57,-0.12499999999999489,-3.3735146666666666e-06,-0.12499999999999489,-0.018308013333333335
58,-0.1499999999999948,-3.3945626666666666e-06,-0.1499999999999948,-0.01847328
59,-0.17499999999999472,-3.4133446666666666e-06,-0.17499999999999472,-0.01860752
