,C5_4F_V_D,C5_4F_J_D,C5_4F_V_L,C5_4F_J_L
0,-0.2,-1.8629353333333334e-07,-0.2,-0.021228346666666665
1,-0.17500000000000002,1.5289766666666668e-07,-0.17500000000000002,-0.020645293333333335
2,-0.15000000000000002,2.03727e-07,-0.15000000000000002,-0.02012478666666667
3,-0.12500000000000003,2.335908e-07,-0.12500000000000003,-0.019716993333333332
4,-0.10000000000000003,2.536066e-07,-0.10000000000000003,-0.0193926
5,-0.07500000000000004,2.678648e-07,-0.07500000000000004,-0.0191167
6,-0.050000000000000044,2.81666e-07,-0.050000000000000044,-0.018881206666666667
7,-0.02500000000000005,2.9375573333333334e-07,-0.02500000000000005,-0.01866062
8,-5.551115123125783e-17,2.649804666666667e-07,-5.551115123125783e-17,-0.018466173333333332
9,0.02499999999999994,3.163824e-07,0.02499999999999994,-0.018265753333333332
10,0.04999999999999993,3.3317306666666667e-07,0.04999999999999993,-0.018072533333333335
11,0.0749999999999999,3.495532e-07,0.0749999999999999,-0.01787992
12,0.09999999999999992,3.677254e-07,0.09999999999999992,-0.017689613333333336
13,0.12499999999999994,3.860344666666667e-07,0.12499999999999994,-0.01749334
14,0.1499999999999999,4.077952666666667e-07,0.1499999999999999,-0.017301206666666666
15,0.17499999999999988,4.2930726666666666e-07,0.17499999999999988,-0.017085986666666667
16,0.1999999999999999,4.5118333333333337e-07,0.1999999999999999,-0.016887433333333333
17,0.22499999999999992,4.5954633333333335e-07,0.22499999999999992,-0.01666024
18,0.2499999999999999,4.968268666666667e-07,0.2499999999999999,-0.016445380000000002
19,0.27499999999999986,5.186707333333333e-07,0.27499999999999986,-0.01620556
20,0.2999999999999999,5.432682e-07,0.2999999999999999,-0.01595608
21,0.3249999999999999,5.685268000000001e-07,0.3249999999999999,-0.015693373333333333
22,0.3499999999999998,5.926960666666667e-07,0.3499999999999998,-0.015419806666666667
23,0.37499999999999983,6.198481333333334e-07,0.37499999999999983,-0.015122646666666668
24,0.39999999999999986,6.448755333333333e-07,0.39999999999999986,-0.014813493333333334
25,0.4249999999999999,6.747173333333334e-07,0.4249999999999999,-0.014482553333333334
26,0.4499999999999999,7.039986666666667e-07,0.4499999999999999,-0.014136440000000002
27,0.4749999999999998,7.152486666666667e-07,0.4749999999999998,-0.013766913333333334
28,0.49999999999999983,7.718126666666667e-07,0.49999999999999983,-0.013366513333333333
29,0.5249999999999999,8.172033333333333e-07,0.5249999999999999,-0.012956606666666667
30,0.5499999999999998,8.668193333333334e-07,0.5499999999999998,-0.012525266666666666
31,0.5749999999999997,9.290113333333335e-07,0.5749999999999997,-0.012068073333333333
32,0.5999999999999999,1.0084753333333335e-06,0.5999999999999999,-0.0115957
33,0.6249999999999998,1.1134333333333334e-06,0.6249999999999998,-0.011089060000000001
34,0.6499999999999999,1.2525340000000002e-06,0.6499999999999999,-0.010566773333333335
35,0.6749999999999998,1.4519680000000002e-06,0.6749999999999998,-0.010023800000000001
36,0.6999999999999997,1.7365526666666667e-06,0.6999999999999997,-0.009466833333333334
37,0.7249999999999999,2.1733373333333335e-06,0.7249999999999999,-0.00889292
38,0.7499999999999998,2.8759473333333332e-06,0.7499999999999998,-0.00830698
39,0.7749999999999997,4.058208666666667e-06,0.7749999999999997,-0.007708313333333334
40,0.7999999999999998,6.082869333333333e-06,0.7999999999999998,-0.007101326666666667
41,0.8249999999999997,9.650173333333334e-06,0.8249999999999997,-0.006852213333333333
42,0.8499999999999999,1.620258e-05,0.8499999999999999,-0.006029983333333334
43,0.8749999999999998,2.7010080000000003e-05,0.8749999999999998,-0.005339478000000001
44,0.8999999999999997,4.541824666666667e-05,0.8999999999999997,-0.004673772666666667
45,0.9249999999999998,8.930573333333333e-05,0.9249999999999998,-0.004016621333333334
46,0.9499999999999997,0.0001361148666666667,0.9499999999999997,-0.003361702666666667
47,0.9749999999999999,0.00021631713333333336,0.9749999999999999,-0.002705388
48,0.9999999999999998,0.0003392478666666667,0.9999999999999998,-0.0020430873333333334
49,1.0249999999999997,0.0005204530666666667,1.0249999999999997,-0.0013733553333333335
50,1.0499999999999998,0.00089701,1.0499999999999998,-0.0006907213333333334
51,1.0749999999999997,0.0011744186666666667,1.0749999999999997,-0.00018995746666666667
52,1.0999999999999999,0.001569102,1.0999999999999999,0.0006420176666666667
53,1.1249999999999998,0.0020526113333333334,1.1249999999999998,0.001403914
54,1.1499999999999997,0.0026112780000000003,1.1499999999999997,0.0022647973333333334
55,1.1749999999999998,0.003234022,1.1749999999999998,0.003124720666666667
56,1.1999999999999997,0.003925845333333333,1.1999999999999997,0.004013384666666667
57,1.2249999999999996,0.004669928,1.2249999999999996,0.0049339406666666676
58,1.2499999999999998,0.005463574,1.2499999999999998,0.005893597333333334
59,1.2749999999999997,0.0063001586666666665,1.2749999999999997,0.006892280000000001
