,C5_4F_V_D,C5_4F_J_D,C5_4F_V_L,C5_4F_J_L
0,-0.2,-1.6702413333333333e-07,-0.2,-0.02124596
1,-0.17500000000000002,1.8635533333333332e-07,-0.17500000000000002,-0.0206285
2,-0.15000000000000002,2.3629006666666666e-07,-0.15000000000000002,-0.0200674
3,-0.12500000000000003,2.6240266666666665e-07,-0.12500000000000003,-0.01961224666666667
4,-0.10000000000000003,2.819730666666667e-07,-0.10000000000000003,-0.0192495
5,-0.07500000000000004,2.9602740000000003e-07,-0.07500000000000004,-0.01894504
6,-0.050000000000000044,3.0704526666666667e-07,-0.050000000000000044,-0.01867016
7,-0.02500000000000005,3.189262666666667e-07,-0.02500000000000005,-0.018437620000000002
8,-5.551115123125783e-17,3.188956e-07,-5.551115123125783e-17,-0.01822058
9,0.02499999999999994,3.430512666666667e-07,0.02499999999999994,-0.017994366666666668
10,0.04999999999999993,3.560748666666667e-07,0.04999999999999993,-0.017793273333333335
11,0.0749999999999999,3.727377333333334e-07,0.0749999999999999,-0.017573940000000003
12,0.09999999999999992,3.9005753333333334e-07,0.09999999999999992,-0.01736784
13,0.12499999999999994,3.9384653333333337e-07,0.12499999999999994,-0.017152606666666667
14,0.1499999999999999,4.285091333333334e-07,0.1499999999999999,-0.01693896
15,0.17499999999999988,4.486894666666667e-07,0.17499999999999988,-0.016719706666666667
16,0.1999999999999999,4.7197866666666665e-07,0.1999999999999999,-0.016495233333333335
17,0.22499999999999992,4.791864666666667e-07,0.22499999999999992,-0.016256386666666667
18,0.2499999999999999,5.176938666666667e-07,0.2499999999999999,-0.016023453333333333
19,0.27499999999999986,5.402164666666668e-07,0.27499999999999986,-0.015765526666666668
20,0.2999999999999999,5.661688666666666e-07,0.2999999999999999,-0.015515113333333334
21,0.3249999999999999,5.922130000000001e-07,0.3249999999999999,-0.015245233333333334
22,0.3499999999999998,6.166845333333334e-07,0.3499999999999998,-0.014961453333333334
23,0.37499999999999983,6.465383333333334e-07,0.37499999999999983,-0.014669100000000001
24,0.39999999999999986,6.732633333333334e-07,0.39999999999999986,-0.014352006666666669
25,0.4249999999999999,7.04472e-07,0.4249999999999999,-0.014020586666666666
26,0.4499999999999999,7.378466666666667e-07,0.4499999999999999,-0.013674239999999999
27,0.4749999999999998,7.645053333333334e-07,0.4749999999999998,-0.013306146666666666
28,0.49999999999999983,8.160180000000001e-07,0.49999999999999983,-0.012923193333333333
29,0.5249999999999999,8.670246666666667e-07,0.5249999999999999,-0.012515980000000001
30,0.5499999999999998,9.248553333333334e-07,0.5499999999999998,-0.012093880000000001
31,0.5749999999999997,1.0020733333333333e-06,0.5749999999999997,-0.011643160000000001
32,0.5999999999999999,1.096834e-06,0.5999999999999999,-0.0111652
33,0.6249999999999998,1.2188413333333335e-06,0.6249999999999998,-0.0106841
34,0.6499999999999999,1.3803673333333332e-06,0.6499999999999999,-0.010178426666666667
35,0.6749999999999998,1.5988133333333333e-06,0.6749999999999998,-0.009651166666666667
36,0.6999999999999997,1.8981246666666668e-06,0.6999999999999997,-0.009112420000000001
37,0.7249999999999999,2.3468800000000002e-06,0.7249999999999999,-0.008547560000000001
38,0.7499999999999998,3.0451213333333334e-06,0.7499999999999998,-0.007974420000000001
39,0.7749999999999997,4.203649333333334e-06,0.7749999999999997,-0.007387713333333334
40,0.7999999999999998,6.1793393333333334e-06,0.7999999999999998,-0.0067951800000000005
41,0.8249999999999997,9.517553333333333e-06,0.8249999999999997,-0.006596817333333334
42,0.8499999999999999,1.5904933333333334e-05,0.8499999999999999,-0.005767467333333333
43,0.8749999999999998,2.6429713333333334e-05,0.8749999999999998,-0.00508148
44,0.8999999999999997,4.43683e-05,0.8999999999999997,-0.004420986
45,0.9249999999999998,8.720933333333333e-05,0.9249999999999998,-0.003780931333333333
46,0.9499999999999997,0.00013281513333333333,0.9499999999999997,-0.003138084666666667
47,0.9749999999999999,0.00021255906666666668,0.9749999999999999,-0.002492866
48,0.9999999999999998,0.00033656613333333336,0.9999999999999998,-0.0018404466666666669
49,1.0249999999999997,0.0005195153333333333,1.0249999999999997,-0.0011785653333333335
50,1.0499999999999998,0.0009072000000000002,1.0499999999999998,-0.0008011773333333333
51,1.0749999999999997,0.00119235,1.0749999999999997,-3.634366e-05
52,1.0999999999999999,0.0016092853333333334,1.0999999999999999,0.0007410580000000001
53,1.1249999999999998,0.00212253,1.1249999999999998,0.0016149200000000002
54,1.1499999999999997,0.002719046666666667,1.1499999999999997,0.0024766780000000004
55,1.1749999999999998,0.003390772,1.1749999999999998,0.0033589126666666667
56,1.1999999999999997,0.004130260666666667,1.1999999999999997,0.004278225333333333
57,1.2249999999999996,0.004929628666666667,1.2249999999999996,0.005235152666666667
58,1.2499999999999998,0.005787370666666666,1.2499999999999998,0.006235236666666666
59,1.2749999999999997,0.0066853400000000006,1.2749999999999997,0.0073837266666666665
