,C5_4R_V_D,C5_4R_J_D,C5_4R_V_L,C5_4R_J_L
0,1.3,0.008625993333333333,1.3,0.009252266666666667
1,1.2750000000000001,0.007929626666666667,1.2750000000000001,0.00803292
2,1.2500000000000002,0.007060853333333333,1.2500000000000002,0.006845373333333333
3,1.2250000000000003,0.0060314186666666665,1.2250000000000003,0.0056727159999999995
4,1.2000000000000004,0.0052556980000000005,1.2000000000000004,0.004509234
5,1.1750000000000005,0.004379454,1.1750000000000005,0.0033702493333333337
6,1.1500000000000006,0.0035461613333333335,1.1500000000000006,0.002261098
7,1.1250000000000007,0.002786869333333333,1.1250000000000007,0.0011898493333333334
8,1.1000000000000008,0.00211492,1.1000000000000008,0.00027033546666666665
9,1.0750000000000008,0.0015481840000000002,1.0750000000000008,-0.000699826
10,1.050000000000001,0.0010858646666666667,1.050000000000001,-0.001551082
11,1.025000000000001,0.000729134,1.025000000000001,-0.002554278
12,1.000000000000001,0.0004100635333333334,1.000000000000001,-0.0034735000000000005
13,0.9750000000000012,0.00027705733333333336,0.9750000000000012,-0.004331036
14,0.9500000000000013,0.000169416,0.9500000000000013,-0.00515116
15,0.9250000000000014,9.990586666666667e-05,0.9250000000000014,-0.005929640666666667
16,0.9000000000000015,5.108560666666667e-05,0.9000000000000015,-0.006673573333333334
17,0.8750000000000016,3.121978666666667e-05,0.8750000000000016,-0.006792766666666667
18,0.8500000000000016,1.7989293333333335e-05,0.8500000000000016,-0.00765894
19,0.8250000000000017,1.019556e-05,0.8250000000000017,-0.008392666666666668
20,0.8000000000000018,6.008296666666667e-06,0.8000000000000018,-0.009065933333333335
21,0.7750000000000019,3.1510740000000003e-06,0.7750000000000019,-0.009683686666666668
22,0.750000000000002,1.6768940000000002e-06,0.750000000000002,-0.010246686666666666
23,0.7250000000000021,8.051246666666667e-07,0.7250000000000021,-0.010773926666666668
24,0.7000000000000022,2.765774e-07,0.7000000000000022,-0.01125654
25,0.6750000000000023,-5.752132666666667e-08,0.6750000000000023,-0.0116976
26,0.6500000000000024,-2.7138533333333336e-07,0.6500000000000024,-0.012091033333333334
27,0.6250000000000024,-4.2010173333333335e-07,0.6250000000000024,-0.012452526666666667
28,0.6000000000000025,-5.271494e-07,0.6000000000000025,-0.012789393333333334
29,0.5750000000000026,-6.110170666666667e-07,0.5750000000000026,-0.013067133333333333
30,0.5500000000000027,-6.782900000000001e-07,0.5500000000000027,-0.013320213333333332
31,0.5250000000000028,-7.386113333333333e-07,0.5250000000000028,-0.01355456
32,0.5000000000000029,-7.87912e-07,0.5000000000000029,-0.013764146666666666
33,0.475000000000003,-8.343213333333333e-07,0.475000000000003,-0.013972866666666669
34,0.45000000000000306,-8.735380000000001e-07,0.45000000000000306,-0.014158153333333335
35,0.42500000000000315,-9.07704e-07,0.42500000000000315,-0.014349053333333334
36,0.40000000000000324,-9.36208e-07,0.40000000000000324,-0.014540440000000002
37,0.37500000000000333,-9.622366666666667e-07,0.37500000000000333,-0.014729746666666668
38,0.3500000000000034,-9.796533333333334e-07,0.3500000000000034,-0.014917660000000001
39,0.3250000000000035,-9.893893333333335e-07,0.3250000000000035,-0.015101966666666668
40,0.3000000000000036,-1.0075313333333334e-06,0.3000000000000036,-0.015294946666666668
41,0.2750000000000037,-1.0168793333333334e-06,0.2750000000000037,-0.015501493333333333
42,0.2500000000000038,-1.0238513333333333e-06,0.2500000000000038,-0.015681853333333336
43,0.22500000000000386,-9.321286666666667e-07,0.22500000000000386,-0.015830686666666666
44,0.20000000000000395,-1.028602e-06,0.20000000000000395,-0.016052900000000002
45,0.17500000000000404,-1.0343166666666667e-06,0.17500000000000404,-0.016245680000000002
46,0.15000000000000413,-1.0384073333333334e-06,0.15000000000000413,-0.01642862
47,0.12500000000000422,-1.041686e-06,0.12500000000000422,-0.016619653333333335
48,0.10000000000000431,-1.0433753333333333e-06,0.10000000000000431,-0.01680654
49,0.0750000000000044,-1.0480626666666669e-06,0.0750000000000044,-0.01698818666666667
50,0.050000000000004485,-1.051018e-06,0.050000000000004485,-0.01716874666666667
51,0.025000000000004574,-1.0530160000000001e-06,0.025000000000004574,-0.017344000000000002
52,4.6629367034256575e-15,-1.0549326666666668e-06,4.6629367034256575e-15,-0.017522846666666668
53,-0.024999999999995248,-1.0568366666666668e-06,-0.024999999999995248,-0.01769174
54,-0.04999999999999516,-1.0640459999999999e-06,-0.04999999999999516,-0.017872186666666668
55,-0.07499999999999507,-1.0666213333333334e-06,-0.07499999999999507,-0.018014393333333333
56,-0.09999999999999498,-1.0715e-06,-0.09999999999999498,-0.018176966666666666
57,-0.12499999999999489,-1.075606e-06,-0.12499999999999489,-0.018331213333333332
58,-0.1499999999999948,-1.078066e-06,-0.1499999999999948,-0.018495593333333334
59,-0.17499999999999472,-1.0834006666666668e-06,-0.17499999999999472,-0.018628246666666667
