,C5_4R_V_D,C5_4R_J_D,C5_4R_V_L,C5_4R_J_L
0,1.3,0.005928328,1.3,0.00722704
1,1.2750000000000001,0.0056985993333333335,1.2750000000000001,0.006331634666666666
2,1.2500000000000002,0.005329100000000001,1.2500000000000002,0.005371379333333333
3,1.2250000000000003,0.004800463333333334,1.2250000000000003,0.004411193333333333
4,1.2000000000000004,0.004192252666666667,1.2000000000000004,0.003457259333333334
5,1.1750000000000005,0.0035671106666666673,1.1750000000000005,0.0025188373333333335
6,1.1500000000000006,0.002954805333333333,1.1500000000000006,0.0015924466666666667
7,1.1250000000000007,0.002379940666666667,1.1250000000000007,0.0006807040000000001
8,1.1000000000000008,0.0018566140000000001,1.1000000000000008,-0.00016027766666666668
9,1.0750000000000008,0.0013958380000000002,1.0750000000000008,-0.001001264
10,1.050000000000001,0.0010078613333333335,1.050000000000001,-0.0019220146666666669
11,1.025000000000001,0.0006962533333333334,1.025000000000001,-0.0028026926666666666
12,1.000000000000001,0.00042276173333333336,1.000000000000001,-0.003667841333333334
13,0.9750000000000012,0.0002807221333333333,0.9750000000000012,-0.004514244000000001
14,0.9500000000000013,0.0001727268,0.9500000000000013,-0.005346789333333333
15,0.9250000000000014,0.00010206673333333334,0.9250000000000014,-0.00616133
16,0.9000000000000015,5.5101960000000006e-05,0.9000000000000015,-0.006955860000000001
17,0.8750000000000016,3.178411333333333e-05,0.8750000000000016,-0.007450340000000001
18,0.8500000000000016,1.7836193333333334e-05,0.8500000000000016,-0.008294406666666667
19,0.8250000000000017,9.800773333333334e-06,0.8250000000000017,-0.0090714
20,0.8000000000000018,5.844494e-06,0.8000000000000018,-0.009805893333333334
21,0.7750000000000019,2.735248e-06,0.7750000000000019,-0.010504973333333334
22,0.750000000000002,1.2804493333333333e-06,0.750000000000002,-0.011164593333333334
23,0.7250000000000021,4.902844e-07,0.7250000000000021,-0.011795806666666667
24,0.7000000000000022,-2.8103493333333334e-08,0.7000000000000022,-0.012391140000000002
25,0.6750000000000023,-3.2122513333333335e-07,0.6750000000000023,-0.01295306
26,0.6500000000000024,-4.985830666666667e-07,0.6500000000000024,-0.013475866666666668
27,0.6250000000000024,-6.113192666666667e-07,0.6250000000000024,-0.013971120000000002
28,0.6000000000000025,-6.814466666666666e-07,0.6000000000000025,-0.014436073333333334
29,0.5750000000000026,-7.307333333333334e-07,0.5750000000000026,-0.014853293333333335
30,0.5500000000000027,-7.63052e-07,0.5500000000000027,-0.015239726666666668
31,0.5250000000000028,-7.88208e-07,0.5250000000000028,-0.015598720000000002
32,0.5000000000000029,-8.076926666666668e-07,0.5000000000000029,-0.0159161
33,0.475000000000003,-8.2476e-07,0.475000000000003,-0.0162179
34,0.45000000000000306,-8.412893333333334e-07,0.45000000000000306,-0.016487400000000003
35,0.42500000000000315,-8.576433333333334e-07,0.42500000000000315,-0.016731386666666667
36,0.40000000000000324,-8.696766666666667e-07,0.40000000000000324,-0.016952666666666668
37,0.37500000000000333,-8.839813333333333e-07,0.37500000000000333,-0.017156586666666668
38,0.3500000000000034,-8.922453333333333e-07,0.3500000000000034,-0.01733236
39,0.3250000000000035,-9.030633333333335e-07,0.3250000000000035,-0.01750236
40,0.3000000000000036,-9.095520000000001e-07,0.3000000000000036,-0.017659786666666667
41,0.2750000000000037,-9.145840000000001e-07,0.2750000000000037,-0.017816833333333334
42,0.2500000000000038,-9.195853333333333e-07,0.2500000000000038,-0.01794272666666667
43,0.22500000000000386,-8.330906666666667e-07,0.22500000000000386,-0.018039773333333335
44,0.20000000000000395,-9.163006666666666e-07,0.20000000000000395,-0.018189986666666668
45,0.17500000000000404,-9.182753333333334e-07,0.17500000000000404,-0.018311260000000003
46,0.15000000000000413,-9.16862e-07,0.15000000000000413,-0.01843144
47,0.12500000000000422,-9.166966666666667e-07,0.12500000000000422,-0.018542993333333334
48,0.10000000000000431,-9.151886666666667e-07,0.10000000000000431,-0.018658186666666667
49,0.0750000000000044,-9.121173333333334e-07,0.0750000000000044,-0.018766213333333333
50,0.050000000000004485,-9.106193333333334e-07,0.050000000000004485,-0.018875433333333334
51,0.025000000000004574,-9.090433333333334e-07,0.025000000000004574,-0.01897620666666667
52,4.6629367034256575e-15,-8.957226666666668e-07,4.6629367034256575e-15,-0.019085906666666666
53,-0.024999999999995248,-9.032886666666668e-07,-0.024999999999995248,-0.01917856
54,-0.04999999999999516,-9.017586666666667e-07,-0.04999999999999516,-0.01928542
55,-0.07499999999999507,-8.988520000000001e-07,-0.07499999999999507,-0.0193717
56,-0.09999999999999498,-8.981260000000001e-07,-0.09999999999999498,-0.019459553333333334
57,-0.12499999999999489,-8.959080000000001e-07,-0.12499999999999489,-0.019549113333333333
58,-0.1499999999999948,-8.921733333333333e-07,-0.1499999999999948,-0.019641473333333336
59,-0.17499999999999472,-8.911693333333334e-07,-0.17499999999999472,-0.019713633333333334
