,C5_4F_V_D,C5_4F_J_D,C5_4F_V_L,C5_4F_J_L
0,-0.2,-3.0918986666666667e-07,-0.2,-0.021813106666666665
1,-0.17500000000000002,2.472376e-09,-0.17500000000000002,-0.02129522
2,-0.15000000000000002,7.230246666666667e-08,-0.15000000000000002,-0.020806293333333333
3,-0.12500000000000003,1.1593873333333333e-07,-0.12500000000000003,-0.020423720000000003
4,-0.10000000000000003,1.499344e-07,-0.10000000000000003,-0.02012122
5,-0.07500000000000004,1.7703966666666669e-07,-0.07500000000000004,-0.019877020000000002
6,-0.050000000000000044,1.9958866666666669e-07,-0.050000000000000044,-0.01965574
7,-0.02500000000000005,2.2130613333333337e-07,-0.02500000000000005,-0.019472593333333333
8,-5.551115123125783e-17,2.3170393333333334e-07,-5.551115123125783e-17,-0.01930068
9,0.02499999999999994,2.5925193333333337e-07,0.02499999999999994,-0.01913192
10,0.04999999999999993,2.7828473333333334e-07,0.04999999999999993,-0.01896920666666667
11,0.0749999999999999,2.976936666666667e-07,0.0749999999999999,-0.01880276666666667
12,0.09999999999999992,3.16881e-07,0.09999999999999992,-0.018640353333333335
13,0.12499999999999994,3.386704e-07,0.12499999999999994,-0.01847370666666667
14,0.1499999999999999,3.606564e-07,0.1499999999999999,-0.01830708
15,0.17499999999999988,3.823361333333334e-07,0.17499999999999988,-0.0181339
16,0.1999999999999999,4.0660793333333333e-07,0.1999999999999999,-0.017957306666666666
17,0.22499999999999992,4.1636053333333333e-07,0.22499999999999992,-0.01776314
18,0.2499999999999999,4.544950666666667e-07,0.2499999999999999,-0.01757574
19,0.27499999999999986,4.779632666666667e-07,0.27499999999999986,-0.017362966666666667
20,0.2999999999999999,5.044496666666668e-07,0.2999999999999999,-0.017160173333333334
21,0.3249999999999999,5.310762666666667e-07,0.3249999999999999,-0.01693594
22,0.3499999999999998,5.558444000000001e-07,0.3499999999999998,-0.016704086666666666
23,0.37499999999999983,5.858433333333333e-07,0.37499999999999983,-0.01645258
24,0.39999999999999986,6.135773333333334e-07,0.39999999999999986,-0.016186646666666665
25,0.4249999999999999,6.451648666666667e-07,0.4249999999999999,-0.015903086666666667
26,0.4499999999999999,6.797980000000001e-07,0.4499999999999999,-0.015601786666666667
27,0.4749999999999998,7.19176e-07,0.4749999999999998,-0.01528258
28,0.49999999999999983,7.6326e-07,0.49999999999999983,-0.014941653333333334
29,0.5249999999999999,8.209400000000001e-07,0.5249999999999999,-0.0145755
30,0.5499999999999998,8.895506666666667e-07,0.5499999999999998,-0.014188806666666666
31,0.5749999999999997,9.81106e-07,0.5749999999999997,-0.013779360000000001
32,0.5999999999999999,1.108036e-06,0.5999999999999999,-0.013325006666666667
33,0.6249999999999998,1.2892566666666666e-06,0.6249999999999998,-0.012863646666666667
34,0.6499999999999999,1.5553393333333333e-06,0.6499999999999999,-0.01236544
35,0.6749999999999998,1.9602573333333335e-06,0.6749999999999998,-0.011833620000000001
36,0.6999999999999997,2.575733333333333e-06,0.6999999999999997,-0.01128104
37,0.7249999999999999,3.5370579999999997e-06,0.7249999999999999,-0.01068906
38,0.7499999999999998,5.036644666666667e-06,0.7499999999999998,-0.010075680000000002
39,0.7749999999999997,7.406006666666668e-06,0.7749999999999997,-0.00943266
40,0.7999999999999998,1.1419553333333334e-05,0.7999999999999998,-0.008764019999999999
41,0.8249999999999997,1.746248e-05,0.8249999999999997,-0.008074646666666668
42,0.8499999999999999,2.711136e-05,0.8499999999999999,-0.007363113333333334
43,0.8749999999999998,4.251766666666667e-05,0.8749999999999998,-0.007340200000000001
44,0.8999999999999997,7.88078e-05,0.8999999999999997,-0.0065545560000000004
45,0.9249999999999998,0.00011572773333333333,0.9249999999999998,-0.005530976666666667
46,0.9499999999999997,0.00017764086666666667,0.9499999999999997,-0.004620232
47,0.9749999999999999,0.0002740555333333334,0.9749999999999999,-0.0037462293333333334
48,0.9999999999999998,0.00041758966666666664,0.9999999999999998,-0.002869176666666667
49,1.0249999999999997,0.0006240234,1.0249999999999997,-0.001985696666666667
50,1.0499999999999998,0.0010611433333333334,1.0499999999999998,-0.0010818873333333333
51,1.0749999999999997,0.0013911373333333333,1.0749999999999997,-0.00026768733333333333
52,1.0999999999999999,0.0018474846666666667,1.0999999999999999,0.0006961946666666667
53,1.1249999999999998,0.0024093060000000004,1.1249999999999998,0.0017865566666666669
54,1.1499999999999997,0.0030631806666666667,1.1499999999999997,0.002868516
55,1.1749999999999998,0.003803744666666667,1.1749999999999998,0.003976816
56,1.1999999999999997,0.0046239973333333335,1.1999999999999997,0.00512653
57,1.2249999999999996,0.005516484666666667,1.2249999999999996,0.006317470666666667
58,1.2499999999999998,0.006472968666666666,1.2499999999999998,0.0077003
59,1.2749999999999997,0.007903413333333333,1.2749999999999997,0.008987626666666667
