,C5_4F_V_D,C5_4F_J_D,C5_4F_V_L,C5_4F_J_L
0,-0.2,-1.675754e-07,-0.2,-0.02122866666666667
1,-0.17500000000000002,1.9078473333333333e-07,-0.17500000000000002,-0.020557699999999998
2,-0.15000000000000002,2.404112666666667e-07,-0.15000000000000002,-0.01997196
3,-0.12500000000000003,2.6709826666666666e-07,-0.12500000000000003,-0.019512266666666667
4,-0.10000000000000003,2.8464813333333335e-07,-0.10000000000000003,-0.0191428
5,-0.07500000000000004,2.995452e-07,-0.07500000000000004,-0.01883998666666667
6,-0.050000000000000044,3.113146666666667e-07,-0.050000000000000044,-0.018560553333333334
7,-0.02500000000000005,3.224606666666667e-07,-0.02500000000000005,-0.0183258
8,-5.551115123125783e-17,3.2227680000000004e-07,-5.551115123125783e-17,-0.01810678
9,0.02499999999999994,3.449652666666667e-07,0.02499999999999994,-0.017875966666666666
10,0.04999999999999993,3.597500666666667e-07,0.04999999999999993,-0.01765002
11,0.0749999999999999,3.747462666666667e-07,0.0749999999999999,-0.017444513333333335
12,0.09999999999999992,3.904594666666667e-07,0.09999999999999992,-0.01723282666666667
13,0.12499999999999994,3.6638746666666666e-07,0.12499999999999994,-0.017022100000000002
14,0.1499999999999999,4.289633333333333e-07,0.1499999999999999,-0.016801060000000003
15,0.17499999999999988,4.506214e-07,0.17499999999999988,-0.016577106666666667
16,0.1999999999999999,4.7155193333333333e-07,0.1999999999999999,-0.01634838666666667
17,0.22499999999999992,4.794231333333334e-07,0.22499999999999992,-0.016102913333333333
18,0.2499999999999999,5.185053333333334e-07,0.2499999999999999,-0.015863460000000003
19,0.27499999999999986,5.424176000000001e-07,0.27499999999999986,-0.015600240000000001
20,0.2999999999999999,5.661601333333334e-07,0.2999999999999999,-0.015346806666666667
21,0.3249999999999999,5.939576e-07,0.3249999999999999,-0.015075313333333333
22,0.3499999999999998,6.199874e-07,0.3499999999999998,-0.01479238666666667
23,0.37499999999999983,6.485185333333334e-07,0.37499999999999983,-0.014476973333333334
24,0.39999999999999986,6.77594e-07,0.39999999999999986,-0.014176366666666669
25,0.4249999999999999,7.106553333333334e-07,0.4249999999999999,-0.013846500000000001
26,0.4499999999999999,7.429073333333333e-07,0.4499999999999999,-0.013500693333333333
27,0.4749999999999998,7.52896e-07,0.4749999999999998,-0.013138213333333336
28,0.49999999999999983,8.254313333333333e-07,0.49999999999999983,-0.012760226666666668
29,0.5249999999999999,8.804400000000001e-07,0.5249999999999999,-0.012358493333333335
30,0.5499999999999998,9.439693333333333e-07,0.5499999999999998,-0.011945073333333334
31,0.5749999999999997,1.0235073333333336e-06,0.5749999999999997,-0.011499426666666666
32,0.5999999999999999,1.125662e-06,0.5999999999999999,-0.011028346666666666
33,0.6249999999999998,1.255434e-06,0.6249999999999998,-0.010553693333333334
34,0.6499999999999999,1.4210513333333335e-06,0.6499999999999999,-0.010055026666666668
35,0.6749999999999998,1.6469200000000002e-06,0.6749999999999998,-0.00953156
36,0.6999999999999997,1.9518686666666665e-06,0.6999999999999997,-0.008987986666666668
37,0.7249999999999999,2.3986320000000002e-06,0.7249999999999999,-0.008443426666666667
38,0.7499999999999998,3.092320666666667e-06,0.7499999999999998,-0.007877206666666666
39,0.7749999999999997,4.2354079999999995e-06,0.7749999999999997,-0.00729636
40,0.7999999999999998,6.174582666666666e-06,0.7999999999999998,-0.006708853333333333
41,0.8249999999999997,9.377986666666667e-06,0.8249999999999997,-0.006529752666666667
42,0.8499999999999999,1.5656533333333335e-05,0.8499999999999999,-0.0056983120000000005
43,0.8749999999999998,2.5976220000000002e-05,0.8749999999999998,-0.005012062666666667
44,0.8999999999999997,4.3563213333333335e-05,0.8999999999999997,-0.004353208666666666
45,0.9249999999999998,8.542213333333333e-05,0.9249999999999998,-0.003713991333333334
46,0.9499999999999997,0.000130354,0.9499999999999997,-0.0030739206666666667
47,0.9749999999999999,0.00020912593333333336,0.9749999999999999,-0.0024314280000000002
48,0.9999999999999998,0.0003318148,0.9999999999999998,-0.0017779533333333332
49,1.0249999999999997,0.0005141750666666667,1.0249999999999997,-0.001120886
50,1.0499999999999998,0.0009023326666666667,1.0499999999999998,-0.0006288507333333333
51,1.0749999999999997,0.001190752,1.0749999999999997,0.00016657266666666667
52,1.0999999999999999,0.0016121506666666667,1.0999999999999999,0.000793168
53,1.1249999999999998,0.0021331213333333336,1.1249999999999998,0.00166202
54,1.1499999999999997,0.0027420793333333337,1.1499999999999997,0.0025186273333333334
55,1.1749999999999998,0.0034302346666666666,1.1749999999999998,0.003398868
56,1.1999999999999997,0.004188908666666666,1.1999999999999997,0.004317134
57,1.2249999999999996,0.0050112993333333335,1.2249999999999996,0.005276938
58,1.2499999999999998,0.0058873960000000005,1.2499999999999998,0.006283491333333334
59,1.2749999999999997,0.007145113333333333,1.2749999999999997,0.00744094
