,F_S_H_102423_2R_V_D,F_S_H_102423_2R_J_D,F_S_H_102423_2R_V_L,F_S_H_102423_2R_J_L
0,1.25,0.052526586666666666,1.25,0.05154109333333333
1,1.225,0.04534092,1.225,0.043195120000000004
2,1.2000000000000002,0.03808368666666667,1.2000000000000002,0.03517852666666667
3,1.1750000000000003,0.031124613333333336,1.1750000000000003,0.027493280000000002
4,1.1500000000000004,0.02459798666666667,1.1500000000000004,0.02014598
5,1.1250000000000004,0.018668826666666666,1.1250000000000004,0.013219833333333335
6,1.1000000000000005,0.013459206666666668,1.1000000000000005,0.00677424
7,1.0750000000000006,0.00915096,1.0750000000000006,0.0012287013333333334
8,1.0500000000000007,0.006068649333333334,1.0500000000000007,-0.004056635333333333
9,1.0250000000000008,0.003563859333333334,1.0250000000000008,-0.007921366666666667
10,1.0000000000000009,0.002005306666666667,1.0000000000000009,-0.01160824
11,0.975000000000001,0.001091868,0.975000000000001,-0.014223093333333332
12,0.9500000000000011,0.0006591998,0.9500000000000011,-0.016017100000000003
13,0.9250000000000012,0.00030338226666666666,0.9250000000000012,-0.01717356
14,0.9000000000000012,0.00013011626666666667,0.9000000000000012,-0.01788900666666667
15,0.8750000000000013,5.8704366666666666e-05,0.8750000000000013,-0.01833708666666667
16,0.8500000000000014,8.94848e-06,0.8500000000000014,-0.018620400000000002
17,0.8250000000000015,-2.82271e-05,0.8250000000000015,-0.018797173333333334
18,0.8000000000000016,-4.3681946666666665e-05,0.8000000000000016,-0.01891094
19,0.7750000000000017,-5.106761333333333e-05,0.7750000000000017,-0.01897636
20,0.7500000000000018,-5.478749333333334e-05,0.7500000000000018,-0.019012353333333336
21,0.7250000000000019,-5.6759806666666674e-05,0.7250000000000019,-0.01902694
22,0.700000000000002,-5.786229333333334e-05,0.700000000000002,-0.019030766666666667
23,0.675000000000002,-5.8531306666666676e-05,0.675000000000002,-0.01902774
24,0.6500000000000021,-5.8959659999999994e-05,0.6500000000000021,-0.019021113333333336
25,0.6250000000000022,-5.9255686666666664e-05,0.6250000000000022,-0.01902108666666667
26,0.6000000000000023,-5.947339333333333e-05,0.6000000000000023,-0.01902242666666667
27,0.5750000000000024,-5.964112e-05,0.5750000000000024,-0.01901888666666667
28,0.5500000000000025,-5.977212666666667e-05,0.5500000000000025,-0.01901696
29,0.5250000000000026,-5.9879840000000005e-05,0.5250000000000026,-0.019018173333333332
30,0.5000000000000027,-5.9933113333333336e-05,0.5000000000000027,-0.019014393333333334
31,0.47500000000000275,-6.003179333333334e-05,0.47500000000000275,-0.01901748
32,0.45000000000000284,-6.0082480000000005e-05,0.45000000000000284,-0.01901596
33,0.42500000000000293,-6.012126666666667e-05,0.42500000000000293,-0.019016753333333334
34,0.400000000000003,-6.0154246666666666e-05,0.400000000000003,-0.019015673333333333
35,0.3750000000000031,-6.017531333333334e-05,0.3750000000000031,-0.019017100000000002
36,0.3500000000000032,-6.019767333333334e-05,0.3500000000000032,-0.019016340000000003
37,0.3250000000000033,-6.021772e-05,0.3250000000000033,-0.019019393333333332
38,0.3000000000000034,-6.022892e-05,0.3000000000000034,-0.019018673333333333
39,0.27500000000000346,-6.023650666666667e-05,0.27500000000000346,-0.0190226
40,0.25000000000000355,-6.023954000000001e-05,0.25000000000000355,-0.019020653333333335
41,0.22500000000000364,-6.021173333333333e-05,0.22500000000000364,-0.0190121
42,0.20000000000000373,-6.02541e-05,0.20000000000000373,-0.019021013333333333
43,0.17500000000000382,-6.026048666666667e-05,0.17500000000000382,-0.019023126666666668
44,0.1500000000000039,-6.0271533333333334e-05,0.1500000000000039,-0.019028140000000002
45,0.125000000000004,-6.028216666666667e-05,0.125000000000004,-0.019028966666666668
46,0.10000000000000409,-6.029156666666667e-05,0.10000000000000409,-0.019030913333333337
47,0.07500000000000417,-6.0297793333333335e-05,0.07500000000000417,-0.019033813333333337
48,0.05000000000000426,-6.030764666666667e-05,0.05000000000000426,-0.01903696
49,0.025000000000004352,-6.0315646666666675e-05,0.025000000000004352,-0.01903848
50,4.440892098500626e-15,-6.032238e-05,4.440892098500626e-15,-0.019042526666666667
51,-0.02499999999999547,-6.033620666666667e-05,-0.02499999999999547,-0.01904732666666667
52,-0.04999999999999538,-6.034602e-05,-0.04999999999999538,-0.01905510666666667
53,-0.07499999999999529,-6.035673333333333e-05,-0.07499999999999529,-0.019054726666666667
54,-0.0999999999999952,-6.036342666666666e-05,-0.0999999999999952,-0.01905740666666667
55,-0.12499999999999512,-6.0372953333333334e-05,-0.12499999999999512,-0.01906126666666667
56,-0.14999999999999503,-6.0382860000000005e-05,-0.14999999999999503,-0.01906828
57,-0.17499999999999494,-6.038751333333333e-05,-0.17499999999999494,-0.019069753333333335
58,-0.19999999999999485,-6.0371306666666665e-05,-0.19999999999999485,-0.019068513333333335
59,-0.22499999999999476,-6.039528e-05,-0.22499999999999476,-0.01907673333333333
