,F_S_H_102423_4F_V_D,F_S_H_102423_4F_J_D,F_S_H_102423_4F_V_L,F_S_H_102423_4F_J_L
0,-0.25,-6.258695333333334e-05,-0.25,-0.0184313
1,-0.225,-6.174364666666666e-05,-0.225,-0.017991
2,-0.2,-6.139712e-05,-0.2,-0.0176982
3,-0.17500000000000002,-5.5835193333333334e-05,-0.17500000000000002,-0.01747836666666667
4,-0.15000000000000002,-5.565764666666667e-05,-0.15000000000000002,-0.01731612
5,-0.12500000000000003,-5.551249333333334e-05,-0.12500000000000003,-0.017178520000000003
6,-0.10000000000000003,-5.538236666666667e-05,-0.10000000000000003,-0.017054213333333332
7,-0.07500000000000004,-5.533495333333333e-05,-0.07500000000000004,-0.0169424
8,-0.050000000000000044,-5.531658666666667e-05,-0.050000000000000044,-0.016838460000000003
9,-0.02500000000000005,-5.5234066666666674e-05,-0.02500000000000005,-0.016742026666666666
10,-5.551115123125783e-17,-5.5205953333333334e-05,-5.551115123125783e-17,-0.01665382
11,0.02499999999999991,-5.506187333333334e-05,0.02499999999999991,-0.01653842
12,0.04999999999999993,-5.494737333333334e-05,0.04999999999999993,-0.016454253333333335
13,0.07499999999999996,-5.4834886666666674e-05,0.07499999999999996,-0.01636766666666667
14,0.09999999999999992,-5.471711333333334e-05,0.09999999999999992,-0.016272773333333334
15,0.12499999999999989,-5.459762666666667e-05,0.12499999999999989,-0.01616954
16,0.1499999999999999,-5.447450000000001e-05,0.1499999999999999,-0.016088413333333332
17,0.17499999999999993,-5.435343333333334e-05,0.17499999999999993,-0.0160024
18,0.1999999999999999,-5.42264e-05,0.1999999999999999,-0.015907913333333336
19,0.22499999999999987,-5.409575333333334e-05,0.22499999999999987,-0.01580812666666667
20,0.2499999999999999,-5.3961613333333334e-05,0.2499999999999999,-0.015727133333333334
21,0.2749999999999999,-5.382376e-05,0.2749999999999999,-0.015633513333333335
22,0.2999999999999998,-5.3669886666666674e-05,0.2999999999999998,-0.015547873333333333
23,0.32499999999999984,-5.351207333333333e-05,0.32499999999999984,-0.015448393333333333
24,0.34999999999999987,-5.3355153333333335e-05,0.34999999999999987,-0.015339393333333333
25,0.3749999999999999,-5.3186333333333336e-05,0.3749999999999999,-0.015254546666666669
26,0.3999999999999999,-5.301385333333333e-05,0.3999999999999999,-0.0151577
27,0.4249999999999998,-5.28219e-05,0.4249999999999998,-0.015059013333333334
28,0.44999999999999984,-5.261672e-05,0.44999999999999984,-0.01492966
29,0.47499999999999987,-5.239123333333334e-05,0.47499999999999987,-0.014838160000000001
30,0.4999999999999998,-5.212879333333334e-05,0.4999999999999998,-0.014710553333333333
31,0.5249999999999998,-5.18411e-05,0.5249999999999998,-0.014585546666666666
32,0.5499999999999998,-5.151935333333333e-05,0.5499999999999998,-0.01444272666666667
33,0.5749999999999998,-5.1134526666666674e-05,0.5749999999999998,-0.014291393333333334
34,0.5999999999999999,-5.067099333333334e-05,0.5999999999999999,-0.014133566666666668
35,0.6249999999999998,-5.008005333333333e-05,0.6249999999999998,-0.013963020000000001
36,0.6499999999999998,-4.927918666666667e-05,0.6499999999999998,-0.013772253333333333
37,0.6749999999999998,-4.8074e-05,0.6749999999999998,-0.013555293333333334
38,0.6999999999999997,-4.6046073333333335e-05,0.6999999999999997,-0.01331272
39,0.7249999999999998,-4.222416666666667e-05,0.7249999999999998,-0.013044713333333333
40,0.7499999999999998,-3.461484e-05,0.7499999999999998,-0.012739886666666667
41,0.7749999999999997,-1.9348793333333334e-05,0.7749999999999997,-0.012373673333333335
42,0.7999999999999998,1.113952e-05,0.7999999999999998,-0.012005226666666667
43,0.8249999999999997,6.9627e-05,0.8249999999999997,-0.011568433333333333
44,0.8499999999999996,0.00015779953333333333,0.8499999999999996,-0.01101786
45,0.8749999999999998,0.00039280733333333333,0.8749999999999998,-0.010261646666666667
46,0.8999999999999997,0.0007169773333333334,0.8999999999999997,-0.009214786666666667
47,0.9249999999999998,0.001548246,0.9249999999999998,-0.007658440000000001
48,0.9499999999999997,0.002970306666666667,0.9499999999999997,-0.006382675333333333
49,0.9749999999999996,0.005282886666666667,0.9749999999999996,-0.002650054
50,0.9999999999999998,0.008014686666666666,0.9999999999999998,0.001767156
51,1.0249999999999997,0.013139826666666667,1.0249999999999997,0.006999593333333333
52,1.0499999999999998,0.019475633333333336,1.0499999999999998,0.013006106666666668
53,1.0749999999999997,0.027087900000000005,1.0749999999999997,0.021510633333333334
54,1.0999999999999996,0.03592705333333334,1.0999999999999996,0.03086066
55,1.1249999999999998,0.04580978666666667,1.1249999999999998,0.04110718
56,1.1499999999999997,0.05665746000000001,1.1499999999999997,0.05224187333333334
57,1.1749999999999996,0.06830593333333335,1.1749999999999996,0.06412606666666666
58,1.1999999999999997,0.08007760000000001,1.1999999999999997,0.07640693333333334
59,1.2249999999999996,0.09342753333333334,1.2249999999999996,0.08987466666666667
