,F_S_C_102623_1R_V_D,F_S_C_102623_1R_J_D,F_S_C_102623_1R_V_L,F_S_C_102623_1R_J_L
0,1.25,0.042015286666666665,1.25,0.04252516666666667
1,1.225,0.03626757333333334,1.225,0.035773153333333335
2,1.2000000000000002,0.030379760000000002,1.2000000000000002,0.029096040000000004
3,1.1750000000000003,0.024786000000000002,1.1750000000000003,0.022669266666666667
4,1.1500000000000004,0.019595,1.1500000000000004,0.016507533333333334
5,1.1250000000000004,0.014921580000000002,1.1250000000000004,0.010651333333333334
6,1.1000000000000005,0.01084076,1.1000000000000005,0.005238086666666667
7,1.0750000000000006,0.007472253333333334,1.0750000000000006,0.0003411391333333333
8,1.0500000000000007,0.004986034,1.0500000000000007,-0.004348124666666667
9,1.0250000000000008,0.003062487333333333,1.0250000000000008,-0.00851398
10,1.0000000000000009,0.0018280133333333332,1.0000000000000009,-0.01268252
11,0.975000000000001,0.0010791680000000001,0.975000000000001,-0.016177979999999998
12,0.9500000000000011,0.0007191253333333334,0.9500000000000011,-0.0191533
13,0.9250000000000012,0.00041271746666666673,0.9250000000000012,-0.02163564
14,0.9000000000000012,0.00020658226666666666,0.9000000000000012,-0.02367676
15,0.8750000000000013,9.383953333333334e-05,0.8750000000000013,-0.02532242
16,0.8500000000000014,2.8407913333333335e-05,0.8500000000000014,-0.026636899999999998
17,0.8250000000000015,-2.3241133333333337e-05,0.8250000000000015,-0.027671373333333332
18,0.8000000000000016,-5.1860613333333335e-05,0.8000000000000016,-0.02852968666666667
19,0.7750000000000017,-6.96022e-05,0.7750000000000017,-0.029251713333333335
20,0.7500000000000018,-8.097213333333333e-05,0.7500000000000018,-0.029807140000000003
21,0.7250000000000019,-8.975793333333334e-05,0.7250000000000019,-0.030288186666666668
22,0.700000000000002,-9.494286666666667e-05,0.700000000000002,-0.030715106666666665
23,0.675000000000002,-9.850746666666668e-05,0.675000000000002,-0.031114740000000002
24,0.6500000000000021,-0.00010141413333333334,0.6500000000000021,-0.03140586
25,0.6250000000000022,-0.00010336126666666667,0.6250000000000022,-0.03168236666666667
26,0.6000000000000023,-0.00010511340000000001,0.6000000000000023,-0.03193672
27,0.5750000000000024,-0.00010650813333333334,0.5750000000000024,-0.032150073333333334
28,0.5500000000000025,-0.0001077514,0.5500000000000025,-0.032343253333333336
29,0.5250000000000026,-0.00010862113333333334,0.5250000000000026,-0.03251196666666667
30,0.5000000000000027,-0.00010945693333333335,0.5000000000000027,-0.03265904666666667
31,0.47500000000000275,-0.00011017326666666667,0.47500000000000275,-0.03280592
32,0.45000000000000284,-0.00011079420000000001,0.45000000000000284,-0.03292758
33,0.42500000000000293,-0.00011136326666666666,0.42500000000000293,-0.03303740666666667
34,0.400000000000003,-0.00011182466666666666,0.400000000000003,-0.03312362
35,0.3750000000000031,-0.00011230506666666668,0.3750000000000031,-0.03322228666666667
36,0.3500000000000032,-0.00011269366666666667,0.3500000000000032,-0.03333546
37,0.3250000000000033,-0.00011310060000000001,0.3250000000000033,-0.03340256666666667
38,0.3000000000000034,-0.00011341366666666666,0.3000000000000034,-0.03346759333333334
39,0.27500000000000346,-0.00011375973333333333,0.27500000000000346,-0.033534386666666666
40,0.25000000000000355,-0.00011405093333333334,0.25000000000000355,-0.033583053333333335
41,0.22500000000000364,-0.00011422713333333334,0.22500000000000364,-0.033615740000000005
42,0.20000000000000373,-0.0001145912,0.20000000000000373,-0.03371708666666667
43,0.17500000000000382,-0.00011485173333333332,0.17500000000000382,-0.03376656666666667
44,0.1500000000000039,-0.00011506446666666668,0.1500000000000039,-0.033828706666666666
45,0.125000000000004,-0.00011537693333333334,0.125000000000004,-0.03388145333333334
46,0.10000000000000409,-0.00011552253333333334,0.10000000000000409,-0.03392918
47,0.07500000000000417,-0.00011572606666666668,0.07500000000000417,-0.033984400000000005
48,0.05000000000000426,-0.00011591593333333335,0.05000000000000426,-0.03404778
49,0.025000000000004352,-0.00011607986666666668,0.025000000000004352,-0.03410650666666667
50,4.440892098500626e-15,-0.00011628566666666666,4.440892098500626e-15,-0.03413691333333333
51,-0.02499999999999547,-0.00011644893333333334,-0.02499999999999547,-0.03416936
52,-0.04999999999999538,-0.00011660746666666667,-0.04999999999999538,-0.034222840000000004
53,-0.07499999999999529,-0.00011677086666666668,-0.07499999999999529,-0.03428779333333334
54,-0.0999999999999952,-0.00011693000000000001,-0.0999999999999952,-0.03430735333333333
55,-0.12499999999999512,-0.00011708,-0.12499999999999512,-0.034343273333333334
56,-0.14999999999999503,-0.00011722953333333333,-0.14999999999999503,-0.03440494666666667
57,-0.17499999999999494,-0.00011737073333333334,-0.17499999999999494,-0.03442783333333334
58,-0.19999999999999485,-0.00011751066666666669,-0.19999999999999485,-0.034459753333333336
59,-0.22499999999999476,-0.00011766506666666666,-0.22499999999999476,-0.034514373333333334
