,F_S_A_102423_1F_V_D,F_S_A_102423_1F_J_D,F_S_A_102423_1F_V_L,F_S_A_102423_1F_J_L
0,-0.25,-4.2160406666666666e-05,-0.25,-0.01885352
1,-0.225,-4.206930666666666e-05,-0.225,-0.018746033333333335
2,-0.2,-4.2070120000000004e-05,-0.2,-0.018676333333333333
3,-0.17500000000000002,-4.204690666666667e-05,-0.17500000000000002,-0.018618733333333335
4,-0.15000000000000002,-4.2039226666666666e-05,-0.15000000000000002,-0.01856866
5,-0.12500000000000003,-4.2029353333333336e-05,-0.12500000000000003,-0.01851958
6,-0.10000000000000003,-4.202279333333334e-05,-0.10000000000000003,-0.01847562
7,-0.07500000000000004,-4.2009500000000005e-05,-0.07500000000000004,-0.01843102666666667
8,-0.050000000000000044,-4.199742000000001e-05,-0.050000000000000044,-0.018388386666666666
9,-0.02500000000000005,-4.1980813333333335e-05,-0.02500000000000005,-0.01834709333333333
10,-5.551115123125783e-17,-4.196099333333334e-05,-5.551115123125783e-17,-0.018305213333333334
11,0.02499999999999991,-4.1925980000000003e-05,0.02499999999999991,-0.01825590666666667
12,0.04999999999999993,-4.1886826666666664e-05,0.04999999999999993,-0.018216673333333336
13,0.07499999999999996,-4.183730666666667e-05,0.07499999999999996,-0.018172773333333336
14,0.09999999999999992,-4.1782886666666664e-05,0.09999999999999992,-0.018127446666666668
15,0.12499999999999989,-4.171749333333333e-05,0.12499999999999989,-0.018077413333333334
16,0.1499999999999999,-4.1645873333333336e-05,0.1499999999999999,-0.01803562666666667
17,0.17499999999999993,-4.1566900000000003e-05,0.17499999999999993,-0.01798746
18,0.1999999999999999,-4.14816e-05,0.1999999999999999,-0.017937186666666667
19,0.22499999999999987,-4.1390626666666674e-05,0.22499999999999987,-0.01788422
20,0.2499999999999999,-4.128968666666667e-05,0.2499999999999999,-0.017836793333333333
21,0.2749999999999999,-4.118152e-05,0.2749999999999999,-0.0177845
22,0.2999999999999998,-4.1060200000000004e-05,0.2999999999999998,-0.017730106666666665
23,0.32499999999999984,-4.093126e-05,0.32499999999999984,-0.01767030666666667
24,0.34999999999999987,-4.0791873333333334e-05,0.34999999999999987,-0.017606706666666666
25,0.3749999999999999,-4.064146666666667e-05,0.3749999999999999,-0.017552420000000003
26,0.3999999999999999,-4.050210666666667e-05,0.3999999999999999,-0.01748558
27,0.4249999999999998,-4.029828e-05,0.4249999999999998,-0.017415393333333334
28,0.44999999999999984,-4.009123333333334e-05,0.44999999999999984,-0.017335373333333334
29,0.47499999999999987,-3.985662e-05,0.47499999999999987,-0.01726212666666667
30,0.4999999999999998,-3.958194666666667e-05,0.4999999999999998,-0.017174646666666668
31,0.5249999999999998,-3.925866e-05,0.5249999999999998,-0.017081093333333335
32,0.5499999999999998,-3.887125333333333e-05,0.5499999999999998,-0.016973346666666667
33,0.5749999999999998,-3.839695333333333e-05,0.5749999999999998,-0.01684894666666667
34,0.5999999999999999,-3.78103e-05,0.5999999999999999,-0.016710093333333335
35,0.6249999999999998,-3.706834e-05,0.6249999999999998,-0.016550806666666668
36,0.6499999999999998,-3.6096226666666666e-05,0.6499999999999998,-0.016363793333333335
37,0.6749999999999998,-3.476157333333334e-05,0.6749999999999998,-0.016148646666666665
38,0.6999999999999997,-3.284924e-05,0.6999999999999997,-0.01590916666666667
39,0.7249999999999998,-2.9974013333333333e-05,0.7249999999999998,-0.015637853333333333
40,0.7499999999999998,-2.5507573333333332e-05,0.7499999999999998,-0.015324166666666666
41,0.7749999999999997,-1.8441606666666666e-05,0.7749999999999997,-0.014966560000000002
42,0.7999999999999998,-7.140953333333333e-06,0.7999999999999998,-0.014577393333333334
43,0.8249999999999997,1.0922820000000001e-05,0.8249999999999997,-0.014118126666666668
44,0.8499999999999996,3.9906333333333335e-05,0.8499999999999996,-0.013562466666666669
45,0.8749999999999998,9.193660000000001e-05,0.8749999999999998,-0.012869713333333335
46,0.8999999999999997,0.00016998813333333335,0.8999999999999997,-0.012031786666666667
47,0.9249999999999998,0.00029569573333333336,0.9249999999999998,-0.01095072
48,0.9499999999999997,0.0005005801333333333,0.9499999999999997,-0.009590320000000001
49,0.9749999999999996,0.0008173293333333335,0.9749999999999996,-0.0079377
50,0.9999999999999998,0.0013883766666666667,0.9999999999999998,-0.006222072
51,1.0249999999999997,0.002229468666666667,1.0249999999999997,-0.003740141333333334
52,1.0499999999999998,0.0034456520000000004,1.0499999999999998,-0.0011291466666666667
53,1.0749999999999997,0.0050915253333333335,1.0749999999999997,0.0017543486666666667
54,1.0999999999999996,0.007055660000000001,1.0999999999999996,0.004881138666666667
55,1.1249999999999998,0.009656373333333334,1.1249999999999998,0.0080692
56,1.1499999999999997,0.012591613333333333,1.1499999999999997,0.011747893333333334
57,1.1749999999999996,0.015846246666666668,1.1749999999999996,0.015573093333333333
58,1.1999999999999997,0.01940578,1.1999999999999997,0.01960618
59,1.2249999999999996,0.023238893333333337,1.2249999999999996,0.023840806666666665
