,F_S_A_102423_1R_V_D,F_S_A_102423_1R_J_D,F_S_A_102423_1R_V_L,F_S_A_102423_1R_J_L
0,1.25,0.009018386666666666,1.25,0.008946086666666667
1,1.225,0.007535313333333333,1.225,0.007198606666666668
2,1.2000000000000002,0.0062106800000000005,1.2000000000000002,0.005593878
3,1.1750000000000003,0.0050372,1.1750000000000003,0.0040903346666666665
4,1.1500000000000004,0.004005775333333334,1.1500000000000004,0.0026809106666666666
5,1.1250000000000004,0.0031192613333333335,1.1250000000000004,0.0013398293333333334
6,1.1000000000000005,0.002366666,1.1000000000000005,4.644266e-05
7,1.0750000000000006,0.001746494,1.0750000000000006,-0.0012588940000000002
8,1.0500000000000007,0.0012507546666666667,1.0500000000000007,-0.0026718820000000004
9,1.0250000000000008,0.000872004,1.0250000000000008,-0.004147022666666667
10,1.0000000000000009,0.0006146687333333334,1.0000000000000009,-0.005697400666666667
11,0.975000000000001,0.0004059998666666667,0.975000000000001,-0.007158546666666666
12,0.9500000000000011,0.00026912593333333336,0.9500000000000011,-0.008789773333333334
13,0.9250000000000012,0.0001753822,0.9250000000000012,-0.010332753333333333
14,0.9000000000000012,0.00010972780000000002,0.9000000000000012,-0.011756126666666667
15,0.8750000000000013,6.277800666666668e-05,0.8750000000000013,-0.013004360000000001
16,0.8500000000000014,3.0759626666666674e-05,0.8500000000000014,-0.014060500000000002
17,0.8250000000000015,9.258606666666666e-06,0.8250000000000015,-0.014914013333333333
18,0.8000000000000016,-7.698213333333334e-06,0.8000000000000016,-0.015582733333333333
19,0.7750000000000017,-1.6669746666666666e-05,0.7750000000000017,-0.016108186666666666
20,0.7500000000000018,-2.2550140000000002e-05,0.7500000000000018,-0.016523146666666665
21,0.7250000000000019,-2.6511173333333334e-05,0.7250000000000019,-0.01682766
22,0.700000000000002,-2.9405206666666667e-05,0.700000000000002,-0.017072506666666667
23,0.675000000000002,-3.141886e-05,0.675000000000002,-0.017274653333333334
24,0.6500000000000021,-3.289961333333333e-05,0.6500000000000021,-0.017449273333333334
25,0.6250000000000022,-3.4033093333333335e-05,0.6250000000000022,-0.017575573333333334
26,0.6000000000000023,-3.491548666666667e-05,0.6000000000000023,-0.01769044666666667
27,0.5750000000000024,-3.562024666666667e-05,0.5750000000000024,-0.017789966666666667
28,0.5500000000000025,-3.618493333333333e-05,0.5500000000000025,-0.0178786
29,0.5250000000000026,-3.665400666666667e-05,0.5250000000000026,-0.017955513333333336
30,0.5000000000000027,-3.704146666666667e-05,0.5000000000000027,-0.018022986666666668
31,0.47500000000000275,-3.736858666666667e-05,0.47500000000000275,-0.01808282666666667
32,0.45000000000000284,-3.764931333333333e-05,0.45000000000000284,-0.018139506666666666
33,0.42500000000000293,-3.789079333333334e-05,0.42500000000000293,-0.018190713333333334
34,0.400000000000003,-3.810192e-05,0.400000000000003,-0.018235273333333333
35,0.3750000000000031,-3.828888e-05,0.3750000000000031,-0.018276626666666667
36,0.3500000000000032,-3.845524000000001e-05,0.3500000000000032,-0.01831744
37,0.3250000000000033,-3.860491333333333e-05,0.3250000000000033,-0.018359900000000002
38,0.3000000000000034,-3.87416e-05,0.3000000000000034,-0.018389773333333335
39,0.27500000000000346,-3.886906666666667e-05,0.27500000000000346,-0.01842026
40,0.25000000000000355,-3.898466e-05,0.25000000000000355,-0.018454033333333335
41,0.22500000000000364,-3.9064213333333337e-05,0.22500000000000364,-0.018473026666666666
42,0.20000000000000373,-3.919193333333333e-05,0.20000000000000373,-0.01850912
43,0.17500000000000382,-3.9288913333333335e-05,0.17500000000000382,-0.018533666666666667
44,0.1500000000000039,-3.93785e-05,0.1500000000000039,-0.018559186666666668
45,0.125000000000004,-3.946122666666667e-05,0.125000000000004,-0.018581
46,0.10000000000000409,-3.95404e-05,0.10000000000000409,-0.018601946666666667
47,0.07500000000000417,-3.961529333333334e-05,0.07500000000000417,-0.018620480000000002
48,0.05000000000000426,-3.968576e-05,0.05000000000000426,-0.018639913333333334
49,0.025000000000004352,-3.9754173333333336e-05,0.025000000000004352,-0.018656480000000003
50,4.440892098500626e-15,-3.98152e-05,4.440892098500626e-15,-0.01867544
51,-0.02499999999999547,-3.988064666666667e-05,-0.02499999999999547,-0.018686046666666668
52,-0.04999999999999538,-3.993816666666667e-05,-0.04999999999999538,-0.0186979
53,-0.07499999999999529,-3.999858e-05,-0.07499999999999529,-0.018711806666666667
54,-0.0999999999999952,-4.005263333333334e-05,-0.0999999999999952,-0.0187266
55,-0.12499999999999512,-4.0104626666666666e-05,-0.12499999999999512,-0.01873564
56,-0.14999999999999503,-4.015806e-05,-0.14999999999999503,-0.01874372666666667
57,-0.17499999999999494,-4.020970666666667e-05,-0.17499999999999494,-0.01875608
58,-0.19999999999999485,-4.0244773333333334e-05,-0.19999999999999485,-0.018765106666666666
59,-0.22499999999999476,-4.030354666666667e-05,-0.22499999999999476,-0.01877626
