,Mapi_MM_5_A1p0_4_R_V_D,Mapi_MM_5_A1p0_4_R_J_D,Mapi_MM_5_A1p0_4_R_V_L,Mapi_MM_5_A1p0_4_R_J_L
0,0.25,0.01383011,0.25,0.0120914
1,0.225,0.01239864,0.225,0.01049065
2,0.2,0.0109232,0.2,0.008885832
3,0.17500000000000002,0.009448069,0.17500000000000002,0.00728006
4,0.15000000000000002,0.007992514,0.15000000000000002,0.005673283
5,0.12500000000000003,0.006537706,0.12500000000000003,0.00406636
6,0.10000000000000003,0.005083308,0.10000000000000003,0.002459178
7,0.07500000000000004,0.003629195,0.07500000000000004,0.0008525951
8,0.050000000000000044,0.002174197,0.050000000000000044,-0.0007541367
9,0.02500000000000005,0.0007193208,0.02500000000000005,-0.002360236
10,5.551115123125783e-17,-0.0007379727,5.551115123125783e-17,-0.003968917
11,-0.02499999999999991,-0.002190271,-0.02499999999999991,-0.005571494
12,-0.04999999999999993,-0.003643348,-0.04999999999999993,-0.00717161
13,-0.07499999999999996,-0.005094231,-0.07499999999999996,-0.008771466
14,-0.09999999999999992,-0.006541917,-0.09999999999999992,-0.0103779
15,-0.12499999999999989,-0.007983812,-0.12499999999999989,-0.01194681
16,-0.1499999999999999,-0.009415549,-0.1499999999999999,-0.01347549
17,-0.17499999999999993,-0.01084346,-0.17499999999999993,-0.0148716
18,-0.1999999999999999,-0.01228194,-0.1999999999999999,-0.01595796
19,-0.22499999999999987,-0.01371156,-0.22499999999999987,-0.01707901
