,Mapi_MM_5_NoA_Full_Module_F_V_D,Mapi_MM_5_NoA_Full_Module_F_J_D,Mapi_MM_5_NoA_Full_Module_F_V_L,Mapi_MM_5_NoA_Full_Module_F_J_L
0,-0.25,-0.0001899526909090909,-0.25,-0.0015012312727272726
1,-0.225,-0.00017057483636363638,-0.225,-0.0014608294545454547
2,-0.2,-0.00015119236363636364,-0.2,-0.00143716
3,-0.17500000000000002,-0.00013181563636363637,-0.17500000000000002,-0.0014151647272727273
4,-0.15000000000000002,-0.0001124544,-0.15000000000000002,-0.0013938956363636363
5,-0.12500000000000003,-9.31010909090909e-05,-0.12500000000000003,-0.0013728447272727273
6,-0.10000000000000003,-7.376458181818182e-05,-0.10000000000000003,-0.001352104
7,-0.07500000000000004,-5.4411527272727275e-05,-0.07500000000000004,-0.0013315083636363636
8,-0.050000000000000044,-3.508041818181818e-05,-0.050000000000000044,-0.0013108225454545456
9,-0.02500000000000005,-1.5742523636363636e-05,-0.02500000000000005,-0.0012902265454545455
10,-5.551115123125783e-17,3.6272334545454547e-06,-5.551115123125783e-17,-0.0012696865454545454
11,0.02499999999999991,2.2962447272727273e-05,0.02499999999999991,-0.0012492607272727272
12,0.04999999999999993,4.2300436363636365e-05,0.04999999999999993,-0.0012289112727272727
13,0.07499999999999996,6.164109090909091e-05,0.07499999999999996,-0.0012083054545454545
14,0.09999999999999992,8.097054545454546e-05,0.09999999999999992,-0.0011879312727272728
15,0.12499999999999989,0.00010028836363636364,0.12499999999999989,-0.0011675545454545454
16,0.1499999999999999,0.00011963112727272726,0.1499999999999999,-0.0011471741818181818
17,0.17499999999999993,0.00013896661818181818,0.17499999999999993,-0.0011266418181818181
18,0.1999999999999999,0.0001583185090909091,0.1999999999999999,-0.0011061712727272726
19,0.22499999999999987,0.00017762469090909093,0.22499999999999987,-0.0010858461818181817
