,OmegaPV8_6F_V_D,OmegaPV8_6F_J_D,OmegaPV8_6F_V_L,OmegaPV8_6F_J_L
0,-0.3,-7.904053333333334e-06,-0.3,-0.008278293333333334
1,-0.27499999999999997,-4.284024666666667e-06,-0.27499999999999997,-0.007582493333333334
2,-0.24999999999999994,-1.4901093333333333e-06,-0.24999999999999994,-0.006960046666666667
3,-0.22499999999999992,-2.550078e-07,-0.22499999999999992,-0.006613678
4,-0.1999999999999999,-1.3884066666666668e-07,-0.1999999999999999,-0.006008786666666667
5,-0.17499999999999988,1.5355753333333335e-06,-0.17499999999999988,-0.005494344
6,-0.14999999999999986,2.208564666666667e-06,-0.14999999999999986,-0.0050161906666666665
7,-0.12499999999999983,2.765868e-06,-0.12499999999999983,-0.004571142
8,-0.09999999999999981,3.2326986666666666e-06,-0.09999999999999981,-0.004139850666666667
9,-0.07499999999999979,3.677110666666667e-06,-0.07499999999999979,-0.0037203820000000004
10,-0.04999999999999977,4.091477333333334e-06,-0.04999999999999977,-0.003324563333333333
11,-0.024999999999999745,4.493662666666666e-06,-0.024999999999999745,-0.0029582686666666668
12,2.7755575615628914e-16,4.826592666666667e-06,2.7755575615628914e-16,-0.0026354453333333333
13,0.0250000000000003,5.314318666666667e-06,0.0250000000000003,-0.00233848
14,0.05000000000000032,5.690312e-06,0.05000000000000032,-0.002075078
15,0.07500000000000034,6.060532e-06,0.07500000000000034,-0.0018440700000000002
16,0.10000000000000037,6.380373333333333e-06,0.10000000000000037,-0.0016398940000000002
17,0.1250000000000004,6.6856200000000005e-06,0.1250000000000004,-0.0014607846666666667
18,0.1500000000000004,6.942286666666667e-06,0.1500000000000004,-0.0012980386666666666
19,0.17500000000000043,6.9994e-06,0.17500000000000043,-0.001147438
20,0.20000000000000046,6.999393333333333e-06,0.20000000000000046,-0.0010212373333333335
21,0.22500000000000048,6.9994333333333345e-06,0.22500000000000048,-0.0009049160000000001
22,0.2500000000000005,4.6562393333333336e-06,0.2500000000000005,-0.0007999340000000001
23,0.2750000000000005,8.74684e-06,0.2750000000000005,-0.0007012746666666667
24,0.30000000000000054,1.0493206666666667e-05,0.30000000000000054,-0.00100092
25,0.32500000000000057,1.2307886666666668e-05,0.32500000000000057,-0.000686274
26,0.3500000000000006,1.4340786666666668e-05,0.3500000000000006,-0.0008149600000000001
27,0.3750000000000006,1.6790126666666668e-05,0.3750000000000006,-0.0006772173333333334
28,0.40000000000000063,1.9869146666666668e-05,0.40000000000000063,-0.00047334193333333337
29,0.42500000000000066,2.404774e-05,0.42500000000000066,-0.0003768854666666667
30,0.4500000000000007,3.031662666666667e-05,0.4500000000000007,-0.00030580193333333333
31,0.4750000000000007,4.0264066666666666e-05,0.4750000000000007,-0.0002468178666666667
32,0.5000000000000007,5.687403333333334e-05,0.5000000000000007,-0.00019186473333333333
33,0.5250000000000008,7.891993333333334e-05,0.5250000000000008,-0.00013266126666666668
34,0.5500000000000007,0.0001342570666666667,0.5500000000000007,-0.00019011126666666666
35,0.5750000000000008,0.00022404906666666666,0.5750000000000008,-0.00011144453333333335
36,0.6000000000000008,0.00037833193333333334,0.6000000000000008,0.00014839053333333334
37,0.6250000000000009,0.0006365855999999999,0.6250000000000009,0.0004571943333333334
38,0.6500000000000008,0.0010754666666666667,0.6500000000000008,0.0008405186666666667
39,0.6750000000000009,0.001730526,0.6750000000000009,0.0015453993333333334
40,0.7000000000000008,0.0026215,0.7000000000000008,0.0024796540000000004
41,0.7250000000000008,0.0037744153333333337,0.7250000000000008,0.0037033373333333333
42,0.7500000000000009,0.005175803333333334,0.7500000000000009,0.005223754
43,0.775000000000001,0.00679424,0.775000000000001,0.007047766666666668
44,0.8000000000000009,0.008643826666666667,0.8000000000000009,0.00909302
45,0.8250000000000008,0.01052802,0.8250000000000008,0.011327513333333334
46,0.850000000000001,0.01248274,0.850000000000001,0.013725820000000001
47,0.8750000000000011,0.01447518,0.8750000000000011,0.01626388
48,0.900000000000001,0.016469486666666665,0.900000000000001,0.01891682
49,0.9250000000000009,0.018442766666666666,0.9250000000000009,0.02167094666666667
50,0.9500000000000011,0.020366693333333335,0.9500000000000011,0.02451276
51,0.9750000000000012,0.02222116,0.9750000000000012,0.027431680000000003
52,1.000000000000001,0.023992620000000003,1.000000000000001,0.030419093333333334
53,1.025000000000001,0.025665706666666666,1.025000000000001,0.033468380000000006
54,1.0500000000000012,0.027231993333333336,1.0500000000000012,0.036573626666666664
55,1.0750000000000013,0.02868932666666667,1.0750000000000013,0.039733120000000004
56,1.1000000000000012,0.03003404,1.1000000000000012,0.04293305333333333
57,1.125000000000001,0.03129449333333333,1.125000000000001,0.04618859333333333
58,1.1500000000000012,0.03246408666666667,1.1500000000000012,0.04948577333333334
59,1.1750000000000014,0.03355238,1.1750000000000014,0.05282500666666667
60,1.2000000000000013,0.03457983333333334,1.2000000000000013,0.05620254000000001
61,1.2250000000000012,0.035563660000000004,1.2250000000000012,0.05961295333333334
62,1.2500000000000013,0.036529493333333336,1.2500000000000013,0.06305112
63,1.2750000000000015,0.03749375333333334,1.2750000000000015,0.06653290666666667
