,OmegaPV8_6R_V_D,OmegaPV8_6R_J_D,OmegaPV8_6R_V_L,OmegaPV8_6R_J_L
0,1.3,0.049612753333333336,1.3,0.0694694
1,1.2750000000000001,0.044446773333333335,1.2750000000000001,0.06648188666666667
2,1.2500000000000002,0.03996508666666667,1.2500000000000002,0.06282247333333334
3,1.2250000000000003,0.036030273333333335,1.2250000000000003,0.05913426666666667
4,1.2000000000000004,0.03251990666666667,1.2000000000000004,0.05546355333333334
5,1.1750000000000005,0.029358160000000005,1.1750000000000005,0.05182482666666667
6,1.1500000000000006,0.026508826666666666,1.1500000000000006,0.04821766
7,1.1250000000000007,0.02393966,1.1250000000000007,0.0446613
8,1.1000000000000008,0.021598,1.1000000000000008,0.041162913333333336
9,1.0750000000000008,0.01947226,1.0750000000000008,0.03770676666666667
10,1.050000000000001,0.017537260000000002,1.050000000000001,0.03431104
11,1.025000000000001,0.015775400000000002,1.025000000000001,0.03097976666666667
12,1.000000000000001,0.014168693333333334,1.000000000000001,0.027716120000000004
13,0.9750000000000012,0.012684106666666667,0.9750000000000012,0.024533233333333335
14,0.9500000000000013,0.01130488,0.9500000000000013,0.021441460000000002
15,0.9250000000000014,0.010008733333333334,0.9250000000000014,0.018452733333333336
16,0.9000000000000015,0.008777413333333334,0.9000000000000015,0.015588893333333334
17,0.8750000000000016,0.00759398,0.8750000000000016,0.012866126666666667
18,0.8500000000000016,0.0064085313333333335,0.8500000000000016,0.01031558
19,0.8250000000000017,0.005330561333333333,0.8250000000000017,0.0079655
20,0.8000000000000018,0.0042763413333333335,0.8000000000000018,0.005931546
21,0.7750000000000019,0.0032962919999999997,0.7750000000000019,0.004068212666666667
22,0.750000000000002,0.0024218393333333334,0.750000000000002,0.0025173906666666667
23,0.7250000000000021,0.00168479,0.7250000000000021,0.0012899046666666667
24,0.7000000000000022,0.0011076240000000002,0.7000000000000022,0.0005617707333333334
25,0.6750000000000023,0.000688148,0.6750000000000023,-0.0001788674666666667
26,0.6500000000000024,0.00041759066666666666,0.6500000000000024,-0.0006603131333333334
27,0.6250000000000024,0.0002352008666666667,0.6250000000000024,-0.000680308
28,0.6000000000000025,0.00013027806666666668,0.6000000000000025,-0.001022918
29,0.5750000000000026,7.06608e-05,0.5750000000000026,-0.0012326233333333333
30,0.5500000000000027,4.305922666666667e-05,0.5500000000000027,-0.0013884573333333334
31,0.5250000000000028,2.0277266666666666e-05,0.5250000000000028,-0.0014996933333333335
32,0.5000000000000029,9.273733333333334e-06,0.5000000000000029,-0.0015954726666666667
33,0.475000000000003,8.348653333333333e-06,0.475000000000003,-0.001682392
34,0.45000000000000306,4.175955333333334e-06,0.45000000000000306,-0.001766402
35,0.42500000000000315,-1.3602166666666666e-06,0.42500000000000315,-0.0018341293333333335
36,0.40000000000000324,-3.942527333333334e-06,0.40000000000000324,-0.0019002420000000001
37,0.37500000000000333,-5.491891333333333e-06,0.37500000000000333,-0.0019662366666666664
38,0.3500000000000034,-6.4251253333333346e-06,0.3500000000000034,-0.0020288573333333334
39,0.3250000000000035,-6.885546666666667e-06,0.3250000000000035,-0.0020911980000000003
40,0.3000000000000036,-6.997566666666667e-06,0.3000000000000036,-0.0021465933333333336
41,0.2750000000000037,-6.997573333333334e-06,0.2750000000000037,-0.002204957333333333
42,0.2500000000000038,-6.997573333333334e-06,0.2500000000000038,-0.002259782666666667
43,0.22500000000000386,-6.997526666666667e-06,0.22500000000000386,-0.002293374
44,0.20000000000000395,-6.997540000000001e-06,0.20000000000000395,-0.0023556820000000004
45,0.17500000000000404,-6.997546666666667e-06,0.17500000000000404,-0.0024110673333333334
46,0.15000000000000413,-6.9975533333333335e-06,0.15000000000000413,-0.002462007333333333
47,0.12500000000000422,-6.9975533333333335e-06,0.12500000000000422,-0.0025198860000000003
48,0.10000000000000431,-6.997573333333334e-06,0.10000000000000431,-0.002564244666666667
49,0.0750000000000044,-6.99756e-06,0.0750000000000044,-0.002613892
50,0.050000000000004485,-6.997566666666667e-06,0.050000000000004485,-0.0026674326666666667
51,0.025000000000004574,-6.997573333333334e-06,0.025000000000004574,-0.0027371053333333333
52,4.6629367034256575e-15,-7.000753333333334e-06,4.6629367034256575e-15,-0.0028036646666666667
53,-0.024999999999995248,-7.000753333333334e-06,-0.024999999999995248,-0.0028979020000000004
54,-0.04999999999999516,-7.000753333333334e-06,-0.04999999999999516,-0.003041296666666667
55,-0.07499999999999507,-5.485795333333334e-06,-0.07499999999999507,-0.0032518720000000003
56,-0.09999999999999498,-9.291766666666666e-06,-0.09999999999999498,-0.0035653980000000004
57,-0.12499999999999489,-1.1269153333333333e-05,-0.12499999999999489,-0.004007744000000001
58,-0.1499999999999948,-1.335834e-05,-0.1499999999999948,-0.004606216000000001
59,-0.17499999999999472,-1.5664853333333334e-05,-0.17499999999999472,-0.005351909333333333
60,-0.19999999999999463,-1.8048233333333335e-05,-0.19999999999999463,-0.006213450666666667
61,-0.22499999999999454,-2.089942e-05,-0.22499999999999454,-0.007288026666666667
62,-0.24999999999999445,-2.3450733333333332e-05,-0.24999999999999445,-0.008315986666666667
63,-0.27499999999999436,-2.6595913333333333e-05,-0.27499999999999436,-0.00924566
