,OmegaPV8_6F_V_D,OmegaPV8_6F_J_D,OmegaPV8_6F_V_L,OmegaPV8_6F_J_L
0,-0.3,-1.5361506666666668e-05,-0.3,-0.0062107560000000004
1,-0.27499999999999997,-7.910726666666668e-06,-0.27499999999999997,-0.005504170666666666
2,-0.24999999999999994,-6.286282e-06,-0.24999999999999994,-0.004725153333333333
3,-0.22499999999999992,-1.838858e-06,-0.22499999999999992,-0.004021373333333334
4,-0.1999999999999999,-9.605973333333334e-07,-0.1999999999999999,-0.0034092146666666666
5,-0.17499999999999988,1.5487700000000001e-06,-0.17499999999999988,-0.0028597686666666667
6,-0.14999999999999986,2.6545660000000003e-06,-0.14999999999999986,-0.0023953353333333333
7,-0.12499999999999983,3.4969379999999997e-06,-0.12499999999999983,-0.001997838
8,-0.09999999999999981,4.1554513333333335e-06,-0.09999999999999981,-0.001662464
9,-0.07499999999999979,4.715127333333334e-06,-0.07499999999999979,-0.0013782646666666667
10,-0.04999999999999977,5.172458e-06,-0.04999999999999977,-0.0011460713333333334
11,-0.024999999999999745,5.5547500000000005e-06,-0.024999999999999745,-0.0009553380000000001
12,2.7755575615628914e-16,5.511718e-06,2.7755575615628914e-16,-0.0008055566666666667
13,0.0250000000000003,6.185738666666667e-06,0.0250000000000003,-0.0006870873333333334
14,0.05000000000000032,6.474303333333334e-06,0.05000000000000032,-0.0008129533333333333
15,0.07500000000000034,6.726493333333333e-06,0.07500000000000034,-0.0006695686666666667
16,0.10000000000000037,6.9203600000000004e-06,0.10000000000000037,-0.00046994186666666674
17,0.1250000000000004,6.999413333333334e-06,0.1250000000000004,-0.0003995828666666667
18,0.1500000000000004,6.999413333333334e-06,0.1500000000000004,-0.0003516324
19,0.17500000000000043,6.999413333333334e-06,0.17500000000000043,-0.00031406193333333334
20,0.20000000000000046,6.9994e-06,0.20000000000000046,-0.0002834834666666667
21,0.22500000000000048,5.102254e-06,0.22500000000000048,-0.00025489360000000006
22,0.2500000000000005,9.75466e-06,0.2500000000000005,-0.00023090320000000004
23,0.2750000000000005,1.1898226666666666e-05,0.2750000000000005,-0.00020946553333333335
24,0.30000000000000054,1.4113926666666666e-05,0.30000000000000054,-0.0001875966
25,0.32500000000000057,1.6595873333333334e-05,0.32500000000000057,-0.00016541226666666668
26,0.3500000000000006,1.931562666666667e-05,0.3500000000000006,-0.00014720046666666668
27,0.3750000000000006,2.234708e-05,0.3750000000000006,-0.00012759620000000002
28,0.40000000000000063,2.5841360000000004e-05,0.40000000000000063,-0.0001084658
29,0.42500000000000066,2.9986953333333334e-05,0.42500000000000066,-8.986566666666666e-05
30,0.4500000000000007,3.5238786666666674e-05,0.4500000000000007,-7.191146666666666e-05
31,0.4750000000000007,4.2460973333333335e-05,0.4750000000000007,-0.0001054662
32,0.5000000000000007,5.332346e-05,0.5000000000000007,-0.00010448060000000002
33,0.5250000000000008,6.969213333333333e-05,0.5250000000000008,-9.32008e-05
34,0.5500000000000007,8.992013333333334e-05,0.5500000000000007,-5.5710646666666674e-05
35,0.5750000000000008,0.00014342113333333336,0.5750000000000008,1.8925920000000003e-05
36,0.6000000000000008,0.0002255956666666667,0.6000000000000008,7.350166666666667e-05
37,0.6250000000000009,0.0003590316666666667,0.6250000000000009,0.00023351340000000003
38,0.6500000000000008,0.0005726394666666667,0.6500000000000008,0.00045824106666666667
39,0.6750000000000009,0.0009078140000000001,0.6750000000000009,0.0007631113333333334
40,0.7000000000000008,0.0014382186666666668,0.7000000000000008,0.0013121413333333333
41,0.7250000000000008,0.002172678666666667,0.7250000000000008,0.0020710886666666668
42,0.7500000000000009,0.003156864,0.7500000000000009,0.0031103366666666668
43,0.775000000000001,0.004410712,0.775000000000001,0.00446776
44,0.8000000000000009,0.005932966666666667,0.8000000000000009,0.006158126666666667
45,0.8250000000000008,0.007793626666666667,0.8250000000000008,0.0082767
46,0.850000000000001,0.009747513333333332,0.850000000000001,0.010597066666666667
47,0.8750000000000011,0.011811553333333334,0.8750000000000011,0.013149673333333334
48,0.900000000000001,0.013943760000000001,0.900000000000001,0.015911933333333336
49,0.9250000000000009,0.01609242,0.9250000000000009,0.01885346666666667
50,0.9500000000000011,0.018203,0.9500000000000011,0.02194642
51,0.9750000000000012,0.02023324,0.9750000000000012,0.0251683
52,1.000000000000001,0.02213738666666667,1.000000000000001,0.028496453333333335
53,1.025000000000001,0.023887806666666667,1.025000000000001,0.03192102666666667
54,1.0500000000000012,0.025472013333333335,1.0500000000000012,0.03542076666666667
55,1.0750000000000013,0.02688958666666667,1.0750000000000013,0.03899102
56,1.1000000000000012,0.028146813333333333,1.1000000000000012,0.04261182
57,1.125000000000001,0.029277446666666665,1.125000000000001,0.04629614
58,1.1500000000000012,0.030300273333333332,1.1500000000000012,0.05002889333333333
59,1.1750000000000014,0.03124290666666667,1.1750000000000014,0.053802166666666665
60,1.2000000000000013,0.03212218666666667,1.2000000000000013,0.057615433333333334
61,1.2250000000000012,0.032966340000000004,1.2250000000000012,0.06145188666666667
62,1.2500000000000013,0.03379588,1.2500000000000013,0.06532314666666668
63,1.2750000000000015,0.03463286666666667,1.2750000000000015,0.06921973333333334
