,OmegaPV8_6R_V_D,OmegaPV8_6R_J_D,OmegaPV8_6R_V_L,OmegaPV8_6R_J_L
0,1.3,0.04685924666666667,1.3,0.07034773333333333
1,1.2750000000000001,0.04178298,1.2750000000000001,0.06696706666666667
2,1.2500000000000002,0.037433426666666665,1.2500000000000002,0.06354889333333334
3,1.2250000000000003,0.03365924666666667,1.2250000000000003,0.05973932666666667
4,1.2000000000000004,0.03032288,1.2000000000000004,0.055927126666666674
5,1.1750000000000005,0.02734996666666667,1.1750000000000005,0.052139706666666674
6,1.1500000000000006,0.02468316,1.1500000000000006,0.048384213333333335
7,1.1250000000000007,0.022301733333333334,1.1250000000000007,0.0446748
8,1.1000000000000008,0.020136193333333333,1.1000000000000008,0.04102620666666667
9,1.0750000000000008,0.018184113333333335,1.0750000000000008,0.03742324
10,1.050000000000001,0.016413353333333335,1.050000000000001,0.033888513333333335
11,1.025000000000001,0.014795726666666668,1.025000000000001,0.03042564
12,1.000000000000001,0.013325740000000003,1.000000000000001,0.02704168
13,0.9750000000000012,0.011960386666666668,0.9750000000000012,0.02375384666666667
14,0.9500000000000013,0.010684826666666668,0.9500000000000013,0.02057080666666667
15,0.9250000000000014,0.009473813333333334,0.9250000000000014,0.017515906666666668
16,0.9000000000000015,0.008309426666666666,0.9000000000000015,0.014610353333333334
17,0.8750000000000016,0.0071799666666666675,0.8750000000000016,0.01187958
18,0.8500000000000016,0.006038444666666667,0.8500000000000016,0.009357286666666667
19,0.8250000000000017,0.00498773,0.8250000000000017,0.007081646666666668
20,0.8000000000000018,0.003960569333333334,0.8000000000000018,0.005158034666666667
21,0.7750000000000019,0.0030095960000000002,0.7750000000000019,0.003454304
22,0.750000000000002,0.0021718993333333333,0.750000000000002,0.0020970033333333332
23,0.7250000000000021,0.0014810433333333334,0.7250000000000021,0.0010652860000000001
24,0.7000000000000022,0.0009551793333333334,0.7000000000000022,0.0004905492666666667
25,0.6750000000000023,0.0005941333333333333,0.6750000000000023,-8.869113333333334e-05
26,0.6500000000000024,0.0003454012,0.6500000000000024,-0.00045189093333333335
27,0.6250000000000024,0.000196298,0.6250000000000024,-0.0006862826666666667
28,0.6000000000000025,0.00010889466666666667,0.6000000000000025,-0.0005411835333333333
29,0.5750000000000026,6.528282666666667e-05,0.5750000000000026,-0.0007757026666666666
30,0.5500000000000027,3.282878666666667e-05,0.5500000000000027,-0.0009115860000000001
31,0.5250000000000028,1.656546666666667e-05,0.5250000000000028,-0.001011158
32,0.5000000000000029,7.458526666666667e-06,0.5000000000000029,-0.0010939233333333335
33,0.475000000000003,5.919746666666667e-06,0.475000000000003,-0.001169952
34,0.45000000000000306,-5.0771680000000003e-08,0.45000000000000306,-0.0012290040000000001
35,0.42500000000000315,-2.955854666666667e-06,0.42500000000000315,-0.0012852666666666667
36,0.40000000000000324,-4.695117333333333e-06,0.40000000000000324,-0.0013422500000000001
37,0.37500000000000333,-6.007311333333334e-06,0.37500000000000333,-0.0014007993333333333
38,0.3500000000000034,-6.674620000000001e-06,0.3500000000000034,-0.0014473346666666667
39,0.3250000000000035,-6.990233333333333e-06,0.3250000000000035,-0.0014932733333333334
40,0.3000000000000036,-6.9975533333333335e-06,0.3000000000000036,-0.0015394500000000001
41,0.2750000000000037,-6.99756e-06,0.2750000000000037,-0.0015833006666666667
42,0.2500000000000038,-6.99756e-06,0.2500000000000038,-0.0016266426666666667
43,0.22500000000000386,-6.99752e-06,0.22500000000000386,-0.0016513193333333334
44,0.20000000000000395,-6.997526666666667e-06,0.20000000000000395,-0.0017028566666666667
45,0.17500000000000404,-6.997533333333334e-06,0.17500000000000404,-0.0017426106666666669
46,0.15000000000000413,-6.997540000000001e-06,0.15000000000000413,-0.001789342
47,0.12500000000000422,-6.997540000000001e-06,0.12500000000000422,-0.0018225713333333332
48,0.10000000000000431,-6.997546666666667e-06,0.10000000000000431,-0.001859558
49,0.0750000000000044,-6.9975533333333335e-06,0.0750000000000044,-0.0019008673333333335
50,0.050000000000004485,-6.99756e-06,0.050000000000004485,-0.0019546313333333337
51,0.025000000000004574,-6.997566666666667e-06,0.025000000000004574,-0.002002534
52,4.6629367034256575e-15,-7.000753333333334e-06,4.6629367034256575e-15,-0.0020723273333333337
53,-0.024999999999995248,-7.0007600000000005e-06,-0.024999999999995248,-0.002165002666666667
54,-0.04999999999999516,-7.000746666666667e-06,-0.04999999999999516,-0.002304904
55,-0.07499999999999507,-5.85784e-06,-0.07499999999999507,-0.002521241333333333
56,-0.09999999999999498,-1.001334e-05,-0.09999999999999498,-0.0028382200000000002
57,-0.12499999999999489,-1.2390126666666668e-05,-0.12499999999999489,-0.0032827326666666663
58,-0.1499999999999948,-1.4920640000000002e-05,-0.1499999999999948,-0.003882962666666667
59,-0.17499999999999472,-1.7715886666666666e-05,-0.17499999999999472,-0.00463462
60,-0.19999999999999463,-2.0639833333333335e-05,-0.19999999999999463,-0.005498984
61,-0.22499999999999454,-2.4061033333333332e-05,-0.22499999999999454,-0.006434448666666667
62,-0.24999999999999445,-2.7516160000000003e-05,-0.24999999999999445,-0.0074753066666666665
63,-0.27499999999999436,-3.106237333333334e-05,-0.27499999999999436,-0.00852388
