,OmegaPV8_6F_V_D,OmegaPV8_6F_J_D,OmegaPV8_6F_V_L,OmegaPV8_6F_J_L
0,-0.3,-8.28242e-06,-0.3,-0.008130086666666666
1,-0.27499999999999997,-4.509388666666667e-06,-0.27499999999999997,-0.0074383999999999995
2,-0.24999999999999994,-1.6008746666666666e-06,-0.24999999999999994,-0.006796100000000001
3,-0.22499999999999992,-3.0402913333333333e-07,-0.22499999999999992,-0.006437734
4,-0.1999999999999999,-1.6309833333333334e-07,-0.1999999999999999,-0.005813715333333334
5,-0.17499999999999988,1.5269426666666667e-06,-0.17499999999999988,-0.005294326
6,-0.14999999999999986,2.2365133333333334e-06,-0.14999999999999986,-0.004813777333333334
7,-0.12499999999999983,2.7961173333333336e-06,-0.12499999999999983,-0.004360330000000001
8,-0.09999999999999981,3.270096666666667e-06,-0.09999999999999981,-0.003920251333333334
9,-0.07499999999999979,3.2338266666666673e-06,-0.07499999999999979,-0.003508350666666667
10,-0.04999999999999977,4.121846666666666e-06,-0.04999999999999977,-0.0031072160000000003
11,-0.024999999999999745,4.544816666666667e-06,-0.024999999999999745,-0.002756796
12,2.7755575615628914e-16,4.465169333333334e-06,2.7755575615628914e-16,-0.002435053333333333
13,0.0250000000000003,5.32906e-06,0.0250000000000003,-0.0021473366666666664
14,0.05000000000000032,5.731155333333334e-06,0.05000000000000032,-0.0018905726666666668
15,0.07500000000000034,6.070659333333334e-06,0.07500000000000034,-0.0016791820000000002
16,0.10000000000000037,6.3983260000000005e-06,0.10000000000000037,-0.0014847640000000002
17,0.1250000000000004,6.71506e-06,0.1250000000000004,-0.00131404
18,0.1500000000000004,6.95126e-06,0.1500000000000004,-0.0011662926666666667
19,0.17500000000000043,6.9993800000000006e-06,0.17500000000000043,-0.0010314206666666667
20,0.20000000000000046,6.9993800000000006e-06,0.20000000000000046,-0.0009139213333333334
21,0.22500000000000048,6.999426666666668e-06,0.22500000000000048,-0.0008075506666666667
22,0.2500000000000005,4.78811e-06,0.2500000000000005,-0.000712668
23,0.2750000000000005,8.930726666666668e-06,0.2750000000000005,-0.001016666
24,0.30000000000000054,1.0682373333333334e-05,0.30000000000000054,-0.0006941653333333333
25,0.32500000000000057,1.2513146666666668e-05,0.32500000000000057,-0.0008275893333333335
26,0.3500000000000006,1.4600486666666667e-05,0.3500000000000006,-0.00068669
27,0.3750000000000006,1.705934e-05,0.3750000000000006,-0.000476674
28,0.40000000000000063,2.0147473333333336e-05,0.40000000000000063,-0.0003812384666666667
29,0.42500000000000066,2.4329533333333335e-05,0.42500000000000066,-0.00031143626666666667
30,0.4500000000000007,3.0482240000000004e-05,0.4500000000000007,-0.0002567902
31,0.4750000000000007,4.019165333333334e-05,0.4750000000000007,-0.00021304726666666668
32,0.5000000000000007,5.6625353333333336e-05,0.5000000000000007,-0.00016443933333333335
33,0.5250000000000008,7.767413333333334e-05,0.5250000000000008,-0.00011232653333333333
34,0.5500000000000007,0.0001307806,0.5500000000000007,-0.0001586662
35,0.5750000000000008,0.00021724953333333334,0.5750000000000008,-4.242191333333333e-05
36,0.6000000000000008,0.0003649363333333333,0.6000000000000008,0.00010911780000000001
37,0.6250000000000009,0.0006116609333333333,0.6250000000000009,0.0004310736
38,0.6500000000000008,0.001029622,0.6500000000000008,0.0008052413333333334
39,0.6750000000000009,0.0016625920000000003,0.6750000000000009,0.0014825166666666669
40,0.7000000000000008,0.0025304133333333336,0.7000000000000008,0.0023902073333333337
41,0.7250000000000008,0.003664546666666667,0.7250000000000008,0.003591720666666667
42,0.7500000000000009,0.00505771,0.7500000000000009,0.005101107333333334
43,0.775000000000001,0.0066817533333333335,0.775000000000001,0.006900866666666667
44,0.8000000000000009,0.008572586666666666,0.8000000000000009,0.009006893333333335
45,0.8250000000000008,0.010501186666666667,0.8250000000000008,0.011287493333333334
46,0.850000000000001,0.012511360000000001,0.850000000000001,0.013742073333333335
47,0.8750000000000011,0.01456938,0.8750000000000011,0.01634788666666667
48,0.900000000000001,0.01663792,0.900000000000001,0.019079893333333334
49,0.9250000000000009,0.01868706666666667,0.9250000000000009,0.0219214
50,0.9500000000000011,0.02068582,0.9500000000000011,0.024855473333333336
51,0.9750000000000012,0.022611246666666668,0.9750000000000012,0.027873486666666666
52,1.000000000000001,0.0244423,1.000000000000001,0.03096580666666667
53,1.025000000000001,0.02617118666666667,1.025000000000001,0.034125366666666664
54,1.0500000000000012,0.02778238666666667,1.0500000000000012,0.03734452666666667
55,1.0750000000000013,0.02927374666666667,1.0750000000000013,0.04062022666666667
56,1.1000000000000012,0.030643713333333336,1.1000000000000012,0.04393822666666667
57,1.125000000000001,0.031910593333333334,1.125000000000001,0.04731426666666667
58,1.1500000000000012,0.033088726666666665,1.1500000000000012,0.05073632
59,1.1750000000000014,0.03418786666666667,1.1750000000000014,0.05420377333333334
60,1.2000000000000013,0.03522622,1.2000000000000013,0.05771014000000001
61,1.2250000000000012,0.036224026666666666,1.2250000000000012,0.06125324000000001
62,1.2500000000000013,0.037201740000000004,1.2500000000000013,0.06482892000000001
63,1.2750000000000015,0.03817474666666667,1.2750000000000015,0.06844086666666667
