,OmegaPV8_6R_V_D,OmegaPV8_6R_J_D,OmegaPV8_6R_V_L,OmegaPV8_6R_J_L
0,1.3,0.04612563333333333,1.3,0.0587521
1,1.2750000000000001,0.041170326666666666,1.2750000000000001,0.05532696
2,1.2500000000000002,0.03714512666666667,1.2500000000000002,0.051943413333333334
3,1.2250000000000003,0.03366650666666667,1.2250000000000003,0.04862776666666667
4,1.2000000000000004,0.030558193333333334,1.2000000000000004,0.04538905333333333
5,1.1750000000000005,0.02771506,1.1750000000000005,0.04223007333333333
6,1.1500000000000006,0.02507352666666667,1.1500000000000006,0.03914551333333333
7,1.1250000000000007,0.022601966666666667,1.1250000000000007,0.03614074666666667
8,1.1000000000000008,0.02028594,1.1000000000000008,0.03322072666666667
9,1.0750000000000008,0.01810444666666667,1.0750000000000008,0.030369420000000005
10,1.050000000000001,0.016060533333333335,1.050000000000001,0.027594506666666664
11,1.025000000000001,0.014146706666666668,1.025000000000001,0.024897400000000004
12,1.000000000000001,0.012363226666666668,1.000000000000001,0.02227372
13,0.9750000000000012,0.01070824,0.9750000000000012,0.01972738
14,0.9500000000000013,0.0091792,0.9500000000000013,0.017261440000000003
15,0.9250000000000014,0.007776513333333334,0.9250000000000014,0.014875133333333334
16,0.9000000000000015,0.006660424,0.9000000000000015,0.012578486666666668
17,0.8750000000000016,0.005464911333333333,0.8750000000000016,0.010368826666666667
18,0.8500000000000016,0.0044112606666666665,0.8500000000000016,0.008248833333333334
19,0.8250000000000017,0.0034925433333333335,0.8250000000000017,0.00633899
20,0.8000000000000018,0.002705214,0.8000000000000018,0.004377178666666667
21,0.7750000000000019,0.002044502,0.7750000000000019,0.0025301986666666667
22,0.750000000000002,0.0015031986666666668,0.750000000000002,0.0007973073333333334
23,0.7250000000000021,0.001072276,0.7250000000000021,-0.0008233526666666667
24,0.7000000000000022,0.0007440686666666667,0.7000000000000022,-0.0023187253333333334
25,0.6750000000000023,0.0005722402666666667,0.6750000000000023,-0.0036975280000000003
26,0.6500000000000024,0.0003671118,0.6500000000000024,-0.004947069333333334
27,0.6250000000000024,0.00022989913333333332,0.6250000000000024,-0.006072185333333333
28,0.6000000000000025,0.00014156306666666667,0.6000000000000025,-0.006998680000000001
29,0.5750000000000026,8.517386666666667e-05,0.5750000000000026,-0.00744676
30,0.5500000000000027,9.781093333333334e-05,0.5500000000000027,-0.00829872
31,0.5250000000000028,6.348988000000001e-05,0.5250000000000028,-0.008987853333333334
32,0.5000000000000029,3.098267333333333e-05,0.5000000000000029,-0.009556006666666667
33,0.475000000000003,1.4659386666666667e-05,0.475000000000003,-0.010029680000000001
34,0.45000000000000306,1.5601413333333335e-05,0.45000000000000306,-0.010444966666666668
35,0.42500000000000315,8.861886666666667e-06,0.42500000000000315,-0.010803053333333333
36,0.40000000000000324,3.9410480000000005e-06,0.40000000000000324,-0.011143213333333334
37,0.37500000000000333,-1.816514666666667e-06,0.37500000000000333,-0.011476086666666666
38,0.3500000000000034,-3.5350206666666673e-06,0.3500000000000034,-0.011812646666666666
39,0.3250000000000035,-4.449392e-06,0.3250000000000035,-0.012126126666666667
40,0.3000000000000036,-4.681941333333334e-06,0.3000000000000036,-0.012442806666666667
41,0.2750000000000037,-5.292220666666667e-06,0.2750000000000037,-0.01275644
42,0.2500000000000038,-5.457618666666667e-06,0.2500000000000038,-0.01305998
43,0.22500000000000386,-4.9295586666666666e-06,0.22500000000000386,-0.013334473333333333
44,0.20000000000000395,-5.364060666666667e-06,0.20000000000000395,-0.013631886666666667
45,0.17500000000000404,-5.301383333333334e-06,0.17500000000000404,-0.01390410666666667
46,0.15000000000000413,-5.155230666666667e-06,0.15000000000000413,-0.014163920000000002
47,0.12500000000000422,-4.970397333333333e-06,0.12500000000000422,-0.014411153333333333
48,0.10000000000000431,-4.876936666666666e-06,0.10000000000000431,-0.014647106666666668
49,0.0750000000000044,-4.7588620000000005e-06,0.0750000000000044,-0.014873713333333333
50,0.050000000000004485,-4.5739040000000005e-06,0.050000000000004485,-0.01508662
51,0.025000000000004574,-4.402302666666667e-06,0.025000000000004574,-0.015296373333333333
52,4.6629367034256575e-15,-4.202932e-06,4.6629367034256575e-15,-0.015484366666666666
53,-0.024999999999995248,-4.0485926666666665e-06,-0.024999999999995248,-0.015659246666666668
54,-0.04999999999999516,-3.856399333333333e-06,-0.04999999999999516,-0.0158291
55,-0.07499999999999507,-3.8093413333333333e-06,-0.07499999999999507,-0.0160006
56,-0.09999999999999498,-3.725842e-06,-0.09999999999999498,-0.016149339999999998
57,-0.12499999999999489,-3.625654666666667e-06,-0.12499999999999489,-0.016300186666666668
58,-0.1499999999999948,-3.6741966666666665e-06,-0.1499999999999948,-0.01644956666666667
59,-0.17499999999999472,-3.7609646666666666e-06,-0.17499999999999472,-0.016599046666666666
60,-0.19999999999999463,-3.821133333333333e-06,-0.19999999999999463,-0.01674648
61,-0.22499999999999454,-3.926143333333334e-06,-0.22499999999999454,-0.016901
62,-0.24999999999999445,-4.067936666666667e-06,-0.24999999999999445,-0.017051086666666666
63,-0.27499999999999436,-4.068384e-06,-0.27499999999999436,-0.017198306666666666
