,FAPI_SLA_ENCAPSULATED_1R_V_D,FAPI_SLA_ENCAPSULATED_1R_J_D,FAPI_SLA_ENCAPSULATED_1R_V_L,FAPI_SLA_ENCAPSULATED_1R_J_L
0,1.25,0.0298759,1.25,0.029676728571428574
1,1.225,0.027767128571428573,1.225,0.02756422857142857
2,1.2000000000000002,0.025870242857142855,1.2000000000000002,0.025635842857142856
3,1.1750000000000003,0.02405834285714286,1.1750000000000003,0.02375485714285714
4,1.1500000000000004,0.022307228571428573,1.1500000000000004,0.021899085714285716
5,1.1250000000000004,0.020614957142857143,1.1250000000000004,0.020074957142857144
6,1.1000000000000005,0.018975657142857143,1.1000000000000005,0.018269957142857143
7,1.0750000000000006,0.01739687142857143,1.0750000000000006,0.016494685714285716
8,1.0500000000000007,0.015881342857142856,1.0500000000000007,0.01474312857142857
9,1.0250000000000008,0.0144383,1.0250000000000008,0.012985907142857144
10,1.0000000000000009,0.01306182,1.0000000000000009,0.011256982857142857
11,0.975000000000001,0.011780302857142858,0.975000000000001,0.009587671428571429
12,0.9500000000000011,0.010612467142857143,0.9500000000000011,0.007940164285714287
13,0.9250000000000012,0.009571747142857143,0.9250000000000012,0.00632978
14,0.9000000000000012,0.008675548571428571,0.9000000000000012,0.004752480000000001
15,0.8750000000000013,0.007933461428571428,0.8750000000000013,0.0032117242857142856
16,0.8500000000000014,0.0073443014285714285,0.8500000000000014,0.001709052857142857
17,0.8250000000000015,0.0068951385714285714,0.8250000000000015,0.00027549714285714287
18,0.8000000000000016,0.006545854285714285,0.8000000000000016,-0.0011727141428571428
19,0.7750000000000017,0.006261591428571428,0.7750000000000017,-0.002516395714285714
20,0.7500000000000018,0.0060144342857142855,0.7500000000000018,-0.0038365942857142856
21,0.7250000000000019,0.005784845714285715,0.7250000000000019,-0.005064397142857143
22,0.700000000000002,0.005566122857142857,0.700000000000002,-0.006212404285714285
23,0.675000000000002,0.005349601428571429,0.675000000000002,-0.007286358571428572
24,0.6500000000000021,0.005137372857142857,0.6500000000000021,-0.008275338571428571
25,0.6250000000000022,0.004926535714285715,0.6250000000000022,-0.009187962857142856
26,0.6000000000000023,0.00471593,0.6000000000000023,-0.010013207142857142
27,0.5750000000000024,0.004506717142857143,0.5750000000000024,-0.010780315714285714
28,0.5500000000000025,0.004299317142857142,0.5500000000000025,-0.0114766
29,0.5250000000000026,0.00409128,0.5250000000000026,-0.012126714285714286
30,0.5000000000000027,0.0038839585714285714,0.5000000000000027,-0.012712197142857143
31,0.47500000000000275,0.0036768499999999997,0.47500000000000275,-0.013255487142857143
32,0.45000000000000284,0.00347066,0.45000000000000284,-0.013754097142857144
33,0.42500000000000293,0.0032637128571428573,0.42500000000000293,-0.014208257142857143
34,0.400000000000003,0.00305793,0.400000000000003,-0.014625271428571429
35,0.3750000000000031,0.0028515485714285713,0.3750000000000031,-0.015062257142857142
36,0.3500000000000032,0.0026460314285714284,0.3500000000000032,-0.015340099999999999
37,0.3250000000000033,0.0024400414285714288,0.3250000000000033,-0.015663628571428573
38,0.3000000000000034,0.002234647142857143,0.3000000000000034,-0.015962885714285713
39,0.27500000000000346,0.002028805714285714,0.27500000000000346,-0.016244085714285716
40,0.25000000000000355,0.0018232071428571429,0.25000000000000355,-0.016512742857142857
41,0.22500000000000364,0.0016176,0.22500000000000364,-0.01676022857142857
42,0.20000000000000373,0.001412151857142857,0.20000000000000373,-0.017010614285714286
43,0.17500000000000382,0.0012066064285714286,0.17500000000000382,-0.017247057142857142
44,0.1500000000000039,0.001000877,0.1500000000000039,-0.01747667142857143
45,0.125000000000004,0.0007951044285714286,0.125000000000004,-0.017699257142857142
46,0.10000000000000409,0.0005894012857142857,0.10000000000000409,-0.017918714285714284
47,0.07500000000000417,0.00038351942857142853,0.07500000000000417,-0.01813187142857143
48,0.05000000000000426,0.0001774422857142857,0.05000000000000426,-0.018342785714285714
49,0.025000000000004352,-2.863834285714286e-05,0.025000000000004352,-0.01854897142857143
50,4.440892098500626e-15,-0.00023545571428571426,4.440892098500626e-15,-0.018754285714285716
51,-0.02499999999999547,-0.00044226142857142856,-0.02499999999999547,-0.0189525
52,-0.04999999999999538,-0.0006492674285714286,-0.04999999999999538,-0.019153357142857146
53,-0.07499999999999529,-0.0008566772857142857,-0.07499999999999529,-0.019345157142857144
54,-0.0999999999999952,-0.0010644578571428571,-0.0999999999999952,-0.019541285714285712
55,-0.12499999999999512,-0.0012727164285714285,-0.12499999999999512,-0.019729585714285715
56,-0.14999999999999503,-0.0014817057142857142,-0.14999999999999503,-0.019918657142857142
57,-0.17499999999999494,-0.0016916485714285714,-0.17499999999999494,-0.020110557142857144
58,-0.19999999999999485,-0.0019018457142857144,-0.19999999999999485,-0.020295728571428574
59,-0.22499999999999476,-0.0021128657142857146,-0.22499999999999476,-0.020485814285714284
