,II_4F_V_D,II_4F_J_D,II_4F_V_L,II_4F_J_L
0,-0.3,-6.144032e-05,-0.3,-0.022583086666666665
1,-0.27499999999999997,-5.488192666666667e-05,-0.27499999999999997,-0.02255512
2,-0.24999999999999994,-4.9602066666666664e-05,-0.24999999999999994,-0.022515366666666668
3,-0.22499999999999992,-4.359752e-05,-0.22499999999999992,-0.022452993333333334
4,-0.1999999999999999,-3.799342e-05,-0.1999999999999999,-0.02236302
5,-0.17499999999999988,-3.259834666666667e-05,-0.17499999999999988,-0.02226024
6,-0.14999999999999986,-2.7318806666666666e-05,-0.14999999999999986,-0.022155006666666668
7,-0.12499999999999983,-2.228356e-05,-0.12499999999999983,-0.022048726666666667
8,-0.09999999999999981,-1.742292e-05,-0.09999999999999981,-0.021945113333333335
9,-0.07499999999999979,-1.25878e-05,-0.07499999999999979,-0.021843006666666668
10,-0.04999999999999977,-7.961953333333334e-06,-0.04999999999999977,-0.02173418
11,-0.024999999999999745,-3.6857333333333335e-06,-0.024999999999999745,-0.021630586666666667
12,2.7755575615628914e-16,1.0737413333333334e-06,2.7755575615628914e-16,-0.02151954
13,0.0250000000000003,5.699847333333333e-06,0.0250000000000003,-0.02141238666666667
14,0.05000000000000032,1.0016520000000001e-05,0.05000000000000032,-0.02130138666666667
15,0.07500000000000034,1.496966e-05,0.07500000000000034,-0.021181706666666668
16,0.10000000000000037,1.981014e-05,0.10000000000000037,-0.02105932
17,0.1250000000000004,2.4895513333333334e-05,0.1250000000000004,-0.02092706
18,0.1500000000000004,2.998888e-05,0.1500000000000004,-0.02079098
19,0.17500000000000043,3.5209426666666666e-05,0.17500000000000043,-0.02064496
20,0.20000000000000046,4.0773020000000006e-05,0.20000000000000046,-0.0204841
21,0.22500000000000048,4.656498666666667e-05,0.22500000000000048,-0.020307673333333335
22,0.2500000000000005,5.243852666666667e-05,0.2500000000000005,-0.0201348
23,0.2750000000000005,5.87328e-05,0.2750000000000005,-0.019932913333333333
24,0.30000000000000054,6.506189333333334e-05,0.30000000000000054,-0.019729006666666667
25,0.32500000000000057,7.087800000000001e-05,0.32500000000000057,-0.019477706666666667
26,0.3500000000000006,7.808106666666667e-05,0.3500000000000006,-0.019238646666666668
27,0.3750000000000006,8.489386666666667e-05,0.3750000000000006,-0.01896584
28,0.40000000000000063,9.218113333333334e-05,0.40000000000000063,-0.01866496
29,0.42500000000000066,9.964013333333334e-05,0.42500000000000066,-0.018340560000000002
30,0.4500000000000007,0.00010808500000000002,0.4500000000000007,-0.01797862
31,0.4750000000000007,0.00011654993333333333,0.4750000000000007,-0.01759118
32,0.5000000000000007,0.0001257454,0.5000000000000007,-0.017169060000000003
33,0.5250000000000008,0.00013632986666666668,0.5250000000000008,-0.01669738
34,0.5500000000000007,0.000148421,0.5500000000000007,-0.01619192
35,0.5750000000000008,0.0001634896,0.5750000000000008,-0.015653093333333336
36,0.6000000000000008,0.00018147526666666667,0.6000000000000008,-0.015060813333333334
37,0.6250000000000009,0.00020244933333333335,0.6250000000000009,-0.014422846666666666
38,0.6500000000000008,0.00022735273333333335,0.6500000000000008,-0.013721906666666667
39,0.6750000000000009,0.00025643873333333335,0.6750000000000009,-0.013008166666666668
40,0.7000000000000008,0.0002894585333333333,0.7000000000000008,-0.012239233333333334
41,0.7250000000000008,0.0003272075333333334,0.7250000000000008,-0.01140866
42,0.7500000000000009,0.00037105453333333334,0.7500000000000009,-0.01050682
43,0.775000000000001,0.00042395786666666674,0.775000000000001,-0.009588093333333334
44,0.8000000000000009,0.0004861455333333334,0.8000000000000009,-0.008587646666666667
45,0.8250000000000008,0.0005651128666666667,0.8250000000000008,-0.007521813333333334
46,0.850000000000001,0.00066928,0.850000000000001,-0.00772908
47,0.8750000000000011,0.00085695,0.8750000000000011,-0.006500830666666667
48,0.900000000000001,0.001054628,0.900000000000001,-0.004697514000000001
49,0.9250000000000009,0.0013374573333333334,0.9250000000000009,-0.0031077306666666667
50,0.9500000000000011,0.0017391293333333337,0.9500000000000011,-0.001483474
51,0.9750000000000012,0.0022938240000000003,0.9750000000000012,-0.00018896806666666668
52,1.000000000000001,0.003028864,1.000000000000001,0.0013876693333333334
53,1.025000000000001,0.003972995333333334,1.025000000000001,0.003542804
54,1.0500000000000012,0.005134616,1.0500000000000012,0.005636349333333334
55,1.0750000000000013,0.006520526,1.0750000000000013,0.007503733333333334
56,1.1000000000000012,0.008594493333333333,1.1000000000000012,0.009908093333333335
57,1.125000000000001,0.01024918,1.125000000000001,0.01230882
58,1.1500000000000012,0.012211893333333333,1.1500000000000012,0.01477284
59,1.1750000000000014,0.014383273333333335,1.1750000000000014,0.017325506666666667
60,1.2000000000000013,0.01672970666666667,1.2000000000000013,0.019964966666666667
61,1.2250000000000012,0.019236513333333333,1.2250000000000012,0.022694726666666668
62,1.2500000000000013,0.021892213333333334,1.2500000000000013,0.025509973333333335
63,1.2750000000000015,0.0246792,1.2750000000000015,0.028408833333333335
