,II_4F_V_D,II_4F_J_D,II_4F_V_L,II_4F_J_L
0,-0.3,-3.3108026666666666e-05,-0.3,-0.022487913333333335
1,-0.27499999999999997,-2.8811773333333337e-05,-0.27499999999999997,-0.02246972666666667
2,-0.24999999999999994,-2.512352e-05,-0.24999999999999994,-0.0224511
3,-0.22499999999999992,-2.2166800000000003e-05,-0.22499999999999992,-0.022432113333333333
4,-0.1999999999999999,-1.9201906666666666e-05,-0.1999999999999999,-0.022409466666666666
5,-0.17499999999999988,-1.619966e-05,-0.17499999999999988,-0.02238046
6,-0.14999999999999986,-1.3508013333333332e-05,-0.14999999999999986,-0.02234604
7,-0.12499999999999983,-1.0791546666666667e-05,-0.12499999999999983,-0.022302673333333335
8,-0.09999999999999981,-8.021173333333333e-06,-0.09999999999999981,-0.022243813333333334
9,-0.07499999999999979,-6.383841333333333e-06,-0.07499999999999979,-0.022170980000000003
10,-0.04999999999999977,-3.253514e-06,-0.04999999999999977,-0.02207994
11,-0.024999999999999745,-8.224460000000001e-07,-0.024999999999999745,-0.021967553333333334
12,2.7755575615628914e-16,1.5238053333333334e-06,2.7755575615628914e-16,-0.021838140000000002
13,0.0250000000000003,4.057461333333334e-06,0.0250000000000003,-0.021687966666666666
14,0.05000000000000032,6.580036666666668e-06,0.05000000000000032,-0.021516840000000002
15,0.07500000000000034,7.978686666666667e-06,0.07500000000000034,-0.021325573333333334
16,0.10000000000000037,1.13888e-05,0.10000000000000037,-0.021125366666666666
17,0.1250000000000004,1.4133220000000002e-05,0.1250000000000004,-0.020905613333333333
18,0.1500000000000004,1.6894753333333334e-05,0.1500000000000004,-0.02066728
19,0.17500000000000043,1.9651473333333336e-05,0.17500000000000043,-0.02041966666666667
20,0.20000000000000046,2.2624293333333334e-05,0.20000000000000046,-0.02015232
21,0.22500000000000048,2.562602e-05,0.22500000000000048,-0.019867846666666668
22,0.2500000000000005,2.892748666666667e-05,0.2500000000000005,-0.019580026666666667
23,0.2750000000000005,3.1766233333333334e-05,0.2750000000000005,-0.019269233333333333
24,0.30000000000000054,3.494332e-05,0.30000000000000054,-0.018932746666666667
25,0.32500000000000057,3.8775933333333336e-05,0.32500000000000057,-0.018602646666666667
26,0.3500000000000006,4.2568020000000004e-05,0.3500000000000006,-0.018240826666666668
27,0.3750000000000006,4.609726666666667e-05,0.3750000000000006,-0.01785692666666667
28,0.40000000000000063,4.985799333333333e-05,0.40000000000000063,-0.017438633333333335
29,0.42500000000000066,5.4247653333333334e-05,0.42500000000000066,-0.017025386666666666
30,0.4500000000000007,5.808891333333333e-05,0.4500000000000007,-0.016569373333333335
31,0.4750000000000007,6.298206e-05,0.4750000000000007,-0.016084553333333335
32,0.5000000000000007,6.752673333333334e-05,0.5000000000000007,-0.015569906666666666
33,0.5250000000000008,7.707993333333333e-05,0.5250000000000008,-0.01501998
34,0.5500000000000007,8.799693333333334e-05,0.5500000000000007,-0.01443308
35,0.5750000000000008,0.00010206226666666667,0.5750000000000008,-0.013811053333333335
36,0.6000000000000008,0.0001210956,0.6000000000000008,-0.013141993333333334
37,0.6250000000000009,0.0001466344666666667,0.6250000000000009,-0.012437806666666667
38,0.6500000000000008,0.00017853333333333335,0.6500000000000008,-0.011688853333333334
39,0.6750000000000009,0.0002205392666666667,0.6750000000000009,-0.01089464
40,0.7000000000000008,0.00026913373333333336,0.7000000000000008,-0.010061806666666668
41,0.7250000000000008,0.0003256098666666667,0.7250000000000008,-0.009168633333333334
42,0.7500000000000009,0.00039385786666666666,0.7500000000000009,-0.008254913333333334
43,0.775000000000001,0.0004752101333333334,0.775000000000001,-0.007290013333333335
44,0.8000000000000009,0.0005696584666666667,0.8000000000000009,-0.0069633866666666665
45,0.8250000000000008,0.0006812406666666667,0.8250000000000008,-0.005651758
46,0.850000000000001,0.0008279320000000001,0.850000000000001,-0.0044520106666666665
47,0.8750000000000011,0.0009709226666666667,0.8750000000000011,-0.003244560666666667
48,0.900000000000001,0.00114879,0.900000000000001,-0.002007216
49,0.9250000000000009,0.001359568,0.9250000000000009,-0.0007273413333333333
50,0.9500000000000011,0.0016073706666666666,0.9500000000000011,-0.0010112306666666669
51,0.9750000000000012,0.0018980760000000003,0.9750000000000012,0.0002481154666666667
52,1.000000000000001,0.002236286666666667,1.000000000000001,0.001319894
53,1.025000000000001,0.002631332,1.025000000000001,0.003030792666666667
54,1.0500000000000012,0.003096876,1.0500000000000012,0.004694971333333333
55,1.0750000000000013,0.003644584666666667,1.0750000000000013,0.006379831333333334
56,1.1000000000000012,0.004283665333333334,1.1000000000000012,0.007567413333333333
57,1.125000000000001,0.005031287333333334,1.125000000000001,0.009413313333333333
58,1.1500000000000012,0.005914859333333334,1.1500000000000012,0.011259826666666667
59,1.1750000000000014,0.007853313333333334,1.1750000000000014,0.013135226666666668
60,1.2000000000000013,0.008956446666666668,1.2000000000000013,0.015060660000000002
61,1.2250000000000012,0.010326366666666668,1.2250000000000012,0.017037313333333335
62,1.2500000000000013,0.011891406666666668,1.2500000000000013,0.019077213333333336
63,1.2750000000000015,0.013659186666666668,1.2750000000000015,0.02119638
