,II_4F_V_D,II_4F_J_D,II_4F_V_L,II_4F_J_L
0,-0.3,-0.00011611766666666668,-0.3,-0.02259032
1,-0.27499999999999997,-0.00010242700000000001,-0.27499999999999997,-0.022554506666666668
2,-0.24999999999999994,-9.115020000000001e-05,-0.24999999999999994,-0.02250536666666667
3,-0.22499999999999992,-8.039533333333334e-05,-0.22499999999999992,-0.02244666666666667
4,-0.1999999999999999,-6.9902e-05,-0.1999999999999999,-0.02237382666666667
5,-0.17499999999999988,-5.9411380000000004e-05,-0.17499999999999988,-0.022300453333333334
6,-0.14999999999999986,-5.0210233333333336e-05,-0.14999999999999986,-0.02222858
7,-0.12499999999999983,-4.086925333333334e-05,-0.12499999999999983,-0.022156553333333332
8,-0.09999999999999981,-3.186012666666667e-05,-0.09999999999999981,-0.022084993333333334
9,-0.07499999999999979,-2.332652666666667e-05,-0.07499999999999979,-0.022013426666666665
10,-0.04999999999999977,-1.4815206666666668e-05,-0.04999999999999977,-0.02194270666666667
11,-0.024999999999999745,-6.7776399999999995e-06,-0.024999999999999745,-0.02186678666666667
12,2.7755575615628914e-16,1.7446466666666667e-06,2.7755575615628914e-16,-0.021792346666666667
13,0.0250000000000003,9.887206666666667e-06,0.0250000000000003,-0.021710100000000003
14,0.05000000000000032,1.852378666666667e-05,0.05000000000000032,-0.02162452
15,0.07500000000000034,2.6779086666666667e-05,0.07500000000000034,-0.021529693333333336
16,0.10000000000000037,3.563304666666667e-05,0.10000000000000037,-0.021433920000000002
17,0.1250000000000004,4.4703606666666666e-05,0.1250000000000004,-0.021326433333333332
18,0.1500000000000004,5.422466666666667e-05,0.1500000000000004,-0.021209640000000002
19,0.17500000000000043,6.423942e-05,0.17500000000000043,-0.021084059999999998
20,0.20000000000000046,7.406906666666667e-05,0.20000000000000046,-0.020941046666666668
21,0.22500000000000048,8.471060000000001e-05,0.22500000000000048,-0.02078262
22,0.2500000000000005,9.589513333333334e-05,0.2500000000000005,-0.02062138
23,0.2750000000000005,0.00010597759999999999,0.2750000000000005,-0.020435953333333333
24,0.30000000000000054,0.0001184376,0.30000000000000054,-0.020226666666666667
25,0.32500000000000057,0.00013214473333333335,0.32500000000000057,-0.020006373333333334
26,0.3500000000000006,0.00014314413333333336,0.3500000000000006,-0.01975646666666667
27,0.3750000000000006,0.00015581933333333334,0.3750000000000006,-0.019488373333333333
28,0.40000000000000063,0.0001691258,0.40000000000000063,-0.019168206666666666
29,0.42500000000000066,0.00018275086666666668,0.42500000000000066,-0.018842006666666668
30,0.4500000000000007,0.00019776026666666667,0.4500000000000007,-0.018474013333333334
31,0.4750000000000007,0.0002135366,0.4750000000000007,-0.018067453333333334
32,0.5000000000000007,0.00023285206666666668,0.5000000000000007,-0.017620933333333335
33,0.5250000000000008,0.00025155893333333334,0.5250000000000008,-0.01712732
34,0.5500000000000007,0.0002713886,0.5500000000000007,-0.016600373333333335
35,0.5750000000000008,0.0002927389333333334,0.5750000000000008,-0.01601514
36,0.6000000000000008,0.0003185552,0.6000000000000008,-0.015373326666666668
37,0.6250000000000009,0.00034469733333333336,0.6250000000000009,-0.014683980000000001
38,0.6500000000000008,0.0003722649333333334,0.6500000000000008,-0.013937960000000001
39,0.6750000000000009,0.00040564906666666666,0.6750000000000009,-0.01313168
40,0.7000000000000008,0.0004409905333333334,0.7000000000000008,-0.01225554
41,0.7250000000000008,0.00048606233333333337,0.7250000000000008,-0.011290526666666667
42,0.7500000000000009,0.0005435603333333334,0.7500000000000009,-0.010269173333333334
43,0.775000000000001,0.0006168179333333333,0.775000000000001,-0.00915188
44,0.8000000000000009,0.0006976840000000001,0.8000000000000009,-0.007947793333333335
45,0.8250000000000008,0.0008122946666666666,0.8250000000000008,-0.007618113333333333
46,0.850000000000001,0.0009718686666666667,0.850000000000001,-0.006224016
47,0.8750000000000011,0.0011869306666666666,0.8750000000000011,-0.0043765213333333336
48,0.900000000000001,0.0014886873333333334,0.900000000000001,-0.002664716
49,0.9250000000000009,0.0019002953333333336,0.9250000000000009,-0.00089472
50,0.9500000000000011,0.002444830666666667,0.9500000000000011,0.0009423253333333333
51,0.9750000000000012,0.003141786,0.9750000000000012,0.0028540406666666667
52,1.000000000000001,0.0040055433333333335,1.000000000000001,0.00483664
53,1.025000000000001,0.005064392666666666,1.025000000000001,0.0068945533333333335
54,1.0500000000000012,0.006303953333333333,1.0500000000000012,0.00854886
55,1.0750000000000013,0.007899773333333334,1.0750000000000013,0.010895946666666666
56,1.1000000000000012,0.009421493333333334,1.1000000000000012,0.01319536
57,1.125000000000001,0.011177466666666667,1.125000000000001,0.015554906666666667
58,1.1500000000000012,0.013140493333333335,1.1500000000000012,0.017982853333333333
59,1.1750000000000014,0.015280140000000001,1.1750000000000014,0.020472666666666667
60,1.2000000000000013,0.017601406666666666,1.2000000000000013,0.023040013333333335
61,1.2250000000000012,0.020091313333333336,1.2250000000000012,0.025681193333333335
62,1.2500000000000013,0.02273902666666667,1.2500000000000013,0.028410846666666666
63,1.2750000000000015,0.02553722,1.2750000000000015,0.031206900000000003
