,II_4R_V_D,II_4R_J_D,II_4R_V_L,II_4R_J_L
0,1.3,0.015339033333333335,1.3,0.024191273333333332
1,1.2750000000000001,0.015667100000000003,1.2750000000000001,0.022042806666666668
2,1.2500000000000002,0.014948966666666669,1.2500000000000002,0.01973384666666667
3,1.2250000000000003,0.013817686666666665,1.2250000000000003,0.017359113333333336
4,1.2000000000000004,0.012476693333333334,1.2000000000000004,0.014963853333333334
5,1.1750000000000005,0.011051573333333333,1.1750000000000005,0.01257808
6,1.1500000000000006,0.00962058,1.1500000000000006,0.010217026666666667
7,1.1250000000000007,0.008244266666666666,1.1250000000000007,0.007898666666666667
8,1.1000000000000008,0.006968606666666668,1.1000000000000008,0.005651402666666667
9,1.0750000000000008,0.005751331333333333,1.0750000000000008,0.0034002493333333333
10,1.050000000000001,0.004823663333333334,1.050000000000001,0.001269732
11,1.025000000000001,0.004013058,1.025000000000001,-0.0007758353333333334
12,1.000000000000001,0.0033529606666666666,1.000000000000001,-0.002721816
13,0.9750000000000012,0.0028325053333333335,0.9750000000000012,-0.004571530666666667
14,0.9500000000000013,0.002428762666666667,0.9500000000000013,-0.006313756
15,0.9250000000000014,0.002114364666666667,0.9250000000000014,-0.007703813333333333
16,0.9000000000000015,0.0018633566666666668,0.9000000000000015,-0.009329573333333334
17,0.8750000000000016,0.0016564126666666667,0.8750000000000016,-0.01079038
18,0.8500000000000016,0.001478542,0.8500000000000016,-0.012117513333333335
19,0.8250000000000017,0.0013208520000000002,0.8250000000000017,-0.013322346666666669
20,0.8000000000000018,0.0011764466666666668,0.8000000000000018,-0.014415126666666668
21,0.7750000000000019,0.0010434906666666667,0.7750000000000019,-0.015399086666666667
22,0.750000000000002,0.0009191020000000001,0.750000000000002,-0.01627998
23,0.7250000000000021,0.0008025433333333334,0.7250000000000021,-0.0170631
24,0.7000000000000022,0.0006940213333333333,0.7000000000000022,-0.017752140000000003
25,0.6750000000000023,0.0005684570666666666,0.6750000000000023,-0.018368833333333334
26,0.6500000000000024,0.0004854472666666667,0.6500000000000024,-0.018916573333333336
27,0.6250000000000024,0.0004053468,0.6250000000000024,-0.01938100666666667
28,0.6000000000000025,0.0003336722666666667,0.6000000000000025,-0.0197936
29,0.5750000000000026,0.00027041606666666665,0.5750000000000026,-0.02015348
30,0.5500000000000027,0.00021580440000000002,0.5500000000000027,-0.020470600000000002
31,0.5250000000000028,0.00017054993333333335,0.5250000000000028,-0.02073640666666667
32,0.5000000000000029,0.00013439186666666666,0.5000000000000029,-0.020967613333333336
33,0.475000000000003,0.00010640620000000001,0.475000000000003,-0.02116106666666667
34,0.45000000000000306,8.499153333333335e-05,0.45000000000000306,-0.0213286
35,0.42500000000000315,6.878326666666668e-05,0.42500000000000315,-0.021470600000000003
36,0.40000000000000324,5.599171333333334e-05,0.40000000000000324,-0.021587093333333335
37,0.37500000000000333,4.79829e-05,0.37500000000000333,-0.021683513333333335
38,0.3500000000000034,4.156887333333334e-05,0.3500000000000034,-0.021762433333333334
39,0.3250000000000035,3.6304093333333334e-05,0.3250000000000035,-0.021830306666666667
40,0.3000000000000036,3.218548666666667e-05,0.3000000000000036,-0.021883760000000002
41,0.2750000000000037,2.8265133333333335e-05,0.2750000000000037,-0.021931273333333334
42,0.2500000000000038,2.4572686666666667e-05,0.2500000000000038,-0.0219714
43,0.22500000000000386,2.1164759999999998e-05,0.22500000000000386,-0.02200164666666667
44,0.20000000000000395,1.790962e-05,0.20000000000000395,-0.022032460000000004
45,0.17500000000000404,1.4644086666666667e-05,0.17500000000000404,-0.02206066
46,0.15000000000000413,1.143074e-05,0.15000000000000413,-0.022085726666666666
47,0.12500000000000422,8.46636e-06,0.12500000000000422,-0.02210718
48,0.10000000000000431,6.466716e-06,0.10000000000000431,-0.022127213333333336
49,0.0750000000000044,3.188808e-06,0.0750000000000044,-0.022146246666666668
50,0.050000000000004485,3.850994e-07,0.050000000000004485,-0.02216448
51,0.025000000000004574,-2.310992e-06,0.025000000000004574,-0.022181786666666668
52,4.6629367034256575e-15,-5.0816633333333336e-06,4.6629367034256575e-15,-0.022198913333333334
53,-0.024999999999995248,-6.954320000000001e-06,-0.024999999999995248,-0.022213966666666668
54,-0.04999999999999516,-1.0235313333333334e-05,-0.04999999999999516,-0.0222297
55,-0.07499999999999507,-1.3231706666666668e-05,-0.07499999999999507,-0.022244746666666666
56,-0.09999999999999498,-1.6183653333333333e-05,-0.09999999999999498,-0.02226146
57,-0.12499999999999489,-1.9307726666666666e-05,-0.12499999999999489,-0.022274853333333334
58,-0.1499999999999948,-2.249750666666667e-05,-0.1499999999999948,-0.02228850666666667
59,-0.17499999999999472,-2.590282e-05,-0.17499999999999472,-0.022303533333333337
60,-0.19999999999999463,-2.9168986666666666e-05,-0.19999999999999463,-0.022319326666666667
61,-0.22499999999999454,-3.278206e-05,-0.22499999999999454,-0.022331966666666668
62,-0.24999999999999445,-3.62564e-05,-0.24999999999999445,-0.022345766666666666
63,-0.27499999999999436,-4.011866666666667e-05,-0.27499999999999436,-0.02236044666666667
