,II_4R_V_D,II_4R_J_D,II_4R_V_L,II_4R_J_L
0,1.3,0.0227966,1.3,0.03177402666666667
1,1.2750000000000001,0.022447306666666667,1.2750000000000001,0.02848247333333333
2,1.2500000000000002,0.02047372,1.2500000000000002,0.02532392
3,1.2250000000000003,0.018204340000000003,1.2250000000000003,0.022271606666666666
4,1.2000000000000004,0.0159109,1.2000000000000004,0.019324513333333335
5,1.1750000000000005,0.01369266,1.1750000000000005,0.016485573333333333
6,1.1500000000000006,0.01159806,1.1500000000000006,0.013755626666666666
7,1.1250000000000007,0.009661286666666668,1.1250000000000007,0.011132973333333334
8,1.1000000000000008,0.007915866666666667,1.1000000000000008,0.00862628
9,1.0750000000000008,0.006344280666666667,1.0750000000000008,0.006363022666666667
10,1.050000000000001,0.004993429333333334,1.050000000000001,0.0039044240000000005
11,1.025000000000001,0.0038804960000000006,1.025000000000001,0.0016670306666666667
12,1.000000000000001,0.002974554666666667,1.000000000000001,-0.00024278393333333336
13,0.9750000000000012,0.0022730633333333337,0.9750000000000012,-0.0022458253333333335
14,0.9500000000000013,0.0017477066666666667,0.9500000000000013,-0.00434921
15,0.9250000000000014,0.0013707606666666667,0.9250000000000014,-0.006228625333333334
16,0.9000000000000015,0.0011109,0.9000000000000015,-0.007728713333333334
17,0.8750000000000016,0.00093236,0.8750000000000016,-0.009517880000000001
18,0.8500000000000016,0.00080861,0.8500000000000016,-0.01108932
19,0.8250000000000017,0.0007198300000000001,0.8250000000000017,-0.012514033333333334
20,0.8000000000000018,0.0006599517333333334,0.8000000000000018,-0.013805386666666667
21,0.7750000000000019,0.0006023258666666667,0.7750000000000019,-0.014962540000000002
22,0.750000000000002,0.0005573746666666667,0.750000000000002,-0.015984313333333337
23,0.7250000000000021,0.0005185162000000001,0.7250000000000021,-0.016871973333333335
24,0.7000000000000022,0.0004801439333333333,0.7000000000000022,-0.017641900000000002
25,0.6750000000000023,0.00044688186666666665,0.6750000000000023,-0.018280813333333333
26,0.6500000000000024,0.00041275753333333337,0.6500000000000024,-0.01882698
27,0.6250000000000024,0.00038448313333333333,0.6250000000000024,-0.019287893333333334
28,0.6000000000000025,0.0003566701333333334,0.6000000000000025,-0.0196848
29,0.5750000000000026,0.000329083,0.5750000000000026,-0.02000436666666667
30,0.5500000000000027,0.0003053640666666667,0.5500000000000027,-0.02028388
31,0.5250000000000028,0.00028217520000000003,0.5250000000000028,-0.02052112
32,0.5000000000000029,0.00025764613333333335,0.5000000000000029,-0.020723313333333333
33,0.475000000000003,0.00023875180000000002,0.475000000000003,-0.020899033333333334
34,0.45000000000000306,0.00021552100000000004,0.45000000000000306,-0.021054526666666667
35,0.42500000000000315,0.00019644893333333334,0.42500000000000315,-0.021186800000000002
36,0.40000000000000324,0.0001775316,0.40000000000000324,-0.02131084
37,0.37500000000000333,0.00015983253333333333,0.37500000000000333,-0.021415806666666665
38,0.3500000000000034,0.0001428842666666667,0.3500000000000034,-0.021511733333333335
39,0.3250000000000035,0.0001298514,0.3250000000000035,-0.021595700000000002
40,0.3000000000000036,0.00011354726666666666,0.3000000000000036,-0.02167166666666667
41,0.2750000000000037,0.00010003306666666668,0.2750000000000037,-0.02174508
42,0.2500000000000038,8.771866666666667e-05,0.2500000000000038,-0.021802453333333336
43,0.22500000000000386,7.643486666666668e-05,0.22500000000000386,-0.021855753333333332
44,0.20000000000000395,6.464016e-05,0.20000000000000395,-0.021905993333333335
45,0.17500000000000404,5.407850666666667e-05,0.17500000000000404,-0.021949953333333334
46,0.15000000000000413,4.456822666666667e-05,0.15000000000000413,-0.021989246666666667
47,0.12500000000000422,3.5232066666666664e-05,0.12500000000000422,-0.02202286666666667
48,0.10000000000000431,2.6005093333333333e-05,0.10000000000000431,-0.022054686666666667
49,0.0750000000000044,1.7194973333333333e-05,0.0750000000000044,-0.022086726666666667
50,0.050000000000004485,8.79706e-06,0.050000000000004485,-0.0221159
51,0.025000000000004574,8.398360000000001e-07,0.025000000000004574,-0.022143233333333335
52,4.6629367034256575e-15,-7.2477266666666675e-06,4.6629367034256575e-15,-0.022166653333333335
53,-0.024999999999995248,-1.587592666666667e-05,-0.024999999999995248,-0.022191
54,-0.04999999999999516,-2.4357206666666667e-05,-0.04999999999999516,-0.022214133333333334
55,-0.07499999999999507,-3.292106666666667e-05,-0.07499999999999507,-0.022237473333333334
56,-0.09999999999999498,-4.207540666666667e-05,-0.09999999999999498,-0.02225964
57,-0.12499999999999489,-5.136978000000001e-05,-0.12499999999999489,-0.022282193333333332
58,-0.1499999999999948,-6.191781333333334e-05,-0.1499999999999948,-0.022304753333333337
59,-0.17499999999999472,-7.020993333333334e-05,-0.17499999999999472,-0.022325753333333333
60,-0.19999999999999463,-8.027273333333333e-05,-0.19999999999999463,-0.022344500000000003
61,-0.22499999999999454,-9.071086666666667e-05,-0.22499999999999454,-0.022368833333333334
62,-0.24999999999999445,-0.00010200086666666668,-0.24999999999999445,-0.022390180000000003
63,-0.27499999999999436,-0.00011456026666666667,-0.27499999999999436,-0.022413080000000002
