,II_4R_V_D,II_4R_J_D,II_4R_V_L,II_4R_J_L
0,1.3,0.021279506666666666,1.3,0.028698813333333333
1,1.2750000000000001,0.021821880000000002,1.2750000000000001,0.02581046
2,1.2500000000000002,0.02028170666666667,1.2500000000000002,0.02288752
3,1.2250000000000003,0.018255313333333335,1.2250000000000003,0.01999064
4,1.2000000000000004,0.016096853333333334,1.2000000000000004,0.017145820000000003
5,1.1750000000000005,0.013948440000000001,1.1750000000000005,0.01436548
6,1.1500000000000006,0.011877480000000001,1.1500000000000006,0.011652653333333334
7,1.1250000000000007,0.009929253333333334,1.1250000000000007,0.009018126666666668
8,1.1000000000000008,0.008146893333333334,1.1000000000000008,0.006588166000000001
9,1.0750000000000008,0.00650752,1.0750000000000008,0.0040363226666666665
10,1.050000000000001,0.005143002000000001,1.050000000000001,0.0016498433333333334
11,1.025000000000001,0.003991374,1.025000000000001,-0.0004422312666666667
12,1.000000000000001,0.0030659846666666666,1.000000000000001,-0.002558846
13,0.9750000000000012,0.0023575873333333336,0.9750000000000012,-0.004740358666666666
14,0.9500000000000013,0.0018425253333333332,0.9500000000000013,-0.00670576
15,0.9250000000000014,0.001480514,0.9250000000000014,-0.008260746666666666
16,0.9000000000000015,0.0012312726666666668,0.9000000000000015,-0.010061226666666668
17,0.8750000000000016,0.0010536053333333334,0.8750000000000016,-0.011627253333333334
18,0.8500000000000016,0.0009234666666666667,0.8500000000000016,-0.013023260000000002
19,0.8250000000000017,0.0008223006666666667,0.8250000000000017,-0.014262440000000001
20,0.8000000000000018,0.0007391826666666668,0.8000000000000018,-0.015349946666666668
21,0.7750000000000019,0.0006670813333333334,0.7750000000000019,-0.0162955
22,0.750000000000002,0.0006003762666666666,0.750000000000002,-0.01710986
23,0.7250000000000021,0.0005408606,0.7250000000000021,-0.01780226
24,0.7000000000000022,0.00048712673333333335,0.7000000000000022,-0.018397166666666666
25,0.6750000000000023,0.0004372164,0.6750000000000023,-0.01891666666666667
26,0.6500000000000024,0.0003906572,0.6500000000000024,-0.019339806666666667
27,0.6250000000000024,0.0003477762,0.6250000000000024,-0.019705326666666665
28,0.6000000000000025,0.00030789440000000005,0.6000000000000025,-0.020026813333333334
29,0.5750000000000026,0.00027160646666666666,0.5750000000000026,-0.020309726666666666
30,0.5500000000000027,0.0002378488,0.5500000000000027,-0.020545920000000002
31,0.5250000000000028,0.00020859793333333334,0.5250000000000028,-0.020753413333333335
32,0.5000000000000029,0.0001818224,0.5000000000000029,-0.02093528
33,0.475000000000003,0.00015887666666666668,0.475000000000003,-0.021093253333333332
34,0.45000000000000306,0.000138489,0.45000000000000306,-0.02123066666666667
35,0.42500000000000315,0.00012068693333333332,0.42500000000000315,-0.021352133333333332
36,0.40000000000000324,0.00010534019999999999,0.40000000000000324,-0.02145880666666667
37,0.37500000000000333,9.261113333333335e-05,0.37500000000000333,-0.021550073333333333
38,0.3500000000000034,8.160473333333333e-05,0.3500000000000034,-0.02163085333333333
39,0.3250000000000035,7.18718e-05,0.3250000000000035,-0.021699106666666666
40,0.3000000000000036,6.341426666666667e-05,0.3000000000000036,-0.021758580000000003
41,0.2750000000000037,5.4884073333333335e-05,0.2750000000000037,-0.02181192666666667
42,0.2500000000000038,4.785113333333334e-05,0.2500000000000038,-0.02186043333333333
43,0.22500000000000386,4.152298e-05,0.22500000000000386,-0.021887873333333335
44,0.20000000000000395,3.531166000000001e-05,0.20000000000000395,-0.021926946666666666
45,0.17500000000000404,2.96155e-05,0.17500000000000404,-0.021958906666666667
46,0.15000000000000413,2.4143733333333334e-05,0.15000000000000413,-0.021985760000000003
47,0.12500000000000422,1.894634e-05,0.12500000000000422,-0.02201138
48,0.10000000000000431,1.3878473333333334e-05,0.10000000000000431,-0.022034126666666667
49,0.0750000000000044,8.958900000000002e-06,0.0750000000000044,-0.022057173333333336
50,0.050000000000004485,4.667599333333334e-06,0.050000000000004485,-0.022077826666666668
51,0.025000000000004574,-4.6483726666666666e-07,0.025000000000004574,-0.022099953333333335
52,4.6629367034256575e-15,-5.219578666666667e-06,4.6629367034256575e-15,-0.022122446666666667
53,-0.024999999999995248,-9.435946666666668e-06,-0.024999999999995248,-0.02214364666666667
54,-0.04999999999999516,-1.4649360000000001e-05,-0.04999999999999516,-0.022165393333333335
55,-0.07499999999999507,-1.9675273333333334e-05,-0.07499999999999507,-0.022192153333333332
56,-0.09999999999999498,-2.4651233333333336e-05,-0.09999999999999498,-0.022211666666666668
57,-0.12499999999999489,-2.9820133333333333e-05,-0.12499999999999489,-0.022234780000000003
58,-0.1499999999999948,-3.560544666666667e-05,-0.1499999999999948,-0.022257073333333332
59,-0.17499999999999472,-4.1137873333333334e-05,-0.17499999999999472,-0.022278466666666667
60,-0.19999999999999463,-4.728648666666667e-05,-0.19999999999999463,-0.022298506666666666
61,-0.22499999999999454,-5.348091333333334e-05,-0.22499999999999454,-0.022320753333333332
62,-0.24999999999999445,-5.9863553333333335e-05,-0.24999999999999445,-0.022338900000000002
63,-0.27499999999999436,-6.634683333333335e-05,-0.27499999999999436,-0.022361526666666666
