,II_4R_V_D,II_4R_J_D,II_4R_V_L,II_4R_J_L
0,1.3,0.018912233333333334,1.3,0.02465076
1,1.2750000000000001,0.018592033333333334,1.2750000000000001,0.02232198
2,1.2500000000000002,0.01728592,1.2500000000000002,0.019832500000000003
3,1.2250000000000003,0.015665933333333333,1.2250000000000003,0.01730348
4,1.2000000000000004,0.013937213333333335,1.2000000000000004,0.014780646666666666
5,1.1750000000000005,0.012203246666666667,1.1750000000000005,0.012286166666666667
6,1.1500000000000006,0.01052658,1.1500000000000006,0.009835680000000001
7,1.1250000000000007,0.00895018,1.1250000000000007,0.00744036
8,1.1000000000000008,0.00751878,1.1000000000000008,0.005157474
9,1.0750000000000008,0.0061900133333333334,1.0750000000000008,0.002852236666666667
10,1.050000000000001,0.005149161333333333,1.050000000000001,0.0006751566666666666
11,1.025000000000001,0.0042608613333333335,1.025000000000001,-0.001406244
12,1.000000000000001,0.0035462873333333336,1.000000000000001,-0.0033753259999999997
13,0.9750000000000012,0.0029902266666666667,0.9750000000000012,-0.005236986666666666
14,0.9500000000000013,0.0025673553333333335,0.9500000000000013,-0.006975166666666667
15,0.9250000000000014,0.0022420773333333335,0.9250000000000014,-0.008382073333333335
16,0.9000000000000015,0.001986954,0.9000000000000015,-0.009986313333333333
17,0.8750000000000016,0.0017795880000000001,0.8750000000000016,-0.0114146
18,0.8500000000000016,0.001604918,0.8500000000000016,-0.0127093
19,0.8250000000000017,0.001448658,0.8250000000000017,-0.0138571
20,0.8000000000000018,0.0013050913333333334,0.8000000000000018,-0.014890160000000001
21,0.7750000000000019,0.001172748666666667,0.7750000000000019,-0.015814493333333332
22,0.750000000000002,0.0010510206666666667,0.750000000000002,-0.016640653333333335
23,0.7250000000000021,0.0009331713333333334,0.7250000000000021,-0.017353926666666665
24,0.7000000000000022,0.0008238953333333334,0.7000000000000022,-0.017986313333333333
25,0.6750000000000023,0.0007213306666666667,0.6750000000000023,-0.018544866666666666
26,0.6500000000000024,0.0006005994,0.6500000000000024,-0.019033913333333336
27,0.6250000000000024,0.0005201699333333334,0.6250000000000024,-0.019462546666666667
28,0.6000000000000025,0.0004418268666666667,0.6000000000000025,-0.019838386666666666
29,0.5750000000000026,0.0003692384,0.5750000000000026,-0.02016668666666667
30,0.5500000000000027,0.00030514740000000005,0.5500000000000027,-0.020460073333333335
31,0.5250000000000028,0.00024904433333333334,0.5250000000000028,-0.02071426666666667
32,0.5000000000000029,0.000201838,0.5000000000000029,-0.0209374
33,0.475000000000003,0.00016189153333333336,0.475000000000003,-0.021128586666666668
34,0.45000000000000306,0.00012956666666666668,0.45000000000000306,-0.02129673333333333
35,0.42500000000000315,0.00010422993333333334,0.42500000000000315,-0.02144586
36,0.40000000000000324,8.45888e-05,0.40000000000000324,-0.021564893333333335
37,0.37500000000000333,6.940453333333334e-05,0.37500000000000333,-0.021668033333333333
38,0.3500000000000034,5.58121e-05,0.3500000000000034,-0.02175484
39,0.3250000000000035,4.768713333333333e-05,0.3250000000000035,-0.021829606666666668
40,0.3000000000000036,4.0610846666666666e-05,0.3000000000000036,-0.02188806
41,0.2750000000000037,3.4882973333333334e-05,0.2750000000000037,-0.021937913333333333
42,0.2500000000000038,2.9357606666666668e-05,0.2500000000000038,-0.021978886666666666
43,0.22500000000000386,2.5439733333333337e-05,0.22500000000000386,-0.022009373333333332
44,0.20000000000000395,2.1413653333333333e-05,0.20000000000000395,-0.022044153333333334
45,0.17500000000000404,1.757534666666667e-05,0.17500000000000404,-0.022070633333333332
46,0.15000000000000413,1.4141406666666666e-05,0.15000000000000413,-0.022093686666666668
47,0.12500000000000422,1.0621686666666667e-05,0.12500000000000422,-0.02211544
48,0.10000000000000431,7.3481266666666666e-06,0.10000000000000431,-0.02213910666666667
49,0.0750000000000044,4.840737333333334e-06,0.0750000000000044,-0.022155973333333336
50,0.050000000000004485,1.257472e-06,0.050000000000004485,-0.022172820000000003
51,0.025000000000004574,-1.9504146666666666e-06,0.025000000000004574,-0.02218894
52,4.6629367034256575e-15,-5.150284e-06,4.6629367034256575e-15,-0.022207820000000003
53,-0.024999999999995248,-7.67956e-06,-0.024999999999995248,-0.022224373333333335
54,-0.04999999999999516,-1.1395646666666667e-05,-0.04999999999999516,-0.022241133333333333
55,-0.07499999999999507,-1.483876e-05,-0.07499999999999507,-0.02225922
56,-0.09999999999999498,-1.8294439999999998e-05,-0.09999999999999498,-0.022273386666666666
57,-0.12499999999999489,-2.1700146666666668e-05,-0.12499999999999489,-0.022290273333333332
58,-0.1499999999999948,-2.5515379999999998e-05,-0.1499999999999948,-0.022306140000000002
59,-0.17499999999999472,-2.9419666666666665e-05,-0.17499999999999472,-0.022321
60,-0.19999999999999463,-3.336766e-05,-0.19999999999999463,-0.02233470666666667
61,-0.22499999999999454,-3.753092666666667e-05,-0.22499999999999454,-0.02235108666666667
62,-0.24999999999999445,-4.2257473333333336e-05,-0.24999999999999445,-0.02236466
63,-0.27499999999999436,-4.664861333333333e-05,-0.27499999999999436,-0.022378593333333335
