,II_4F_V_D,II_4F_J_D,II_4F_V_L,II_4F_J_L
0,-0.3,-2.0386826666666667e-05,-0.3,-0.02238252666666667
1,-0.27499999999999997,-1.7290253333333334e-05,-0.27499999999999997,-0.022364653333333335
2,-0.24999999999999994,-1.4345226666666667e-05,-0.24999999999999994,-0.02234650666666667
3,-0.22499999999999992,-1.2460053333333334e-05,-0.22499999999999992,-0.022328133333333333
4,-0.1999999999999999,-1.0747353333333334e-05,-0.1999999999999999,-0.022302246666666668
5,-0.17499999999999988,-8.697366666666666e-06,-0.17499999999999988,-0.022272346666666668
6,-0.14999999999999986,-7.052613333333334e-06,-0.14999999999999986,-0.02223452
7,-0.12499999999999983,-6.166270666666667e-06,-0.12499999999999983,-0.02218654
8,-0.09999999999999981,-4.071794666666667e-06,-0.09999999999999981,-0.022123486666666668
9,-0.07499999999999979,-2.448422e-06,-0.07499999999999979,-0.022042600000000002
10,-0.04999999999999977,-9.752993333333335e-07,-0.04999999999999977,-0.02193586
11,-0.024999999999999745,4.925119333333333e-07,-0.024999999999999745,-0.021800713333333332
12,2.7755575615628914e-16,1.8478593333333332e-06,2.7755575615628914e-16,-0.021632666666666668
13,0.0250000000000003,3.230834666666667e-06,0.0250000000000003,-0.02143098666666667
14,0.05000000000000032,4.667034000000001e-06,0.05000000000000032,-0.02119806
15,0.07500000000000034,5.944772666666667e-06,0.07500000000000034,-0.0209282
16,0.10000000000000037,6.9994333333333345e-06,0.10000000000000037,-0.02063934
17,0.1250000000000004,7.565846666666667e-06,0.1250000000000004,-0.020324126666666668
18,0.1500000000000004,1.017794e-05,0.1500000000000004,-0.01998146666666667
19,0.17500000000000043,1.187706e-05,0.17500000000000043,-0.0196196
20,0.20000000000000046,1.339776e-05,0.20000000000000046,-0.01925482666666667
21,0.22500000000000048,1.5501046666666668e-05,0.22500000000000048,-0.018861346666666667
22,0.2500000000000005,1.7361933333333334e-05,0.2500000000000005,-0.01846430666666667
23,0.2750000000000005,1.920278e-05,0.2750000000000005,-0.018043133333333333
24,0.30000000000000054,2.136612e-05,0.30000000000000054,-0.017609806666666665
25,0.32500000000000057,2.373934e-05,0.32500000000000057,-0.017156626666666668
26,0.3500000000000006,2.571416666666667e-05,0.3500000000000006,-0.01668826
27,0.3750000000000006,2.8206420000000003e-05,0.3750000000000006,-0.016194573333333333
28,0.40000000000000063,3.080802e-05,0.40000000000000063,-0.015670486666666667
29,0.42500000000000066,3.345371333333333e-05,0.42500000000000066,-0.015144020000000001
30,0.4500000000000007,3.640055333333333e-05,0.4500000000000007,-0.014589586666666668
31,0.4750000000000007,3.918316e-05,0.4750000000000007,-0.014013693333333334
32,0.5000000000000007,4.216334666666667e-05,0.5000000000000007,-0.013389793333333335
33,0.5250000000000008,4.5866220000000006e-05,0.5250000000000008,-0.012765073333333335
34,0.5500000000000007,4.986198e-05,0.5500000000000007,-0.012103933333333334
35,0.5750000000000008,5.486953333333334e-05,0.5750000000000008,-0.011414853333333334
36,0.6000000000000008,6.158643333333333e-05,0.6000000000000008,-0.010694913333333333
37,0.6250000000000009,6.999546666666666e-05,0.6250000000000009,-0.009947840000000001
38,0.6500000000000008,7.540273333333334e-05,0.6500000000000008,-0.009168726666666667
39,0.6750000000000009,8.987173333333334e-05,0.6750000000000009,-0.00835948
40,0.7000000000000008,0.00010978446666666667,0.7000000000000008,-0.007522006666666667
41,0.7250000000000008,0.00013766313333333333,0.7250000000000008,-0.008013293333333334
42,0.7500000000000009,0.00017449033333333334,0.7500000000000009,-0.00677892
43,0.775000000000001,0.0002258206,0.775000000000001,-0.006107228
44,0.8000000000000009,0.0002938396666666667,0.8000000000000009,-0.004843717333333333
45,0.8250000000000008,0.0003791634666666667,0.8250000000000008,-0.003652031333333333
46,0.850000000000001,0.00048081800000000004,0.850000000000001,-0.0024395033333333336
47,0.8750000000000011,0.0005925565333333334,0.8750000000000011,-0.001203832
48,0.900000000000001,0.0006999633333333333,0.900000000000001,-0.000343952
49,0.9250000000000009,0.000772554,0.9250000000000009,0.00015895466666666666
50,0.9500000000000011,0.0008965793333333334,0.9500000000000011,0.0016803066666666669
51,0.9750000000000012,0.0010275913333333334,0.9750000000000012,0.0031975266666666668
52,1.000000000000001,0.0011648146666666667,1.000000000000001,0.004734691333333333
53,1.025000000000001,0.0013138093333333334,1.025000000000001,0.006296766666666667
54,1.0500000000000012,0.0014761440000000002,1.0500000000000012,0.0073269400000000005
55,1.0750000000000013,0.0016621506666666668,1.0750000000000013,0.009001393333333333
56,1.1000000000000012,0.001878014,1.1000000000000012,0.010660566666666668
57,1.125000000000001,0.0021278793333333336,1.125000000000001,0.012323633333333334
58,1.1500000000000012,0.002424216,1.1500000000000012,0.013987933333333336
59,1.1750000000000014,0.0027781386666666666,1.1750000000000014,0.0156401
60,1.2000000000000013,0.0031938973333333334,1.2000000000000013,0.017282733333333335
61,1.2250000000000012,0.0036800913333333335,1.2250000000000012,0.0189112
62,1.2500000000000013,0.004259975333333333,1.2500000000000013,0.020520919999999998
63,1.2750000000000015,0.004933654666666666,1.2750000000000015,0.022108533333333333
