,II_4F_V_D,II_4F_J_D,II_4F_V_L,II_4F_J_L
0,-0.3,-7.634986666666667e-05,-0.3,-0.02258518666666667
1,-0.27499999999999997,-6.689333333333335e-05,-0.27499999999999997,-0.022551513333333332
2,-0.24999999999999994,-5.999978666666666e-05,-0.24999999999999994,-0.02249530666666667
3,-0.22499999999999992,-5.277269333333334e-05,-0.22499999999999992,-0.02240592
4,-0.1999999999999999,-4.605116666666667e-05,-0.1999999999999999,-0.022300906666666665
5,-0.17499999999999988,-3.9333680000000005e-05,-0.17499999999999988,-0.022188673333333336
6,-0.14999999999999986,-3.3061153333333336e-05,-0.14999999999999986,-0.022082853333333336
7,-0.12499999999999983,-2.690610666666667e-05,-0.12499999999999983,-0.02197988
8,-0.09999999999999981,-2.0999e-05,-0.09999999999999981,-0.021874066666666667
9,-0.07499999999999979,-1.5252973333333335e-05,-0.07499999999999979,-0.02177630666666667
10,-0.04999999999999977,-9.742286666666668e-06,-0.04999999999999977,-0.02167652
11,-0.024999999999999745,-4.463474666666667e-06,-0.024999999999999745,-0.021574466666666667
12,2.7755575615628914e-16,1.2315366666666668e-06,2.7755575615628914e-16,-0.02146994666666667
13,0.0250000000000003,6.772766666666667e-06,0.0250000000000003,-0.021368579999999998
14,0.05000000000000032,1.1970686666666668e-05,0.05000000000000032,-0.021256880000000002
15,0.07500000000000034,1.790562e-05,0.07500000000000034,-0.021141606666666667
16,0.10000000000000037,2.3536213333333335e-05,0.10000000000000037,-0.021021853333333333
17,0.1250000000000004,2.9214586666666668e-05,0.1250000000000004,-0.020889440000000002
18,0.1500000000000004,3.5501073333333334e-05,0.1500000000000004,-0.02075206666666667
19,0.17500000000000043,4.180804e-05,0.17500000000000043,-0.02059824
20,0.20000000000000046,4.846576e-05,0.20000000000000046,-0.020436486666666667
21,0.22500000000000048,5.5442320000000004e-05,0.22500000000000048,-0.020255653333333335
22,0.2500000000000005,6.247577333333334e-05,0.2500000000000005,-0.020071213333333334
23,0.2750000000000005,6.823226666666667e-05,0.2750000000000005,-0.01986256
24,0.30000000000000054,7.723106666666667e-05,0.30000000000000054,-0.019643
25,0.32500000000000057,8.451053333333334e-05,0.32500000000000057,-0.019379353333333335
26,0.3500000000000006,9.22428e-05,0.3500000000000006,-0.019120893333333333
27,0.3750000000000006,0.00010074219999999999,0.3750000000000006,-0.018827913333333335
28,0.40000000000000063,0.00010882746666666667,0.40000000000000063,-0.01850278
29,0.42500000000000066,0.00011702133333333334,0.42500000000000066,-0.01814896666666667
30,0.4500000000000007,0.00012656493333333335,0.4500000000000007,-0.017758086666666666
31,0.4750000000000007,0.00013585666666666668,0.4750000000000007,-0.01733712
32,0.5000000000000007,0.0001467976,0.5000000000000007,-0.016869946666666667
33,0.5250000000000008,0.00015809073333333335,0.5250000000000008,-0.016368820000000003
34,0.5500000000000007,0.00017306106666666667,0.5500000000000007,-0.015814813333333334
35,0.5750000000000008,0.00018645493333333335,0.5750000000000008,-0.01522602
36,0.6000000000000008,0.00020177793333333332,0.6000000000000008,-0.014595646666666667
37,0.6250000000000009,0.0002208556666666667,0.6250000000000009,-0.013914693333333334
38,0.6500000000000008,0.00024279386666666665,0.6500000000000008,-0.01316962
39,0.6750000000000009,0.000267414,0.6750000000000009,-0.012415333333333334
40,0.7000000000000008,0.0002936092666666667,0.7000000000000008,-0.011602213333333333
41,0.7250000000000008,0.00032586333333333334,0.7250000000000008,-0.010726606666666666
42,0.7500000000000009,0.00036581,0.7500000000000009,-0.009782353333333334
43,0.775000000000001,0.00041779366666666666,0.775000000000001,-0.00881682
44,0.8000000000000009,0.0004828007333333333,0.8000000000000009,-0.007780986666666667
45,0.8250000000000008,0.000566123,0.8250000000000008,-0.00667166
46,0.850000000000001,0.0006804466666666667,0.850000000000001,-0.006221282
47,0.8750000000000011,0.0008805626666666667,0.8750000000000011,-0.00457423
48,0.900000000000001,0.0011007906666666667,0.900000000000001,-0.0031375626666666667
49,0.9250000000000009,0.001427612,0.9250000000000009,-0.0016483186666666665
50,0.9500000000000011,0.0018841173333333336,0.9500000000000011,-0.00094643
51,0.9750000000000012,0.0025006000000000004,0.9750000000000012,0.001076584
52,1.000000000000001,0.003299332666666667,1.000000000000001,0.002989816
53,1.025000000000001,0.004303338666666667,1.025000000000001,0.004949873333333334
54,1.0500000000000012,0.005512466666666667,1.0500000000000012,0.006970326666666667
55,1.0750000000000013,0.00737802,1.0750000000000013,0.008804466666666667
56,1.1000000000000012,0.008831306666666667,1.1000000000000012,0.011172066666666668
57,1.125000000000001,0.0106022,1.125000000000001,0.013524813333333335
58,1.1500000000000012,0.012578446666666666,1.1500000000000012,0.0159514
59,1.1750000000000014,0.014741546666666668,1.1750000000000014,0.018453753333333333
60,1.2000000000000013,0.0170683,1.2000000000000013,0.021042193333333334
61,1.2250000000000012,0.019549880000000002,1.2250000000000012,0.023715120000000003
62,1.2500000000000013,0.022177806666666668,1.2500000000000013,0.026470959999999998
63,1.2750000000000015,0.02492900666666667,1.2750000000000015,0.029309146666666668
