,II_4F_V_D,II_4F_J_D,II_4F_V_L,II_4F_J_L
0,-0.3,-0.0003063290666666667,-0.3,-0.022689953333333335
1,-0.27499999999999997,-0.00027516873333333335,-0.27499999999999997,-0.02260732
2,-0.24999999999999994,-0.0002459296666666667,-0.24999999999999994,-0.022514666666666665
3,-0.22499999999999992,-0.00021711,-0.22499999999999992,-0.022432213333333333
4,-0.1999999999999999,-0.00018997666666666668,-0.1999999999999999,-0.02235230666666667
5,-0.17499999999999988,-0.0001629882,-0.17499999999999988,-0.022276006666666667
6,-0.14999999999999986,-0.0001368816,-0.14999999999999986,-0.022203840000000002
7,-0.12499999999999983,-0.00011171786666666667,-0.12499999999999983,-0.022131686666666667
8,-0.09999999999999981,-8.752513333333333e-05,-0.09999999999999981,-0.022064533333333334
9,-0.07499999999999979,-6.419700666666667e-05,-0.07499999999999979,-0.021993500000000003
10,-0.04999999999999977,-4.0933506666666666e-05,-0.04999999999999977,-0.021922313333333335
11,-0.024999999999999745,-1.8252080000000003e-05,-0.024999999999999745,-0.021848706666666665
12,2.7755575615628914e-16,4.184176e-06,2.7755575615628914e-16,-0.02176884
13,0.0250000000000003,2.6656040000000003e-05,0.0250000000000003,-0.021683726666666667
14,0.05000000000000032,4.96689e-05,0.05000000000000032,-0.02159698
15,0.07500000000000034,7.279086666666667e-05,0.07500000000000034,-0.0215031
16,0.10000000000000037,9.663713333333334e-05,0.10000000000000037,-0.021398853333333336
17,0.1250000000000004,0.00012095186666666667,0.1250000000000004,-0.02129754666666667
18,0.1500000000000004,0.00014593526666666667,0.1500000000000004,-0.021185913333333334
19,0.17500000000000043,0.00017261993333333333,0.17500000000000043,-0.021058613333333333
20,0.20000000000000046,0.00020021986666666667,0.20000000000000046,-0.020922793333333335
21,0.22500000000000048,0.0002279586,0.22500000000000048,-0.020778893333333336
22,0.2500000000000005,0.00025709973333333335,0.2500000000000005,-0.020625833333333333
23,0.2750000000000005,0.00028715906666666665,0.2750000000000005,-0.020453226666666668
24,0.30000000000000054,0.0003181476,0.30000000000000054,-0.02026544666666667
25,0.32500000000000057,0.0003488117333333334,0.32500000000000057,-0.020054660000000002
26,0.3500000000000006,0.0003816398666666667,0.3500000000000006,-0.019823986666666668
27,0.3750000000000006,0.00041560593333333335,0.3750000000000006,-0.01957014
28,0.40000000000000063,0.0004486500666666667,0.40000000000000063,-0.01929538
29,0.42500000000000066,0.00048375886666666664,0.42500000000000066,-0.018983726666666666
30,0.4500000000000007,0.000519901,0.4500000000000007,-0.018648380000000003
31,0.4750000000000007,0.0005611216,0.4750000000000007,-0.01826866666666667
32,0.5000000000000007,0.0005995868000000001,0.5000000000000007,-0.017859113333333336
33,0.5250000000000008,0.000637754,0.5250000000000008,-0.01737912
34,0.5500000000000007,0.0006808840000000001,0.5500000000000007,-0.016895893333333335
35,0.5750000000000008,0.0007759033333333334,0.5750000000000008,-0.01633368
36,0.6000000000000008,0.0008313126666666667,0.6000000000000008,-0.015711966666666667
37,0.6250000000000009,0.0009001946666666667,0.6250000000000009,-0.015014526666666667
38,0.6500000000000008,0.0009633053333333333,0.6500000000000008,-0.014236580000000002
39,0.6750000000000009,0.0010424266666666667,0.6750000000000009,-0.013353146666666668
40,0.7000000000000008,0.001132746,0.7000000000000008,-0.012357073333333335
41,0.7250000000000008,0.0012578373333333335,0.7250000000000008,-0.011243726666666667
42,0.7500000000000009,0.0014272106666666667,0.7500000000000009,-0.009983373333333333
43,0.775000000000001,0.0016388533333333336,0.775000000000001,-0.008598146666666667
44,0.8000000000000009,0.001917538,0.8000000000000009,-0.007054286666666668
45,0.8250000000000008,0.002286656666666667,0.8250000000000008,-0.00578488
46,0.850000000000001,0.0027922373333333335,0.850000000000001,-0.0037273373333333334
47,0.8750000000000011,0.0034498853333333338,0.8750000000000011,-0.0017193853333333333
48,0.900000000000001,0.004292730666666667,0.900000000000001,8.515273333333334e-05
49,0.9250000000000009,0.005308208,0.9250000000000009,0.0020439526666666667
50,0.9500000000000011,0.0065220393333333335,0.9500000000000011,0.004507456
51,0.9750000000000012,0.007920920000000001,0.9750000000000012,0.006961340000000001
52,1.000000000000001,0.009534866666666668,1.000000000000001,0.009137646666666667
53,1.025000000000001,0.011333433333333334,1.025000000000001,0.0118461
54,1.0500000000000012,0.013322773333333333,1.0500000000000012,0.014543553333333332
55,1.0750000000000013,0.015464673333333333,1.0750000000000013,0.017303906666666667
56,1.1000000000000012,0.017752920000000002,1.1000000000000012,0.02011518
57,1.125000000000001,0.0201778,1.125000000000001,0.0229975
58,1.1500000000000012,0.022746786666666668,1.1500000000000012,0.025938346666666667
59,1.1750000000000014,0.02540134,1.1750000000000014,0.028932873333333334
60,1.2000000000000013,0.028163146666666666,1.2000000000000013,0.0319762
61,1.2250000000000012,0.031015566666666664,1.2250000000000012,0.03507200666666667
62,1.2500000000000013,0.03395312,1.2500000000000013,0.03821061333333333
63,1.2750000000000015,0.036968553333333334,1.2750000000000015,0.04140236666666667
