,II_4F_V_D,II_4F_J_D,II_4F_V_L,II_4F_J_L
0,-0.3,-0.00013878106666666667,-0.3,-0.022603113333333334
1,-0.27499999999999997,-0.0001250352,-0.27499999999999997,-0.022566313333333334
2,-0.24999999999999994,-0.0001103114,-0.24999999999999994,-0.022517053333333335
3,-0.22499999999999992,-9.78486e-05,-0.22499999999999992,-0.022450166666666667
4,-0.1999999999999999,-8.702693333333334e-05,-0.1999999999999999,-0.02237892
5,-0.17499999999999988,-7.34662e-05,-0.17499999999999988,-0.022301613333333335
6,-0.14999999999999986,-6.144160666666667e-05,-0.14999999999999986,-0.022228499999999998
7,-0.12499999999999983,-4.984103333333333e-05,-0.12499999999999983,-0.022155293333333336
8,-0.09999999999999981,-3.9036866666666665e-05,-0.09999999999999981,-0.022084426666666667
9,-0.07499999999999979,-2.835622666666667e-05,-0.07499999999999979,-0.022012146666666666
10,-0.04999999999999977,-1.8115553333333334e-05,-0.04999999999999977,-0.021938266666666668
11,-0.024999999999999745,-7.866253333333332e-06,-0.024999999999999745,-0.0218603
12,2.7755575615628914e-16,1.9300040000000003e-06,2.7755575615628914e-16,-0.021786926666666668
13,0.0250000000000003,1.1884913333333334e-05,0.0250000000000003,-0.02170212666666667
14,0.05000000000000032,2.1943306666666666e-05,0.05000000000000032,-0.021614413333333332
15,0.07500000000000034,3.241292e-05,0.07500000000000034,-0.021520806666666666
16,0.10000000000000037,4.3648546666666666e-05,0.10000000000000037,-0.021420733333333334
17,0.1250000000000004,5.478589333333333e-05,0.1250000000000004,-0.021312786666666667
18,0.1500000000000004,6.670173333333333e-05,0.1500000000000004,-0.021196046666666666
19,0.17500000000000043,8.064553333333333e-05,0.17500000000000043,-0.021068086666666666
20,0.20000000000000046,9.306720000000001e-05,0.20000000000000046,-0.020921166666666668
21,0.22500000000000048,0.00010635433333333335,0.22500000000000048,-0.020769526666666666
22,0.2500000000000005,0.00011852186666666668,0.2500000000000005,-0.020611613333333334
23,0.2750000000000005,0.00013246660000000002,0.2750000000000005,-0.020424440000000002
24,0.30000000000000054,0.00014702453333333336,0.30000000000000054,-0.02022722
25,0.32500000000000057,0.00015940753333333333,0.32500000000000057,-0.019999573333333333
26,0.3500000000000006,0.00017534253333333335,0.3500000000000006,-0.019753313333333335
27,0.3750000000000006,0.0001902188,0.3750000000000006,-0.019481206666666667
28,0.40000000000000063,0.00020560873333333335,0.40000000000000063,-0.01917958
29,0.42500000000000066,0.00022237406666666666,0.42500000000000066,-0.01885024
30,0.4500000000000007,0.00023976960000000002,0.4500000000000007,-0.01848584
31,0.4750000000000007,0.0002589782,0.4750000000000007,-0.018086746666666667
32,0.5000000000000007,0.0002789165333333333,0.5000000000000007,-0.017640833333333335
33,0.5250000000000008,0.0002996417333333333,0.5250000000000008,-0.017144646666666666
34,0.5500000000000007,0.0003200360666666667,0.5500000000000007,-0.016634173333333332
35,0.5750000000000008,0.00034396700000000004,0.5750000000000008,-0.016055586666666666
36,0.6000000000000008,0.00037065940000000004,0.6000000000000008,-0.015434153333333334
37,0.6250000000000009,0.0003986604,0.6250000000000009,-0.01475788
38,0.6500000000000008,0.00043202053333333336,0.6500000000000008,-0.014006133333333334
39,0.6750000000000009,0.0004678846,0.6750000000000009,-0.013197066666666667
40,0.7000000000000008,0.0005086473333333334,0.7000000000000008,-0.012322146666666667
41,0.7250000000000008,0.0005557620666666668,0.7250000000000008,-0.011368226666666667
42,0.7500000000000009,0.0006124378,0.7500000000000009,-0.0103345
43,0.775000000000001,0.0006845740000000001,0.775000000000001,-0.009208846666666666
44,0.8000000000000009,0.000798478,0.8000000000000009,-0.007986459999999999
45,0.8250000000000008,0.0009166773333333334,0.8250000000000008,-0.0076172466666666674
46,0.850000000000001,0.0010808526666666667,0.850000000000001,-0.006204321333333334
47,0.8750000000000011,0.0013108833333333335,0.8750000000000011,-0.004337441333333333
48,0.900000000000001,0.0016267133333333333,0.900000000000001,-0.002604754
49,0.9250000000000009,0.0020522739999999998,0.9250000000000009,-0.0008166
50,0.9500000000000011,0.0026170180000000005,0.9500000000000011,0.0010492333333333335
51,0.9750000000000012,0.0033314293333333335,0.9750000000000012,0.0029847840000000003
52,1.000000000000001,0.0042240233333333335,1.000000000000001,0.004994598
53,1.025000000000001,0.005307258666666667,1.025000000000001,0.0069998533333333335
54,1.0500000000000012,0.006577112666666667,1.0500000000000012,0.008752273333333333
55,1.0750000000000013,0.008153866666666667,1.0750000000000013,0.011113753333333334
56,1.1000000000000012,0.009701986666666667,1.1000000000000012,0.013430813333333335
57,1.125000000000001,0.011481173333333334,1.125000000000001,0.015813566666666667
58,1.1500000000000012,0.013458586666666668,1.1500000000000012,0.018255473333333334
59,1.1750000000000014,0.015611,1.1750000000000014,0.02076412
60,1.2000000000000013,0.017942473333333334,1.2000000000000013,0.023343786666666668
61,1.2250000000000012,0.020434586666666667,1.2250000000000012,0.02599398666666667
62,1.2500000000000013,0.02307619333333333,1.2500000000000013,0.0287155
63,1.2750000000000015,0.025856813333333336,1.2750000000000015,0.03152559333333334
