,II_4R_V_D,II_4R_J_D,II_4R_V_L,II_4R_J_L
0,1.3,0.00545651,1.3,0.021557313333333335
1,1.2750000000000001,0.009372133333333333,1.2750000000000001,0.019676580000000003
2,1.2500000000000002,0.00957368,1.2500000000000002,0.01765256
3,1.2250000000000003,0.00918696,1.2250000000000003,0.015530033333333334
4,1.2000000000000004,0.008466986666666667,1.2000000000000004,0.01334114
5,1.1750000000000005,0.007542853333333334,1.1750000000000005,0.011116753333333333
6,1.1500000000000006,0.006508099333333333,1.1500000000000006,0.008881406666666668
7,1.1250000000000007,0.005505381333333333,1.1250000000000007,0.006544141999999999
8,1.1000000000000008,0.004497704666666667,1.1000000000000008,0.004330372
9,1.0750000000000008,0.003576642,1.0750000000000008,0.002184108
10,1.050000000000001,0.002777868,1.050000000000001,8.068860000000001e-05
11,1.025000000000001,0.002118389333333333,1.025000000000001,-0.00203567
12,1.000000000000001,0.0015957826666666665,1.000000000000001,-0.0039995506666666665
13,0.9750000000000012,0.001202528,0.9750000000000012,-0.005839916666666667
14,0.9500000000000013,0.0009150240000000001,0.9500000000000013,-0.007488273333333334
15,0.9250000000000014,0.0007162733333333334,0.9250000000000014,-0.0091672
16,0.9000000000000015,0.0005830064666666666,0.9000000000000015,-0.010708766666666668
17,0.8750000000000016,0.00048127973333333333,0.8750000000000016,-0.012126453333333334
18,0.8500000000000016,0.000415412,0.8500000000000016,-0.013422093333333334
19,0.8250000000000017,0.00036687833333333333,0.8250000000000017,-0.014601673333333332
20,0.8000000000000018,0.00032787573333333334,0.8000000000000018,-0.01566793333333333
21,0.7750000000000019,0.0002952392,0.7750000000000019,-0.016602806666666668
22,0.750000000000002,0.0002669011333333333,0.750000000000002,-0.017432346666666668
23,0.7250000000000021,0.00024191333333333333,0.7250000000000021,-0.018158006666666667
24,0.7000000000000022,0.00021954506666666668,0.7000000000000022,-0.018778173333333332
25,0.6750000000000023,0.00019769666666666667,0.6750000000000023,-0.019318000000000002
26,0.6500000000000024,0.00017953413333333333,0.6500000000000024,-0.019771526666666667
27,0.6250000000000024,0.00016218173333333333,0.6250000000000024,-0.02015612
28,0.6000000000000025,0.00014676746666666667,0.6000000000000025,-0.020479753333333333
29,0.5750000000000026,0.0001325312666666667,0.5750000000000026,-0.02074934
30,0.5500000000000027,0.00011862046666666667,0.5500000000000027,-0.02097640666666667
31,0.5250000000000028,0.00010641586666666667,0.5250000000000028,-0.021164073333333335
32,0.5000000000000029,9.58108e-05,0.5000000000000029,-0.021319566666666668
33,0.475000000000003,8.687073333333334e-05,0.475000000000003,-0.021454033333333334
34,0.45000000000000306,7.751086666666668e-05,0.45000000000000306,-0.02156084
35,0.42500000000000315,6.945133333333334e-05,0.42500000000000315,-0.021654093333333332
36,0.40000000000000324,6.321726e-05,0.40000000000000324,-0.02173304666666667
37,0.37500000000000333,5.623973333333334e-05,0.37500000000000333,-0.021799506666666666
38,0.3500000000000034,5.0938533333333334e-05,0.3500000000000034,-0.02185626666666667
39,0.3250000000000035,4.5103453333333334e-05,0.3250000000000035,-0.02190306666666667
40,0.3000000000000036,3.9739933333333336e-05,0.3000000000000036,-0.02194678
41,0.2750000000000037,3.454182666666667e-05,0.2750000000000037,-0.021982446666666666
42,0.2500000000000038,2.988076e-05,0.2500000000000038,-0.022013546666666668
43,0.22500000000000386,2.5524653333333334e-05,0.22500000000000386,-0.022039813333333335
44,0.20000000000000395,2.1264966666666667e-05,0.20000000000000395,-0.022065366666666666
45,0.17500000000000404,1.731236e-05,0.17500000000000404,-0.022088006666666667
46,0.15000000000000413,1.3458886666666667e-05,0.15000000000000413,-0.022106680000000004
47,0.12500000000000422,9.823873333333334e-06,0.12500000000000422,-0.02212602
48,0.10000000000000431,7.84026e-06,0.10000000000000431,-0.022141566666666668
49,0.0750000000000044,4.594933333333334e-06,0.0750000000000044,-0.022157040000000003
50,0.050000000000004485,7.23426e-07,0.050000000000004485,-0.022169246666666666
51,0.025000000000004574,-2.7385746666666667e-06,0.025000000000004574,-0.022185473333333334
52,4.6629367034256575e-15,-6.106854666666667e-06,4.6629367034256575e-15,-0.022196713333333336
53,-0.024999999999995248,-8.694326666666666e-06,-0.024999999999995248,-0.022208806666666667
54,-0.04999999999999516,-1.2503786666666667e-05,-0.04999999999999516,-0.022222473333333333
55,-0.07499999999999507,-1.6149460000000002e-05,-0.07499999999999507,-0.022234626666666667
56,-0.09999999999999498,-1.9970573333333334e-05,-0.09999999999999498,-0.022245953333333335
57,-0.12499999999999489,-2.381942666666667e-05,-0.12499999999999489,-0.022259013333333334
58,-0.1499999999999948,-2.760342666666667e-05,-0.1499999999999948,-0.02226974
59,-0.17499999999999472,-3.148964666666667e-05,-0.17499999999999472,-0.02228306
60,-0.19999999999999463,-3.5618880000000004e-05,-0.19999999999999463,-0.02229214666666667
61,-0.22499999999999454,-3.987866666666667e-05,-0.22499999999999454,-0.022304693333333334
62,-0.24999999999999445,-4.437636e-05,-0.24999999999999445,-0.022316153333333335
63,-0.27499999999999436,-4.83654e-05,-0.27499999999999436,-0.022326653333333335
