,II_4F_V_D,II_4F_J_D,II_4F_V_L,II_4F_J_L
0,-0.3,-0.0006087594,-0.3,-0.02284328
1,-0.27499999999999997,-0.0005524638666666667,-0.27499999999999997,-0.022725686666666668
2,-0.24999999999999994,-0.0004955551333333334,-0.24999999999999994,-0.022608946666666668
3,-0.22499999999999992,-0.0004423429333333334,-0.22499999999999992,-0.02250304666666667
4,-0.1999999999999999,-0.00038856586666666666,-0.1999999999999999,-0.02240372666666667
5,-0.17499999999999988,-0.0003355106,-0.17499999999999988,-0.022308773333333334
6,-0.14999999999999986,-0.00028431886666666664,-0.14999999999999986,-0.022216000000000003
7,-0.12499999999999983,-0.0002332446,-0.12499999999999983,-0.02212294
8,-0.09999999999999981,-0.00018345333333333333,-0.09999999999999981,-0.022031866666666667
9,-0.07499999999999979,-0.00013472253333333335,-0.07499999999999979,-0.02193768
10,-0.04999999999999977,-8.632013333333333e-05,-0.04999999999999977,-0.0218404
11,-0.024999999999999745,-3.893912e-05,-0.024999999999999745,-0.021739753333333334
12,2.7755575615628914e-16,8.93222e-06,2.7755575615628914e-16,-0.02163874
13,0.0250000000000003,5.659140666666667e-05,0.0250000000000003,-0.021529040000000003
14,0.05000000000000032,0.00010275666666666667,0.05000000000000032,-0.021416166666666667
15,0.07500000000000034,0.0001510852,0.07500000000000034,-0.021294666666666667
16,0.10000000000000037,0.00019939626666666668,0.10000000000000037,-0.02117164666666667
17,0.1250000000000004,0.0002523498,0.1250000000000004,-0.021037800000000002
18,0.1500000000000004,0.000301627,0.1500000000000004,-0.020891446666666667
19,0.17500000000000043,0.00035574566666666667,0.17500000000000043,-0.02074276666666667
20,0.20000000000000046,0.00040821966666666667,0.20000000000000046,-0.020579173333333336
21,0.22500000000000048,0.0004603798,0.22500000000000048,-0.020400793333333334
22,0.2500000000000005,0.0005162734666666666,0.2500000000000005,-0.020217586666666666
23,0.2750000000000005,0.0005730990666666666,0.2750000000000005,-0.020011233333333333
24,0.30000000000000054,0.0006311333333333334,0.30000000000000054,-0.019774326666666668
25,0.32500000000000057,0.0006891866666666667,0.32500000000000057,-0.01954352
26,0.3500000000000006,0.000778844,0.3500000000000006,-0.01927728
27,0.3750000000000006,0.0008423013333333333,0.3750000000000006,-0.01899416666666667
28,0.40000000000000063,0.0009082166666666667,0.40000000000000063,-0.01867462
29,0.42500000000000066,0.0009946240000000002,0.42500000000000066,-0.0183472
30,0.4500000000000007,0.0010459833333333335,0.4500000000000007,-0.01797532666666667
31,0.4750000000000007,0.0011272793333333333,0.4750000000000007,-0.01757398
32,0.5000000000000007,0.0011942033333333334,0.5000000000000007,-0.017129793333333334
33,0.5250000000000008,0.0012849833333333336,0.5250000000000008,-0.016629526666666665
34,0.5500000000000007,0.0013640486666666668,0.5500000000000007,-0.01606108666666667
35,0.5750000000000008,0.0014511333333333334,0.5750000000000008,-0.015460446666666669
36,0.6000000000000008,0.001536364,0.6000000000000008,-0.014782206666666667
37,0.6250000000000009,0.001643726,0.6250000000000009,-0.014016913333333332
38,0.6500000000000008,0.0017588613333333334,0.6500000000000008,-0.013179946666666666
39,0.6750000000000009,0.001882616,0.6750000000000009,-0.012225013333333333
40,0.7000000000000008,0.0020269886666666667,0.7000000000000008,-0.011167340000000001
41,0.7250000000000008,0.0022041946666666668,0.7250000000000008,-0.009967660000000001
42,0.7500000000000009,0.00244575,0.7500000000000009,-0.008643986666666667
43,0.775000000000001,0.0027470293333333334,0.775000000000001,-0.00716424
44,0.8000000000000009,0.003144782,0.8000000000000009,-0.005993382
45,0.8250000000000008,0.00367557,0.8250000000000008,-0.003960626
46,0.850000000000001,0.004342858666666667,0.850000000000001,-0.0019879246666666666
47,0.8750000000000011,0.005246390666666667,0.8750000000000011,-0.0002378258666666667
48,0.900000000000001,0.006285557333333334,0.900000000000001,0.0017305466666666669
49,0.9250000000000009,0.00750636,0.9250000000000009,0.004240918
50,0.9500000000000011,0.008943493333333333,0.9500000000000011,0.00669414
51,0.9750000000000012,0.010585326666666667,0.9750000000000012,0.008865666666666668
52,1.000000000000001,0.012414593333333333,1.000000000000001,0.011596006666666667
53,1.025000000000001,0.01442502,1.025000000000001,0.014318853333333334
54,1.0500000000000012,0.016607446666666668,1.0500000000000012,0.017110153333333333
55,1.0750000000000013,0.01893838,1.0750000000000013,0.01995304666666667
56,1.1000000000000012,0.02138948666666667,1.1000000000000012,0.022863340000000003
57,1.125000000000001,0.023976826666666666,1.125000000000001,0.025834126666666665
58,1.1500000000000012,0.026640913333333335,1.1500000000000012,0.028869813333333334
59,1.1750000000000014,0.02942354,1.1750000000000014,0.031957973333333334
60,1.2000000000000013,0.03230882,1.2000000000000013,0.03509826666666667
61,1.2250000000000012,0.035259853333333334,1.2250000000000012,0.03827764
62,1.2500000000000013,0.03827804666666667,1.2500000000000013,0.041492306666666666
63,1.2750000000000015,0.04136504,1.2750000000000015,0.044753933333333336
