,II_4R_V_D,II_4R_J_D,II_4R_V_L,II_4R_J_L
0,1.3,0.02077304,1.3,0.028506926666666665
1,1.2750000000000001,0.021575533333333334,1.2750000000000001,0.025679913333333332
2,1.2500000000000002,0.020145153333333336,1.2500000000000002,0.022780166666666667
3,1.2250000000000003,0.01817336666666667,1.2250000000000003,0.019892793333333332
4,1.2000000000000004,0.016042220000000003,1.2000000000000004,0.01705586
5,1.1750000000000005,0.013910453333333335,1.1750000000000005,0.014274733333333334
6,1.1500000000000006,0.011850560000000001,1.1500000000000006,0.01156206
7,1.1250000000000007,0.009910973333333335,1.1250000000000007,0.008927573333333334
8,1.1000000000000008,0.008134573333333334,1.1000000000000008,0.00648748
9,1.0750000000000008,0.006494203333333334,1.0750000000000008,0.0039373893333333335
10,1.050000000000001,0.005146514666666667,1.050000000000001,0.001551984
11,1.025000000000001,0.004001302,1.025000000000001,-0.0007260646666666668
12,1.000000000000001,0.0030868713333333333,1.000000000000001,-0.0028730793333333333
13,0.9750000000000012,0.002389108,0.9750000000000012,-0.004909862
14,0.9500000000000013,0.0018789973333333335,0.9500000000000013,-0.006823413333333334
15,0.9250000000000014,0.0015193146666666667,0.9250000000000014,-0.00830436
16,0.9000000000000015,0.0012705266666666667,0.9000000000000015,-0.010076726666666667
17,0.8750000000000016,0.0010913153333333334,0.8750000000000016,-0.011624873333333334
18,0.8500000000000016,0.0009585226666666667,0.8500000000000016,-0.01300272
19,0.8250000000000017,0.0008529540000000001,0.8250000000000017,-0.014222993333333333
20,0.8000000000000018,0.0007648553333333333,0.8000000000000018,-0.01529594
21,0.7750000000000019,0.0006884840000000001,0.7750000000000019,-0.016229800000000003
22,0.750000000000002,0.0006166250666666666,0.750000000000002,-0.017048053333333334
23,0.7250000000000021,0.00055331,0.7250000000000021,-0.017731773333333336
24,0.7000000000000022,0.0004962406666666666,0.7000000000000022,-0.018319173333333334
25,0.6750000000000023,0.0004433328,0.6750000000000023,-0.01883398
26,0.6500000000000024,0.0003944764,0.6500000000000024,-0.019283006666666668
27,0.6250000000000024,0.0003493077333333334,0.6250000000000024,-0.01964944
28,0.6000000000000025,0.0003073578,0.6000000000000025,-0.0199771
29,0.5750000000000026,0.0002696446666666667,0.5750000000000026,-0.02025996
30,0.5500000000000027,0.00023487773333333336,0.5500000000000027,-0.02050662
31,0.5250000000000028,0.00020518126666666667,0.5250000000000028,-0.020720660000000002
32,0.5000000000000029,0.00017819273333333335,0.5000000000000029,-0.020905206666666665
33,0.475000000000003,0.00015565353333333334,0.475000000000003,-0.021067246666666668
34,0.45000000000000306,0.00013598926666666668,0.45000000000000306,-0.021209826666666667
35,0.42500000000000315,0.00011831313333333334,0.42500000000000315,-0.021332013333333334
36,0.40000000000000324,0.00010390473333333333,0.40000000000000324,-0.021439033333333336
37,0.37500000000000333,9.141333333333333e-05,0.37500000000000333,-0.021530773333333333
38,0.3500000000000034,8.060093333333334e-05,0.3500000000000034,-0.021610046666666667
39,0.3250000000000035,7.011066666666667e-05,0.3250000000000035,-0.021683953333333332
40,0.3000000000000036,6.255603333333333e-05,0.3000000000000036,-0.02173764666666667
41,0.2750000000000037,5.511682e-05,0.2750000000000037,-0.021790433333333335
42,0.2500000000000038,4.7900053333333334e-05,0.2500000000000038,-0.021832466666666668
43,0.22500000000000386,4.1410573333333336e-05,0.22500000000000386,-0.02185988
44,0.20000000000000395,3.5550113333333336e-05,0.20000000000000395,-0.0219028
45,0.17500000000000404,2.9691573333333338e-05,0.17500000000000404,-0.021934166666666668
46,0.15000000000000413,2.4217406666666666e-05,0.15000000000000413,-0.021960586666666667
47,0.12500000000000422,1.8985113333333334e-05,0.12500000000000422,-0.021986620000000002
48,0.10000000000000431,1.3855733333333334e-05,0.10000000000000431,-0.02201232666666667
49,0.0750000000000044,8.8956e-06,0.0750000000000044,-0.02203594
50,0.050000000000004485,4.6216726666666665e-06,0.050000000000004485,-0.022059973333333333
51,0.025000000000004574,-4.6400506666666674e-07,0.025000000000004574,-0.02208172666666667
52,4.6629367034256575e-15,-5.1674733333333335e-06,4.6629367034256575e-15,-0.022108713333333335
53,-0.024999999999995248,-9.443053333333334e-06,-0.024999999999995248,-0.0221306
54,-0.04999999999999516,-1.4628053333333333e-05,-0.04999999999999516,-0.022158626666666667
55,-0.07499999999999507,-1.9382013333333334e-05,-0.07499999999999507,-0.02218118
56,-0.09999999999999498,-2.4711013333333333e-05,-0.09999999999999498,-0.022206893333333335
57,-0.12499999999999489,-3.0017406666666668e-05,-0.12499999999999489,-0.022230279999999998
58,-0.1499999999999948,-3.53759e-05,-0.1499999999999948,-0.022252993333333335
59,-0.17499999999999472,-4.119176666666667e-05,-0.17499999999999472,-0.022276226666666666
60,-0.19999999999999463,-4.72385e-05,-0.19999999999999463,-0.02229564666666667
61,-0.22499999999999454,-5.365886e-05,-0.22499999999999454,-0.022317753333333332
62,-0.24999999999999445,-5.993190000000001e-05,-0.24999999999999445,-0.02233954
63,-0.27499999999999436,-6.604140666666668e-05,-0.27499999999999436,-0.022360373333333333
