,II_4F_V_D,II_4F_J_D,II_4F_V_L,II_4F_J_L
0,-0.3,-3.3563040000000007e-05,-0.3,-0.02248787333333333
1,-0.27499999999999997,-2.9268133333333332e-05,-0.27499999999999997,-0.02247268666666667
2,-0.24999999999999994,-2.5787540000000003e-05,-0.24999999999999994,-0.02245508
3,-0.22499999999999992,-2.2530206666666666e-05,-0.22499999999999992,-0.022434853333333334
4,-0.1999999999999999,-1.948766e-05,-0.1999999999999999,-0.022412026666666668
5,-0.17499999999999988,-1.6408593333333335e-05,-0.17499999999999988,-0.022387273333333336
6,-0.14999999999999986,-1.3680886666666668e-05,-0.14999999999999986,-0.02235384
7,-0.12499999999999983,-1.0828013333333332e-05,-0.12499999999999983,-0.022314033333333334
8,-0.09999999999999981,-8.26706e-06,-0.09999999999999981,-0.022260353333333333
9,-0.07499999999999979,-6.4604586666666675e-06,-0.07499999999999979,-0.02219416
10,-0.04999999999999977,-3.3665386666666663e-06,-0.04999999999999977,-0.022110246666666666
11,-0.024999999999999745,-8.497126666666668e-07,-0.024999999999999745,-0.022007986666666667
12,2.7755575615628914e-16,1.5428133333333334e-06,2.7755575615628914e-16,-0.021883913333333335
13,0.0250000000000003,4.084724000000001e-06,0.0250000000000003,-0.021739353333333333
14,0.05000000000000032,6.640812e-06,0.05000000000000032,-0.02157842
15,0.07500000000000034,8.07288e-06,0.07500000000000034,-0.02139616
16,0.10000000000000037,1.1531073333333333e-05,0.10000000000000037,-0.021195726666666668
17,0.1250000000000004,1.428118e-05,0.1250000000000004,-0.020975606666666667
18,0.1500000000000004,1.712156666666667e-05,0.1500000000000004,-0.020743800000000003
19,0.17500000000000043,1.995366666666667e-05,0.17500000000000043,-0.020493106666666667
20,0.20000000000000046,2.2910213333333335e-05,0.20000000000000046,-0.020227413333333333
21,0.22500000000000048,2.5951013333333338e-05,0.22500000000000048,-0.019943973333333333
22,0.2500000000000005,2.9272853333333333e-05,0.2500000000000005,-0.019653566666666667
23,0.2750000000000005,3.2474026666666665e-05,0.2750000000000005,-0.019343886666666667
24,0.30000000000000054,3.584917333333333e-05,0.30000000000000054,-0.01901856
25,0.32500000000000057,3.947769333333334e-05,0.32500000000000057,-0.018663206666666668
26,0.3500000000000006,4.296946666666667e-05,0.3500000000000006,-0.01830850666666667
27,0.3750000000000006,4.681442e-05,0.3750000000000006,-0.01792696666666667
28,0.40000000000000063,5.069506666666667e-05,0.40000000000000063,-0.017522006666666666
29,0.42500000000000066,5.4845979999999995e-05,0.42500000000000066,-0.017099386666666667
30,0.4500000000000007,5.8941793333333336e-05,0.4500000000000007,-0.0166377
31,0.4750000000000007,6.415498666666666e-05,0.4750000000000007,-0.01615132
32,0.5000000000000007,6.955760000000001e-05,0.5000000000000007,-0.01563962
33,0.5250000000000008,7.906413333333333e-05,0.5250000000000008,-0.015082206666666665
34,0.5500000000000007,8.920973333333333e-05,0.5500000000000007,-0.014496033333333333
35,0.5750000000000008,0.00010275846666666666,0.5750000000000008,-0.013869493333333333
36,0.6000000000000008,0.00012006066666666667,0.6000000000000008,-0.013206613333333334
37,0.6250000000000009,0.00014364233333333335,0.6250000000000009,-0.012498553333333334
38,0.6500000000000008,0.00017419440000000002,0.6500000000000008,-0.01173382
39,0.6750000000000009,0.00021070353333333335,0.6750000000000009,-0.010948953333333334
40,0.7000000000000008,0.0002557776666666667,0.7000000000000008,-0.010120826666666667
41,0.7250000000000008,0.00030897819999999997,0.7250000000000008,-0.00923998
42,0.7500000000000009,0.0003723694666666667,0.7500000000000009,-0.008302713333333335
43,0.775000000000001,0.0004464641333333334,0.775000000000001,-0.007343720000000001
44,0.8000000000000009,0.0005342369333333334,0.8000000000000009,-0.007749693333333334
45,0.8250000000000008,0.0006387962666666667,0.8250000000000008,-0.006821400000000001
46,0.850000000000001,0.0007732206666666667,0.850000000000001,-0.005375416666666666
47,0.8750000000000011,0.0009080453333333333,0.8750000000000011,-0.004058184
48,0.900000000000001,0.0010754453333333333,0.900000000000001,-0.0027428813333333336
49,0.9250000000000009,0.00127519,0.9250000000000009,-0.001405404
50,0.9500000000000011,0.001510534,0.9500000000000011,-0.001224244
51,0.9750000000000012,0.001787038,0.9750000000000012,-0.001111858
52,1.000000000000001,0.0021082893333333333,1.000000000000001,0.00035877980000000004
53,1.025000000000001,0.0024853913333333336,1.025000000000001,0.0016773586666666666
54,1.0500000000000012,0.0029278073333333333,1.0500000000000012,0.003475792
55,1.0750000000000013,0.0034479880000000004,1.0750000000000013,0.0052508319999999995
56,1.1000000000000012,0.004060557333333334,1.1000000000000012,0.006999846666666666
57,1.125000000000001,0.004778884000000001,1.125000000000001,0.008495046666666667
58,1.1500000000000012,0.0056307733333333335,1.1500000000000012,0.01044828
59,1.1750000000000014,0.0075389,1.1750000000000014,0.012416493333333334
60,1.2000000000000013,0.008598913333333335,1.2000000000000013,0.014429200000000001
61,1.2250000000000012,0.00992752,1.2250000000000012,0.016498873333333334
62,1.2500000000000013,0.0114564,1.2500000000000013,0.018631813333333334
63,1.2750000000000015,0.013188940000000001,1.2750000000000015,0.02083946
