,II_4R_V_D,II_4R_J_D,II_4R_V_L,II_4R_J_L
0,1.3,0.021302873333333333,1.3,0.029532886666666664
1,1.2750000000000001,0.021981153333333333,1.2750000000000001,0.02668236
2,1.2500000000000002,0.020459486666666665,1.2500000000000002,0.023799820000000003
3,1.2250000000000003,0.018434980000000004,1.2250000000000003,0.020950626666666666
4,1.2000000000000004,0.0162734,1.2000000000000004,0.01815866
5,1.1750000000000005,0.014121946666666666,1.1750000000000005,0.015430013333333334
6,1.1500000000000006,0.012044753333333333,1.1500000000000006,0.012770773333333334
7,1.1250000000000007,0.010084066666666667,1.1250000000000007,0.010181333333333334
8,1.1000000000000008,0.008281033333333333,1.1000000000000008,0.007693740000000001
9,1.0750000000000008,0.006597746666666668,1.0750000000000008,0.005435034
10,1.050000000000001,0.005196549333333333,1.050000000000001,0.0029845953333333336
11,1.025000000000001,0.003991758000000001,1.025000000000001,0.0007187306666666666
12,1.000000000000001,0.003005008,1.000000000000001,-0.0014397706666666667
13,0.9750000000000012,0.00223925,0.9750000000000012,-0.0034866293333333334
14,0.9500000000000013,0.0016724093333333333,0.9500000000000013,-0.005431862
15,0.9250000000000014,0.0012711480000000002,0.9250000000000014,-0.0069176
16,0.9000000000000015,0.0010011466666666668,0.9000000000000015,-0.008795226666666668
17,0.8750000000000016,0.0008182313333333333,0.8750000000000016,-0.010435700000000001
18,0.8500000000000016,0.0006946873333333333,0.8500000000000016,-0.011908853333333334
19,0.8250000000000017,0.0006116870666666667,0.8250000000000017,-0.01324066
20,0.8000000000000018,0.0005398692666666667,0.8000000000000018,-0.014430653333333335
21,0.7750000000000019,0.00048581,0.7750000000000019,-0.015478486666666668
22,0.750000000000002,0.00044159399999999996,0.750000000000002,-0.016396800000000003
23,0.7250000000000021,0.00040219753333333336,0.7250000000000021,-0.017188126666666668
24,0.7000000000000022,0.00036735933333333337,0.7000000000000022,-0.017861973333333333
25,0.6750000000000023,0.00033396013333333337,0.6750000000000023,-0.018448333333333334
26,0.6500000000000024,0.00030546793333333333,0.6500000000000024,-0.01895344666666667
27,0.6250000000000024,0.00027718126666666665,0.6250000000000024,-0.01937114
28,0.6000000000000025,0.0002514888,0.6000000000000025,-0.019728620000000002
29,0.5750000000000026,0.00022803593333333336,0.5750000000000026,-0.02004152
30,0.5500000000000027,0.0002051868,0.5500000000000027,-0.020303806666666667
31,0.5250000000000028,0.00018572046666666669,0.5250000000000028,-0.020539373333333333
32,0.5000000000000029,0.00016692853333333336,0.5000000000000029,-0.020734933333333334
33,0.475000000000003,0.00015020486666666668,0.475000000000003,-0.02090788
34,0.45000000000000306,0.00013455506666666667,0.45000000000000306,-0.021062613333333334
35,0.42500000000000315,0.00012099133333333334,0.42500000000000315,-0.021194873333333333
36,0.40000000000000324,0.00010854026666666668,0.40000000000000324,-0.021309840000000004
37,0.37500000000000333,9.735006666666667e-05,0.37500000000000333,-0.021409113333333334
38,0.3500000000000034,8.681206666666668e-05,0.3500000000000034,-0.02149884
39,0.3250000000000035,7.789933333333334e-05,0.3250000000000035,-0.02157916
40,0.3000000000000036,6.907713333333334e-05,0.3000000000000036,-0.021640100000000002
41,0.2750000000000037,6.123837333333334e-05,0.2750000000000037,-0.021697440000000002
42,0.2500000000000038,5.3101146666666664e-05,0.2500000000000038,-0.021746953333333336
43,0.22500000000000386,4.641964e-05,0.22500000000000386,-0.021780133333333333
44,0.20000000000000395,3.967771333333333e-05,0.20000000000000395,-0.0218279
45,0.17500000000000404,3.290754e-05,0.17500000000000404,-0.021864766666666667
46,0.15000000000000413,2.7024680000000004e-05,0.15000000000000413,-0.02189372
47,0.12500000000000422,2.121422666666667e-05,0.12500000000000422,-0.021922973333333335
48,0.10000000000000431,1.5678253333333333e-05,0.10000000000000431,-0.021949693333333336
49,0.0750000000000044,1.01527e-05,0.0750000000000044,-0.021975940000000003
50,0.050000000000004485,5.361402e-06,0.050000000000004485,-0.022000806666666668
51,0.025000000000004574,-2.5367926666666667e-08,0.025000000000004574,-0.022026073333333333
52,4.6629367034256575e-15,-5.07706e-06,4.6629367034256575e-15,-0.02205468
53,-0.024999999999995248,-9.793120000000001e-06,-0.024999999999995248,-0.02207742
54,-0.04999999999999516,-1.5407333333333334e-05,-0.04999999999999516,-0.02210346666666667
55,-0.07499999999999507,-2.0970400000000002e-05,-0.07499999999999507,-0.02212734666666667
56,-0.09999999999999498,-2.66964e-05,-0.09999999999999498,-0.022156813333333334
57,-0.12499999999999489,-3.2647333333333335e-05,-0.12499999999999489,-0.022179893333333332
58,-0.1499999999999948,-3.865274e-05,-0.1499999999999948,-0.022205120000000002
59,-0.17499999999999472,-4.531458e-05,-0.17499999999999472,-0.022228573333333335
60,-0.19999999999999463,-5.186278666666667e-05,-0.19999999999999463,-0.022252566666666668
61,-0.22499999999999454,-5.869268666666667e-05,-0.22499999999999454,-0.022278506666666666
62,-0.24999999999999445,-6.590367333333334e-05,-0.24999999999999445,-0.02230270666666667
63,-0.27499999999999436,-7.42868e-05,-0.27499999999999436,-0.02232566
