,II_4F_V_D,II_4F_J_D,II_4F_V_L,II_4F_J_L
0,-0.3,-8.673333333333335e-05,-0.3,-0.02259238
1,-0.27499999999999997,-7.674420000000001e-05,-0.27499999999999997,-0.02255730666666667
2,-0.24999999999999994,-6.850573333333333e-05,-0.24999999999999994,-0.02249692666666667
3,-0.22499999999999992,-6.054583333333334e-05,-0.22499999999999992,-0.022411333333333335
4,-0.1999999999999999,-5.259783333333333e-05,-0.1999999999999999,-0.022314006666666667
5,-0.17499999999999988,-4.5053113333333336e-05,-0.17499999999999988,-0.022215906666666667
6,-0.14999999999999986,-3.798510666666667e-05,-0.14999999999999986,-0.02211776
7,-0.12499999999999983,-3.101514e-05,-0.12499999999999983,-0.022021193333333335
8,-0.09999999999999981,-2.434446e-05,-0.09999999999999981,-0.0219336
9,-0.07499999999999979,-1.7626020000000002e-05,-0.07499999999999979,-0.021839553333333334
10,-0.04999999999999977,-1.1268233333333333e-05,-0.04999999999999977,-0.021748486666666667
11,-0.024999999999999745,-5.125123333333334e-06,-0.024999999999999745,-0.02165248
12,2.7755575615628914e-16,1.391318e-06,2.7755575615628914e-16,-0.021561413333333335
13,0.0250000000000003,7.5148066666666665e-06,0.0250000000000003,-0.021462860000000004
14,0.05000000000000032,1.4018033333333335e-05,0.05000000000000032,-0.021359686666666666
15,0.07500000000000034,2.0580766666666668e-05,0.07500000000000034,-0.02125282666666667
16,0.10000000000000037,2.727222e-05,0.10000000000000037,-0.021135806666666666
17,0.1250000000000004,3.426778666666667e-05,0.1250000000000004,-0.02101722
18,0.1500000000000004,4.1346553333333336e-05,0.1500000000000004,-0.02088302
19,0.17500000000000043,4.853157333333334e-05,0.17500000000000043,-0.020739506666666668
20,0.20000000000000046,5.5952959999999995e-05,0.20000000000000046,-0.0205838
21,0.22500000000000048,6.381665333333333e-05,0.22500000000000048,-0.020407573333333335
22,0.2500000000000005,7.098326666666668e-05,0.2500000000000005,-0.0202304
23,0.2750000000000005,8.000526666666667e-05,0.2750000000000005,-0.020026980000000003
24,0.30000000000000054,8.818113333333334e-05,0.30000000000000054,-0.019790913333333333
25,0.32500000000000057,9.6456e-05,0.32500000000000057,-0.019555373333333334
26,0.3500000000000006,0.00010546926666666668,0.3500000000000006,-0.019285393333333335
27,0.3750000000000006,0.00011392080000000001,0.3750000000000006,-0.01898536
28,0.40000000000000063,0.0001241794,0.40000000000000063,-0.018657140000000003
29,0.42500000000000066,0.00013325313333333334,0.42500000000000066,-0.018295633333333335
30,0.4500000000000007,0.00014296546666666668,0.4500000000000007,-0.017900293333333334
31,0.4750000000000007,0.00015247280000000002,0.4750000000000007,-0.017460193333333335
32,0.5000000000000007,0.0001644642,0.5000000000000007,-0.016986393333333332
33,0.5250000000000008,0.00017694833333333336,0.5250000000000008,-0.01646894
34,0.5500000000000007,0.00019088226666666666,0.5500000000000007,-0.01591648666666667
35,0.5750000000000008,0.0002074812,0.5750000000000008,-0.015308500000000001
36,0.6000000000000008,0.00022381666666666667,0.6000000000000008,-0.014654506666666667
37,0.6250000000000009,0.00024287413333333333,0.6250000000000009,-0.013938673333333335
38,0.6500000000000008,0.0002660056666666667,0.6500000000000008,-0.0132074
39,0.6750000000000009,0.0002899506,0.6750000000000009,-0.012421026666666666
40,0.7000000000000008,0.00031912633333333335,0.7000000000000008,-0.011578586666666666
41,0.7250000000000008,0.0003536387333333333,0.7250000000000008,-0.010660406666666667
42,0.7500000000000009,0.00039680793333333336,0.7500000000000009,-0.00972568
43,0.775000000000001,0.0004508615333333334,0.775000000000001,-0.008715140000000001
44,0.8000000000000009,0.0005200031333333334,0.8000000000000009,-0.0076394666666666665
45,0.8250000000000008,0.0006124011333333334,0.8250000000000008,-0.007774120000000001
46,0.850000000000001,0.0007739713333333334,0.850000000000001,-0.006537994000000001
47,0.8750000000000011,0.0009468873333333334,0.8750000000000011,-0.00474459
48,0.900000000000001,0.0011977966666666669,0.900000000000001,-0.0031680686666666668
49,0.9250000000000009,0.0015504293333333332,0.9250000000000009,-0.001565084
50,0.9500000000000011,0.002036454,0.9500000000000011,-0.00030449833333333337
51,0.9750000000000012,0.0026792373333333333,0.9750000000000012,0.001238786
52,1.000000000000001,0.0035004786666666663,1.000000000000001,0.0033510886666666666
53,1.025000000000001,0.0045217726666666675,1.025000000000001,0.005385633333333333
54,1.0500000000000012,0.005743344,1.0500000000000012,0.007128906666666666
55,1.0750000000000013,0.007570306666666668,1.0750000000000013,0.00947466
56,1.1000000000000012,0.009021620000000001,1.1000000000000012,0.011778406666666666
57,1.125000000000001,0.010796406666666668,1.125000000000001,0.01413552
58,1.1500000000000012,0.01277058,1.1500000000000012,0.016572033333333333
59,1.1750000000000014,0.014932826666666666,1.1750000000000014,0.019084146666666666
60,1.2000000000000013,0.01725871333333333,1.2000000000000013,0.02168142
61,1.2250000000000012,0.01974975333333333,1.2250000000000012,0.024365953333333336
62,1.2500000000000013,0.02238024,1.2500000000000013,0.027130313333333333
63,1.2750000000000015,0.02515146,1.2750000000000015,0.029979340000000004
