,II_4F_V_D,II_4F_J_D,II_4F_V_L,II_4F_J_L
0,-0.3,-5.813638e-05,-0.3,-0.02258202
1,-0.27499999999999997,-5.2207659999999995e-05,-0.27499999999999997,-0.02255318666666667
2,-0.24999999999999994,-4.667966e-05,-0.24999999999999994,-0.022516493333333335
3,-0.22499999999999992,-4.138021333333333e-05,-0.22499999999999992,-0.022456926666666665
4,-0.1999999999999999,-3.617783333333334e-05,-0.1999999999999999,-0.02237138
5,-0.17499999999999988,-3.1024753333333336e-05,-0.17499999999999988,-0.022271100000000002
6,-0.14999999999999986,-2.6073040000000002e-05,-0.14999999999999986,-0.02216698
7,-0.12499999999999983,-2.127352e-05,-0.12499999999999983,-0.022059333333333334
8,-0.09999999999999981,-1.66309e-05,-0.09999999999999981,-0.021951940000000003
9,-0.07499999999999979,-1.1990413333333333e-05,-0.07499999999999979,-0.021848406666666667
10,-0.04999999999999977,-7.538926666666667e-06,-0.04999999999999977,-0.021741166666666666
11,-0.024999999999999745,-3.4907400000000006e-06,-0.024999999999999745,-0.02163396
12,2.7755575615628914e-16,1.0815286666666668e-06,2.7755575615628914e-16,-0.021518933333333334
13,0.0250000000000003,5.4677440000000006e-06,0.0250000000000003,-0.021409653333333334
14,0.05000000000000032,9.57574e-06,0.05000000000000032,-0.021295446666666665
15,0.07500000000000034,1.4243913333333333e-05,0.07500000000000034,-0.021174580000000002
16,0.10000000000000037,1.893904e-05,0.10000000000000037,-0.021051893333333332
17,0.1250000000000004,2.368488e-05,0.1250000000000004,-0.020917106666666668
18,0.1500000000000004,2.8564766666666668e-05,0.1500000000000004,-0.020777313333333335
19,0.17500000000000043,3.3769153333333336e-05,0.17500000000000043,-0.02062896666666667
20,0.20000000000000046,3.895301333333334e-05,0.20000000000000046,-0.020465106666666667
21,0.22500000000000048,4.4420293333333336e-05,0.22500000000000048,-0.020287073333333336
22,0.2500000000000005,4.9758540000000004e-05,0.2500000000000005,-0.020108293333333332
23,0.2750000000000005,5.560693333333333e-05,0.2750000000000005,-0.019910860000000002
24,0.30000000000000054,6.164724666666667e-05,0.30000000000000054,-0.019704506666666666
25,0.32500000000000057,6.792046666666667e-05,0.32500000000000057,-0.019452313333333332
26,0.3500000000000006,7.364760000000001e-05,0.3500000000000006,-0.019211846666666667
27,0.3750000000000006,8.029920000000001e-05,0.3750000000000006,-0.01893756666666667
28,0.40000000000000063,8.702373333333335e-05,0.40000000000000063,-0.01863716
29,0.42500000000000066,9.398160000000001e-05,0.42500000000000066,-0.01830794666666667
30,0.4500000000000007,0.00010173153333333334,0.4500000000000007,-0.01794923333333333
31,0.4750000000000007,0.00010984453333333334,0.4750000000000007,-0.01756096
32,0.5000000000000007,0.00011851913333333333,0.5000000000000007,-0.01714054
33,0.5250000000000008,0.00012907386666666666,0.5250000000000008,-0.016669753333333336
34,0.5500000000000007,0.00014121513333333334,0.5500000000000007,-0.01616434
35,0.5750000000000008,0.0001555778,0.5750000000000008,-0.015617086666666669
36,0.6000000000000008,0.00017221273333333333,0.6000000000000008,-0.015027293333333334
37,0.6250000000000009,0.000192766,0.6250000000000009,-0.014391813333333335
38,0.6500000000000008,0.0002168698666666667,0.6500000000000008,-0.01369176
39,0.6750000000000009,0.0002456351333333334,0.6750000000000009,-0.012980646666666668
40,0.7000000000000008,0.0002790224,0.7000000000000008,-0.012211073333333334
41,0.7250000000000008,0.00031807726666666666,0.7250000000000008,-0.01138012
42,0.7500000000000009,0.0003634978,0.7500000000000009,-0.010478606666666666
43,0.775000000000001,0.00041617746666666673,0.775000000000001,-0.00955432
44,0.8000000000000009,0.00048071980000000006,0.8000000000000009,-0.008560066666666666
45,0.8250000000000008,0.0005600718666666667,0.8250000000000008,-0.007503853333333333
46,0.850000000000001,0.0006632631333333334,0.850000000000001,-0.007739466666666667
47,0.8750000000000011,0.000844742,0.8750000000000011,-0.006527830666666666
48,0.900000000000001,0.0010387460000000001,0.900000000000001,-0.00472016
49,0.9250000000000009,0.0013188053333333333,0.9250000000000009,-0.0031482573333333334
50,0.9500000000000011,0.001712718,0.9500000000000011,-0.0015382086666666666
51,0.9750000000000012,0.002255786666666667,0.9750000000000012,-0.0002762564
52,1.000000000000001,0.0029804080000000004,1.000000000000001,0.001274004
53,1.025000000000001,0.003912990666666667,1.025000000000001,0.003418198
54,1.0500000000000012,0.0050537740000000005,1.0500000000000012,0.0055033600000000005
55,1.0750000000000013,0.006436761333333333,1.0750000000000013,0.0073476
56,1.1000000000000012,0.008514993333333333,1.1000000000000012,0.009740980000000002
57,1.125000000000001,0.01015864,1.125000000000001,0.012137093333333333
58,1.1500000000000012,0.012116793333333334,1.1500000000000012,0.014597186666666668
59,1.1750000000000014,0.014283280000000002,1.1750000000000014,0.017146540000000002
60,1.2000000000000013,0.016628973333333335,1.2000000000000013,0.019786493333333335
61,1.2250000000000012,0.01912742,1.2250000000000012,0.022517853333333334
62,1.2500000000000013,0.02179358,1.2500000000000013,0.02533606
63,1.2750000000000015,0.024584986666666666,1.2750000000000015,0.0282401
