,II_4R_V_D,II_4R_J_D,II_4R_V_L,II_4R_J_L
0,1.3,0.0027069766666666666,1.3,0.022985880000000004
1,1.2750000000000001,0.003018216666666667,1.2750000000000001,0.021449080000000002
2,1.2500000000000002,0.0032778293333333335,1.2500000000000002,0.019782533333333335
3,1.2250000000000003,0.003472527333333333,1.2250000000000003,0.018005386666666668
4,1.2000000000000004,0.003561334666666667,1.2000000000000004,0.016134973333333334
5,1.1750000000000005,0.00355316,1.1750000000000005,0.01420572
6,1.1500000000000006,0.003408736,1.1500000000000006,0.012226193333333333
7,1.1250000000000007,0.0031772573333333333,1.1250000000000007,0.010222980000000001
8,1.1000000000000008,0.0028414453333333333,1.1000000000000008,0.008218846666666666
9,1.0750000000000008,0.002432634,1.0750000000000008,0.006136224666666667
10,1.050000000000001,0.0019870300000000003,1.050000000000001,0.0041322473333333335
11,1.025000000000001,0.0015530146666666667,1.025000000000001,0.0021964120000000005
12,1.000000000000001,0.0011701553333333334,1.000000000000001,0.0003141028666666667
13,0.9750000000000012,0.0008672360000000001,0.9750000000000012,-0.001589432
14,0.9500000000000013,0.0006380292000000001,0.9500000000000013,-0.0034077833333333338
15,0.9250000000000014,0.0004915059333333333,0.9250000000000014,-0.005122265333333333
16,0.9000000000000015,0.0003898124666666667,0.9000000000000015,-0.0067543
17,0.8750000000000016,0.0003209858,0.8750000000000016,-0.008177533333333334
18,0.8500000000000016,0.0002712856,0.8500000000000016,-0.009706926666666666
19,0.8250000000000017,0.00023624266666666667,0.8250000000000017,-0.011122173333333334
20,0.8000000000000018,0.00021019513333333335,0.8000000000000018,-0.01243142
21,0.7750000000000019,0.00018799913333333333,0.7750000000000019,-0.013637120000000003
22,0.750000000000002,0.0001695882,0.750000000000002,-0.014743286666666668
23,0.7250000000000021,0.00015317653333333335,0.7250000000000021,-0.015739773333333335
24,0.7000000000000022,0.00013929566666666667,0.7000000000000022,-0.016634146666666665
25,0.6750000000000023,0.00012448840000000002,0.6750000000000023,-0.017437860000000003
26,0.6500000000000024,0.00011243693333333333,0.6500000000000024,-0.01812912666666667
27,0.6250000000000024,0.000101703,0.6250000000000024,-0.018735806666666667
28,0.6000000000000025,9.099306666666667e-05,0.6000000000000025,-0.019260013333333333
29,0.5750000000000026,8.170186666666666e-05,0.5750000000000026,-0.019714513333333336
30,0.5500000000000027,7.262093333333334e-05,0.5500000000000027,-0.020087493333333335
31,0.5250000000000028,6.571976e-05,0.5250000000000028,-0.020409373333333335
32,0.5000000000000029,6.081538e-05,0.5000000000000029,-0.020678413333333336
33,0.475000000000003,5.4387906666666664e-05,0.475000000000003,-0.020903786666666667
34,0.45000000000000306,4.923136666666667e-05,0.45000000000000306,-0.021092
35,0.42500000000000315,4.449104666666667e-05,0.42500000000000315,-0.021251746666666665
36,0.40000000000000324,4.013208e-05,0.40000000000000324,-0.02138094
37,0.37500000000000333,3.62073e-05,0.37500000000000333,-0.021492726666666667
38,0.3500000000000034,3.3107846666666674e-05,0.3500000000000034,-0.021586426666666665
39,0.3250000000000035,2.911982e-05,0.3250000000000035,-0.021664313333333334
40,0.3000000000000036,2.557186e-05,0.3000000000000036,-0.021733846666666667
41,0.2750000000000037,2.283946e-05,0.2750000000000037,-0.021792933333333334
42,0.2500000000000038,1.9242693333333335e-05,0.2500000000000038,-0.021848473333333333
43,0.22500000000000386,1.6311193333333335e-05,0.22500000000000386,-0.021880406666666668
44,0.20000000000000395,1.339598e-05,0.20000000000000395,-0.02192152666666667
45,0.17500000000000404,1.0719526666666667e-05,0.17500000000000404,-0.02195698
46,0.15000000000000413,8.078526666666668e-06,0.15000000000000413,-0.021987926666666668
47,0.12500000000000422,7.3962e-06,0.12500000000000422,-0.022015373333333334
48,0.10000000000000431,5.398574000000001e-06,0.10000000000000431,-0.022040186666666666
49,0.0750000000000044,2.4626146666666666e-06,0.0750000000000044,-0.02206092
50,0.050000000000004485,-1.1315400000000001e-07,0.050000000000004485,-0.02208188666666667
51,0.025000000000004574,-2.653266e-06,0.025000000000004574,-0.022100186666666667
52,4.6629367034256575e-15,-5.101400666666667e-06,4.6629367034256575e-15,-0.022117880000000003
53,-0.024999999999995248,-6.340444e-06,-0.024999999999995248,-0.02213366666666667
54,-0.04999999999999516,-9.498193333333334e-06,-0.04999999999999516,-0.022149573333333332
55,-0.07499999999999507,-1.1091346666666667e-05,-0.07499999999999507,-0.022164533333333333
56,-0.09999999999999498,-1.3592606666666667e-05,-0.09999999999999498,-0.02217662
57,-0.12499999999999489,-1.615994e-05,-0.12499999999999489,-0.02219144
58,-0.1499999999999948,-1.8609513333333334e-05,-0.1499999999999948,-0.02220378
59,-0.17499999999999472,-2.316800666666667e-05,-0.17499999999999472,-0.022216413333333334
60,-0.19999999999999463,-2.6128426666666666e-05,-0.19999999999999463,-0.022227033333333333
61,-0.22499999999999454,-2.9390380000000004e-05,-0.22499999999999454,-0.02223796
62,-0.24999999999999445,-3.216917333333333e-05,-0.24999999999999445,-0.02224972
63,-0.27499999999999436,-3.5748593333333336e-05,-0.27499999999999436,-0.0222613
