,II_4F_V_D,II_4F_J_D,II_4F_V_L,II_4F_J_L
0,-0.3,-7.010393333333334e-05,-0.3,-0.022589326666666666
1,-0.27499999999999997,-6.130415333333334e-05,-0.27499999999999997,-0.022552006666666666
2,-0.24999999999999994,-5.457007333333334e-05,-0.24999999999999994,-0.022494426666666668
3,-0.22499999999999992,-4.7931760000000005e-05,-0.22499999999999992,-0.022404786666666666
4,-0.1999999999999999,-4.159261333333334e-05,-0.1999999999999999,-0.022302033333333332
5,-0.17499999999999988,-3.5728053333333336e-05,-0.17499999999999988,-0.022197886666666666
6,-0.14999999999999986,-2.9808220000000002e-05,-0.14999999999999986,-0.022098466666666667
7,-0.12499999999999983,-2.4116553333333333e-05,-0.12499999999999983,-0.021996553333333335
8,-0.09999999999999981,-1.877462666666667e-05,-0.09999999999999981,-0.02190186
9,-0.07499999999999979,-1.3569940000000001e-05,-0.07499999999999979,-0.021805233333333333
10,-0.04999999999999977,-8.624053333333334e-06,-0.04999999999999977,-0.021710373333333335
11,-0.024999999999999745,-3.87879e-06,-0.024999999999999745,-0.02160926
12,2.7755575615628914e-16,1.1170393333333334e-06,2.7755575615628914e-16,-0.021519133333333332
13,0.0250000000000003,5.854438e-06,0.0250000000000003,-0.021414100000000002
14,0.05000000000000032,1.0528473333333334e-05,0.05000000000000032,-0.021307553333333333
15,0.07500000000000034,1.5701506666666668e-05,0.07500000000000034,-0.02119484666666667
16,0.10000000000000037,2.0944853333333335e-05,0.10000000000000037,-0.02107646666666667
17,0.1250000000000004,2.646415333333333e-05,0.1250000000000004,-0.020950006666666666
18,0.1500000000000004,3.2119026666666666e-05,0.1500000000000004,-0.020811486666666667
19,0.17500000000000043,3.816932666666667e-05,0.17500000000000043,-0.020670606666666667
20,0.20000000000000046,4.433772e-05,0.20000000000000046,-0.020507966666666665
21,0.22500000000000048,5.062793333333334e-05,0.22500000000000048,-0.02033162
22,0.2500000000000005,5.724027333333333e-05,0.2500000000000005,-0.020151393333333337
23,0.2750000000000005,6.425806e-05,0.2750000000000005,-0.019945960000000002
24,0.30000000000000054,7.093279999999999e-05,0.30000000000000054,-0.019706253333333333
25,0.32500000000000057,7.8948e-05,0.32500000000000057,-0.01947172
26,0.3500000000000006,8.675446666666667e-05,0.3500000000000006,-0.019199746666666666
27,0.3750000000000006,9.537433333333333e-05,0.3750000000000006,-0.018894813333333333
28,0.40000000000000063,0.00010390766666666667,0.40000000000000063,-0.018566526666666666
29,0.42500000000000066,0.00011230853333333334,0.42500000000000066,-0.018205926666666667
30,0.4500000000000007,0.0001213376,0.4500000000000007,-0.017809513333333336
31,0.4750000000000007,0.00013082153333333335,0.4750000000000007,-0.01737756
32,0.5000000000000007,0.00014109566666666669,0.5000000000000007,-0.01690684666666667
33,0.5250000000000008,0.0001530508666666667,0.5250000000000008,-0.016390953333333333
34,0.5500000000000007,0.00016593513333333334,0.5500000000000007,-0.015844933333333335
35,0.5750000000000008,0.00018087953333333334,0.5750000000000008,-0.015244486666666666
36,0.6000000000000008,0.00019728880000000003,0.6000000000000008,-0.014598413333333334
37,0.6250000000000009,0.00021441886666666667,0.6250000000000009,-0.0138914
38,0.6500000000000008,0.00023587319999999998,0.6500000000000008,-0.013165973333333332
39,0.6750000000000009,0.00025972293333333335,0.6750000000000009,-0.012388573333333333
40,0.7000000000000008,0.000288984,0.7000000000000008,-0.011555473333333333
41,0.7250000000000008,0.00032358720000000003,0.7250000000000008,-0.010685126666666668
42,0.7500000000000009,0.00036550600000000003,0.7500000000000009,-0.009735633333333334
43,0.775000000000001,0.0004151239333333333,0.775000000000001,-0.008736153333333333
44,0.8000000000000009,0.0004830383333333333,0.8000000000000009,-0.007675953333333333
45,0.8250000000000008,0.0005711743333333333,0.8250000000000008,-0.007841013333333334
46,0.850000000000001,0.0007257966666666667,0.850000000000001,-0.006624279333333334
47,0.8750000000000011,0.0008924786666666668,0.8750000000000011,-0.004836374666666667
48,0.900000000000001,0.0011286333333333334,0.900000000000001,-0.0032925046666666667
49,0.9250000000000009,0.0014776333333333333,0.9250000000000009,-0.001716508
50,0.9500000000000011,0.0019496273333333332,0.9500000000000011,-0.0008103300000000001
51,0.9750000000000012,0.0025733173333333335,0.9750000000000012,0.0012422086666666666
52,1.000000000000001,0.00338549,1.000000000000001,0.0031853053333333334
53,1.025000000000001,0.0043956053333333335,1.025000000000001,0.0051682433333333335
54,1.0500000000000012,0.005609486666666667,1.0500000000000012,0.006878446666666667
55,1.0750000000000013,0.007441606666666667,1.0750000000000013,0.009200719999999999
56,1.1000000000000012,0.00888882,1.1000000000000012,0.01146988
57,1.125000000000001,0.01064486,1.125000000000001,0.01380598
58,1.1500000000000012,0.012604886666666667,1.1500000000000012,0.016216673333333334
59,1.1750000000000014,0.014746193333333334,1.1750000000000014,0.018703713333333337
60,1.2000000000000013,0.017049073333333335,1.2000000000000013,0.02127196
61,1.2250000000000012,0.01951284,1.2250000000000012,0.02392632
62,1.2500000000000013,0.022110593333333334,1.2500000000000013,0.026657499999999997
63,1.2750000000000015,0.02483952,1.2750000000000015,0.029469933333333333
