,II_4F_V_D,II_4F_J_D,II_4F_V_L,II_4F_J_L
0,-0.3,-0.0001113566,-0.3,-0.022595713333333333
1,-0.27499999999999997,-9.914266666666666e-05,-0.27499999999999997,-0.0225628
2,-0.24999999999999994,-8.746506666666667e-05,-0.24999999999999994,-0.022514486666666667
3,-0.22499999999999992,-7.7404e-05,-0.22499999999999992,-0.022450913333333336
4,-0.1999999999999999,-6.776286666666666e-05,-0.1999999999999999,-0.02237656
5,-0.17499999999999988,-5.878073333333333e-05,-0.17499999999999988,-0.02229936
6,-0.14999999999999986,-4.919395333333334e-05,-0.14999999999999986,-0.022223973333333334
7,-0.12499999999999983,-4.015448e-05,-0.12499999999999983,-0.022146046666666665
8,-0.09999999999999981,-3.1380513333333334e-05,-0.09999999999999981,-0.022074426666666667
9,-0.07499999999999979,-2.2915993333333336e-05,-0.07499999999999979,-0.022001686666666666
10,-0.04999999999999977,-1.4502826666666669e-05,-0.04999999999999977,-0.021927360000000003
11,-0.024999999999999745,-6.571921333333333e-06,-0.024999999999999745,-0.021852226666666665
12,2.7755575615628914e-16,1.6971500000000001e-06,2.7755575615628914e-16,-0.021776120000000003
13,0.0250000000000003,9.500893333333333e-06,0.0250000000000003,-0.021693966666666665
14,0.05000000000000032,1.7724966666666667e-05,0.05000000000000032,-0.021604713333333334
15,0.07500000000000034,2.5728253333333334e-05,0.07500000000000034,-0.021512100000000003
16,0.10000000000000037,3.3953253333333334e-05,0.10000000000000037,-0.02140904
17,0.1250000000000004,4.281427333333334e-05,0.1250000000000004,-0.021299306666666667
18,0.1500000000000004,5.1396920000000004e-05,0.1500000000000004,-0.021182680000000002
19,0.17500000000000043,6.067184666666667e-05,0.17500000000000043,-0.021049593333333335
20,0.20000000000000046,6.992833333333333e-05,0.20000000000000046,-0.020901546666666666
21,0.22500000000000048,8.022573333333335e-05,0.22500000000000048,-0.020745686666666666
22,0.2500000000000005,9.04448e-05,0.2500000000000005,-0.020579086666666666
23,0.2750000000000005,9.990553333333333e-05,0.2750000000000005,-0.0203925
24,0.30000000000000054,0.00011158360000000001,0.30000000000000054,-0.0201816
25,0.32500000000000057,0.00012256386666666667,0.32500000000000057,-0.019948693333333333
26,0.3500000000000006,0.00013448326666666666,0.3500000000000006,-0.019694866666666668
27,0.3750000000000006,0.00014563620000000003,0.3750000000000006,-0.019415453333333336
28,0.40000000000000063,0.00015826986666666668,0.40000000000000063,-0.019099753333333334
29,0.42500000000000066,0.00017136133333333335,0.42500000000000066,-0.0187532
30,0.4500000000000007,0.000184017,0.4500000000000007,-0.018373686666666667
31,0.4750000000000007,0.00019747273333333334,0.4750000000000007,-0.017954980000000002
32,0.5000000000000007,0.0002133861333333333,0.5000000000000007,-0.017493
33,0.5250000000000008,0.00023145293333333333,0.5250000000000008,-0.01697240666666667
34,0.5500000000000007,0.00025119933333333334,0.5500000000000007,-0.01643684
35,0.5750000000000008,0.00027121020000000004,0.5750000000000008,-0.015841800000000003
36,0.6000000000000008,0.0002912948,0.6000000000000008,-0.015190653333333335
37,0.6250000000000009,0.0003198464,0.6250000000000009,-0.014476993333333334
38,0.6500000000000008,0.00034445306666666664,0.6500000000000008,-0.013730133333333333
39,0.6750000000000009,0.0003755520666666667,0.6750000000000009,-0.012917080000000001
40,0.7000000000000008,0.0004136054666666667,0.7000000000000008,-0.012049866666666667
41,0.7250000000000008,0.00045490140000000004,0.7250000000000008,-0.011100833333333334
42,0.7500000000000009,0.0005062386,0.7500000000000009,-0.010080106666666666
43,0.775000000000001,0.0005725653333333333,0.775000000000001,-0.008986460000000002
44,0.8000000000000009,0.0006569926,0.8000000000000009,-0.007809000000000001
45,0.8250000000000008,0.0007801040000000001,0.8250000000000008,-0.007544113333333333
46,0.850000000000001,0.00092946,0.850000000000001,-0.006181179333333333
47,0.8750000000000011,0.0011409126666666668,0.8750000000000011,-0.004339876
48,0.900000000000001,0.0014265326666666666,0.900000000000001,-0.0026670506666666666
49,0.9250000000000009,0.001818756666666667,0.9250000000000009,-0.000939388
50,0.9500000000000011,0.0023434360000000004,0.9500000000000011,0.0008526246666666668
51,0.9750000000000012,0.0030139340000000002,0.9750000000000012,0.0027124853333333337
52,1.000000000000001,0.003851216666666667,1.000000000000001,0.0046539500000000004
53,1.025000000000001,0.004877614000000001,1.025000000000001,0.006667286666666668
54,1.0500000000000012,0.006078749333333334,1.0500000000000012,0.008327833333333333
55,1.0750000000000013,0.007694353333333333,1.0750000000000013,0.0106529
56,1.1000000000000012,0.009167713333333332,1.1000000000000012,0.01292446
57,1.125000000000001,0.010895433333333333,1.125000000000001,0.015254346666666667
58,1.1500000000000012,0.012826166666666666,1.1500000000000012,0.01765724
59,1.1750000000000014,0.014946673333333334,1.1750000000000014,0.020127560000000003
60,1.2000000000000013,0.01724078,1.2000000000000013,0.0226762
61,1.2250000000000012,0.01970678,1.2250000000000012,0.025305566666666668
62,1.2500000000000013,0.022338353333333335,1.2500000000000013,0.028013640000000003
63,1.2750000000000015,0.025113933333333335,1.2750000000000015,0.030814026666666668
