,II_4R_V_D,II_4R_J_D,II_4R_V_L,II_4R_J_L
0,1.3,0.002983284666666667,1.3,0.021742006666666668
1,1.2750000000000001,0.0034172593333333333,1.2750000000000001,0.020146486666666668
2,1.2500000000000002,0.0037830480000000002,1.2500000000000002,0.01842892
3,1.2250000000000003,0.004037706666666667,1.2250000000000003,0.016612853333333333
4,1.2000000000000004,0.004145735333333333,1.2000000000000004,0.014723793333333334
5,1.1750000000000005,0.004095288,1.1750000000000005,0.01278336
6,1.1500000000000006,0.003886507333333333,1.1500000000000006,0.01080714
7,1.1250000000000007,0.0035363740000000005,1.1250000000000007,0.008813940000000001
8,1.1000000000000008,0.0030813153333333334,1.1000000000000008,0.0068265800000000005
9,1.0750000000000008,0.002564846,1.0750000000000008,0.004761447333333333
10,1.050000000000001,0.002044388,1.050000000000001,0.002786174666666667
11,1.025000000000001,0.0015716393333333333,1.025000000000001,0.0008729020000000002
12,1.000000000000001,0.0011798193333333333,1.000000000000001,-0.0009826086666666666
13,0.9750000000000012,0.0008811653333333333,0.9750000000000012,-0.0027787746666666667
14,0.9500000000000013,0.0006558462666666667,0.9500000000000013,-0.004509734666666667
15,0.9250000000000014,0.0005090799333333333,0.9250000000000014,-0.006168993333333333
16,0.9000000000000015,0.0004076852666666667,0.9000000000000015,-0.007655926666666668
17,0.8750000000000016,0.00034089373333333334,0.8750000000000016,-0.0092113
18,0.8500000000000016,0.00029343466666666666,0.8500000000000016,-0.01065514
19,0.8250000000000017,0.0002595220666666667,0.8250000000000017,-0.011995433333333333
20,0.8000000000000018,0.0002349556,0.8000000000000018,-0.013234153333333335
21,0.7750000000000019,0.00021638906666666667,0.7750000000000019,-0.014369686666666666
22,0.750000000000002,0.0001987448,0.750000000000002,-0.01540132
23,0.7250000000000021,0.00018473733333333332,0.7250000000000021,-0.01632926666666667
24,0.7000000000000022,0.0001715594,0.7000000000000022,-0.017152573333333334
25,0.6750000000000023,0.00015981053333333334,0.6750000000000023,-0.017886673333333335
26,0.6500000000000024,0.00014871846666666668,0.6500000000000024,-0.018534293333333333
27,0.6250000000000024,0.0001381242666666667,0.6250000000000024,-0.01908276
28,0.6000000000000025,0.0001267068,0.6000000000000025,-0.019558106666666665
29,0.5750000000000026,0.00011854640000000001,0.5750000000000026,-0.019964846666666668
30,0.5500000000000027,0.00010972673333333333,0.5500000000000027,-0.020303560000000002
31,0.5250000000000028,0.00010117906666666667,0.5250000000000028,-0.020596513333333337
32,0.5000000000000029,9.4386e-05,0.5000000000000029,-0.0208364
33,0.475000000000003,8.681233333333333e-05,0.475000000000003,-0.021039146666666668
34,0.45000000000000306,8.01076e-05,0.45000000000000306,-0.02120946
35,0.42500000000000315,7.372366666666667e-05,0.42500000000000315,-0.021350506666666668
36,0.40000000000000324,6.717353333333334e-05,0.40000000000000324,-0.021469013333333335
37,0.37500000000000333,6.306148666666667e-05,0.37500000000000333,-0.021569173333333334
38,0.3500000000000034,5.701480000000001e-05,0.3500000000000034,-0.02165318
39,0.3250000000000035,5.1306526666666665e-05,0.3250000000000035,-0.021727946666666668
40,0.3000000000000036,4.63441e-05,0.3000000000000036,-0.02178626666666667
41,0.2750000000000037,4.093663333333334e-05,0.2750000000000037,-0.021837513333333336
42,0.2500000000000038,3.673453333333333e-05,0.2500000000000038,-0.02188278
43,0.22500000000000386,3.158795333333333e-05,0.22500000000000386,-0.021915646666666667
44,0.20000000000000395,2.6889646666666666e-05,0.20000000000000395,-0.021953766666666666
45,0.17500000000000404,2.2104333333333335e-05,0.17500000000000404,-0.02198452
46,0.15000000000000413,1.752120666666667e-05,0.15000000000000413,-0.022011233333333335
47,0.12500000000000422,1.3218766666666668e-05,0.12500000000000422,-0.022039233333333335
48,0.10000000000000431,8.999193333333334e-06,0.10000000000000431,-0.022058833333333333
49,0.0750000000000044,5.765656666666667e-06,0.0750000000000044,-0.02208254
50,0.050000000000004485,1.344318e-06,0.050000000000004485,-0.02209814666666667
51,0.025000000000004574,-2.833169333333333e-06,0.025000000000004574,-0.02212018666666667
52,4.6629367034256575e-15,-6.88974e-06,4.6629367034256575e-15,-0.02213742
53,-0.024999999999995248,-1.0173526666666667e-05,-0.024999999999995248,-0.02215154
54,-0.04999999999999516,-1.4743906666666669e-05,-0.04999999999999516,-0.022166693333333334
55,-0.07499999999999507,-1.909352e-05,-0.07499999999999507,-0.02218060666666667
56,-0.09999999999999498,-2.3663746666666667e-05,-0.09999999999999498,-0.0221958
57,-0.12499999999999489,-2.835398666666667e-05,-0.12499999999999489,-0.022207806666666666
58,-0.1499999999999948,-3.2968713333333334e-05,-0.1499999999999948,-0.022220946666666668
59,-0.17499999999999472,-3.782086666666667e-05,-0.17499999999999472,-0.02223322
60,-0.19999999999999463,-4.271841333333333e-05,-0.19999999999999463,-0.022244346666666668
61,-0.22499999999999454,-4.838508e-05,-0.22499999999999454,-0.022259046666666667
62,-0.24999999999999445,-5.3574926666666665e-05,-0.24999999999999445,-0.022272546666666667
63,-0.27499999999999436,-5.94043e-05,-0.27499999999999436,-0.022284313333333333
