,II_4F_V_D,II_4F_J_D,II_4F_V_L,II_4F_J_L
0,-0.3,-4.065777333333334e-05,-0.3,-0.022531693333333335
1,-0.27499999999999997,-3.545048666666667e-05,-0.27499999999999997,-0.022510726666666668
2,-0.24999999999999994,-3.146211333333333e-05,-0.24999999999999994,-0.022491133333333333
3,-0.22499999999999992,-2.7451666666666667e-05,-0.22499999999999992,-0.0224661
4,-0.1999999999999999,-2.3685126666666665e-05,-0.1999999999999999,-0.02243714
5,-0.17499999999999988,-2.014352666666667e-05,-0.17499999999999988,-0.02239288
6,-0.14999999999999986,-1.6707513333333334e-05,-0.14999999999999986,-0.02233324
7,-0.12499999999999983,-1.3337340000000001e-05,-0.12499999999999983,-0.022256433333333336
8,-0.09999999999999981,-1.0281506666666666e-05,-0.09999999999999981,-0.022163166666666668
9,-0.07499999999999979,-7.2406600000000006e-06,-0.07499999999999979,-0.022051686666666667
10,-0.04999999999999977,-4.876834e-06,-0.04999999999999977,-0.021927406666666666
11,-0.024999999999999745,-1.611624e-06,-0.024999999999999745,-0.02178494666666667
12,2.7755575615628914e-16,1.2140466666666668e-06,2.7755575615628914e-16,-0.02163928
13,0.0250000000000003,4.130972e-06,0.0250000000000003,-0.021472733333333334
14,0.05000000000000032,6.961280000000001e-06,0.05000000000000032,-0.021297946666666668
15,0.07500000000000034,9.273253333333334e-06,0.07500000000000034,-0.0211075
16,0.10000000000000037,1.2894386666666668e-05,0.10000000000000037,-0.02091894
17,0.1250000000000004,1.6172026666666668e-05,0.1250000000000004,-0.02071734
18,0.1500000000000004,1.961734e-05,0.1500000000000004,-0.020501093333333335
19,0.17500000000000043,2.3082993333333333e-05,0.17500000000000043,-0.020276806666666668
20,0.20000000000000046,2.6545673333333335e-05,0.20000000000000046,-0.020039440000000002
21,0.22500000000000048,3.0271393333333334e-05,0.22500000000000048,-0.019785713333333333
22,0.2500000000000005,3.4066986666666666e-05,0.2500000000000005,-0.01953342
23,0.2750000000000005,3.7820233333333334e-05,0.2750000000000005,-0.01925696
24,0.30000000000000054,4.197416666666667e-05,0.30000000000000054,-0.018956126666666667
25,0.32500000000000057,4.594247333333333e-05,0.32500000000000057,-0.018659320000000004
26,0.3500000000000006,5.040702e-05,0.3500000000000006,-0.01833642666666667
27,0.3750000000000006,5.4802226666666666e-05,0.3750000000000006,-0.017991753333333332
28,0.40000000000000063,5.9382740000000006e-05,0.40000000000000063,-0.0176085
29,0.42500000000000066,6.433192666666668e-05,0.42500000000000066,-0.017234333333333334
30,0.4500000000000007,6.971766666666666e-05,0.4500000000000007,-0.01681440666666667
31,0.4750000000000007,7.69976e-05,0.4750000000000007,-0.01636366
32,0.5000000000000007,8.522246666666667e-05,0.5000000000000007,-0.015879633333333334
33,0.5250000000000008,9.587073333333334e-05,0.5250000000000008,-0.015359226666666666
34,0.5500000000000007,0.00011031626666666667,0.5500000000000007,-0.014797860000000001
35,0.5750000000000008,0.00012938726666666668,0.5750000000000008,-0.014197766666666669
36,0.6000000000000008,0.00015566273333333334,0.6000000000000008,-0.013550240000000002
37,0.6250000000000009,0.00018899546666666667,0.6250000000000009,-0.01285894
38,0.6500000000000008,0.00023028206666666666,0.6500000000000008,-0.01213284
39,0.6750000000000009,0.00028132153333333335,0.6750000000000009,-0.011346486666666667
40,0.7000000000000008,0.0003406982666666667,0.7000000000000008,-0.010523366666666667
41,0.7250000000000008,0.00041072133333333333,0.7250000000000008,-0.00963194
42,0.7500000000000009,0.0004904510666666667,0.7500000000000009,-0.00872054
43,0.775000000000001,0.0005822140666666667,0.775000000000001,-0.007757593333333333
44,0.8000000000000009,0.0007210393333333334,0.8000000000000009,-0.006741486666666666
45,0.8250000000000008,0.0008356006666666667,0.8250000000000008,-0.006409066666666667
46,0.850000000000001,0.0009755553333333334,0.850000000000001,-0.0049699286666666665
47,0.8750000000000011,0.0011423073333333333,0.8750000000000011,-0.003713415333333333
48,0.900000000000001,0.0013453500000000001,0.900000000000001,-0.0024501586666666668
49,0.9250000000000009,0.0015919253333333335,0.9250000000000009,-0.0011538966666666667
50,0.9500000000000011,0.0019000893333333334,0.9500000000000011,-0.00038962260000000005
51,0.9750000000000012,0.0022822973333333336,0.9750000000000012,0.00021800460000000004
52,1.000000000000001,0.0027514013333333337,1.000000000000001,0.0019595506666666668
53,1.025000000000001,0.0033306066666666666,1.025000000000001,0.0036103299999999997
54,1.0500000000000012,0.004036584,1.0500000000000012,0.005279796666666667
55,1.0750000000000013,0.004885269333333333,1.0750000000000013,0.0069752
56,1.1000000000000012,0.005895448,1.1000000000000012,0.008289813333333333
57,1.125000000000001,0.0077526466666666665,1.125000000000001,0.010261873333333334
58,1.1500000000000012,0.008977273333333334,1.1500000000000012,0.012241446666666668
59,1.1750000000000014,0.01050646,1.1750000000000014,0.014283713333333333
60,1.2000000000000013,0.01223514,1.2000000000000013,0.01640576666666667
61,1.2250000000000012,0.014157233333333333,1.2250000000000012,0.018621526666666666
62,1.2500000000000013,0.01625366,1.2500000000000013,0.02093246
63,1.2750000000000015,0.018519393333333332,1.2750000000000015,0.023345153333333334
