,II_4R_V_D,II_4R_J_D,II_4R_V_L,II_4R_J_L
0,1.3,0.022151340000000002,1.3,0.030998633333333334
1,1.2750000000000001,0.02214624,1.2750000000000001,0.027883180000000004
2,1.2500000000000002,0.020351486666666665,1.2500000000000002,0.024865833333333334
3,1.2250000000000003,0.018202913333333334,1.2250000000000003,0.021928446666666667
4,1.2000000000000004,0.01598458,1.2000000000000004,0.01909024
5,1.1750000000000005,0.013817586666666666,1.1750000000000005,0.016339426666666667
6,1.1500000000000006,0.011755053333333333,1.1500000000000006,0.013680026666666668
7,1.1250000000000007,0.00983282,1.1250000000000007,0.01111728
8,1.1000000000000008,0.00807836,1.1000000000000008,0.00865078
9,1.0750000000000008,0.006478355333333334,1.0750000000000008,0.0064457180000000005
10,1.050000000000001,0.005111228666666667,1.050000000000001,0.004014398666666667
11,1.025000000000001,0.003955963333333333,1.025000000000001,0.0017783940000000002
12,1.000000000000001,0.0030162153333333336,1.000000000000001,-0.00010483106666666667
13,0.9750000000000012,0.0022754633333333333,0.9750000000000012,-0.002083222
14,0.9500000000000013,0.0017197366666666669,0.9500000000000013,-0.004197383333333333
15,0.9250000000000014,0.001321324,0.9250000000000014,-0.006083133333333333
16,0.9000000000000015,0.001045006,0.9000000000000015,-0.007559526666666668
17,0.8750000000000016,0.0008568600000000001,0.8750000000000016,-0.009361840000000001
18,0.8500000000000016,0.0007291353333333334,0.8500000000000016,-0.010939220000000001
19,0.8250000000000017,0.0006471226000000001,0.8250000000000017,-0.012372106666666667
20,0.8000000000000018,0.0005737438666666667,0.8000000000000018,-0.0136655
21,0.7750000000000019,0.0005222383333333333,0.7750000000000019,-0.014826006666666667
22,0.750000000000002,0.00047787893333333336,0.750000000000002,-0.015847586666666667
23,0.7250000000000021,0.0004417468,0.7250000000000021,-0.01674340666666667
24,0.7000000000000022,0.0004069815333333334,0.7000000000000022,-0.01751272666666667
25,0.6750000000000023,0.0003766432666666667,0.6750000000000023,-0.018171566666666666
26,0.6500000000000024,0.0003485057333333334,0.6500000000000024,-0.01872978
27,0.6250000000000024,0.00032265340000000003,0.6250000000000024,-0.019196920000000003
28,0.6000000000000025,0.0002969124,0.6000000000000025,-0.019599186666666667
29,0.5750000000000026,0.00027269040000000005,0.5750000000000026,-0.01994788
30,0.5500000000000027,0.00024997533333333337,0.5500000000000027,-0.020228020000000003
31,0.5250000000000028,0.00022906400000000001,0.5250000000000028,-0.020474453333333333
32,0.5000000000000029,0.00020957280000000002,0.5000000000000029,-0.02068558666666667
33,0.475000000000003,0.00019029553333333333,0.475000000000003,-0.020866926666666667
34,0.45000000000000306,0.0001735578,0.45000000000000306,-0.02103184666666667
35,0.42500000000000315,0.000157106,0.42500000000000315,-0.021173906666666666
36,0.40000000000000324,0.0001417862,0.40000000000000324,-0.02129729333333333
37,0.37500000000000333,0.0001279840666666667,0.37500000000000333,-0.021408686666666666
38,0.3500000000000034,0.00011489813333333334,0.3500000000000034,-0.021506106666666667
39,0.3250000000000035,0.00010334906666666667,0.3250000000000035,-0.021591446666666667
40,0.3000000000000036,9.218440000000001e-05,0.3000000000000036,-0.021666300000000003
41,0.2750000000000037,8.21492e-05,0.2750000000000037,-0.021734753333333336
42,0.2500000000000038,7.21666e-05,0.2500000000000038,-0.02179960666666667
43,0.22500000000000386,6.25514e-05,0.22500000000000386,-0.02184460666666667
44,0.20000000000000395,5.345083333333333e-05,0.20000000000000395,-0.02189528
45,0.17500000000000404,4.475566e-05,0.17500000000000404,-0.021941520000000003
46,0.15000000000000413,3.676814666666667e-05,0.15000000000000413,-0.021975746666666667
47,0.12500000000000422,2.9027073333333338e-05,0.12500000000000422,-0.02201056666666667
48,0.10000000000000431,2.158456e-05,0.10000000000000431,-0.022042853333333334
49,0.0750000000000044,1.4227126666666665e-05,0.0750000000000044,-0.022073286666666667
50,0.050000000000004485,7.205480000000001e-06,0.050000000000004485,-0.02209956
51,0.025000000000004574,6.647588e-07,0.025000000000004574,-0.02212402
52,4.6629367034256575e-15,-6.50516e-06,4.6629367034256575e-15,-0.022147733333333332
53,-0.024999999999995248,-1.3191426666666668e-05,-0.024999999999995248,-0.02217086
54,-0.04999999999999516,-2.014766e-05,-0.04999999999999516,-0.022192586666666667
55,-0.07499999999999507,-2.719314e-05,-0.07499999999999507,-0.022218440000000002
56,-0.09999999999999498,-3.468528666666667e-05,-0.09999999999999498,-0.022238300000000003
57,-0.12499999999999489,-4.245587333333334e-05,-0.12499999999999489,-0.022260973333333333
58,-0.1499999999999948,-5.030248666666667e-05,-0.1499999999999948,-0.02228326666666667
59,-0.17499999999999472,-5.9021700000000004e-05,-0.17499999999999472,-0.022305480000000003
60,-0.19999999999999463,-6.77414e-05,-0.19999999999999463,-0.022324560000000004
61,-0.22499999999999454,-7.580513333333333e-05,-0.22499999999999454,-0.02234766666666667
62,-0.24999999999999445,-8.535606666666668e-05,-0.24999999999999445,-0.022371000000000002
63,-0.27499999999999436,-9.47342e-05,-0.27499999999999436,-0.02239278
