,II_4R_V_D,II_4R_J_D,II_4R_V_L,II_4R_J_L
0,1.3,0.0221728,1.3,0.03106634
1,1.2750000000000001,0.02200628,1.2750000000000001,0.027891720000000002
2,1.2500000000000002,0.020154773333333334,1.2500000000000002,0.024835040000000003
3,1.2250000000000003,0.017981620000000004,1.2250000000000003,0.02188042
4,1.2000000000000004,0.015766153333333335,1.2000000000000004,0.01901888666666667
5,1.1750000000000005,0.013610186666666666,1.1750000000000005,0.016259333333333334
6,1.1500000000000006,0.01156468,1.1500000000000006,0.013595999999999999
7,1.1250000000000007,0.009670186666666667,1.1250000000000007,0.0110302
8,1.1000000000000008,0.007951353333333334,1.1000000000000008,0.008577393333333334
9,1.0750000000000008,0.0063936240000000005,1.0750000000000008,0.006366588
10,1.050000000000001,0.005056168000000001,1.050000000000001,0.003955112
11,1.025000000000001,0.0039443,1.025000000000001,0.0017414873333333335
12,1.000000000000001,0.0030399913333333337,1.000000000000001,-0.00014052360000000002
13,0.9750000000000012,0.0023298286666666667,0.9750000000000012,-0.002114826666666667
14,0.9500000000000013,0.0017974193333333333,0.9500000000000013,-0.0042051933333333335
15,0.9250000000000014,0.001418402,0.9250000000000014,-0.006068859333333334
16,0.9000000000000015,0.00115471,0.9000000000000015,-0.00755094
17,0.8750000000000016,0.0009723073333333333,0.8750000000000016,-0.009338093333333334
18,0.8500000000000016,0.0008480826666666668,0.8500000000000016,-0.010900159999999999
19,0.8250000000000017,0.0007554020000000001,0.8250000000000017,-0.0123297
20,0.8000000000000018,0.0006899159999999999,0.8000000000000018,-0.013622133333333333
21,0.7750000000000019,0.0006343060000000001,0.7750000000000019,-0.014779320000000002
22,0.750000000000002,0.0005879488,0.750000000000002,-0.015805406666666667
23,0.7250000000000021,0.0005485407333333333,0.7250000000000021,-0.016705926666666666
24,0.7000000000000022,0.0005091906,0.7000000000000022,-0.017485766666666666
25,0.6750000000000023,0.0004739891333333334,0.6750000000000023,-0.018135193333333334
26,0.6500000000000024,0.0004420797333333333,0.6500000000000024,-0.018693113333333334
27,0.6250000000000024,0.0004110526666666667,0.6250000000000024,-0.019168973333333336
28,0.6000000000000025,0.0003815732666666667,0.6000000000000025,-0.01956160666666667
29,0.5750000000000026,0.0003533842,0.5750000000000026,-0.019906053333333333
30,0.5500000000000027,0.0003272934,0.5500000000000027,-0.020192520000000002
31,0.5250000000000028,0.00030244453333333335,0.5250000000000028,-0.020440706666666666
32,0.5000000000000029,0.00027810933333333334,0.5000000000000029,-0.020650460000000002
33,0.475000000000003,0.00025578633333333335,0.475000000000003,-0.020836140000000003
34,0.45000000000000306,0.00023363973333333335,0.45000000000000306,-0.020996393333333332
35,0.42500000000000315,0.0002139852666666667,0.42500000000000315,-0.021136786666666667
36,0.40000000000000324,0.00019510326666666666,0.40000000000000324,-0.021263400000000002
37,0.37500000000000333,0.0001767762,0.37500000000000333,-0.021378866666666666
38,0.3500000000000034,0.0001594836,0.3500000000000034,-0.021473866666666667
39,0.3250000000000035,0.00014426366666666667,0.3250000000000035,-0.021562293333333336
40,0.3000000000000036,0.00012943513333333334,0.3000000000000036,-0.021640133333333336
41,0.2750000000000037,0.00011463853333333334,0.2750000000000037,-0.021710173333333336
42,0.2500000000000038,0.0001009758,0.2500000000000038,-0.0217748
43,0.22500000000000386,8.853913333333333e-05,0.22500000000000386,-0.021825513333333334
44,0.20000000000000395,7.591926666666667e-05,0.20000000000000395,-0.02188032666666667
45,0.17500000000000404,6.377185333333334e-05,0.17500000000000404,-0.02192794
46,0.15000000000000413,5.253949333333334e-05,0.15000000000000413,-0.021968233333333333
47,0.12500000000000422,4.141018666666667e-05,0.12500000000000422,-0.022005593333333334
48,0.10000000000000431,3.094052666666667e-05,0.10000000000000431,-0.022038980000000003
49,0.0750000000000044,2.0676033333333333e-05,0.0750000000000044,-0.022070160000000002
50,0.050000000000004485,1.066878e-05,0.050000000000004485,-0.022102366666666668
51,0.025000000000004574,1.1844393333333334e-06,0.025000000000004574,-0.02212814
52,4.6629367034256575e-15,-8.60368e-06,4.6629367034256575e-15,-0.0221516
53,-0.024999999999995248,-1.8748573333333335e-05,-0.024999999999995248,-0.022178433333333334
54,-0.04999999999999516,-2.8608160000000002e-05,-0.04999999999999516,-0.02220146666666667
55,-0.07499999999999507,-3.867138e-05,-0.07499999999999507,-0.02222766666666667
56,-0.09999999999999498,-4.8859613333333334e-05,-0.09999999999999498,-0.022251533333333334
57,-0.12499999999999489,-5.963014e-05,-0.12499999999999489,-0.022276286666666666
58,-0.1499999999999948,-7.005713333333333e-05,-0.1499999999999948,-0.02229908666666667
59,-0.17499999999999472,-8.112966666666667e-05,-0.17499999999999472,-0.022324453333333334
60,-0.19999999999999463,-9.201753333333333e-05,-0.19999999999999463,-0.022344733333333335
61,-0.22499999999999454,-0.00010336006666666667,-0.22499999999999454,-0.022369373333333335
62,-0.24999999999999445,-0.00011561286666666667,-0.24999999999999445,-0.02239316
63,-0.27499999999999436,-0.00012876933333333336,-0.27499999999999436,-0.022416673333333335
