,II_4R_V_D,II_4R_J_D,II_4R_V_L,II_4R_J_L
0,1.3,0.021321886666666668,1.3,0.029332760000000003
1,1.2750000000000001,0.02186274,1.2750000000000001,0.026492986666666666
2,1.2500000000000002,0.020301113333333336,1.2500000000000002,0.023644886666666667
3,1.2250000000000003,0.01827094,1.2250000000000003,0.020834460000000003
4,1.2000000000000004,0.016127686666666665,1.2000000000000004,0.018080413333333333
5,1.1750000000000005,0.01399722,1.1750000000000005,0.015396326666666666
6,1.1500000000000006,0.011945246666666668,1.1500000000000006,0.012779286666666667
7,1.1250000000000007,0.010011413333333335,1.1250000000000007,0.010236993333333333
8,1.1000000000000008,0.008231166666666666,1.1000000000000008,0.007780113333333334
9,1.0750000000000008,0.006570262,1.0750000000000008,0.005557996666666667
10,1.050000000000001,0.0051812360000000005,1.050000000000001,0.0031376626666666666
11,1.025000000000001,0.0039879320000000005,1.025000000000001,0.0009014960000000001
12,1.000000000000001,0.0030095960000000002,1.000000000000001,-0.0012323326666666666
13,0.9750000000000012,0.002243712666666667,0.9750000000000012,-0.0032585986666666665
14,0.9500000000000013,0.0016785313333333334,0.9500000000000013,-0.0051893246666666676
15,0.9250000000000014,0.0012775746666666668,0.9250000000000014,-0.006982093333333333
16,0.9000000000000015,0.0010050266666666665,0.9000000000000015,-0.008399773333333334
17,0.8750000000000016,0.0008213813333333334,0.8750000000000016,-0.010135826666666667
18,0.8500000000000016,0.0006931026666666667,0.8500000000000016,-0.0116475
19,0.8250000000000017,0.0006105689333333333,0.8250000000000017,-0.01300368
20,0.8000000000000018,0.0005392404,0.8000000000000018,-0.014213373333333335
21,0.7750000000000019,0.00048809466666666665,0.7750000000000019,-0.015280453333333334
22,0.750000000000002,0.0004429354,0.750000000000002,-0.01622440666666667
23,0.7250000000000021,0.00040508653333333337,0.7250000000000021,-0.017039540000000002
24,0.7000000000000022,0.0003734038,0.7000000000000022,-0.017737986666666667
25,0.6750000000000023,0.00034091060000000003,0.6750000000000023,-0.018334846666666668
26,0.6500000000000024,0.000310117,0.6500000000000024,-0.018850913333333334
27,0.6250000000000024,0.00027987613333333334,0.6250000000000024,-0.019298060000000002
28,0.6000000000000025,0.00025883933333333334,0.6000000000000025,-0.01966368666666667
29,0.5750000000000026,0.00023298780000000004,0.5750000000000026,-0.019983066666666667
30,0.5500000000000027,0.00021158526666666667,0.5500000000000027,-0.02025726
31,0.5250000000000028,0.00019071486666666669,0.5250000000000028,-0.02050214666666667
32,0.5000000000000029,0.00017094793333333332,0.5000000000000029,-0.02070382
33,0.475000000000003,0.00015426340000000002,0.475000000000003,-0.020879093333333335
34,0.45000000000000306,0.00013892006666666669,0.45000000000000306,-0.021034740000000003
35,0.42500000000000315,0.00012534526666666668,0.42500000000000315,-0.021173713333333333
36,0.40000000000000324,0.00011272833333333334,0.40000000000000324,-0.021291006666666668
37,0.37500000000000333,0.00010166153333333334,0.37500000000000333,-0.021393993333333333
38,0.3500000000000034,9.116093333333334e-05,0.3500000000000034,-0.021484866666666668
39,0.3250000000000035,8.193606666666668e-05,0.3250000000000035,-0.02156504
40,0.3000000000000036,7.240806666666667e-05,0.3000000000000036,-0.021636246666666668
41,0.2750000000000037,6.422086000000001e-05,0.2750000000000037,-0.021695173333333335
42,0.2500000000000038,5.6042920000000007e-05,0.2500000000000038,-0.021746086666666668
43,0.22500000000000386,4.863524e-05,0.22500000000000386,-0.021784913333333336
44,0.20000000000000395,4.161449333333334e-05,0.20000000000000395,-0.021829006666666668
45,0.17500000000000404,3.5155180000000004e-05,0.17500000000000404,-0.02186928
46,0.15000000000000413,2.874301333333333e-05,0.15000000000000413,-0.021900606666666666
47,0.12500000000000422,2.284018e-05,0.12500000000000422,-0.0219308
48,0.10000000000000431,1.6909246666666666e-05,0.10000000000000431,-0.021958593333333335
49,0.0750000000000044,1.1223826666666667e-05,0.0750000000000044,-0.021986206666666668
50,0.050000000000004485,6.038557333333333e-06,0.050000000000004485,-0.022010753333333334
51,0.025000000000004574,9.29858e-08,0.025000000000004574,-0.022036453333333334
52,4.6629367034256575e-15,-5.549387333333334e-06,4.6629367034256575e-15,-0.022059873333333334
53,-0.024999999999995248,-1.0650833333333333e-05,-0.024999999999995248,-0.02208946
54,-0.04999999999999516,-1.6645106666666667e-05,-0.04999999999999516,-0.02211042
55,-0.07499999999999507,-2.263822e-05,-0.07499999999999507,-0.022135646666666668
56,-0.09999999999999498,-2.882306666666667e-05,-0.09999999999999498,-0.0221623
57,-0.12499999999999489,-3.480407333333333e-05,-0.12499999999999489,-0.022184793333333334
58,-0.1499999999999948,-4.1625120000000004e-05,-0.1499999999999948,-0.02221316666666667
59,-0.17499999999999472,-4.854224e-05,-0.17499999999999472,-0.022237433333333334
60,-0.19999999999999463,-5.5861906666666664e-05,-0.19999999999999463,-0.022258573333333333
61,-0.22499999999999454,-6.287200666666668e-05,-0.22499999999999454,-0.022286000000000004
62,-0.24999999999999445,-7.085506666666667e-05,-0.24999999999999445,-0.02230984
63,-0.27499999999999436,-7.929186666666667e-05,-0.27499999999999436,-0.022332533333333335
