,II_4F_V_D,II_4F_J_D,II_4F_V_L,II_4F_J_L
0,-0.3,-4.02196e-05,-0.3,-0.02254982666666667
1,-0.27499999999999997,-3.547798000000001e-05,-0.27499999999999997,-0.02252716
2,-0.24999999999999994,-3.1424586666666665e-05,-0.24999999999999994,-0.022501873333333335
3,-0.22499999999999992,-2.753904666666667e-05,-0.22499999999999992,-0.02247292
4,-0.1999999999999999,-2.3793026666666668e-05,-0.1999999999999999,-0.0224246
5,-0.17499999999999988,-2.026370666666667e-05,-0.17499999999999988,-0.022360626666666668
6,-0.14999999999999986,-1.6866840000000002e-05,-0.14999999999999986,-0.022275953333333334
7,-0.12499999999999983,-1.3581713333333333e-05,-0.12499999999999983,-0.02217618666666667
8,-0.09999999999999981,-1.0429373333333333e-05,-0.09999999999999981,-0.02206549333333333
9,-0.07499999999999979,-7.4225066666666665e-06,-0.07499999999999979,-0.021945293333333334
10,-0.04999999999999977,-4.929447333333333e-06,-0.04999999999999977,-0.02181764666666667
11,-0.024999999999999745,-1.7552720000000002e-06,-0.024999999999999745,-0.02168238
12,2.7755575615628914e-16,1.0579213333333334e-06,2.7755575615628914e-16,-0.021546500000000003
13,0.0250000000000003,3.961754000000001e-06,0.0250000000000003,-0.021394846666666665
14,0.05000000000000032,6.8564866666666675e-06,0.05000000000000032,-0.021240079999999998
15,0.07500000000000034,9.261006666666668e-06,0.07500000000000034,-0.021074146666666668
16,0.10000000000000037,1.270468e-05,0.10000000000000037,-0.02091378
17,0.1250000000000004,1.5971633333333335e-05,0.1250000000000004,-0.02074424
18,0.1500000000000004,1.9228866666666668e-05,0.1500000000000004,-0.02056052666666667
19,0.17500000000000043,2.26031e-05,0.17500000000000043,-0.020371586666666667
20,0.20000000000000046,2.621138666666667e-05,0.20000000000000046,-0.02016948666666667
21,0.22500000000000048,2.995486e-05,0.22500000000000048,-0.019949126666666667
22,0.2500000000000005,3.4026020000000004e-05,0.2500000000000005,-0.019736513333333334
23,0.2750000000000005,3.8121006666666666e-05,0.2750000000000005,-0.019495480000000003
24,0.30000000000000054,4.225548666666667e-05,0.30000000000000054,-0.019244046666666667
25,0.32500000000000057,4.658592666666667e-05,0.32500000000000057,-0.018973900000000002
26,0.3500000000000006,5.115953333333334e-05,0.3500000000000006,-0.01868552
27,0.3750000000000006,5.5742973333333334e-05,0.3750000000000006,-0.018376473333333334
28,0.40000000000000063,6.085872e-05,0.40000000000000063,-0.018028866666666667
29,0.42500000000000066,6.607311333333333e-05,0.42500000000000066,-0.017693466666666668
30,0.4500000000000007,7.084886666666667e-05,0.4500000000000007,-0.017305340000000002
31,0.4750000000000007,7.774966666666667e-05,0.4750000000000007,-0.01689534666666667
32,0.5000000000000007,8.569086666666667e-05,0.5000000000000007,-0.01645251333333333
33,0.5250000000000008,9.58744e-05,0.5250000000000008,-0.015949953333333333
34,0.5500000000000007,0.00010793933333333335,0.5500000000000007,-0.015417726666666666
35,0.5750000000000008,0.0001244972,0.5750000000000008,-0.014848920000000002
36,0.6000000000000008,0.00014558053333333333,0.6000000000000008,-0.014229286666666667
37,0.6250000000000009,0.0001728444666666667,0.6250000000000009,-0.013565766666666666
38,0.6500000000000008,0.00020723993333333335,0.6500000000000008,-0.012863533333333335
39,0.6750000000000009,0.00024956980000000005,0.6750000000000009,-0.01210538
40,0.7000000000000008,0.00029944080000000005,0.7000000000000008,-0.011304506666666667
41,0.7250000000000008,0.0003578054666666667,0.7250000000000008,-0.01043112
42,0.7500000000000009,0.0004255922666666667,0.7500000000000009,-0.009541326666666667
43,0.775000000000001,0.0005025364000000001,0.775000000000001,-0.008591126666666667
44,0.8000000000000009,0.0005911362666666666,0.8000000000000009,-0.007587593333333334
45,0.8250000000000008,0.00072937,0.8250000000000008,-0.007990013333333334
46,0.850000000000001,0.000848712,0.850000000000001,-0.007354446666666667
47,0.8750000000000011,0.0009982246666666668,0.8750000000000011,-0.006128378666666667
48,0.900000000000001,0.0011883933333333334,0.900000000000001,-0.004410070666666667
49,0.9250000000000009,0.0014353946666666667,0.9250000000000009,-0.002893385333333333
50,0.9500000000000011,0.001759460666666667,0.9500000000000011,-0.0013832640000000002
51,0.9750000000000012,0.0021829906666666664,0.9750000000000012,-0.0002922606
52,1.000000000000001,0.0027332840000000003,1.000000000000001,0.0009694293333333333
53,1.025000000000001,0.0034317900000000005,1.025000000000001,0.0029058193333333336
54,1.0500000000000012,0.004311107333333334,1.0500000000000012,0.004773447333333334
55,1.0750000000000013,0.005379344,1.0750000000000013,0.0066908133333333335
56,1.1000000000000012,0.006644371333333334,1.1000000000000012,0.008348646666666668
57,1.125000000000001,0.008757146666666667,1.125000000000001,0.01056894
58,1.1500000000000012,0.010267513333333334,1.1500000000000012,0.012808166666666667
59,1.1750000000000014,0.012111826666666667,1.1750000000000014,0.01512098666666667
60,1.2000000000000013,0.014149140000000001,1.2000000000000013,0.01753164
61,1.2250000000000012,0.016401773333333335,1.2250000000000012,0.020040093333333335
62,1.2500000000000013,0.018812660000000002,1.2500000000000013,0.0226481
63,1.2750000000000015,0.021383906666666667,1.2750000000000015,0.025354113333333334
