,II_4F_V_D,II_4F_J_D,II_4F_V_L,II_4F_J_L
0,-0.3,-3.409909333333333e-05,-0.3,-0.022496133333333335
1,-0.27499999999999997,-2.958038666666667e-05,-0.27499999999999997,-0.0224787
2,-0.24999999999999994,-2.6091906666666666e-05,-0.24999999999999994,-0.022462353333333334
3,-0.22499999999999992,-2.2888353333333334e-05,-0.22499999999999992,-0.022442233333333332
4,-0.1999999999999999,-1.9708386666666667e-05,-0.1999999999999999,-0.022419933333333336
5,-0.17499999999999988,-1.664998e-05,-0.17499999999999988,-0.022388353333333333
6,-0.14999999999999986,-1.3882433333333333e-05,-0.14999999999999986,-0.022354973333333333
7,-0.12499999999999983,-1.1108886666666668e-05,-0.12499999999999983,-0.022308280000000003
8,-0.09999999999999981,-8.45268e-06,-0.09999999999999981,-0.022249326666666666
9,-0.07499999999999979,-6.528268666666667e-06,-0.07499999999999979,-0.022173873333333333
10,-0.04999999999999977,-3.477728666666667e-06,-0.04999999999999977,-0.022078146666666666
11,-0.024999999999999745,-9.265646666666667e-07,-0.024999999999999745,-0.021962186666666668
12,2.7755575615628914e-16,1.5526926666666666e-06,2.7755575615628914e-16,-0.02182992
13,0.0250000000000003,4.0753100000000005e-06,0.0250000000000003,-0.02167406666666667
14,0.05000000000000032,6.630685333333334e-06,0.05000000000000032,-0.02150179333333333
15,0.07500000000000034,8.1022e-06,0.07500000000000034,-0.021305213333333333
16,0.10000000000000037,1.151394e-05,0.10000000000000037,-0.021102306666666668
17,0.1250000000000004,1.438618e-05,0.1250000000000004,-0.02087903333333333
18,0.1500000000000004,1.728788666666667e-05,0.1500000000000004,-0.02064040666666667
19,0.17500000000000043,2.0166406666666667e-05,0.17500000000000043,-0.02038784
20,0.20000000000000046,2.326828666666667e-05,0.20000000000000046,-0.02012128666666667
21,0.22500000000000048,2.6315906666666666e-05,0.22500000000000048,-0.019836393333333334
22,0.2500000000000005,2.9372999999999998e-05,0.2500000000000005,-0.01954904
23,0.2750000000000005,3.276622e-05,0.2750000000000005,-0.019238753333333334
24,0.30000000000000054,3.6085673333333335e-05,0.30000000000000054,-0.018902673333333335
25,0.32500000000000057,3.956205333333334e-05,0.32500000000000057,-0.018574153333333336
26,0.3500000000000006,4.3106100000000004e-05,0.3500000000000006,-0.018215786666666667
27,0.3750000000000006,4.685782666666667e-05,0.3750000000000006,-0.017833646666666668
28,0.40000000000000063,5.085502666666667e-05,0.40000000000000063,-0.017420066666666668
29,0.42500000000000066,5.47287e-05,0.42500000000000066,-0.017011266666666667
30,0.4500000000000007,5.922641333333333e-05,0.4500000000000007,-0.016560073333333335
31,0.4750000000000007,6.439961333333334e-05,0.4750000000000007,-0.016077313333333336
32,0.5000000000000007,7.148573333333333e-05,0.5000000000000007,-0.01556628
33,0.5250000000000008,8.052786666666667e-05,0.5250000000000008,-0.015018486666666667
34,0.5500000000000007,9.141986666666667e-05,0.5500000000000007,-0.014431653333333336
35,0.5750000000000008,0.0001078414,0.5750000000000008,-0.013809926666666668
36,0.6000000000000008,0.0001297504,0.6000000000000008,-0.013143046666666667
37,0.6250000000000009,0.000158947,0.6250000000000009,-0.012436066666666667
38,0.6500000000000008,0.0001969406,0.6500000000000008,-0.01168232
39,0.6750000000000009,0.00024458693333333334,0.6750000000000009,-0.010886686666666668
40,0.7000000000000008,0.0003023632,0.7000000000000008,-0.010047773333333334
41,0.7250000000000008,0.0003704996,0.7250000000000008,-0.009148553333333333
42,0.7500000000000009,0.0004511972666666667,0.7500000000000009,-0.0082239
43,0.775000000000001,0.0005460022,0.775000000000001,-0.007251433333333333
44,0.8000000000000009,0.0006557842666666667,0.8000000000000009,-0.007618733333333333
45,0.8250000000000008,0.000816782,0.8250000000000008,-0.0066699133333333336
46,0.850000000000001,0.0009548066666666666,0.850000000000001,-0.005199985333333334
47,0.8750000000000011,0.0011238533333333336,0.8750000000000011,-0.003871194666666667
48,0.900000000000001,0.0013250473333333334,0.900000000000001,-0.0025427113333333336
49,0.9250000000000009,0.001560984,0.9250000000000009,-0.001197602
50,0.9500000000000011,0.0018363966666666667,0.9500000000000011,-0.00030777273333333334
51,0.9750000000000012,0.0021587186666666668,0.9750000000000012,0.0002839446666666667
52,1.000000000000001,0.002535,1.000000000000001,0.0019479353333333334
53,1.025000000000001,0.0029704193333333338,1.025000000000001,0.0035709473333333337
54,1.0500000000000012,0.003484014,1.0500000000000012,0.005202300666666667
55,1.0750000000000013,0.00408426,1.0750000000000013,0.006855773333333333
56,1.1000000000000012,0.004786698,1.1000000000000012,0.008006773333333335
57,1.125000000000001,0.005595998666666667,1.125000000000001,0.00983992
58,1.1500000000000012,0.006550038000000001,1.1500000000000012,0.011674566666666667
59,1.1750000000000014,0.008490546666666668,1.1750000000000014,0.01354452666666667
60,1.2000000000000013,0.00964822,1.2000000000000013,0.015464646666666667
61,1.2250000000000012,0.011088166666666666,1.2250000000000012,0.017441073333333335
62,1.2500000000000013,0.012721473333333334,1.2500000000000013,0.019486466666666667
63,1.2750000000000015,0.014550686666666666,1.2750000000000015,0.021609826666666665
