,II_4F_V_D,II_4F_J_D,II_4F_V_L,II_4F_J_L
0,-0.3,-0.00010484046666666667,-0.3,-0.022594686666666666
1,-0.27499999999999997,-9.32668e-05,-0.27499999999999997,-0.022560833333333336
2,-0.24999999999999994,-8.309586666666667e-05,-0.24999999999999994,-0.0225138
3,-0.22499999999999992,-7.349153333333334e-05,-0.22499999999999992,-0.02245034
4,-0.1999999999999999,-6.418870666666667e-05,-0.1999999999999999,-0.02237428
5,-0.17499999999999988,-5.461342666666667e-05,-0.17499999999999988,-0.022297633333333334
6,-0.14999999999999986,-4.630794e-05,-0.14999999999999986,-0.022220413333333335
7,-0.12499999999999983,-3.752097333333334e-05,-0.12499999999999983,-0.022145333333333336
8,-0.09999999999999981,-2.8818873333333335e-05,-0.09999999999999981,-0.022071413333333335
9,-0.07499999999999979,-2.0934493333333335e-05,-0.07499999999999979,-0.021998800000000002
10,-0.04999999999999977,-1.3254613333333334e-05,-0.04999999999999977,-0.02192408666666667
11,-0.024999999999999745,-5.923158e-06,-0.024999999999999745,-0.021846880000000003
12,2.7755575615628914e-16,1.5277533333333333e-06,2.7755575615628914e-16,-0.021771593333333335
13,0.0250000000000003,8.771973333333334e-06,0.0250000000000003,-0.021687626666666668
14,0.05000000000000032,1.6279006666666667e-05,0.05000000000000032,-0.021602946666666668
15,0.07500000000000034,2.4125813333333334e-05,0.07500000000000034,-0.021506260000000003
16,0.10000000000000037,3.198822e-05,0.10000000000000037,-0.021405773333333336
17,0.1250000000000004,4.0056380000000004e-05,0.1250000000000004,-0.021295973333333332
18,0.1500000000000004,4.8775280000000006e-05,0.1500000000000004,-0.021177433333333332
19,0.17500000000000043,5.7215813333333334e-05,0.17500000000000043,-0.021048653333333334
20,0.20000000000000046,6.636859333333334e-05,0.20000000000000046,-0.020906226666666666
21,0.22500000000000048,7.558866666666666e-05,0.22500000000000048,-0.020745080000000003
22,0.2500000000000005,8.481253333333333e-05,0.2500000000000005,-0.02058156
23,0.2750000000000005,9.524240000000001e-05,0.2750000000000005,-0.020389613333333334
24,0.30000000000000054,0.00010561933333333334,0.30000000000000054,-0.020173526666666667
25,0.32500000000000057,0.00011579960000000001,0.32500000000000057,-0.019948253333333332
26,0.3500000000000006,0.00012805453333333334,0.3500000000000006,-0.019696873333333333
27,0.3750000000000006,0.00013901120000000002,0.3750000000000006,-0.019414346666666665
28,0.40000000000000063,0.0001516158,0.40000000000000063,-0.01910066
29,0.42500000000000066,0.00016518726666666666,0.42500000000000066,-0.018756993333333333
30,0.4500000000000007,0.00017866920000000002,0.4500000000000007,-0.018381293333333337
31,0.4750000000000007,0.00019277986666666667,0.4750000000000007,-0.017960633333333333
32,0.5000000000000007,0.00020817460000000003,0.5000000000000007,-0.01750176
33,0.5250000000000008,0.00022468273333333332,0.5250000000000008,-0.016996806666666666
34,0.5500000000000007,0.000243314,0.5500000000000007,-0.016449106666666668
35,0.5750000000000008,0.00026494733333333334,0.5750000000000008,-0.015858166666666666
36,0.6000000000000008,0.00028567046666666665,0.6000000000000008,-0.01520540666666667
37,0.6250000000000009,0.00031246846666666667,0.6250000000000009,-0.014493706666666668
38,0.6500000000000008,0.0003376179333333334,0.6500000000000008,-0.01375064
39,0.6750000000000009,0.0003682382,0.6750000000000009,-0.01293874
40,0.7000000000000008,0.0004036004666666667,0.7000000000000008,-0.012075953333333334
41,0.7250000000000008,0.0004445236666666667,0.7250000000000008,-0.011143726666666668
42,0.7500000000000009,0.0004962026666666667,0.7500000000000009,-0.010116233333333334
43,0.775000000000001,0.000560158,0.775000000000001,-0.0090198
44,0.8000000000000009,0.0006462945333333334,0.8000000000000009,-0.007840366666666668
45,0.8250000000000008,0.000778472,0.8250000000000008,-0.007586246666666668
46,0.850000000000001,0.0009287786666666668,0.850000000000001,-0.006227138
47,0.8750000000000011,0.0011387,0.8750000000000011,-0.004388238666666667
48,0.900000000000001,0.0014218886666666668,0.900000000000001,-0.0027170326666666666
49,0.9250000000000009,0.0018116893333333334,0.9250000000000009,-0.0009995386666666667
50,0.9500000000000011,0.0023304906666666665,0.9500000000000011,0.000791124
51,0.9750000000000012,0.002994782666666667,0.9750000000000012,0.0026582753333333335
52,1.000000000000001,0.003833385333333334,1.000000000000001,0.004582030666666667
53,1.025000000000001,0.004848576666666667,1.025000000000001,0.006596305333333334
54,1.0500000000000012,0.0060492313333333336,1.0500000000000012,0.008251913333333333
55,1.0750000000000013,0.007662873333333334,1.0750000000000013,0.010573946666666667
56,1.1000000000000012,0.009134833333333335,1.1000000000000012,0.0128421
57,1.125000000000001,0.010854293333333334,1.125000000000001,0.015168793333333335
58,1.1500000000000012,0.012779273333333334,1.1500000000000012,0.017566406666666666
59,1.1750000000000014,0.014891940000000001,1.1750000000000014,0.020032666666666667
60,1.2000000000000013,0.017185093333333335,1.2000000000000013,0.022579246666666667
61,1.2250000000000012,0.01964658,1.2250000000000012,0.02520362
62,1.2500000000000013,0.022274473333333333,1.2500000000000013,0.0279038
63,1.2750000000000015,0.025046953333333333,1.2750000000000015,0.030692486666666664
