,II_4R_V_D,II_4R_J_D,II_4R_V_L,II_4R_J_L
0,1.3,0.01618564,1.3,0.024212900000000002
1,1.2750000000000001,0.01637240666666667,1.2750000000000001,0.02204972666666667
2,1.2500000000000002,0.015510326666666666,1.2500000000000002,0.019715046666666666
3,1.2250000000000003,0.014237733333333336,1.2250000000000003,0.017321020000000003
4,1.2000000000000004,0.012790946666666667,1.2000000000000004,0.014914873333333335
5,1.1750000000000005,0.011279246666666668,1.1750000000000005,0.01252196
6,1.1500000000000006,0.009782066666666667,1.1500000000000006,0.010161293333333333
7,1.1250000000000007,0.008352746666666666,1.1250000000000007,0.007846706666666666
8,1.1000000000000008,0.007034599999999999,1.1000000000000008,0.0056223366666666675
9,1.0750000000000008,0.0057818846666666665,1.0750000000000008,0.0033747219999999997
10,1.050000000000001,0.004827842666666667,1.050000000000001,0.0012463513333333333
11,1.025000000000001,0.003995362666666667,1.025000000000001,-0.0007926986666666667
12,1.000000000000001,0.0033182153333333334,1.000000000000001,-0.0027282639999999998
13,0.9750000000000012,0.0027882253333333337,0.9750000000000012,-0.0045674086666666665
14,0.9500000000000013,0.002377282666666667,0.9500000000000013,-0.006302383333333334
15,0.9250000000000014,0.002062918,0.9250000000000014,-0.007657153333333333
16,0.9000000000000015,0.0018136900000000002,0.9000000000000015,-0.009286393333333334
17,0.8750000000000016,0.0016090786666666666,0.8750000000000016,-0.010741273333333334
18,0.8500000000000016,0.0014352413333333335,0.8500000000000016,-0.012063833333333333
19,0.8250000000000017,0.0012817506666666667,0.8250000000000017,-0.01325782
20,0.8000000000000018,0.0011425106666666668,0.8000000000000018,-0.014342013333333334
21,0.7750000000000019,0.0010143886666666667,0.7750000000000019,-0.015324153333333335
22,0.750000000000002,0.0008941299999999999,0.750000000000002,-0.016208373333333335
23,0.7250000000000021,0.000781896,0.7250000000000021,-0.01697932666666667
24,0.7000000000000022,0.000677622,0.7000000000000022,-0.017668033333333336
25,0.6750000000000023,0.0005582552,0.6750000000000023,-0.018282833333333335
26,0.6500000000000024,0.0004783369333333334,0.6500000000000024,-0.018815533333333335
27,0.6250000000000024,0.00040143160000000004,0.6250000000000024,-0.01929416
28,0.6000000000000025,0.0003321206666666667,0.6000000000000025,-0.0197082
29,0.5750000000000026,0.00027074393333333336,0.5750000000000026,-0.020069213333333332
30,0.5500000000000027,0.00021839993333333332,0.5500000000000027,-0.02038474666666667
31,0.5250000000000028,0.0001744842,0.5250000000000028,-0.02065748666666667
32,0.5000000000000029,0.0001394752,0.5000000000000029,-0.020890613333333335
33,0.475000000000003,0.00011127746666666667,0.475000000000003,-0.021090666666666667
34,0.45000000000000306,8.987320000000001e-05,0.45000000000000306,-0.02126176
35,0.42500000000000315,7.305886666666667e-05,0.42500000000000315,-0.021408773333333336
36,0.40000000000000324,5.9096300000000005e-05,0.40000000000000324,-0.021527253333333336
37,0.37500000000000333,5.0402980000000004e-05,0.37500000000000333,-0.021626073333333332
38,0.3500000000000034,4.345916e-05,0.3500000000000034,-0.021708920000000003
39,0.3250000000000035,3.815669333333333e-05,0.3250000000000035,-0.02177826
40,0.3000000000000036,3.3405193333333334e-05,0.3000000000000036,-0.02183892
41,0.2750000000000037,2.936166e-05,0.2750000000000037,-0.02188948666666667
42,0.2500000000000038,2.5657313333333335e-05,0.2500000000000038,-0.021931953333333334
43,0.22500000000000386,2.2027413333333334e-05,0.22500000000000386,-0.021964126666666667
44,0.20000000000000395,1.8611973333333333e-05,0.20000000000000395,-0.021999960000000002
45,0.17500000000000404,1.526292e-05,0.17500000000000404,-0.022029353333333335
46,0.15000000000000413,1.2082926666666667e-05,0.15000000000000413,-0.02205542
47,0.12500000000000422,8.987793333333335e-06,0.12500000000000422,-0.022079753333333334
48,0.10000000000000431,7.471653333333334e-06,0.10000000000000431,-0.022104413333333333
49,0.0750000000000044,4.627723333333333e-06,0.0750000000000044,-0.022124646666666668
50,0.050000000000004485,1.2522786666666668e-06,0.050000000000004485,-0.022143780000000002
51,0.025000000000004574,-1.708882e-06,0.025000000000004574,-0.022163713333333335
52,4.6629367034256575e-15,-4.631184e-06,4.6629367034256575e-15,-0.022184106666666665
53,-0.024999999999995248,-6.823553333333334e-06,-0.024999999999995248,-0.022200673333333334
54,-0.04999999999999516,-1.0132060000000001e-05,-0.04999999999999516,-0.02221908
55,-0.07499999999999507,-1.3367093333333333e-05,-0.07499999999999507,-0.022236706666666665
56,-0.09999999999999498,-1.6521173333333333e-05,-0.09999999999999498,-0.02225556
57,-0.12499999999999489,-1.9619000000000003e-05,-0.12499999999999489,-0.022267886666666667
58,-0.1499999999999948,-2.301356e-05,-0.1499999999999948,-0.02228612
59,-0.17499999999999472,-2.656664666666667e-05,-0.17499999999999472,-0.022300486666666668
60,-0.19999999999999463,-2.996572666666667e-05,-0.19999999999999463,-0.022317293333333335
61,-0.22499999999999454,-3.374738e-05,-0.22499999999999454,-0.022334893333333335
62,-0.24999999999999445,-3.767683333333334e-05,-0.24999999999999445,-0.022346813333333333
63,-0.27499999999999436,-4.16929e-05,-0.27499999999999436,-0.02236224666666667
