,II_4R_V_D,II_4R_J_D,II_4R_V_L,II_4R_J_L
0,1.3,0.01609928,1.3,0.02427806
1,1.2750000000000001,0.016313813333333333,1.2750000000000001,0.02210732
2,1.2500000000000002,0.01547232,1.2500000000000002,0.019766506666666666
3,1.2250000000000003,0.01422146,1.2250000000000003,0.017362113333333335
4,1.2000000000000004,0.012787940000000001,1.2000000000000004,0.014940713333333334
5,1.1750000000000005,0.011283366666666668,1.1750000000000005,0.012531693333333333
6,1.1500000000000006,0.009794406666666668,1.1500000000000006,0.010151740000000001
7,1.1250000000000007,0.008371533333333334,1.1250000000000007,0.007818246666666667
8,1.1000000000000008,0.007062646666666666,1.1000000000000008,0.005560921333333333
9,1.0750000000000008,0.005821646666666667,1.0750000000000008,0.003297348
10,1.050000000000001,0.004873838,1.050000000000001,0.001152358
11,1.025000000000001,0.0040476,1.025000000000001,-0.000903442
12,1.000000000000001,0.003377764666666667,1.000000000000001,-0.0028539380000000003
13,0.9750000000000012,0.0028500066666666667,0.9750000000000012,-0.004701814666666667
14,0.9500000000000013,0.002442207333333333,0.9500000000000013,-0.006449228
15,0.9250000000000014,0.0021252326666666667,0.9250000000000014,-0.007833613333333335
16,0.9000000000000015,0.0018736179999999999,0.9000000000000015,-0.0094581
17,0.8750000000000016,0.001665492,0.8750000000000016,-0.010912946666666666
18,0.8500000000000016,0.0014875686666666668,0.8500000000000016,-0.012239613333333333
19,0.8250000000000017,0.001329948,0.8250000000000017,-0.01342972
20,0.8000000000000018,0.00118526,0.8000000000000018,-0.014513293333333333
21,0.7750000000000019,0.0010519326666666667,0.7750000000000019,-0.015481499999999999
22,0.750000000000002,0.0009278200000000001,0.750000000000002,-0.01636176
23,0.7250000000000021,0.0008117806666666667,0.7250000000000021,-0.017129173333333334
24,0.7000000000000022,0.0007033926666666667,0.7000000000000022,-0.01780818
25,0.6750000000000023,0.0005776466,0.6750000000000023,-0.01841376
26,0.6500000000000024,0.0004941861333333334,0.6500000000000024,-0.01893822666666667
27,0.6250000000000024,0.0004139405333333334,0.6250000000000024,-0.01940674
28,0.6000000000000025,0.00034097740000000004,0.6000000000000025,-0.01981436666666667
29,0.5750000000000026,0.00027688226666666666,0.5750000000000026,-0.020168520000000002
30,0.5500000000000027,0.00022130733333333333,0.5500000000000027,-0.02047724
31,0.5250000000000028,0.0001755154,0.5250000000000028,-0.02074246
32,0.5000000000000029,0.00013835946666666666,0.5000000000000029,-0.020969540000000002
33,0.475000000000003,0.000109183,0.475000000000003,-0.021164146666666668
34,0.45000000000000306,8.680866666666667e-05,0.45000000000000306,-0.021330346666666666
35,0.42500000000000315,7.005993333333334e-05,0.42500000000000315,-0.021472500000000002
36,0.40000000000000324,5.527608666666667e-05,0.40000000000000324,-0.021586853333333333
37,0.37500000000000333,4.692362e-05,0.37500000000000333,-0.02168286666666667
38,0.3500000000000034,4.068152e-05,0.3500000000000034,-0.02176466666666667
39,0.3250000000000035,3.5422940000000005e-05,0.3250000000000035,-0.021833
40,0.3000000000000036,3.088578e-05,0.3000000000000036,-0.021886826666666668
41,0.2750000000000037,2.703428e-05,0.2750000000000037,-0.021934166666666668
42,0.2500000000000038,2.3532986666666668e-05,0.2500000000000038,-0.02197272
43,0.22500000000000386,2.0223753333333336e-05,0.22500000000000386,-0.022002046666666667
44,0.20000000000000395,1.686624e-05,0.20000000000000395,-0.022034386666666666
45,0.17500000000000404,1.3773640000000003e-05,0.17500000000000404,-0.022060866666666668
46,0.15000000000000413,1.0989553333333334e-05,0.15000000000000413,-0.022085433333333335
47,0.12500000000000422,8.127913333333334e-06,0.12500000000000422,-0.022106980000000002
48,0.10000000000000431,6.169281333333334e-06,0.10000000000000431,-0.0221298
49,0.0750000000000044,3.040174666666667e-06,0.0750000000000044,-0.0221463
50,0.050000000000004485,3.039676e-07,0.050000000000004485,-0.022164106666666666
51,0.025000000000004574,-2.3266033333333337e-06,0.025000000000004574,-0.022181346666666667
52,4.6629367034256575e-15,-4.998680666666667e-06,4.6629367034256575e-15,-0.02219512666666667
53,-0.024999999999995248,-6.824493333333334e-06,-0.024999999999995248,-0.02221234
54,-0.04999999999999516,-9.996113333333334e-06,-0.04999999999999516,-0.02222988
55,-0.07499999999999507,-1.2917853333333333e-05,-0.07499999999999507,-0.022245286666666666
56,-0.09999999999999498,-1.5929086666666668e-05,-0.09999999999999498,-0.022260086666666668
57,-0.12499999999999489,-1.896682e-05,-0.12499999999999489,-0.022274733333333335
58,-0.1499999999999948,-2.202690666666667e-05,-0.1499999999999948,-0.022288366666666667
59,-0.17499999999999472,-2.5288146666666668e-05,-0.17499999999999472,-0.022304320000000002
60,-0.19999999999999463,-2.8580220000000003e-05,-0.19999999999999463,-0.022316846666666668
61,-0.22499999999999454,-3.2080700000000006e-05,-0.22499999999999454,-0.0223331
62,-0.24999999999999445,-3.560472e-05,-0.24999999999999445,-0.022344853333333334
63,-0.27499999999999436,-3.95661e-05,-0.27499999999999436,-0.02235766
