,II_4F_V_D,II_4F_J_D,II_4F_V_L,II_4F_J_L
0,-0.3,-7.43046e-05,-0.3,-0.022585586666666668
1,-0.27499999999999997,-6.510626000000001e-05,-0.27499999999999997,-0.02255462
2,-0.24999999999999994,-5.818534000000001e-05,-0.24999999999999994,-0.02250346
3,-0.22499999999999992,-5.120429333333333e-05,-0.22499999999999992,-0.022423193333333334
4,-0.1999999999999999,-4.443757333333334e-05,-0.1999999999999999,-0.02231898666666667
5,-0.17499999999999988,-3.800166666666667e-05,-0.17499999999999988,-0.02220812
6,-0.14999999999999986,-3.236607333333334e-05,-0.14999999999999986,-0.02210112666666667
7,-0.12499999999999983,-2.6463733333333332e-05,-0.12499999999999983,-0.021991646666666666
8,-0.09999999999999981,-2.091996e-05,-0.09999999999999981,-0.02188284
9,-0.07499999999999979,-1.5182080000000002e-05,-0.07499999999999979,-0.021780466666666668
10,-0.04999999999999977,-9.641053333333333e-06,-0.04999999999999977,-0.021674673333333335
11,-0.024999999999999745,-4.3915113333333334e-06,-0.024999999999999745,-0.021570486666666666
12,2.7755575615628914e-16,1.298462e-06,2.7755575615628914e-16,-0.021459286666666667
13,0.0250000000000003,6.8593533333333345e-06,0.0250000000000003,-0.02135142
14,0.05000000000000032,1.2410513333333335e-05,0.05000000000000032,-0.021239380000000002
15,0.07500000000000034,1.8264806666666668e-05,0.07500000000000034,-0.021119040000000002
16,0.10000000000000037,2.423686e-05,0.10000000000000037,-0.020996446666666668
17,0.1250000000000004,3.0357500000000002e-05,0.1250000000000004,-0.020860946666666668
18,0.1500000000000004,3.6541893333333334e-05,0.1500000000000004,-0.020724273333333335
19,0.17500000000000043,4.320068666666667e-05,0.17500000000000043,-0.020571073333333335
20,0.20000000000000046,5.02712e-05,0.20000000000000046,-0.020410153333333333
21,0.22500000000000048,5.745254666666667e-05,0.22500000000000048,-0.020230320000000003
22,0.2500000000000005,6.48961e-05,0.2500000000000005,-0.020047426666666666
23,0.2750000000000005,7.092333333333333e-05,0.2750000000000005,-0.019844300000000002
24,0.30000000000000054,7.811513333333334e-05,0.30000000000000054,-0.01962904
25,0.32500000000000057,8.624973333333334e-05,0.32500000000000057,-0.01937394
26,0.3500000000000006,9.42668e-05,0.3500000000000006,-0.019131453333333333
27,0.3750000000000006,0.00010149080000000001,0.3750000000000006,-0.01884388
28,0.40000000000000063,0.00011019626666666668,0.40000000000000063,-0.018529753333333333
29,0.42500000000000066,0.00011830953333333333,0.42500000000000066,-0.018190746666666667
30,0.4500000000000007,0.0001274402,0.4500000000000007,-0.017817553333333336
31,0.4750000000000007,0.00013732053333333335,0.4750000000000007,-0.01741086
32,0.5000000000000007,0.0001474132,0.5000000000000007,-0.016975553333333334
33,0.5250000000000008,0.00015920833333333336,0.5250000000000008,-0.016489733333333333
34,0.5500000000000007,0.0001711286,0.5500000000000007,-0.015966313333333336
35,0.5750000000000008,0.00018498333333333335,0.5750000000000008,-0.015398900000000002
36,0.6000000000000008,0.0002007442,0.6000000000000008,-0.01479368
37,0.6250000000000009,0.00021946946666666668,0.6250000000000009,-0.014139220000000001
38,0.6500000000000008,0.00024242026666666667,0.6500000000000008,-0.013420580000000001
39,0.6750000000000009,0.00026691813333333336,0.6750000000000009,-0.012687986666666668
40,0.7000000000000008,0.0002961736666666667,0.7000000000000008,-0.01190186
41,0.7250000000000008,0.0003295722666666667,0.7250000000000008,-0.011052306666666666
42,0.7500000000000009,0.00036860226666666666,0.7500000000000009,-0.010133306666666668
43,0.775000000000001,0.0004163554,0.775000000000001,-0.009189293333333334
44,0.8000000000000009,0.0004753826666666667,0.8000000000000009,-0.00817548
45,0.8250000000000008,0.0005534067333333333,0.8250000000000008,-0.007105940000000001
46,0.850000000000001,0.0006588023333333334,0.850000000000001,-0.006709420000000001
47,0.8750000000000011,0.0008396993333333333,0.8750000000000011,-0.005073065333333334
48,0.900000000000001,0.0010424946666666667,0.900000000000001,-0.003646360666666667
49,0.9250000000000009,0.001343262,0.9250000000000009,-0.0021796833333333336
50,0.9500000000000011,0.001769048,0.9500000000000011,-0.0015364106666666667
51,0.9750000000000012,0.0023552240000000004,0.9750000000000012,0.00019152953333333332
52,1.000000000000001,0.0031266266666666667,1.000000000000001,0.0019143346666666665
53,1.025000000000001,0.004108832666666667,1.025000000000001,0.004098232
54,1.0500000000000012,0.005304946666666667,1.0500000000000012,0.006223006666666667
55,1.0750000000000013,0.007190653333333334,1.0750000000000013,0.008137613333333335
56,1.1000000000000012,0.008648153333333334,1.1000000000000012,0.010557233333333334
57,1.125000000000001,0.010437713333333334,1.125000000000001,0.012961366666666668
58,1.1500000000000012,0.012444466666666668,1.1500000000000012,0.015440266666666667
59,1.1750000000000014,0.014635246666666669,1.1750000000000014,0.017997453333333333
60,1.2000000000000013,0.016992373333333335,1.2000000000000013,0.02063904
61,1.2250000000000012,0.019510993333333334,1.2250000000000012,0.023370146666666668
62,1.2500000000000013,0.02217690666666667,1.2500000000000013,0.026184846666666668
63,1.2750000000000015,0.02496660666666667,1.2750000000000015,0.029077373333333333
