,II_4R_V_D,II_4R_J_D,II_4R_V_L,II_4R_J_L
0,1.3,0.023384293333333334,1.3,0.03210372
1,1.2750000000000001,0.022711266666666667,1.2750000000000001,0.028754193333333334
2,1.2500000000000002,0.02060236,1.2500000000000002,0.02554842666666667
3,1.2250000000000003,0.0182554,1.2250000000000003,0.022448093333333332
4,1.2000000000000004,0.015906700000000003,1.2000000000000004,0.01946108
5,1.1750000000000005,0.013657053333333332,1.1750000000000005,0.016589673333333336
6,1.1500000000000006,0.01154134,1.1500000000000006,0.013830173333333334
7,1.1250000000000007,0.0095942,1.1250000000000007,0.011178666666666667
8,1.1000000000000008,0.007846,1.1000000000000008,0.008656160000000001
9,1.0750000000000008,0.0062739300000000005,1.0750000000000008,0.006354722666666667
10,1.050000000000001,0.004922682666666667,1.050000000000001,0.00389413
11,1.025000000000001,0.0038197753333333337,1.025000000000001,0.0016529713333333332
12,1.000000000000001,0.002927748,1.000000000000001,-0.0002752587333333333
13,0.9750000000000012,0.0022313833333333336,0.9750000000000012,-0.0022891240000000005
14,0.9500000000000013,0.0017132246666666667,0.9500000000000013,-0.004378427333333334
15,0.9250000000000014,0.001337284,0.9250000000000014,-0.006256022
16,0.9000000000000015,0.0010803906666666666,0.9000000000000015,-0.007765320000000001
17,0.8750000000000016,0.0009063506666666666,0.8750000000000016,-0.009541233333333333
18,0.8500000000000016,0.0007817599999999999,0.8500000000000016,-0.011102106666666667
19,0.8250000000000017,0.0006956140000000001,0.8250000000000017,-0.012527586666666667
20,0.8000000000000018,0.0006375662666666667,0.8000000000000018,-0.0138169
21,0.7750000000000019,0.0005805126,0.7750000000000019,-0.01497008
22,0.750000000000002,0.0005377324666666666,0.750000000000002,-0.015988793333333334
23,0.7250000000000021,0.0004984722,0.7250000000000021,-0.016877993333333334
24,0.7000000000000022,0.0004617816,0.7000000000000022,-0.017646213333333334
25,0.6750000000000023,0.00042994713333333333,0.6750000000000023,-0.018288973333333333
26,0.6500000000000024,0.0004008046666666667,0.6500000000000024,-0.018832206666666667
27,0.6250000000000024,0.0003718957333333333,0.6250000000000024,-0.019291700000000002
28,0.6000000000000025,0.0003455609333333334,0.6000000000000025,-0.019682793333333334
29,0.5750000000000026,0.0003188871333333333,0.5750000000000026,-0.01999936
30,0.5500000000000027,0.00029574213333333335,0.5500000000000027,-0.02027240666666667
31,0.5250000000000028,0.00027391486666666665,0.5250000000000028,-0.02051238
32,0.5000000000000029,0.00025227066666666666,0.5000000000000029,-0.02071502
33,0.475000000000003,0.00023113446666666665,0.475000000000003,-0.020891120000000003
34,0.45000000000000306,0.00021084620000000003,0.45000000000000306,-0.021046
35,0.42500000000000315,0.00019370460000000002,0.42500000000000315,-0.021180546666666668
36,0.40000000000000324,0.0001757546,0.40000000000000324,-0.02130214
37,0.37500000000000333,0.00015913846666666667,0.37500000000000333,-0.02141164666666667
38,0.3500000000000034,0.0001438224,0.3500000000000034,-0.021505306666666668
39,0.3250000000000035,0.00012842433333333335,0.3250000000000035,-0.02158854
40,0.3000000000000036,0.00011416386666666668,0.3000000000000036,-0.021662726666666667
41,0.2750000000000037,0.00010053440000000001,0.2750000000000037,-0.02173448
42,0.2500000000000038,8.764353333333334e-05,0.2500000000000038,-0.02179482
43,0.22500000000000386,7.636406666666667e-05,0.22500000000000386,-0.021843933333333333
44,0.20000000000000395,6.572526666666668e-05,0.20000000000000395,-0.021899380000000003
45,0.17500000000000404,5.481104e-05,0.17500000000000404,-0.021947480000000002
46,0.15000000000000413,4.471828666666667e-05,0.15000000000000413,-0.021986520000000002
47,0.12500000000000422,3.526519333333333e-05,0.12500000000000422,-0.022026813333333336
48,0.10000000000000431,2.6013026666666667e-05,0.10000000000000431,-0.022059580000000002
49,0.0750000000000044,1.7319306666666668e-05,0.0750000000000044,-0.022089886666666666
50,0.050000000000004485,8.829093333333334e-06,0.050000000000004485,-0.02212218666666667
51,0.025000000000004574,8.518793333333334e-07,0.025000000000004574,-0.022145146666666667
52,4.6629367034256575e-15,-7.306766666666667e-06,4.6629367034256575e-15,-0.02216922
53,-0.024999999999995248,-1.5930153333333337e-05,-0.024999999999995248,-0.022194026666666665
54,-0.04999999999999516,-2.4448733333333332e-05,-0.04999999999999516,-0.022218133333333334
55,-0.07499999999999507,-3.309188666666667e-05,-0.07499999999999507,-0.022237726666666666
56,-0.09999999999999498,-4.1919986666666666e-05,-0.09999999999999498,-0.022259026666666668
57,-0.12499999999999489,-5.0805953333333336e-05,-0.12499999999999489,-0.022281426666666666
58,-0.1499999999999948,-6.031672e-05,-0.1499999999999948,-0.02230344
59,-0.17499999999999472,-6.98794e-05,-0.17499999999999472,-0.02232408
60,-0.19999999999999463,-7.83864e-05,-0.19999999999999463,-0.022342753333333337
61,-0.22499999999999454,-8.837673333333333e-05,-0.22499999999999454,-0.022365753333333335
62,-0.24999999999999445,-9.9065e-05,-0.24999999999999445,-0.022387253333333332
63,-0.27499999999999436,-0.00010969726666666667,-0.27499999999999436,-0.022411126666666666
