,II_4R_V_D,II_4R_J_D,II_4R_V_L,II_4R_J_L
0,1.3,0.03467798666666667,1.3,0.04087647333333334
1,1.2750000000000001,0.03254203333333333,1.2750000000000001,0.037166993333333335
2,1.2500000000000002,0.02945740666666667,1.2500000000000002,0.033619539999999996
3,1.2250000000000003,0.02634904,1.2250000000000003,0.030171973333333338
4,1.2000000000000004,0.02334433333333333,1.2000000000000004,0.02681960666666667
5,1.1750000000000005,0.02047314,1.1750000000000005,0.02355688666666667
6,1.1500000000000006,0.017767933333333333,1.1500000000000006,0.020393106666666667
7,1.1250000000000007,0.015226980000000001,1.1250000000000007,0.017320286666666667
8,1.1000000000000008,0.012889933333333334,1.1000000000000008,0.014354893333333334
9,1.0750000000000008,0.0107436,1.0750000000000008,0.011479226666666667
10,1.050000000000001,0.008837726666666667,1.050000000000001,0.00871184
11,1.025000000000001,0.007149300000000001,1.025000000000001,0.006145794
12,1.000000000000001,0.005734766666666667,1.000000000000001,0.0034568546666666673
13,0.9750000000000012,0.0045098586666666675,0.9750000000000012,0.0009948126666666668
14,0.9500000000000013,0.0035859953333333334,0.9500000000000013,-0.001340852
15,0.9250000000000014,0.00288409,0.9250000000000014,-0.003556344
16,0.9000000000000015,0.0023760586666666667,0.9000000000000015,-0.005641038
17,0.8750000000000016,0.002008314,0.8750000000000016,-0.00738872
18,0.8500000000000016,0.0017586253333333336,0.8500000000000016,-0.009327466666666668
19,0.8250000000000017,0.0015684866666666668,0.8250000000000017,-0.011013126666666668
20,0.8000000000000018,0.0014275853333333333,0.8000000000000018,-0.012520026666666666
21,0.7750000000000019,0.0013197833333333333,0.7750000000000019,-0.013847646666666668
22,0.750000000000002,0.0012315326666666668,0.750000000000002,-0.015009486666666665
23,0.7250000000000021,0.0011624880000000001,0.7250000000000021,-0.01600604
24,0.7000000000000022,0.0010952193333333335,0.7000000000000022,-0.016840240000000003
25,0.6750000000000023,0.0010350286666666669,0.6750000000000023,-0.017533506666666667
26,0.6500000000000024,0.0009767453333333334,0.6500000000000024,-0.01812550666666667
27,0.6250000000000024,0.00092397,0.6250000000000024,-0.01860696
28,0.6000000000000025,0.00086395,0.6000000000000025,-0.019005126666666667
29,0.5750000000000026,0.0008201786666666668,0.5750000000000026,-0.01934950666666667
30,0.5500000000000027,0.000767244,0.5500000000000027,-0.019647946666666666
31,0.5250000000000028,0.0007172246666666667,0.5250000000000028,-0.0198956
32,0.5000000000000029,0.0006739133333333334,0.5000000000000029,-0.020121553333333334
33,0.475000000000003,0.0006310962666666668,0.475000000000003,-0.020318673333333336
34,0.45000000000000306,0.0005846476,0.45000000000000306,-0.020493920000000002
35,0.42500000000000315,0.0005438016666666666,0.42500000000000315,-0.020649546666666668
36,0.40000000000000324,0.0005047239333333334,0.40000000000000324,-0.020797826666666665
37,0.37500000000000333,0.0004586198666666667,0.37500000000000333,-0.020929626666666666
38,0.3500000000000034,0.00042067060000000004,0.3500000000000034,-0.021049953333333333
39,0.3250000000000035,0.0003840526,0.3250000000000035,-0.021161406666666667
40,0.3000000000000036,0.0003455434666666667,0.3000000000000036,-0.02125888
41,0.2750000000000037,0.0003074476666666667,0.2750000000000037,-0.021352366666666667
42,0.2500000000000038,0.00027319106666666665,0.2500000000000038,-0.021438600000000002
43,0.22500000000000386,0.000240164,0.22500000000000386,-0.021515053333333336
44,0.20000000000000395,0.00020704466666666665,0.20000000000000395,-0.021598806666666668
45,0.17500000000000404,0.00017731106666666666,0.17500000000000404,-0.021667286666666667
46,0.15000000000000413,0.00014571186666666666,0.15000000000000413,-0.021734333333333335
47,0.12500000000000422,0.00011579280000000001,0.12500000000000422,-0.02179308666666667
48,0.10000000000000431,8.695533333333333e-05,0.10000000000000431,-0.021853920000000002
49,0.0750000000000044,5.868367333333334e-05,0.0750000000000044,-0.021906606666666665
50,0.050000000000004485,3.140159333333334e-05,0.050000000000004485,-0.021955746666666668
51,0.025000000000004574,4.524159333333334e-06,0.025000000000004574,-0.022005800000000002
52,4.6629367034256575e-15,-2.1878933333333335e-05,4.6629367034256575e-15,-0.022057586666666667
53,-0.024999999999995248,-4.865778666666667e-05,-0.024999999999995248,-0.022101266666666668
54,-0.04999999999999516,-7.405866666666667e-05,-0.04999999999999516,-0.02214196
55,-0.07499999999999507,-0.00010190626666666668,-0.07499999999999507,-0.022185786666666665
56,-0.09999999999999498,-0.00012961566666666667,-0.09999999999999498,-0.022228273333333333
57,-0.12499999999999489,-0.0001589584,-0.12499999999999489,-0.022266586666666668
58,-0.1499999999999948,-0.0001889426,-0.1499999999999948,-0.022305513333333336
59,-0.17499999999999472,-0.00022092780000000002,-0.17499999999999472,-0.022343500000000002
60,-0.19999999999999463,-0.00025156573333333333,-0.19999999999999463,-0.022378866666666667
61,-0.22499999999999454,-0.0002833094666666667,-0.22499999999999454,-0.02242052
62,-0.24999999999999445,-0.0003134368,-0.24999999999999445,-0.022457873333333336
63,-0.27499999999999436,-0.0003488675333333333,-0.27499999999999436,-0.02249862
