,II_4R_V_D,II_4R_J_D,II_4R_V_L,II_4R_J_L
0,1.3,0.004991266666666667,1.3,0.021180573333333334
1,1.2750000000000001,0.008675626666666667,1.2750000000000001,0.01933344
2,1.2500000000000002,0.00890294,1.2500000000000002,0.017349693333333336
3,1.2250000000000003,0.008590993333333333,1.2250000000000003,0.015267153333333335
4,1.2000000000000004,0.007954873333333333,1.2000000000000004,0.013121966666666669
5,1.1750000000000005,0.007105366666666666,1.1750000000000005,0.01093424
6,1.1500000000000006,0.006146704,1.1500000000000006,0.008736466666666666
7,1.1250000000000007,0.005191415333333334,1.1250000000000007,0.006428186
8,1.1000000000000008,0.004224548666666667,1.1000000000000008,0.004246700666666667
9,1.0750000000000008,0.0033381300000000004,1.0750000000000008,0.0021262493333333334
10,1.050000000000001,0.002564384,1.050000000000001,-0.0001951078
11,1.025000000000001,0.0019248160000000002,1.025000000000001,-0.002311326666666667
12,1.000000000000001,0.0014197946666666666,1.000000000000001,-0.004246850666666666
13,0.9750000000000012,0.001040072,0.9750000000000012,-0.006063001333333333
14,0.9500000000000013,0.0007680793333333333,0.9500000000000013,-0.007706093333333334
15,0.9250000000000014,0.0005794228000000001,0.9250000000000014,-0.009369566666666667
16,0.9000000000000015,0.0004474996,0.9000000000000015,-0.01088724
17,0.8750000000000016,0.00036312093333333334,0.8750000000000016,-0.01229478
18,0.8500000000000016,0.00030492813333333335,0.8500000000000016,-0.013582553333333332
19,0.8250000000000017,0.0002633316,0.8250000000000017,-0.014753026666666667
20,0.8000000000000018,0.00023264246666666665,0.8000000000000018,-0.01580158
21,0.7750000000000019,0.00020739840000000002,0.7750000000000019,-0.016733539999999998
22,0.750000000000002,0.00018626953333333334,0.750000000000002,-0.017561026666666667
23,0.7250000000000021,0.00016809906666666666,0.7250000000000021,-0.018277113333333334
24,0.7000000000000022,0.00015139186666666667,0.7000000000000022,-0.018894973333333332
25,0.6750000000000023,0.0001374634,0.6750000000000023,-0.019425133333333334
26,0.6500000000000024,0.00012345966666666667,0.6500000000000024,-0.01987494
27,0.6250000000000024,0.00011125793333333334,0.6250000000000024,-0.020251606666666668
28,0.6000000000000025,0.0001005488,0.6000000000000025,-0.020573493333333335
29,0.5750000000000026,9.03828e-05,0.5750000000000026,-0.02083056
30,0.5500000000000027,8.1223e-05,0.5500000000000027,-0.021049000000000002
31,0.5250000000000028,7.321173333333334e-05,0.5250000000000028,-0.021229980000000002
32,0.5000000000000029,6.67626e-05,0.5000000000000029,-0.021383366666666667
33,0.475000000000003,6.009514e-05,0.475000000000003,-0.02150748666666667
34,0.45000000000000306,5.374886e-05,0.45000000000000306,-0.021612120000000002
35,0.42500000000000315,4.820676e-05,0.42500000000000315,-0.02169882
36,0.40000000000000324,4.2821020000000004e-05,0.40000000000000324,-0.021774106666666668
37,0.37500000000000333,3.800520666666667e-05,0.37500000000000333,-0.02183576
38,0.3500000000000034,3.3269779999999996e-05,0.3500000000000034,-0.02188832
39,0.3250000000000035,2.963780666666667e-05,0.3250000000000035,-0.021934773333333334
40,0.3000000000000036,2.5551706666666664e-05,0.3000000000000036,-0.021973426666666667
41,0.2750000000000037,2.2081846666666668e-05,0.2750000000000037,-0.022008800000000002
42,0.2500000000000038,1.871908e-05,0.2500000000000038,-0.022038393333333336
43,0.22500000000000386,1.5648220000000002e-05,0.22500000000000386,-0.022060973333333334
44,0.20000000000000395,1.2693753333333333e-05,0.20000000000000395,-0.022086093333333334
45,0.17500000000000404,1.005086e-05,0.17500000000000404,-0.022106873333333336
46,0.15000000000000413,7.57992e-06,0.15000000000000413,-0.022123033333333333
47,0.12500000000000422,5.911080666666667e-06,0.12500000000000422,-0.02213892
48,0.10000000000000431,3.1950300000000003e-06,0.10000000000000431,-0.022154573333333333
49,0.0750000000000044,8.331380000000001e-07,0.0750000000000044,-0.022167993333333334
50,0.050000000000004485,-1.4886120000000001e-06,0.050000000000004485,-0.022181373333333334
51,0.025000000000004574,-3.7366940000000004e-06,0.025000000000004574,-0.022192966666666668
52,4.6629367034256575e-15,-5.997635333333334e-06,4.6629367034256575e-15,-0.02220438
53,-0.024999999999995248,-7.236520000000001e-06,-0.024999999999995248,-0.02221632
54,-0.04999999999999516,-9.97752e-06,-0.04999999999999516,-0.022228166666666667
55,-0.07499999999999507,-1.2524173333333334e-05,-0.07499999999999507,-0.022238773333333337
56,-0.09999999999999498,-1.5191193333333333e-05,-0.09999999999999498,-0.022248
57,-0.12499999999999489,-1.788374666666667e-05,-0.12499999999999489,-0.022263206666666667
58,-0.1499999999999948,-2.059642e-05,-0.1499999999999948,-0.022274206666666668
59,-0.17499999999999472,-2.3512226666666666e-05,-0.17499999999999472,-0.022280300000000003
60,-0.19999999999999463,-2.653546e-05,-0.19999999999999463,-0.02229352
61,-0.22499999999999454,-2.9683573333333338e-05,-0.22499999999999454,-0.022303773333333332
62,-0.24999999999999445,-3.2695166666666665e-05,-0.24999999999999445,-0.022311240000000003
63,-0.27499999999999436,-3.620048e-05,-0.27499999999999436,-0.022320573333333336
