,II_4R_V_D,II_4R_J_D,II_4R_V_L,II_4R_J_L
0,1.3,0.0027413086666666668,1.3,0.02480818666666667
1,1.2750000000000001,0.0028908659999999997,1.2750000000000001,0.02325988666666667
2,1.2500000000000002,0.0030555906666666667,1.2500000000000002,0.021548026666666668
3,1.2250000000000003,0.0032145806666666666,1.2250000000000003,0.019699526666666665
4,1.2000000000000004,0.0033179173333333337,1.2000000000000004,0.01773742
5,1.1750000000000005,0.003351041333333334,1.1750000000000005,0.015692786666666667
6,1.1500000000000006,0.003284344666666667,1.1500000000000006,0.013580573333333333
7,1.1250000000000007,0.003103494666666667,1.1250000000000007,0.011430146666666667
8,1.1000000000000008,0.0028100306666666666,1.1000000000000008,0.009267733333333335
9,1.0750000000000008,0.0024221493333333333,1.0750000000000008,0.007105273333333334
10,1.050000000000001,0.001977238,1.050000000000001,0.004855356000000001
11,1.025000000000001,0.001529832,1.025000000000001,0.002742990666666667
12,1.000000000000001,0.0011341886666666667,1.000000000000001,0.0007101833333333333
13,0.9750000000000012,0.000823328,0.9750000000000012,-0.0012499166666666668
14,0.9500000000000013,0.0005880498,0.9500000000000013,-0.0031306093333333335
15,0.9250000000000014,0.00044019446666666666,0.9250000000000014,-0.004933150666666667
16,0.9000000000000015,0.00033892620000000004,0.9000000000000015,-0.006652702
17,0.8750000000000016,0.0002696892666666667,0.8750000000000016,-0.008201613333333335
18,0.8500000000000016,0.00022030020000000003,0.8500000000000016,-0.0097931
19,0.8250000000000017,0.0001866012666666667,0.8250000000000017,-0.011269900000000001
20,0.8000000000000018,0.0001610442666666667,0.8000000000000018,-0.012637240000000001
21,0.7750000000000019,0.00014046573333333334,0.7750000000000019,-0.013890646666666668
22,0.750000000000002,0.00012414873333333335,0.750000000000002,-0.015032446666666666
23,0.7250000000000021,0.00010923020000000001,0.7250000000000021,-0.016055113333333332
24,0.7000000000000022,9.56898e-05,0.7000000000000022,-0.01695826666666667
25,0.6750000000000023,8.49936e-05,0.6750000000000023,-0.017756160000000003
26,0.6500000000000024,7.479113333333333e-05,0.6500000000000024,-0.018450433333333335
27,0.6250000000000024,6.668039999999999e-05,0.6250000000000024,-0.019032253333333336
28,0.6000000000000025,5.839946666666667e-05,0.6000000000000025,-0.01953086
29,0.5750000000000026,5.097606666666666e-05,0.5750000000000026,-0.019949953333333336
30,0.5500000000000027,4.5617253333333336e-05,0.5500000000000027,-0.02030492
31,0.5250000000000028,3.931288666666667e-05,0.5250000000000028,-0.02058888
32,0.5000000000000029,3.5359473333333335e-05,0.5000000000000029,-0.020827326666666666
33,0.475000000000003,3.047966666666667e-05,0.475000000000003,-0.0210222
34,0.45000000000000306,2.648758e-05,0.45000000000000306,-0.021184579999999998
35,0.42500000000000315,2.3160060000000003e-05,0.42500000000000315,-0.021317680000000002
36,0.40000000000000324,2.0057293333333336e-05,0.40000000000000324,-0.021428713333333335
37,0.37500000000000333,1.788336666666667e-05,0.37500000000000333,-0.02152098666666667
38,0.3500000000000034,1.5610173333333334e-05,0.3500000000000034,-0.021597920000000003
39,0.3250000000000035,1.3797053333333335e-05,0.3250000000000035,-0.02166348
40,0.3000000000000036,1.1859346666666667e-05,0.3000000000000036,-0.021717606666666667
41,0.2750000000000037,9.932673333333333e-06,0.2750000000000037,-0.02176668
42,0.2500000000000038,8.1264e-06,0.2500000000000038,-0.021806366666666667
43,0.22500000000000386,9.349173333333334e-06,0.22500000000000386,-0.02183912
44,0.20000000000000395,6.7449066666666664e-06,0.20000000000000395,-0.021871093333333334
45,0.17500000000000404,6.247047333333334e-06,0.17500000000000404,-0.021898046666666667
46,0.15000000000000413,3.853367333333333e-06,0.15000000000000413,-0.02192248
47,0.12500000000000422,2.252888e-06,0.12500000000000422,-0.02194380666666667
48,0.10000000000000431,7.099046666666667e-07,0.10000000000000431,-0.021964793333333336
49,0.0750000000000044,-8.342273333333334e-07,0.0750000000000044,-0.021982913333333333
50,0.050000000000004485,-2.267766e-06,0.050000000000004485,-0.021999493333333335
51,0.025000000000004574,-3.759868e-06,0.025000000000004574,-0.022015266666666665
52,4.6629367034256575e-15,-5.206131333333334e-06,4.6629367034256575e-15,-0.022031346666666667
53,-0.024999999999995248,-6.758206666666667e-06,-0.024999999999995248,-0.02204404
54,-0.04999999999999516,-7.20352e-06,-0.04999999999999516,-0.022055613333333335
55,-0.07499999999999507,-9.380413333333335e-06,-0.07499999999999507,-0.02206584666666667
56,-0.09999999999999498,-1.1220353333333333e-05,-0.09999999999999498,-0.02208188
57,-0.12499999999999489,-1.299514e-05,-0.12499999999999489,-0.022091426666666667
58,-0.1499999999999948,-1.4944713333333335e-05,-0.1499999999999948,-0.022102606666666667
59,-0.17499999999999472,-1.7016506666666668e-05,-0.17499999999999472,-0.022113126666666667
60,-0.19999999999999463,-1.8946066666666668e-05,-0.19999999999999463,-0.0221206
61,-0.22499999999999454,-2.0855053333333334e-05,-0.22499999999999454,-0.022131960000000003
62,-0.24999999999999445,-2.3033893333333334e-05,-0.24999999999999445,-0.02214196666666667
63,-0.27499999999999436,-2.5088153333333333e-05,-0.27499999999999436,-0.022152733333333334
