,II_4R_V_D,II_4R_J_D,II_4R_V_L,II_4R_J_L
0,1.3,0.02137070666666667,1.3,0.029337246666666667
1,1.2750000000000001,0.021991773333333332,1.2750000000000001,0.026494426666666664
2,1.2500000000000002,0.02045350666666667,1.2500000000000002,0.023620886666666667
3,1.2250000000000003,0.018423633333333335,1.2250000000000003,0.020772433333333336
4,1.2000000000000004,0.016265393333333333,1.2000000000000004,0.017983826666666668
5,1.1750000000000005,0.014113566666666669,1.1750000000000005,0.015255506666666667
6,1.1500000000000006,0.012036713333333334,1.1500000000000006,0.012599173333333333
7,1.1250000000000007,0.01007836,1.1250000000000007,0.010006433333333333
8,1.1000000000000008,0.008273513333333335,1.1000000000000008,0.0075168
9,1.0750000000000008,0.006593918000000001,1.0750000000000008,0.005249458
10,1.050000000000001,0.0051967106666666665,1.050000000000001,0.0028020513333333334
11,1.025000000000001,0.0039948733333333335,1.025000000000001,0.0008069833333333334
12,1.000000000000001,0.003016140666666667,1.000000000000001,-0.001524818
13,0.9750000000000012,0.0022559253333333334,0.9750000000000012,-0.003631692666666667
14,0.9500000000000013,0.0016941673333333333,0.9500000000000013,-0.00559492
15,0.9250000000000014,0.0013004626666666668,0.9250000000000014,-0.00712252
16,0.9000000000000015,0.0010314573333333333,0.9000000000000015,-0.00899606
17,0.8750000000000016,0.00085167,0.8750000000000016,-0.010630093333333333
18,0.8500000000000016,0.0007270320000000001,0.8500000000000016,-0.012099386666666668
19,0.8250000000000017,0.0006424002,0.8250000000000017,-0.013422580000000002
20,0.8000000000000018,0.0005690024666666667,0.8000000000000018,-0.01460962
21,0.7750000000000019,0.0005140511333333334,0.7750000000000019,-0.01563106
22,0.750000000000002,0.0004684487333333334,0.750000000000002,-0.016528453333333335
23,0.7250000000000021,0.00042775053333333335,0.7250000000000021,-0.017306553333333335
24,0.7000000000000022,0.0003891032666666667,0.7000000000000022,-0.01797960666666667
25,0.6750000000000023,0.00035521226666666665,0.6750000000000023,-0.018538046666666665
26,0.6500000000000024,0.00032385986666666667,0.6500000000000024,-0.019016633333333335
27,0.6250000000000024,0.0002945896666666667,0.6250000000000024,-0.01943042
28,0.6000000000000025,0.0002664503333333334,0.6000000000000025,-0.019781973333333334
29,0.5750000000000026,0.00024120306666666668,0.5750000000000026,-0.020086953333333334
30,0.5500000000000027,0.0002182838,0.5500000000000027,-0.02034912666666667
31,0.5250000000000028,0.0001974896,0.5250000000000028,-0.02057332
32,0.5000000000000029,0.00017832386666666666,0.5000000000000029,-0.020765493333333333
33,0.475000000000003,0.0001609402,0.475000000000003,-0.0209442
34,0.45000000000000306,0.0001448336,0.45000000000000306,-0.021086306666666665
35,0.42500000000000315,0.00013081213333333334,0.42500000000000315,-0.021215273333333333
36,0.40000000000000324,0.00011846713333333334,0.40000000000000324,-0.02132554
37,0.37500000000000333,0.00010697046666666667,0.37500000000000333,-0.02142824
38,0.3500000000000034,9.62774e-05,0.3500000000000034,-0.021511113333333335
39,0.3250000000000035,8.63902e-05,0.3250000000000035,-0.02158608
40,0.3000000000000036,7.678406666666667e-05,0.3000000000000036,-0.02164898666666667
41,0.2750000000000037,6.795906666666667e-05,0.2750000000000037,-0.02170966666666667
42,0.2500000000000038,6.046398000000001e-05,0.2500000000000038,-0.02175966
43,0.22500000000000386,5.287494666666666e-05,0.22500000000000386,-0.02179208666666667
44,0.20000000000000395,4.527809333333333e-05,0.20000000000000395,-0.02183596
45,0.17500000000000404,3.821493333333334e-05,0.17500000000000404,-0.021872073333333332
46,0.15000000000000413,3.1416660000000004e-05,0.15000000000000413,-0.021902066666666668
47,0.12500000000000422,2.4957106666666668e-05,0.12500000000000422,-0.021930733333333334
48,0.10000000000000431,1.8454913333333334e-05,0.10000000000000431,-0.021954913333333336
49,0.0750000000000044,1.2359013333333335e-05,0.0750000000000044,-0.021979906666666667
50,0.050000000000004485,6.557586666666667e-06,0.050000000000004485,-0.02200846
51,0.025000000000004574,1.3812113333333333e-07,0.025000000000004574,-0.022032180000000002
52,4.6629367034256575e-15,-6.01728e-06,4.6629367034256575e-15,-0.0220581
53,-0.024999999999995248,-1.1771486666666667e-05,-0.024999999999995248,-0.022081706666666666
54,-0.04999999999999516,-1.833022666666667e-05,-0.04999999999999516,-0.022103880000000003
55,-0.07499999999999507,-2.4995086666666665e-05,-0.07499999999999507,-0.0221324
56,-0.09999999999999498,-3.166300666666667e-05,-0.09999999999999498,-0.022157646666666666
57,-0.12499999999999489,-3.8104060000000004e-05,-0.12499999999999489,-0.022182766666666666
58,-0.1499999999999948,-4.509004666666667e-05,-0.1499999999999948,-0.02220928
59,-0.17499999999999472,-5.171805333333334e-05,-0.17499999999999472,-0.02223474
60,-0.19999999999999463,-5.9447406666666665e-05,-0.19999999999999463,-0.0222574
61,-0.22499999999999454,-6.674940000000001e-05,-0.22499999999999454,-0.022283346666666665
62,-0.24999999999999445,-7.450206666666667e-05,-0.24999999999999445,-0.02230846
63,-0.27499999999999436,-8.304093333333334e-05,-0.27499999999999436,-0.022331780000000002
