,II_4R_V_D,II_4R_J_D,II_4R_V_L,II_4R_J_L
0,1.3,0.0035864200000000003,1.3,0.020593780000000003
1,1.2750000000000001,0.004279486000000001,1.2750000000000001,0.018924660000000003
2,1.2500000000000002,0.004808255333333334,1.2500000000000002,0.017121
3,1.2250000000000003,0.0051093553333333335,1.2250000000000003,0.015215333333333334
4,1.2000000000000004,0.005159009333333334,1.2000000000000004,0.01323358
5,1.1750000000000005,0.004964300666666667,1.1750000000000005,0.01119988
6,1.1500000000000006,0.004556090666666667,1.1500000000000006,0.00913578
7,1.1250000000000007,0.003989687333333334,1.1250000000000007,0.007118813333333333
8,1.1000000000000008,0.0033393240000000003,1.1000000000000008,0.004944252666666667
9,1.0750000000000008,0.0027529320000000005,1.0750000000000008,0.002886382666666667
10,1.050000000000001,0.00213256,1.050000000000001,0.0008899406666666666
11,1.025000000000001,0.0016036753333333333,1.025000000000001,-0.0010462226666666666
12,1.000000000000001,0.0011833960000000002,1.000000000000001,-0.00291303
13,0.9750000000000012,0.0008727006666666667,0.9750000000000012,-0.004705898
14,0.9500000000000013,0.0006409777333333333,0.9500000000000013,-0.0064179426666666674
15,0.9250000000000014,0.00048409913333333335,0.9250000000000014,-0.007998073333333335
16,0.9000000000000015,0.00037945793333333334,0.9000000000000015,-0.009576913333333334
17,0.8750000000000016,0.00030870820000000005,0.8750000000000016,-0.011042380000000001
18,0.8500000000000016,0.0002604318,0.8500000000000016,-0.012392486666666667
19,0.8250000000000017,0.00022969906666666666,0.8250000000000017,-0.013636186666666668
20,0.8000000000000018,0.00020571013333333334,0.8000000000000018,-0.014770906666666667
21,0.7750000000000019,0.00018656573333333335,0.7750000000000019,-0.015797966666666666
22,0.750000000000002,0.0001705714,0.750000000000002,-0.016712833333333336
23,0.7250000000000021,0.0001576364666666667,0.7250000000000021,-0.017520506666666668
24,0.7000000000000022,0.00014534506666666667,0.7000000000000022,-0.018224880000000002
25,0.6750000000000023,0.0001354134,0.6750000000000023,-0.018837113333333336
26,0.6500000000000024,0.00012620086666666666,0.6500000000000024,-0.019370286666666667
27,0.6250000000000024,0.0001172752,0.6250000000000024,-0.019811366666666667
28,0.6000000000000025,0.00010889993333333335,0.6000000000000025,-0.020185993333333336
29,0.5750000000000026,0.0001000686,0.5750000000000026,-0.020504493333333335
30,0.5500000000000027,9.322313333333335e-05,0.5500000000000027,-0.020768366666666666
31,0.5250000000000028,8.647733333333334e-05,0.5250000000000028,-0.02098478
32,0.5000000000000029,8.017186666666667e-05,0.5000000000000029,-0.021165520000000004
33,0.475000000000003,7.344806666666666e-05,0.475000000000003,-0.02131554
34,0.45000000000000306,6.7393e-05,0.45000000000000306,-0.02144224
35,0.42500000000000315,6.314404e-05,0.42500000000000315,-0.021546540000000003
36,0.40000000000000324,5.782154666666667e-05,0.40000000000000324,-0.021634246666666666
37,0.37500000000000333,5.212173333333333e-05,0.37500000000000333,-0.021710673333333333
38,0.3500000000000034,4.7716140000000005e-05,0.3500000000000034,-0.0217729
39,0.3250000000000035,4.297944666666667e-05,0.3250000000000035,-0.021827133333333335
40,0.3000000000000036,3.845593333333333e-05,0.3000000000000036,-0.021874980000000002
41,0.2750000000000037,3.3704119999999996e-05,0.2750000000000037,-0.021913266666666667
42,0.2500000000000038,2.9221773333333338e-05,0.2500000000000038,-0.021947866666666666
43,0.22500000000000386,2.5367380000000002e-05,0.22500000000000386,-0.02197204666666667
44,0.20000000000000395,2.1144773333333334e-05,0.20000000000000395,-0.022001473333333334
45,0.17500000000000404,1.724892e-05,0.17500000000000404,-0.022026686666666666
46,0.15000000000000413,1.362714e-05,0.15000000000000413,-0.02204856666666667
47,0.12500000000000422,1.0097606666666667e-05,0.12500000000000422,-0.022066806666666668
48,0.10000000000000431,8.295266666666667e-06,0.10000000000000431,-0.022083953333333333
49,0.0750000000000044,4.924407333333334e-06,0.0750000000000044,-0.022101093333333332
50,0.050000000000004485,9.133393333333334e-07,0.050000000000004485,-0.02211682666666667
51,0.025000000000004574,-2.6307873333333337e-06,0.025000000000004574,-0.02213248666666667
52,4.6629367034256575e-15,-6.113697333333334e-06,4.6629367034256575e-15,-0.02214616
53,-0.024999999999995248,-8.90408e-06,-0.024999999999995248,-0.022159833333333333
54,-0.04999999999999516,-1.2921140000000002e-05,-0.04999999999999516,-0.022172686666666667
55,-0.07499999999999507,-1.6711946666666667e-05,-0.07499999999999507,-0.022185666666666666
56,-0.09999999999999498,-2.0456106666666668e-05,-0.09999999999999498,-0.022200013333333334
57,-0.12499999999999489,-2.405550666666667e-05,-0.12499999999999489,-0.02221154666666667
58,-0.1499999999999948,-2.813222666666667e-05,-0.1499999999999948,-0.022223653333333333
59,-0.17499999999999472,-3.2147593333333334e-05,-0.17499999999999472,-0.022235593333333335
60,-0.19999999999999463,-3.6392133333333333e-05,-0.19999999999999463,-0.0222463
61,-0.22499999999999454,-4.051168666666667e-05,-0.22499999999999454,-0.022259193333333333
62,-0.24999999999999445,-4.499580666666667e-05,-0.24999999999999445,-0.02227116
63,-0.27499999999999436,-4.95674e-05,-0.27499999999999436,-0.022282026666666666
