,II_4R_V_D,II_4R_J_D,II_4R_V_L,II_4R_J_L
0,1.3,0.026869193333333333,1.3,0.034719940000000005
1,1.2750000000000001,0.025412973333333335,1.2750000000000001,0.031114239999999998
2,1.2500000000000002,0.022817713333333333,1.2500000000000002,0.027686140000000005
3,1.2250000000000003,0.02012644666666667,1.2250000000000003,0.02438468666666667
4,1.2000000000000004,0.017509873333333335,1.2000000000000004,0.021208133333333334
5,1.1750000000000005,0.01503496,1.1750000000000005,0.018154813333333335
6,1.1500000000000006,0.012727506666666666,1.1500000000000006,0.01521844
7,1.1250000000000007,0.010602046666666667,1.1250000000000007,0.01240304
8,1.1000000000000008,0.008701253333333334,1.1000000000000008,0.009718666666666667
9,1.0750000000000008,0.007016973333333333,1.0750000000000008,0.007139820000000001
10,1.050000000000001,0.0055555886666666665,1.050000000000001,0.0048045860000000004
11,1.025000000000001,0.004305727333333334,1.025000000000001,0.0023189866666666666
12,1.000000000000001,0.0033273826666666666,1.000000000000001,0.00025099586666666666
13,0.9750000000000012,0.0025675606666666667,0.9750000000000012,-0.0019350400000000003
14,0.9500000000000013,0.0020034926666666667,0.9500000000000013,-0.004121854666666667
15,0.9250000000000014,0.0015965180000000001,0.9250000000000014,-0.006085124
16,0.9000000000000015,0.0013141293333333334,0.9000000000000015,-0.0076916599999999995
17,0.8750000000000016,0.0011196560000000001,0.8750000000000016,-0.009520393333333333
18,0.8500000000000016,0.0009864693333333334,0.8500000000000016,-0.01113312
19,0.8250000000000017,0.0008910773333333334,0.8250000000000017,-0.012590233333333334
20,0.8000000000000018,0.00081395,0.8000000000000018,-0.013902873333333335
21,0.7750000000000019,0.0007571766666666668,0.7750000000000019,-0.015071126666666667
22,0.750000000000002,0.0007045720000000001,0.750000000000002,-0.016091166666666667
23,0.7250000000000021,0.0006642614,0.7250000000000021,-0.016977553333333333
24,0.7000000000000022,0.0006233457333333334,0.7000000000000022,-0.017711
25,0.6750000000000023,0.0005837179333333333,0.6750000000000023,-0.018333953333333333
26,0.6500000000000024,0.0005510986666666666,0.6500000000000024,-0.018855633333333333
27,0.6250000000000024,0.0005166216666666667,0.6250000000000024,-0.01929868666666667
28,0.6000000000000025,0.00048653446666666663,0.6000000000000025,-0.01965234
29,0.5750000000000026,0.00045551900000000004,0.5750000000000026,-0.019955953333333335
30,0.5500000000000027,0.0004268722666666667,0.5500000000000027,-0.02021416666666667
31,0.5250000000000028,0.000399511,0.5250000000000028,-0.020441526666666668
32,0.5000000000000029,0.00036828926666666666,0.5000000000000029,-0.02063338
33,0.475000000000003,0.0003437578666666667,0.475000000000003,-0.020799613333333335
34,0.45000000000000306,0.0003165188,0.45000000000000306,-0.020947973333333335
35,0.42500000000000315,0.0002925855333333333,0.42500000000000315,-0.021080033333333335
36,0.40000000000000324,0.00026627393333333334,0.40000000000000324,-0.0212
37,0.37500000000000333,0.0002445495333333334,0.37500000000000333,-0.02130444
38,0.3500000000000034,0.00022312360000000003,0.3500000000000034,-0.02140070666666667
39,0.3250000000000035,0.00020421846666666667,0.3250000000000035,-0.021488093333333333
40,0.3000000000000036,0.00018357653333333335,0.3000000000000036,-0.02156736
41,0.2750000000000037,0.00016359893333333335,0.2750000000000037,-0.021635033333333335
42,0.2500000000000038,0.00014483033333333333,0.2500000000000038,-0.021700813333333336
43,0.22500000000000386,0.00012607666666666667,0.22500000000000386,-0.021753066666666668
44,0.20000000000000395,0.00010831226666666668,0.20000000000000395,-0.021812513333333332
45,0.17500000000000404,9.12514e-05,0.17500000000000404,-0.021862660000000003
46,0.15000000000000413,7.59232e-05,0.15000000000000413,-0.02191032
47,0.12500000000000422,6.0029200000000005e-05,0.12500000000000422,-0.021952640000000002
48,0.10000000000000431,4.49566e-05,0.10000000000000431,-0.02199372
49,0.0750000000000044,3.0492260000000003e-05,0.0750000000000044,-0.022030713333333337
50,0.050000000000004485,1.5865053333333336e-05,0.050000000000004485,-0.022065533333333335
51,0.025000000000004574,1.999356666666667e-06,0.025000000000004574,-0.02209704666666667
52,4.6629367034256575e-15,-1.2317226666666667e-05,4.6629367034256575e-15,-0.022125660000000002
53,-0.024999999999995248,-2.668264666666667e-05,-0.024999999999995248,-0.022159053333333335
54,-0.04999999999999516,-4.128461333333333e-05,-0.04999999999999516,-0.022185253333333335
55,-0.07499999999999507,-5.6202620000000004e-05,-0.07499999999999507,-0.022212933333333334
56,-0.09999999999999498,-7.070160000000001e-05,-0.09999999999999498,-0.022240206666666668
57,-0.12499999999999489,-8.499913333333334e-05,-0.12499999999999489,-0.022267026666666665
58,-0.1499999999999948,-0.00010111086666666667,-0.1499999999999948,-0.022295286666666667
59,-0.17499999999999472,-0.00011627393333333334,-0.17499999999999472,-0.02232336
60,-0.19999999999999463,-0.00013368213333333335,-0.19999999999999463,-0.02234804
61,-0.22499999999999454,-0.0001510012666666667,-0.22499999999999454,-0.02237622666666667
62,-0.24999999999999445,-0.0001689546,-0.24999999999999445,-0.02240392
63,-0.27499999999999436,-0.00018677726666666667,-0.27499999999999436,-0.022430926666666667
