,II_4R_V_D,II_4R_J_D,II_4R_V_L,II_4R_J_L
0,1.3,0.020501960000000003,1.3,0.02832064
1,1.2750000000000001,0.021357786666666666,1.2750000000000001,0.025512193333333332
2,1.2500000000000002,0.0199632,1.2500000000000002,0.022632273333333335
3,1.2250000000000003,0.018013513333333335,1.2250000000000003,0.019765073333333334
4,1.2000000000000004,0.015907546666666668,1.2000000000000004,0.01694312
5,1.1750000000000005,0.013794980000000002,1.1750000000000005,0.014179259999999999
6,1.1500000000000006,0.01175076,1.1500000000000006,0.011481193333333334
7,1.1250000000000007,0.00982566,1.1250000000000007,0.008862893333333333
8,1.1000000000000008,0.00806188,1.1000000000000008,0.0064393259999999996
9,1.0750000000000008,0.006432392666666667,1.0750000000000008,0.003900092
10,1.050000000000001,0.005094225333333334,1.050000000000001,0.0015311346666666667
11,1.025000000000001,0.003958838,1.025000000000001,-0.0007263186666666667
12,1.000000000000001,0.0030495653333333333,1.000000000000001,-0.0028768686666666666
13,0.9750000000000012,0.0023546633333333335,0.9750000000000012,-0.004902328666666667
14,0.9500000000000013,0.001849320666666667,0.9500000000000013,-0.006809300000000001
15,0.9250000000000014,0.0014926193333333335,0.9250000000000014,-0.00828236
16,0.9000000000000015,0.0012451933333333335,0.9000000000000015,-0.010056106666666667
17,0.8750000000000016,0.0010677286666666667,0.8750000000000016,-0.011600586666666668
18,0.8500000000000016,0.0009359806666666667,0.8500000000000016,-0.012974966666666667
19,0.8250000000000017,0.0008326553333333333,0.8250000000000017,-0.014196153333333334
20,0.8000000000000018,0.0007466186666666666,0.8000000000000018,-0.015269726666666667
21,0.7750000000000019,0.0006700513333333333,0.7750000000000019,-0.016201233333333336
22,0.750000000000002,0.0005983137333333334,0.750000000000002,-0.017016373333333334
23,0.7250000000000021,0.0005363290666666666,0.7250000000000021,-0.017725313333333336
24,0.7000000000000022,0.0004821838,0.7000000000000022,-0.01831112
25,0.6750000000000023,0.00043001513333333337,0.6750000000000023,-0.018825460000000002
26,0.6500000000000024,0.00038150353333333333,0.6500000000000024,-0.01926576666666667
27,0.6250000000000024,0.00033509893333333334,0.6250000000000024,-0.019655413333333333
28,0.6000000000000025,0.00029337666666666667,0.6000000000000025,-0.019973546666666668
29,0.5750000000000026,0.00025736733333333337,0.5750000000000026,-0.02026
30,0.5500000000000027,0.00022590360000000002,0.5500000000000027,-0.02050862
31,0.5250000000000028,0.00019633406666666667,0.5250000000000028,-0.02072166
32,0.5000000000000029,0.000170894,0.5000000000000029,-0.020911213333333335
33,0.475000000000003,0.00014796466666666666,0.475000000000003,-0.0210723
34,0.45000000000000306,0.00012906873333333333,0.45000000000000306,-0.02121338
35,0.42500000000000315,0.00011235146666666668,0.42500000000000315,-0.02133798666666667
36,0.40000000000000324,9.807773333333334e-05,0.40000000000000324,-0.021446700000000003
37,0.37500000000000333,8.586453333333334e-05,0.37500000000000333,-0.02154
38,0.3500000000000034,7.53812e-05,0.3500000000000034,-0.021619306666666668
39,0.3250000000000035,6.637329333333333e-05,0.3250000000000035,-0.021689
40,0.3000000000000036,5.792533333333334e-05,0.3000000000000036,-0.021750973333333336
41,0.2750000000000037,5.0909346666666676e-05,0.2750000000000037,-0.021801013333333334
42,0.2500000000000038,4.4370500000000005e-05,0.2500000000000038,-0.021843973333333336
43,0.22500000000000386,3.8374206666666665e-05,0.22500000000000386,-0.021875573333333335
44,0.20000000000000395,3.250685333333334e-05,0.20000000000000395,-0.021915
45,0.17500000000000404,2.7225633333333336e-05,0.17500000000000404,-0.021944613333333335
46,0.15000000000000413,2.222092e-05,0.15000000000000413,-0.0219721
47,0.12500000000000422,1.734978e-05,0.12500000000000422,-0.0219976
48,0.10000000000000431,1.2704153333333334e-05,0.10000000000000431,-0.022023546666666668
49,0.0750000000000044,8.116846666666667e-06,0.0750000000000044,-0.022046366666666668
50,0.050000000000004485,4.158264666666667e-06,0.050000000000004485,-0.022068466666666668
51,0.025000000000004574,-5.759541333333333e-07,0.025000000000004574,-0.02209304
52,4.6629367034256575e-15,-4.9805020000000005e-06,4.6629367034256575e-15,-0.022116186666666666
53,-0.024999999999995248,-8.814666666666667e-06,-0.024999999999995248,-0.022142173333333334
54,-0.04999999999999516,-1.353688e-05,-0.04999999999999516,-0.02216408666666667
55,-0.07499999999999507,-1.8097053333333335e-05,-0.07499999999999507,-0.02218804
56,-0.09999999999999498,-2.2798713333333334e-05,-0.09999999999999498,-0.022212473333333337
57,-0.12499999999999489,-2.75233e-05,-0.12499999999999489,-0.022233653333333336
58,-0.1499999999999948,-3.247079333333333e-05,-0.1499999999999948,-0.022257786666666668
59,-0.17499999999999472,-3.748690666666667e-05,-0.17499999999999472,-0.022279933333333335
60,-0.19999999999999463,-4.2769486666666666e-05,-0.19999999999999463,-0.022300753333333333
61,-0.22499999999999454,-4.816767333333333e-05,-0.22499999999999454,-0.022324646666666666
62,-0.24999999999999445,-5.396058666666667e-05,-0.24999999999999445,-0.02234340666666667
63,-0.27499999999999436,-5.989507333333333e-05,-0.27499999999999436,-0.02236598
