,II_4F_V_D,II_4F_J_D,II_4F_V_L,II_4F_J_L
0,-0.3,-3.7892006666666665e-05,-0.3,-0.022517826666666668
1,-0.27499999999999997,-3.3303613333333336e-05,-0.27499999999999997,-0.022498586666666667
2,-0.24999999999999994,-2.943868e-05,-0.24999999999999994,-0.022478573333333335
3,-0.22499999999999992,-2.5734873333333332e-05,-0.22499999999999992,-0.022456013333333334
4,-0.1999999999999999,-2.23103e-05,-0.1999999999999999,-0.02242656
5,-0.17499999999999988,-1.8867253333333333e-05,-0.17499999999999988,-0.022388453333333336
6,-0.14999999999999986,-1.562968666666667e-05,-0.14999999999999986,-0.022339606666666668
7,-0.12499999999999983,-1.2592566666666667e-05,-0.12499999999999983,-0.022274193333333334
8,-0.09999999999999981,-9.624453333333334e-06,-0.09999999999999981,-0.02218972666666667
9,-0.07499999999999979,-6.715613333333333e-06,-0.07499999999999979,-0.02208710666666667
10,-0.04999999999999977,-4.562829333333333e-06,-0.04999999999999977,-0.021963633333333333
11,-0.024999999999999745,-1.37271e-06,-0.024999999999999745,-0.0218219
12,2.7755575615628914e-16,1.3300186666666667e-06,2.7755575615628914e-16,-0.021666006666666668
13,0.0250000000000003,4.117392666666667e-06,0.0250000000000003,-0.021488600000000004
14,0.05000000000000032,6.880946666666667e-06,0.05000000000000032,-0.02130022
15,0.07500000000000034,8.814786666666667e-06,0.07500000000000034,-0.02109704
16,0.10000000000000037,1.2136773333333333e-05,0.10000000000000037,-0.02088194
17,0.1250000000000004,1.533196e-05,0.1250000000000004,-0.02065514666666667
18,0.1500000000000004,1.8311540000000002e-05,0.1500000000000004,-0.02041522
19,0.17500000000000043,2.146128e-05,0.17500000000000043,-0.020164206666666667
20,0.20000000000000046,2.472584666666667e-05,0.20000000000000046,-0.019901753333333334
21,0.22500000000000048,2.7956386666666667e-05,0.22500000000000048,-0.01962176666666667
22,0.2500000000000005,3.1379053333333334e-05,0.2500000000000005,-0.019341186666666666
23,0.2750000000000005,3.455846e-05,0.2750000000000005,-0.019041100000000002
24,0.30000000000000054,3.880267333333333e-05,0.30000000000000054,-0.018715206666666668
25,0.32500000000000057,4.261298666666667e-05,0.32500000000000057,-0.01840098
26,0.3500000000000006,4.6635973333333335e-05,0.3500000000000006,-0.018054806666666666
27,0.3750000000000006,5.061498666666667e-05,0.3750000000000006,-0.01768424
28,0.40000000000000063,5.4924880000000005e-05,0.40000000000000063,-0.017308486666666668
29,0.42500000000000066,5.993604e-05,0.42500000000000066,-0.01689340666666667
30,0.4500000000000007,6.435047333333334e-05,0.4500000000000007,-0.01645794
31,0.4750000000000007,6.999566666666666e-05,0.4750000000000007,-0.01600271333333333
32,0.5000000000000007,7.702073333333334e-05,0.5000000000000007,-0.015500673333333334
33,0.5250000000000008,8.684566666666667e-05,0.5250000000000008,-0.014969773333333335
34,0.5500000000000007,9.954866666666667e-05,0.5500000000000007,-0.014397146666666666
35,0.5750000000000008,0.00011696773333333334,0.5750000000000008,-0.013790026666666668
36,0.6000000000000008,0.00014078426666666667,0.6000000000000008,-0.013129993333333334
37,0.6250000000000009,0.00017191526666666666,0.6250000000000009,-0.0124144
38,0.6500000000000008,0.0002122656666666667,0.6500000000000008,-0.01168464
39,0.6750000000000009,0.00026238106666666666,0.6750000000000009,-0.010898466666666667
40,0.7000000000000008,0.0003228229333333333,0.7000000000000008,-0.010057733333333334
41,0.7250000000000008,0.00039446546666666667,0.7250000000000008,-0.009152693333333335
42,0.7500000000000009,0.0004788693333333333,0.7500000000000009,-0.00822312
43,0.775000000000001,0.0005770306000000001,0.775000000000001,-0.007240406666666667
44,0.8000000000000009,0.000721424,0.8000000000000009,-0.007613000000000001
45,0.8250000000000008,0.0008455213333333335,0.8250000000000008,-0.006620850666666667
46,0.850000000000001,0.000998624,0.850000000000001,-0.005070221333333334
47,0.8750000000000011,0.0011800806666666668,0.8750000000000011,-0.003706782
48,0.900000000000001,0.001395894,0.900000000000001,-0.0023516739999999998
49,0.9250000000000009,0.00165362,0.9250000000000009,-0.0009685646666666666
50,0.9500000000000011,0.001961958,0.9500000000000011,-7.021426666666667e-05
51,0.9750000000000012,0.002332789333333333,0.9750000000000012,0.00085587
52,1.000000000000001,0.0027756313333333333,1.000000000000001,0.0025848719999999998
53,1.025000000000001,0.003306493333333334,1.025000000000001,0.004248667333333333
54,1.0500000000000012,0.003937465333333333,1.0500000000000012,0.005916255333333334
55,1.0750000000000013,0.004687780666666667,1.0750000000000013,0.00704868
56,1.1000000000000012,0.005567951333333334,1.1000000000000012,0.008948106666666667
57,1.125000000000001,0.006599789333333334,1.125000000000001,0.010824966666666666
58,1.1500000000000012,0.008559486666666666,1.1500000000000012,0.012745253333333333
59,1.1750000000000014,0.009804726666666666,1.1750000000000014,0.014718413333333333
60,1.2000000000000013,0.011343866666666667,1.2000000000000013,0.016760653333333337
61,1.2250000000000012,0.01309134,1.2250000000000012,0.018885846666666668
62,1.2500000000000013,0.015027166666666666,1.2500000000000013,0.021097026666666668
63,1.2750000000000015,0.01714548,1.2750000000000015,0.023406233333333335
