,II_4R_V_D,II_4R_J_D,II_4R_V_L,II_4R_J_L
0,1.3,0.019933633333333336,1.3,0.0254838
1,1.2750000000000001,0.019439773333333334,1.2750000000000001,0.023087180000000002
2,1.2500000000000002,0.017954753333333334,1.2500000000000002,0.020515086666666665
3,1.2250000000000003,0.016193013333333332,1.2250000000000003,0.01790706666666667
4,1.2000000000000004,0.014339306666666666,1.2000000000000004,0.015310646666666667
5,1.1750000000000005,0.012495146666666667,1.1750000000000005,0.012749940000000001
6,1.1500000000000006,0.010712026666666668,1.1500000000000006,0.010238806666666666
7,1.1250000000000007,0.009045906666666667,1.1250000000000007,0.0077900600000000006
8,1.1000000000000008,0.0075299600000000005,1.1000000000000008,0.005484887333333334
9,1.0750000000000008,0.0061217986666666675,1.0750000000000008,0.0031218606666666665
10,1.050000000000001,0.005022590666666667,1.050000000000001,0.000903384
11,1.025000000000001,0.004084068666666667,1.025000000000001,-0.0012118886666666667
12,1.000000000000001,0.003330012666666667,1.000000000000001,-0.003216274666666667
13,0.9750000000000012,0.0027518053333333336,0.9750000000000012,-0.005112854
14,0.9500000000000013,0.0023195213333333338,0.9500000000000013,-0.00689246
15,0.9250000000000014,0.001994436,0.9250000000000014,-0.00826316
16,0.9000000000000015,0.0017475780000000003,0.9000000000000015,-0.009910073333333333
17,0.8750000000000016,0.0015509773333333334,0.8750000000000016,-0.011358526666666667
18,0.8500000000000016,0.0013877626666666666,0.8500000000000016,-0.012659353333333333
19,0.8250000000000017,0.00124643,0.8250000000000017,-0.013824726666666667
20,0.8000000000000018,0.0011189106666666666,0.8000000000000018,-0.01487022
21,0.7750000000000019,0.0010021646666666666,0.7750000000000019,-0.015796233333333333
22,0.750000000000002,0.0008936213333333333,0.750000000000002,-0.01661504
23,0.7250000000000021,0.0007924313333333334,0.7250000000000021,-0.01733466666666667
24,0.7000000000000022,0.0006975693333333334,0.7000000000000022,-0.017964013333333334
25,0.6750000000000023,0.0005908278,0.6750000000000023,-0.01852122
26,0.6500000000000024,0.0005152326666666667,0.6500000000000024,-0.01901804
27,0.6250000000000024,0.00044242900000000004,0.6250000000000024,-0.019435666666666667
28,0.6000000000000025,0.00037536086666666664,0.6000000000000025,-0.019808186666666665
29,0.5750000000000026,0.00031537813333333336,0.5750000000000026,-0.020137020000000002
30,0.5500000000000027,0.00026210333333333334,0.5500000000000027,-0.020419393333333334
31,0.5250000000000028,0.00021559813333333334,0.5250000000000028,-0.02067278
32,0.5000000000000029,0.0001760974,0.5000000000000029,-0.020893046666666668
33,0.475000000000003,0.00014360486666666668,0.475000000000003,-0.02107974
34,0.45000000000000306,0.000117711,0.45000000000000306,-0.021244633333333332
35,0.42500000000000315,9.659633333333334e-05,0.42500000000000315,-0.02137998
36,0.40000000000000324,7.986606666666666e-05,0.40000000000000324,-0.021504166666666668
37,0.37500000000000333,6.676113333333333e-05,0.37500000000000333,-0.021604493333333332
38,0.3500000000000034,5.5172753333333336e-05,0.3500000000000034,-0.021691186666666668
39,0.3250000000000035,4.7113413333333334e-05,0.3250000000000035,-0.021768346666666667
40,0.3000000000000036,4.091728666666667e-05,0.3000000000000036,-0.02182702
41,0.2750000000000037,3.5482093333333334e-05,0.2750000000000037,-0.021877686666666667
42,0.2500000000000038,3.0677773333333336e-05,0.2500000000000038,-0.021919113333333334
43,0.22500000000000386,2.62553e-05,0.22500000000000386,-0.021949306666666668
44,0.20000000000000395,2.2161460000000002e-05,0.20000000000000395,-0.021988906666666665
45,0.17500000000000404,1.8248866666666667e-05,0.17500000000000404,-0.022017906666666667
46,0.15000000000000413,1.4650986666666667e-05,0.15000000000000413,-0.0220434
47,0.12500000000000422,1.12156e-05,0.12500000000000422,-0.022068953333333332
48,0.10000000000000431,7.833033333333334e-06,0.10000000000000431,-0.022091446666666667
49,0.0750000000000044,5.191768666666667e-06,0.0750000000000044,-0.022111633333333332
50,0.050000000000004485,1.5925300000000002e-06,0.050000000000004485,-0.022134126666666667
51,0.025000000000004574,-1.5845166666666667e-06,0.025000000000004574,-0.02215662666666667
52,4.6629367034256575e-15,-4.783225333333333e-06,4.6629367034256575e-15,-0.022177726666666668
53,-0.024999999999995248,-7.303886666666668e-06,-0.024999999999995248,-0.022197093333333334
54,-0.04999999999999516,-1.0982546666666667e-05,-0.04999999999999516,-0.02221756
55,-0.07499999999999507,-1.4425226666666666e-05,-0.07499999999999507,-0.02223612
56,-0.09999999999999498,-1.792886e-05,-0.09999999999999498,-0.0222577
57,-0.12499999999999489,-2.177730666666667e-05,-0.12499999999999489,-0.022274966666666667
58,-0.1499999999999948,-2.555226e-05,-0.1499999999999948,-0.022292533333333333
59,-0.17499999999999472,-2.9386986666666666e-05,-0.17499999999999472,-0.022309739999999998
60,-0.19999999999999463,-3.3255453333333335e-05,-0.19999999999999463,-0.02232682
61,-0.22499999999999454,-3.772804e-05,-0.22499999999999454,-0.022343633333333335
62,-0.24999999999999445,-4.196792666666667e-05,-0.24999999999999445,-0.022359686666666666
63,-0.27499999999999436,-4.613485333333334e-05,-0.27499999999999436,-0.022375193333333335
