,II_4F_V_D,II_4F_J_D,II_4F_V_L,II_4F_J_L
0,-0.3,-0.000216297,-0.3,-0.022649466666666666
1,-0.27499999999999997,-0.00019356086666666667,-0.27499999999999997,-0.022591973333333334
2,-0.24999999999999994,-0.00017303766666666666,-0.24999999999999994,-0.02251706666666667
3,-0.22499999999999992,-0.00015318513333333335,-0.22499999999999992,-0.022434086666666665
4,-0.1999999999999999,-0.0001329612,-0.1999999999999999,-0.022352666666666667
5,-0.17499999999999988,-0.0001143242,-0.17499999999999988,-0.02227412
6,-0.14999999999999986,-9.61834e-05,-0.14999999999999986,-0.02220274666666667
7,-0.12499999999999983,-7.858946666666667e-05,-0.12499999999999983,-0.022130213333333336
8,-0.09999999999999981,-6.221035333333334e-05,-0.09999999999999981,-0.02206068
9,-0.07499999999999979,-4.5085080000000005e-05,-0.07499999999999979,-0.021989373333333333
10,-0.04999999999999977,-2.850996e-05,-0.04999999999999977,-0.021918713333333333
11,-0.024999999999999745,-1.272052e-05,-0.024999999999999745,-0.021842113333333333
12,2.7755575615628914e-16,2.952966666666667e-06,2.7755575615628914e-16,-0.021770173333333333
13,0.0250000000000003,1.8690966666666668e-05,0.0250000000000003,-0.021690200000000003
14,0.05000000000000032,3.515006666666667e-05,0.05000000000000032,-0.021604633333333335
15,0.07500000000000034,5.145601333333333e-05,0.07500000000000034,-0.02150994
16,0.10000000000000037,6.898393333333334e-05,0.10000000000000037,-0.021416493333333335
17,0.1250000000000004,8.408866666666667e-05,0.1250000000000004,-0.021308566666666667
18,0.1500000000000004,0.00010120686666666666,0.1500000000000004,-0.021195553333333332
19,0.17500000000000043,0.00011963213333333333,0.17500000000000043,-0.021073520000000002
20,0.20000000000000046,0.00013762126666666666,0.20000000000000046,-0.02093976
21,0.22500000000000048,0.00015793873333333334,0.22500000000000048,-0.020789893333333333
22,0.2500000000000005,0.000178862,0.2500000000000005,-0.02063822
23,0.2750000000000005,0.00019874446666666667,0.2750000000000005,-0.02046174666666667
24,0.30000000000000054,0.0002197258,0.30000000000000054,-0.020264300000000002
25,0.32500000000000057,0.00024074133333333334,0.32500000000000057,-0.02005646666666667
26,0.3500000000000006,0.0002632259333333334,0.3500000000000006,-0.019822373333333334
27,0.3750000000000006,0.00028601166666666666,0.3750000000000006,-0.019571393333333333
28,0.40000000000000063,0.0003135766,0.40000000000000063,-0.019274140000000002
29,0.42500000000000066,0.00033887973333333334,0.42500000000000066,-0.0189734
30,0.4500000000000007,0.0003644784,0.4500000000000007,-0.018630006666666667
31,0.4750000000000007,0.00039907153333333336,0.4750000000000007,-0.01825170666666667
32,0.5000000000000007,0.0004301113333333333,0.5000000000000007,-0.0178336
33,0.5250000000000008,0.00046099946666666665,0.5250000000000008,-0.017370766666666666
34,0.5500000000000007,0.0004954045333333334,0.5500000000000007,-0.016859553333333336
35,0.5750000000000008,0.0005311644,0.5750000000000008,-0.016300653333333335
36,0.6000000000000008,0.0005706788,0.6000000000000008,-0.01568019333333333
37,0.6250000000000009,0.0006085841333333333,0.6250000000000009,-0.014991359999999999
38,0.6500000000000008,0.0006498543333333333,0.6500000000000008,-0.014234606666666667
39,0.6750000000000009,0.0007170873333333333,0.6750000000000009,-0.013403646666666668
40,0.7000000000000008,0.0007711713333333333,0.7000000000000008,-0.012476220000000001
41,0.7250000000000008,0.000851368,0.7250000000000008,-0.011430386666666667
42,0.7500000000000009,0.0009443206666666668,0.7500000000000009,-0.010300833333333334
43,0.775000000000001,0.0010662226666666667,0.775000000000001,-0.009033633333333334
44,0.8000000000000009,0.001228586,0.8000000000000009,-0.007648146666666667
45,0.8250000000000008,0.001457818,0.8250000000000008,-0.00659412
46,0.850000000000001,0.0017580206666666666,0.850000000000001,-0.004704606666666667
47,0.8750000000000011,0.0021690446666666665,0.8750000000000011,-0.0028775113333333337
48,0.900000000000001,0.002704128666666667,0.900000000000001,-0.0009689613333333334
49,0.9250000000000009,0.0034067213333333337,0.9250000000000009,0.0010405313333333333
50,0.9500000000000011,0.0042867926666666665,0.9500000000000011,0.003151301333333333
51,0.9750000000000012,0.00535673,0.9750000000000012,0.005355223333333333
52,1.000000000000001,0.006634308666666667,1.000000000000001,0.007217640000000001
53,1.025000000000001,0.008121286666666666,1.025000000000001,0.009726799999999999
54,1.0500000000000012,0.009728366666666667,1.0500000000000012,0.012209280000000001
55,1.0750000000000013,0.01152466,1.0750000000000013,0.014749680000000001
56,1.1000000000000012,0.013499553333333334,1.1000000000000012,0.01735346
57,1.125000000000001,0.01564772,1.125000000000001,0.020027193333333335
58,1.1500000000000012,0.017948306666666667,1.1500000000000012,0.02276498
59,1.1750000000000014,0.020393666666666668,1.1750000000000014,0.025558360000000002
60,1.2000000000000013,0.02297276666666667,1.2000000000000013,0.028416713333333333
61,1.2250000000000012,0.02567620666666667,1.2250000000000012,0.03132211333333333
62,1.2500000000000013,0.028496346666666665,1.2500000000000013,0.03428987333333334
63,1.2750000000000015,0.03142316666666667,1.2750000000000015,0.03731019333333334
