,II_4R_V_D,II_4R_J_D,II_4R_V_L,II_4R_J_L
0,1.3,0.003355176,1.3,0.023979633333333333
1,1.2750000000000001,0.0037360873333333335,1.2750000000000001,0.02233578
2,1.2500000000000002,0.004062832,1.2500000000000002,0.020529940000000003
3,1.2250000000000003,0.004296376,1.2250000000000003,0.018596666666666668
4,1.2000000000000004,0.004403178666666667,1.2000000000000004,0.01655994666666667
5,1.1750000000000005,0.004354395333333334,1.1750000000000005,0.01444712666666667
6,1.1500000000000006,0.004135536666666668,1.1500000000000006,0.012280113333333334
7,1.1250000000000007,0.0037593793333333334,1.1250000000000007,0.010085173333333334
8,1.1000000000000008,0.003260032,1.1000000000000008,0.007889926666666667
9,1.0750000000000008,0.0026919626666666668,1.0750000000000008,0.005569888
10,1.050000000000001,0.0021175533333333335,1.050000000000001,0.0034033793333333334
11,1.025000000000001,0.0015988186666666666,1.025000000000001,0.0013095553333333334
12,1.000000000000001,0.0011682846666666669,1.000000000000001,-0.0007119193333333334
13,0.9750000000000012,0.0008577993333333333,0.9750000000000012,-0.0026555426666666666
14,0.9500000000000013,0.0006256767333333333,0.9500000000000013,-0.004518148666666667
15,0.9250000000000014,0.0004723820666666667,0.9250000000000014,-0.006292512666666667
16,0.9000000000000015,0.00036816613333333337,0.9000000000000015,-0.007917566666666667
17,0.8750000000000016,0.0002952206666666667,0.8750000000000016,-0.009555073333333334
18,0.8500000000000016,0.00024457726666666667,0.8500000000000016,-0.01107236
19,0.8250000000000017,0.00020746326666666666,0.8250000000000017,-0.01247606
20,0.8000000000000018,0.00018009993333333333,0.8000000000000018,-0.0137652
21,0.7750000000000019,0.00015830346666666667,0.7750000000000019,-0.014937286666666667
22,0.750000000000002,0.0001408326,0.750000000000002,-0.01599368
23,0.7250000000000021,0.00012456146666666668,0.7250000000000021,-0.016927380000000002
24,0.7000000000000022,0.00011085073333333335,0.7000000000000022,-0.017743453333333332
25,0.6750000000000023,9.89728e-05,0.6750000000000023,-0.01845026666666667
26,0.6500000000000024,8.772693333333334e-05,0.6500000000000024,-0.01905556666666667
27,0.6250000000000024,7.778106666666667e-05,0.6250000000000024,-0.0195731
28,0.6000000000000025,6.896066666666667e-05,0.6000000000000025,-0.019998013333333335
29,0.5750000000000026,6.216066666666667e-05,0.5750000000000026,-0.020353966666666667
30,0.5500000000000027,5.5666940000000003e-05,0.5500000000000027,-0.020650193333333334
31,0.5250000000000028,4.9400153333333336e-05,0.5250000000000028,-0.020893346666666666
32,0.5000000000000029,4.3998126666666665e-05,0.5000000000000029,-0.02109401333333333
33,0.475000000000003,3.935097333333333e-05,0.475000000000003,-0.021257333333333336
34,0.45000000000000306,3.458634666666666e-05,0.45000000000000306,-0.02139346
35,0.42500000000000315,3.1094373333333334e-05,0.42500000000000315,-0.021503573333333335
36,0.40000000000000324,2.734426666666667e-05,0.40000000000000324,-0.021596753333333333
37,0.37500000000000333,2.4388293333333332e-05,0.37500000000000333,-0.02167256
38,0.3500000000000034,2.180482666666667e-05,0.3500000000000034,-0.021736873333333333
39,0.3250000000000035,1.944498666666667e-05,0.3250000000000035,-0.02179042
40,0.3000000000000036,1.6936340000000002e-05,0.3000000000000036,-0.021837593333333332
41,0.2750000000000037,1.3997133333333335e-05,0.2750000000000037,-0.021875480000000003
42,0.2500000000000038,1.1311593333333334e-05,0.2500000000000038,-0.021908240000000002
43,0.22500000000000386,9.317100000000001e-06,0.22500000000000386,-0.021935753333333335
44,0.20000000000000395,7.2422266666666664e-06,0.20000000000000395,-0.02196366
45,0.17500000000000404,7.745033333333335e-06,0.17500000000000404,-0.021986020000000002
46,0.15000000000000413,5.84821e-06,0.15000000000000413,-0.02200612
47,0.12500000000000422,3.0332706666666665e-06,0.12500000000000422,-0.022025653333333332
48,0.10000000000000431,1.312712e-06,0.10000000000000431,-0.022041713333333334
49,0.0750000000000044,-4.00686e-07,0.0750000000000044,-0.022056226666666668
50,0.050000000000004485,-2.0999080000000002e-06,0.050000000000004485,-0.022069513333333332
51,0.025000000000004574,-3.7532613333333337e-06,0.025000000000004574,-0.0220848
52,4.6629367034256575e-15,-5.4128480000000006e-06,4.6629367034256575e-15,-0.022095273333333335
53,-0.024999999999995248,-6.985113333333334e-06,-0.024999999999995248,-0.022108560000000003
54,-0.04999999999999516,-7.903286666666667e-06,-0.04999999999999516,-0.022118406666666666
55,-0.07499999999999507,-9.96212e-06,-0.07499999999999507,-0.022130586666666667
56,-0.09999999999999498,-1.1886533333333334e-05,-0.09999999999999498,-0.02214312666666667
57,-0.12499999999999489,-1.3971346666666668e-05,-0.12499999999999489,-0.022146806666666668
58,-0.1499999999999948,-1.60534e-05,-0.1499999999999948,-0.0221628
59,-0.17499999999999472,-1.8168126666666667e-05,-0.17499999999999472,-0.022173306666666667
60,-0.19999999999999463,-2.036656e-05,-0.19999999999999463,-0.022181153333333335
61,-0.22499999999999454,-2.3024393333333333e-05,-0.22499999999999454,-0.022193366666666665
62,-0.24999999999999445,-2.509824666666667e-05,-0.24999999999999445,-0.02220408
63,-0.27499999999999436,-2.767296e-05,-0.27499999999999436,-0.022213300000000002
