,II_4F_V_D,II_4F_J_D,II_4F_V_L,II_4F_J_L
0,-0.3,-4.63779e-05,-0.3,-0.02243898
1,-0.27499999999999997,-4.071574e-05,-0.27499999999999997,-0.02241936
2,-0.24999999999999994,-3.605988666666667e-05,-0.24999999999999994,-0.022399633333333335
3,-0.22499999999999992,-3.19149e-05,-0.22499999999999992,-0.022378480000000003
4,-0.1999999999999999,-2.747956666666667e-05,-0.1999999999999999,-0.02235328
5,-0.17499999999999988,-2.322652e-05,-0.17499999999999988,-0.022327793333333335
6,-0.14999999999999986,-1.918298e-05,-0.14999999999999986,-0.02229402
7,-0.12499999999999983,-1.5574900000000002e-05,-0.12499999999999983,-0.022255986666666665
8,-0.09999999999999981,-1.1754446666666668e-05,-0.09999999999999981,-0.02220906
9,-0.07499999999999979,-8.281226666666667e-06,-0.07499999999999979,-0.022147013333333333
10,-0.04999999999999977,-5.622008666666667e-06,-0.04999999999999977,-0.022070193333333335
11,-0.024999999999999745,-1.6305726666666667e-06,-0.024999999999999745,-0.021977693333333333
12,2.7755575615628914e-16,1.7066446666666667e-06,2.7755575615628914e-16,-0.021863320000000002
13,0.0250000000000003,5.195597333333333e-06,0.0250000000000003,-0.02172854
14,0.05000000000000032,7.47954e-06,0.05000000000000032,-0.02157012666666667
15,0.07500000000000034,1.1824226666666667e-05,0.07500000000000034,-0.021387906666666668
16,0.10000000000000037,1.560614666666667e-05,0.10000000000000037,-0.021184326666666666
17,0.1250000000000004,1.936424666666667e-05,0.1250000000000004,-0.020960606666666666
18,0.1500000000000004,2.3604053333333334e-05,0.1500000000000004,-0.020715453333333335
19,0.17500000000000043,2.7474713333333332e-05,0.17500000000000043,-0.020453346666666667
20,0.20000000000000046,3.158690666666667e-05,0.20000000000000046,-0.020168353333333333
21,0.22500000000000048,3.592064666666667e-05,0.22500000000000048,-0.01985912
22,0.2500000000000005,4.0184280000000006e-05,0.2500000000000005,-0.019542666666666667
23,0.2750000000000005,4.478858e-05,0.2750000000000005,-0.019202966666666668
24,0.30000000000000054,4.933042e-05,0.30000000000000054,-0.0188398
25,0.32500000000000057,5.411068e-05,0.32500000000000057,-0.018444153333333334
26,0.3500000000000006,5.9007046666666665e-05,0.3500000000000006,-0.018044420000000002
27,0.3750000000000006,6.418900666666667e-05,0.3750000000000006,-0.017612146666666665
28,0.40000000000000063,6.968033333333333e-05,0.40000000000000063,-0.01714796666666667
29,0.42500000000000066,7.374873333333333e-05,0.42500000000000066,-0.016667773333333333
30,0.4500000000000007,8.072153333333334e-05,0.4500000000000007,-0.016139126666666666
31,0.4750000000000007,8.690893333333334e-05,0.4750000000000007,-0.015584046666666665
32,0.5000000000000007,9.263513333333334e-05,0.5000000000000007,-0.014997540000000002
33,0.5250000000000008,9.966886666666668e-05,0.5250000000000008,-0.014374946666666668
34,0.5500000000000007,0.00010693580000000001,0.5500000000000007,-0.01371432
35,0.5750000000000008,0.00011458293333333334,0.5750000000000008,-0.013027173333333333
36,0.6000000000000008,0.00012275300000000002,0.6000000000000008,-0.01229764
37,0.6250000000000009,0.00013278820000000002,0.6250000000000009,-0.011532613333333334
38,0.6500000000000008,0.00014487846666666666,0.6500000000000008,-0.010720086666666667
39,0.6750000000000009,0.00015847693333333334,0.6750000000000009,-0.009889133333333333
40,0.7000000000000008,0.00017653413333333333,0.7000000000000008,-0.009031746666666667
41,0.7250000000000008,0.00020025173333333333,0.7250000000000008,-0.008125093333333333
42,0.7500000000000009,0.00023100546666666666,0.7500000000000009,-0.007179873333333334
43,0.775000000000001,0.0002704646666666667,0.775000000000001,-0.00753294
44,0.8000000000000009,0.00032044146666666666,0.8000000000000009,-0.006668573333333334
45,0.8250000000000008,0.0003862846,0.8250000000000008,-0.005341302
46,0.850000000000001,0.0004636578,0.850000000000001,-0.004118226
47,0.8750000000000011,0.0005569266666666667,0.8750000000000011,-0.0028984213333333336
48,0.900000000000001,0.0006610093333333333,0.900000000000001,-0.0016626533333333334
49,0.9250000000000009,0.000711764,0.9250000000000009,-0.0014531873333333335
50,0.9500000000000011,0.0008477746666666667,0.9500000000000011,-0.001254062
51,0.9750000000000012,0.0009953746666666668,0.9750000000000012,-0.0005371109333333334
52,1.000000000000001,0.0011596053333333333,1.000000000000001,0.0006909180000000001
53,1.025000000000001,0.0013438633333333334,1.025000000000001,0.0023264353333333336
54,1.0500000000000012,0.0015524006666666668,1.0500000000000012,0.003936144000000001
55,1.0750000000000013,0.0017936293333333333,1.0750000000000013,0.005552124666666667
56,1.1000000000000012,0.002078318,1.1000000000000012,0.006779753333333334
57,1.125000000000001,0.002419708,1.125000000000001,0.008489353333333333
58,1.1500000000000012,0.0028144566666666667,1.1500000000000012,0.010187766666666667
59,1.1750000000000014,0.003291988666666667,1.1750000000000014,0.011894653333333335
60,1.2000000000000013,0.0038619266666666667,1.2000000000000013,0.013611733333333334
61,1.2250000000000012,0.004531594666666667,1.2250000000000012,0.015346953333333335
62,1.2500000000000013,0.0053101500000000005,1.2500000000000013,0.017102020000000002
63,1.2750000000000015,0.006230734000000001,1.2750000000000015,0.018880593333333334
