,II_4R_V_D,II_4R_J_D,II_4R_V_L,II_4R_J_L
0,1.3,0.02391928,1.3,0.032418553333333336
1,1.2750000000000001,0.02305076,1.2750000000000001,0.028986413333333336
2,1.2500000000000002,0.020816786666666667,1.2500000000000002,0.025709853333333334
3,1.2250000000000003,0.018387826666666666,1.2250000000000003,0.022558253333333333
4,1.2000000000000004,0.015993933333333335,1.2000000000000004,0.019521553333333334
5,1.1750000000000005,0.01370572,1.1750000000000005,0.01660732666666667
6,1.1500000000000006,0.011566146666666667,1.1500000000000006,0.01380806
7,1.1250000000000007,0.009608353333333333,1.1250000000000007,0.01112874
8,1.1000000000000008,0.007851626666666668,1.1000000000000008,0.008565186666666667
9,1.0750000000000008,0.006279174,1.0750000000000008,0.006236738666666667
10,1.050000000000001,0.004935699333333334,1.050000000000001,0.003768836666666667
11,1.025000000000001,0.0038449593333333334,1.025000000000001,0.0015178393333333334
12,1.000000000000001,0.0029620360000000004,1.000000000000001,-0.00043430513333333337
13,0.9750000000000012,0.0022822700000000003,0.9750000000000012,-0.002455698
14,0.9500000000000013,0.0017771720000000003,0.9500000000000013,-0.0045467960000000005
15,0.9250000000000014,0.001417234,0.9250000000000014,-0.006409184
16,0.9000000000000015,0.001170496,0.9000000000000015,-0.007928619999999999
17,0.8750000000000016,0.000999022,0.8750000000000016,-0.009691053333333335
18,0.8500000000000016,0.0008756653333333335,0.8500000000000016,-0.011244546666666666
19,0.8250000000000017,0.0007911320000000001,0.8250000000000017,-0.012657046666666666
20,0.8000000000000018,0.0007224006666666667,0.8000000000000018,-0.013932873333333335
21,0.7750000000000019,0.0006701753333333333,0.7750000000000019,-0.015076693333333335
22,0.750000000000002,0.0006258818666666667,0.750000000000002,-0.016082513333333333
23,0.7250000000000021,0.0005819342,0.7250000000000021,-0.01695166
24,0.7000000000000022,0.0005464378,0.7000000000000022,-0.017695806666666668
25,0.6750000000000023,0.0005110397333333334,0.6750000000000023,-0.018337313333333334
26,0.6500000000000024,0.0004787712666666667,0.6500000000000024,-0.018857913333333334
27,0.6250000000000024,0.0004473234,0.6250000000000024,-0.019300073333333334
28,0.6000000000000025,0.0004148224666666667,0.6000000000000025,-0.01967472666666667
29,0.5750000000000026,0.0003904640666666667,0.5750000000000026,-0.01999704
30,0.5500000000000027,0.000360846,0.5500000000000027,-0.020258986666666666
31,0.5250000000000028,0.00033660360000000003,0.5250000000000028,-0.020486066666666667
32,0.5000000000000029,0.00031149333333333336,0.5000000000000029,-0.020682973333333333
33,0.475000000000003,0.0002878874,0.475000000000003,-0.020856753333333332
34,0.45000000000000306,0.0002654880666666667,0.45000000000000306,-0.021007466666666665
35,0.42500000000000315,0.00024372446666666667,0.42500000000000315,-0.021142326666666666
36,0.40000000000000324,0.00022197746666666665,0.40000000000000324,-0.02125974666666667
37,0.37500000000000333,0.00019984780000000001,0.37500000000000333,-0.0213678
38,0.3500000000000034,0.00018148613333333335,0.3500000000000034,-0.021458853333333333
39,0.3250000000000035,0.0001633288,0.3250000000000035,-0.021546080000000002
40,0.3000000000000036,0.00014650373333333335,0.3000000000000036,-0.021621366666666666
41,0.2750000000000037,0.0001306772666666667,0.2750000000000037,-0.021691600000000002
42,0.2500000000000038,0.0001149458,0.2500000000000038,-0.02175874666666667
43,0.22500000000000386,9.959753333333334e-05,0.22500000000000386,-0.021808433333333335
44,0.20000000000000395,8.499413333333333e-05,0.20000000000000395,-0.021862646666666666
45,0.17500000000000404,7.014366666666666e-05,0.17500000000000404,-0.021913020000000002
46,0.15000000000000413,5.8442640000000005e-05,0.15000000000000413,-0.02195624
47,0.12500000000000422,4.651832e-05,0.12500000000000422,-0.021996646666666668
48,0.10000000000000431,3.4361273333333335e-05,0.10000000000000431,-0.022032666666666666
49,0.0750000000000044,2.2923846666666668e-05,0.0750000000000044,-0.022066673333333335
50,0.050000000000004485,1.1897973333333333e-05,0.050000000000004485,-0.02209816666666667
51,0.025000000000004574,1.3219426666666668e-06,0.025000000000004574,-0.022129020000000003
52,4.6629367034256575e-15,-9.301993333333334e-06,4.6629367034256575e-15,-0.02215640666666667
53,-0.024999999999995248,-2.0252106666666668e-05,-0.024999999999995248,-0.02218172666666667
54,-0.04999999999999516,-3.117026666666667e-05,-0.04999999999999516,-0.022207093333333334
55,-0.07499999999999507,-4.2529353333333334e-05,-0.07499999999999507,-0.022237313333333335
56,-0.09999999999999498,-5.392740666666667e-05,-0.09999999999999498,-0.022260366666666666
57,-0.12499999999999489,-6.583258666666667e-05,-0.12499999999999489,-0.02228316
58,-0.1499999999999948,-7.517006666666667e-05,-0.1499999999999948,-0.022307706666666666
59,-0.17499999999999472,-8.792966666666667e-05,-0.17499999999999472,-0.022329806666666667
60,-0.19999999999999463,-0.00010260033333333333,-0.19999999999999463,-0.02235222
61,-0.22499999999999454,-0.00011455613333333334,-0.22499999999999454,-0.0223772
62,-0.24999999999999445,-0.00012612913333333333,-0.24999999999999445,-0.022402440000000003
63,-0.27499999999999436,-0.00013867693333333335,-0.27499999999999436,-0.022425546666666667
