,II_4R_V_D,II_4R_J_D,II_4R_V_L,II_4R_J_L
0,1.3,0.021902953333333332,1.3,0.03047058666666667
1,1.2750000000000001,0.022120633333333334,1.2750000000000001,0.027454740000000002
2,1.2500000000000002,0.020409933333333335,1.2500000000000002,0.02450160666666667
3,1.2250000000000003,0.018303793333333332,1.2250000000000003,0.021617880000000003
4,1.2000000000000004,0.016115513333333335,1.2000000000000004,0.01881418
5,1.1750000000000005,0.013962333333333334,1.1750000000000005,0.01609476
6,1.1500000000000006,0.011901386666666666,1.1500000000000006,0.013455673333333333
7,1.1250000000000007,0.009971433333333333,1.1250000000000007,0.010903313333333334
8,1.1000000000000008,0.0082053,1.1000000000000008,0.00844692
9,1.0750000000000008,0.006578594000000001,1.0750000000000008,0.006243670000000001
10,1.050000000000001,0.005194075333333333,1.050000000000001,0.0038099073333333336
11,1.025000000000001,0.004017153333333334,1.025000000000001,0.0015787433333333334
12,1.000000000000001,0.0030515286666666667,1.000000000000001,-0.00031809493333333336
13,0.9750000000000012,0.002295976,0.9750000000000012,-0.002301604666666667
14,0.9500000000000013,0.0017271959999999999,0.9500000000000013,-0.004414272
15,0.9250000000000014,0.0013199073333333333,0.9250000000000014,-0.0063019673333333335
16,0.9000000000000015,0.001040364,0.9000000000000015,-0.00777592
17,0.8750000000000016,0.000850546,0.8750000000000016,-0.00956974
18,0.8500000000000016,0.0007214806666666667,0.8500000000000016,-0.011134773333333334
19,0.8250000000000017,0.00063853,0.8250000000000017,-0.012550586666666667
20,0.8000000000000018,0.0005660824,0.8000000000000018,-0.013825346666666667
21,0.7750000000000019,0.0005156144666666667,0.7750000000000019,-0.014961513333333334
22,0.750000000000002,0.0004725874666666667,0.750000000000002,-0.0159626
23,0.7250000000000021,0.0004357978666666667,0.7250000000000021,-0.016838993333333337
24,0.7000000000000022,0.00040140393333333335,0.7000000000000022,-0.01759728
25,0.6750000000000023,0.00037084980000000003,0.6750000000000023,-0.018231353333333332
26,0.6500000000000024,0.0003423478,0.6500000000000024,-0.018772100000000003
27,0.6250000000000024,0.0003136766666666667,0.6250000000000024,-0.01923310666666667
28,0.6000000000000025,0.0002885447333333333,0.6000000000000025,-0.019638093333333332
29,0.5750000000000026,0.00026363613333333334,0.5750000000000026,-0.019960773333333334
30,0.5500000000000027,0.00024141613333333335,0.5500000000000027,-0.020243486666666668
31,0.5250000000000028,0.00022084253333333335,0.5250000000000028,-0.02048916666666667
32,0.5000000000000029,0.00020196213333333334,0.5000000000000029,-0.02069828666666667
33,0.475000000000003,0.00018332766666666667,0.475000000000003,-0.020882646666666668
34,0.45000000000000306,0.00016773206666666668,0.45000000000000306,-0.021040893333333335
35,0.42500000000000315,0.0001510428,0.42500000000000315,-0.0211796
36,0.40000000000000324,0.0001357434,0.40000000000000324,-0.02130310666666667
37,0.37500000000000333,0.0001221472,0.37500000000000333,-0.02141297333333333
38,0.3500000000000034,0.00010979026666666667,0.3500000000000034,-0.02150692666666667
39,0.3250000000000035,9.773326666666666e-05,0.3250000000000035,-0.021590973333333333
40,0.3000000000000036,8.670346666666668e-05,0.3000000000000036,-0.021665680000000003
41,0.2750000000000037,7.717306666666667e-05,0.2750000000000037,-0.021734926666666668
42,0.2500000000000038,6.733006666666666e-05,0.2500000000000038,-0.021789086666666665
43,0.22500000000000386,5.872340666666667e-05,0.22500000000000386,-0.02183444
44,0.20000000000000395,4.952058000000001e-05,0.20000000000000395,-0.021884120000000003
45,0.17500000000000404,4.158488666666667e-05,0.17500000000000404,-0.021927826666666667
46,0.15000000000000413,3.372486e-05,0.15000000000000413,-0.021962139999999998
47,0.12500000000000422,2.6555660000000005e-05,0.12500000000000422,-0.02199566
48,0.10000000000000431,1.9611593333333334e-05,0.10000000000000431,-0.02202536
49,0.0750000000000044,1.293832e-05,0.0750000000000044,-0.022051326666666666
50,0.050000000000004485,6.8118e-06,0.050000000000004485,-0.022081473333333334
51,0.025000000000004574,2.551372666666667e-07,0.025000000000004574,-0.022103033333333334
52,4.6629367034256575e-15,-6.000664e-06,4.6629367034256575e-15,-0.022128300000000004
53,-0.024999999999995248,-1.1697720000000001e-05,-0.024999999999995248,-0.022151426666666668
54,-0.04999999999999516,-1.8293106666666665e-05,-0.04999999999999516,-0.022177660000000002
55,-0.07499999999999507,-2.488988e-05,-0.07499999999999507,-0.022196026666666667
56,-0.09999999999999498,-3.1746753333333334e-05,-0.09999999999999498,-0.02221888
57,-0.12499999999999489,-3.8566386666666665e-05,-0.12499999999999489,-0.02224058666666667
58,-0.1499999999999948,-4.618248666666667e-05,-0.1499999999999948,-0.022262686666666667
59,-0.17499999999999472,-5.359558666666667e-05,-0.17499999999999472,-0.022287613333333334
60,-0.19999999999999463,-6.134511333333334e-05,-0.19999999999999463,-0.022307306666666665
61,-0.22499999999999454,-6.959713333333334e-05,-0.22499999999999454,-0.02233073333333333
62,-0.24999999999999445,-7.8308e-05,-0.24999999999999445,-0.02235308
63,-0.27499999999999436,-8.704620000000001e-05,-0.27499999999999436,-0.022373993333333335
