,II_4F_V_D,II_4F_J_D,II_4F_V_L,II_4F_J_L
0,-0.3,-2.0746593333333333e-05,-0.3,-0.022406393333333337
1,-0.27499999999999997,-1.7928473333333336e-05,-0.27499999999999997,-0.02238722
2,-0.24999999999999994,-1.6821460000000002e-05,-0.24999999999999994,-0.02237036666666667
3,-0.22499999999999992,-1.406982e-05,-0.22499999999999992,-0.022351153333333335
4,-0.1999999999999999,-1.2352026666666667e-05,-0.1999999999999999,-0.022328873333333336
5,-0.17499999999999988,-1.0289120000000001e-05,-0.17499999999999988,-0.022300806666666666
6,-0.14999999999999986,-8.487386666666667e-06,-0.14999999999999986,-0.02226696
7,-0.12499999999999983,-7.38142e-06,-0.12499999999999983,-0.022220386666666668
8,-0.09999999999999981,-5.858635333333333e-06,-0.09999999999999981,-0.022160866666666668
9,-0.07499999999999979,-3.1375646666666668e-06,-0.07499999999999979,-0.022083926666666667
10,-0.04999999999999977,-1.317078e-06,-0.04999999999999977,-0.021981153333333333
11,-0.024999999999999745,2.428111333333334e-07,-0.024999999999999745,-0.02185094
12,2.7755575615628914e-16,1.7904813333333335e-06,2.7755575615628914e-16,-0.02168892
13,0.0250000000000003,3.352576e-06,0.0250000000000003,-0.02148818
14,0.05000000000000032,5.060040666666666e-06,0.05000000000000032,-0.021257726666666667
15,0.07500000000000034,6.4961393333333335e-06,0.07500000000000034,-0.02099580666666667
16,0.10000000000000037,6.709560000000001e-06,0.10000000000000037,-0.02069916
17,0.1250000000000004,9.489686666666666e-06,0.1250000000000004,-0.020387013333333332
18,0.1500000000000004,1.2785586666666666e-05,0.1500000000000004,-0.02004796
19,0.17500000000000043,1.3278593333333334e-05,0.17500000000000043,-0.01969180666666667
20,0.20000000000000046,1.549998e-05,0.20000000000000046,-0.0193221
21,0.22500000000000048,1.7431960000000002e-05,0.22500000000000048,-0.018921306666666665
22,0.2500000000000005,1.9631373333333336e-05,0.2500000000000005,-0.0185166
23,0.2750000000000005,2.2082526666666668e-05,0.2750000000000005,-0.01809466666666667
24,0.30000000000000054,2.443598e-05,0.30000000000000054,-0.017652993333333335
25,0.32500000000000057,2.7238486666666668e-05,0.32500000000000057,-0.017192993333333333
26,0.3500000000000006,2.9411406666666667e-05,0.3500000000000006,-0.016713460000000003
27,0.3750000000000006,3.2136300000000006e-05,0.3750000000000006,-0.016218700000000003
28,0.40000000000000063,3.4960186666666666e-05,0.40000000000000063,-0.01570034
29,0.42500000000000066,4.129966666666667e-05,0.42500000000000066,-0.015151246666666666
30,0.4500000000000007,4.085472e-05,0.4500000000000007,-0.014597513333333334
31,0.4750000000000007,4.4392960000000004e-05,0.4750000000000007,-0.014016313333333334
32,0.5000000000000007,5.092812666666667e-05,0.5000000000000007,-0.013408386666666668
33,0.5250000000000008,5.1849100000000005e-05,0.5250000000000008,-0.012776526666666668
34,0.5500000000000007,5.7028346666666676e-05,0.5500000000000007,-0.012110146666666669
35,0.5750000000000008,6.281312666666668e-05,0.5750000000000008,-0.01141808
36,0.6000000000000008,6.905133333333335e-05,0.6000000000000008,-0.010697486666666667
37,0.6250000000000009,7.346573333333334e-05,0.6250000000000009,-0.009945506666666666
38,0.6500000000000008,8.64108e-05,0.6500000000000008,-0.00916966
39,0.6750000000000009,0.00010066913333333334,0.6750000000000009,-0.008362306666666666
40,0.7000000000000008,0.00012110366666666668,0.7000000000000008,-0.00752862
41,0.7250000000000008,0.00014935760000000001,0.7250000000000008,-0.00800496
42,0.7500000000000009,0.00018733506666666666,0.7500000000000009,-0.00675978
43,0.775000000000001,0.0002383758,0.775000000000001,-0.006094776666666667
44,0.8000000000000009,0.0003062906,0.8000000000000009,-0.004824141333333334
45,0.8250000000000008,0.0003979490666666667,0.8250000000000008,-0.0036350786666666667
46,0.850000000000001,0.0005082570666666667,0.850000000000001,-0.0024277400000000003
47,0.8750000000000011,0.0006184335333333334,0.8750000000000011,-0.0011935113333333336
48,0.900000000000001,0.0006743820000000001,0.900000000000001,-0.0003317634666666667
49,0.9250000000000009,0.0007959853333333333,0.9250000000000009,0.00019144253333333334
50,0.9500000000000011,0.000925484,0.9500000000000011,0.0017143193333333333
51,0.9750000000000012,0.0010555920000000002,0.9750000000000012,0.0032277286666666668
52,1.000000000000001,0.0011938626666666667,1.000000000000001,0.004762919333333334
53,1.025000000000001,0.001344668,1.025000000000001,0.006326630666666667
54,1.0500000000000012,0.0015133253333333334,1.0500000000000012,0.007357886666666667
55,1.0750000000000013,0.0017052640000000002,1.0750000000000013,0.009029539999999999
56,1.1000000000000012,0.001925234,1.1000000000000012,0.010684346666666667
57,1.125000000000001,0.002183254,1.125000000000001,0.012345380000000001
58,1.1500000000000012,0.0024877293333333333,1.1500000000000012,0.014002933333333334
59,1.1750000000000014,0.0028474560000000004,1.1750000000000014,0.015654773333333337
60,1.2000000000000013,0.0032701780000000003,1.2000000000000013,0.017298993333333335
61,1.2250000000000012,0.0037672953333333335,1.2250000000000012,0.018924733333333332
62,1.2500000000000013,0.004349925333333333,1.2500000000000013,0.02053134666666667
63,1.2750000000000015,0.005028108,1.2750000000000015,0.022119820000000002
