,II_4R_V_D,II_4R_J_D,II_4R_V_L,II_4R_J_L
0,1.3,0.016558553333333333,1.3,0.024311526666666666
1,1.2750000000000001,0.016679246666666668,1.2750000000000001,0.022153626666666665
2,1.2500000000000002,0.015740953333333335,1.2500000000000002,0.01981624666666667
3,1.2250000000000003,0.014409746666666666,1.2250000000000003,0.017417653333333335
4,1.2000000000000004,0.012910066666666668,1.2000000000000004,0.015005793333333333
5,1.1750000000000005,0.011358053333333333,1.1750000000000005,0.012609306666666667
6,1.1500000000000006,0.009830233333333334,1.1500000000000006,0.010243740000000001
7,1.1250000000000007,0.008376600000000001,1.1250000000000007,0.007924326666666667
8,1.1000000000000008,0.007043026666666667,1.1000000000000008,0.005701086
9,1.0750000000000008,0.005774340666666667,1.0750000000000008,0.0034464106666666668
10,1.050000000000001,0.004809990666666666,1.050000000000001,0.00132068
11,1.025000000000001,0.0039678380000000004,1.025000000000001,-0.0007191786666666666
12,1.000000000000001,0.003284418,1.000000000000001,-0.0026616020000000003
13,0.9750000000000012,0.0027502873333333333,0.9750000000000012,-0.004503639333333333
14,0.9500000000000013,0.002338338666666667,0.9500000000000013,-0.006237770666666667
15,0.9250000000000014,0.0020227773333333335,0.9250000000000014,-0.007586000000000001
16,0.9000000000000015,0.001774312,0.9000000000000015,-0.009220160000000002
17,0.8750000000000016,0.0015720546666666666,0.8750000000000016,-0.01067978
18,0.8500000000000016,0.0013994866666666667,0.8500000000000016,-0.012005546666666667
19,0.8250000000000017,0.001248188,0.8250000000000017,-0.01320664
20,0.8000000000000018,0.0011111166666666666,0.8000000000000018,-0.014296286666666666
21,0.7750000000000019,0.0009851273333333333,0.7750000000000019,-0.015277606666666667
22,0.750000000000002,0.0008676620000000001,0.750000000000002,-0.01615570666666667
23,0.7250000000000021,0.0007580693333333334,0.7250000000000021,-0.016938953333333336
24,0.7000000000000022,0.0006348564,0.7000000000000022,-0.01762968
25,0.6750000000000023,0.0005502631333333334,0.6750000000000023,-0.018247893333333334
26,0.6500000000000024,0.0004670544666666667,0.6500000000000024,-0.018797946666666666
27,0.6250000000000024,0.000391526,0.6250000000000024,-0.019267253333333335
28,0.6000000000000025,0.0003235232666666667,0.6000000000000025,-0.01968242
29,0.5750000000000026,0.00026420653333333335,0.5750000000000026,-0.02004652
30,0.5500000000000027,0.00021333666666666667,0.5500000000000027,-0.02036666
31,0.5250000000000028,0.0001711676,0.5250000000000028,-0.02063616
32,0.5000000000000029,0.0001369314,0.5000000000000029,-0.020869460000000003
33,0.475000000000003,0.00010977186666666667,0.475000000000003,-0.021067546666666666
34,0.45000000000000306,8.888026666666667e-05,0.45000000000000306,-0.021240793333333334
35,0.42500000000000315,7.270866666666666e-05,0.42500000000000315,-0.02138454
36,0.40000000000000324,5.9237873333333333e-05,0.40000000000000324,-0.02150492
37,0.37500000000000333,5.0911213333333333e-05,0.37500000000000333,-0.021606
38,0.3500000000000034,4.4193313333333335e-05,0.3500000000000034,-0.021692540000000003
39,0.3250000000000035,3.8679e-05,0.3250000000000035,-0.021767733333333334
40,0.3000000000000036,3.381312e-05,0.3000000000000036,-0.021824246666666665
41,0.2750000000000037,2.9790413333333334e-05,0.2750000000000037,-0.02187528
42,0.2500000000000038,2.5817533333333338e-05,0.2500000000000038,-0.021916766666666667
43,0.22500000000000386,2.2268633333333336e-05,0.22500000000000386,-0.021948633333333335
44,0.20000000000000395,1.8846046666666668e-05,0.20000000000000395,-0.02198492
45,0.17500000000000404,1.55589e-05,0.17500000000000404,-0.022014373333333333
46,0.15000000000000413,1.2369953333333335e-05,0.15000000000000413,-0.022041573333333335
47,0.12500000000000422,9.295993333333333e-06,0.12500000000000422,-0.022067553333333333
48,0.10000000000000431,7.648420000000001e-06,0.10000000000000431,-0.022093866666666667
49,0.0750000000000044,4.813243333333333e-06,0.0750000000000044,-0.02211532
50,0.050000000000004485,1.3699773333333334e-06,0.050000000000004485,-0.02213438
51,0.025000000000004574,-1.6898046666666667e-06,0.025000000000004574,-0.022158380000000002
52,4.6629367034256575e-15,-4.687528666666667e-06,4.6629367034256575e-15,-0.02217710666666667
53,-0.024999999999995248,-6.954060000000001e-06,-0.024999999999995248,-0.02219796
54,-0.04999999999999516,-1.0412953333333333e-05,-0.04999999999999516,-0.022216913333333334
55,-0.07499999999999507,-1.3733060000000001e-05,-0.07499999999999507,-0.022234826666666666
56,-0.09999999999999498,-1.6945613333333335e-05,-0.09999999999999498,-0.02225352666666667
57,-0.12499999999999489,-2.0218100000000002e-05,-0.12499999999999489,-0.022269426666666668
58,-0.1499999999999948,-2.371106e-05,-0.1499999999999948,-0.022284366666666666
59,-0.17499999999999472,-2.7099973333333334e-05,-0.17499999999999472,-0.02230058
60,-0.19999999999999463,-3.087348000000001e-05,-0.19999999999999463,-0.022314126666666666
61,-0.22499999999999454,-3.476270666666667e-05,-0.22499999999999454,-0.022330473333333333
62,-0.24999999999999445,-3.833430666666667e-05,-0.24999999999999445,-0.022343973333333336
63,-0.27499999999999436,-4.214167333333333e-05,-0.27499999999999436,-0.022359206666666666
