,II_4F_V_D,II_4F_J_D,II_4F_V_L,II_4F_J_L
0,-0.3,-3.839118666666667e-05,-0.3,-0.022536086666666667
1,-0.27499999999999997,-3.3872580000000004e-05,-0.27499999999999997,-0.02251618
2,-0.24999999999999994,-3.002406666666667e-05,-0.24999999999999994,-0.0224957
3,-0.22499999999999992,-2.612126666666667e-05,-0.22499999999999992,-0.022468086666666668
4,-0.1999999999999999,-2.263114e-05,-0.1999999999999999,-0.022435760000000003
5,-0.17499999999999988,-1.9210433333333335e-05,-0.17499999999999988,-0.02238902666666667
6,-0.14999999999999986,-1.5951486666666666e-05,-0.14999999999999986,-0.022328353333333335
7,-0.12499999999999983,-1.2811466666666666e-05,-0.12499999999999983,-0.02225000666666667
8,-0.09999999999999981,-9.815e-06,-0.09999999999999981,-0.022152966666666666
9,-0.07499999999999979,-6.95756e-06,-0.07499999999999979,-0.022039866666666668
10,-0.04999999999999977,-4.627414666666667e-06,-0.04999999999999977,-0.02191180666666667
11,-0.024999999999999745,-1.5201573333333335e-06,-0.024999999999999745,-0.021769926666666668
12,2.7755575615628914e-16,1.1724966666666666e-06,2.7755575615628914e-16,-0.021617906666666666
13,0.0250000000000003,3.941626e-06,0.0250000000000003,-0.021446286666666668
14,0.05000000000000032,6.702006666666666e-06,0.05000000000000032,-0.021267733333333334
15,0.07500000000000034,8.787086666666667e-06,0.07500000000000034,-0.02107606
16,0.10000000000000037,1.2242866666666668e-05,0.10000000000000037,-0.020875200000000003
17,0.1250000000000004,1.5298100000000002e-05,0.1250000000000004,-0.020665953333333334
18,0.1500000000000004,1.830814e-05,0.1500000000000004,-0.020444913333333335
19,0.17500000000000043,2.1490913333333333e-05,0.17500000000000043,-0.020217906666666667
20,0.20000000000000046,2.4787673333333332e-05,0.20000000000000046,-0.01996248
21,0.22500000000000048,2.8159533333333334e-05,0.22500000000000048,-0.019711066666666666
22,0.2500000000000005,3.168862666666667e-05,0.2500000000000005,-0.019450813333333334
23,0.2750000000000005,3.545510666666667e-05,0.2750000000000005,-0.019166986666666667
24,0.30000000000000054,3.923504e-05,0.30000000000000054,-0.018871993333333337
25,0.32500000000000057,4.327764e-05,0.32500000000000057,-0.0185565
26,0.3500000000000006,4.733239333333333e-05,0.3500000000000006,-0.018223533333333333
27,0.3750000000000006,5.1498606666666665e-05,0.3750000000000006,-0.017879426666666667
28,0.40000000000000063,5.608982e-05,0.40000000000000063,-0.01750242
29,0.42500000000000066,6.060103333333334e-05,0.42500000000000066,-0.017102186666666668
30,0.4500000000000007,6.616777333333333e-05,0.4500000000000007,-0.016675973333333333
31,0.4750000000000007,7.211826666666667e-05,0.4750000000000007,-0.016226980000000002
32,0.5000000000000007,7.97114e-05,0.5000000000000007,-0.015733193333333333
33,0.5250000000000008,8.925713333333334e-05,0.5250000000000008,-0.015190760000000001
34,0.5500000000000007,0.00010203526666666668,0.5500000000000007,-0.014637293333333334
35,0.5750000000000008,0.00011952033333333333,0.5750000000000008,-0.014033866666666667
36,0.6000000000000008,0.00014270426666666668,0.6000000000000008,-0.013392193333333335
37,0.6250000000000009,0.0001729128,0.6250000000000009,-0.012706473333333334
38,0.6500000000000008,0.00021079613333333333,0.6500000000000008,-0.011961280000000001
39,0.6750000000000009,0.00025732993333333335,0.6750000000000009,-0.011176246666666667
40,0.7000000000000008,0.00031240226666666665,0.7000000000000008,-0.010347846666666667
41,0.7250000000000008,0.00037740626666666667,0.7250000000000008,-0.009467520000000002
42,0.7500000000000009,0.0004520966666666667,0.7500000000000009,-0.008540153333333335
43,0.775000000000001,0.000538052,0.775000000000001,-0.00756698
44,0.8000000000000009,0.0006378374,0.8000000000000009,-0.0079958
45,0.8250000000000008,0.0007839020000000001,0.8250000000000008,-0.007442379999999999
46,0.850000000000001,0.0009143313333333334,0.850000000000001,-0.006285216666666667
47,0.8750000000000011,0.0010738993333333335,0.8750000000000011,-0.004648681333333333
48,0.900000000000001,0.0012684633333333334,0.900000000000001,-0.003217036666666667
49,0.9250000000000009,0.0015090053333333335,0.9250000000000009,-0.0017836173333333333
50,0.9500000000000011,0.001806846,0.9500000000000011,-0.0013782240000000002
51,0.9750000000000012,0.002177612,0.9750000000000012,-0.0005255902666666668
52,1.000000000000001,0.002635974,1.000000000000001,0.0009201273333333333
53,1.025000000000001,0.0031984833333333334,1.025000000000001,0.002811420666666667
54,1.0500000000000012,0.003891889333333333,1.0500000000000012,0.004631072
55,1.0750000000000013,0.004726758,1.0750000000000013,0.006470967333333334
56,1.1000000000000012,0.0057208806666666666,1.1000000000000012,0.00799558
57,1.125000000000001,0.00759516,1.125000000000001,0.01007056
58,1.1500000000000012,0.008803293333333333,1.1500000000000012,0.012149960000000001
59,1.1750000000000014,0.010320613333333334,1.1750000000000014,0.01429014
60,1.2000000000000013,0.012048,1.2000000000000013,0.016507713333333333
61,1.2250000000000012,0.013983040000000002,1.2250000000000012,0.018811813333333337
62,1.2500000000000013,0.016084493333333335,1.2500000000000013,0.021208273333333333
63,1.2750000000000015,0.018368773333333335,1.2750000000000015,0.023701993333333334
