,II_4F_V_D,II_4F_J_D,II_4F_V_L,II_4F_J_L
0,-0.3,-0.00021463633333333333,-0.3,-0.022651313333333332
1,-0.27499999999999997,-0.00019159426666666668,-0.27499999999999997,-0.022594953333333334
2,-0.24999999999999994,-0.00017183846666666666,-0.24999999999999994,-0.022518633333333333
3,-0.22499999999999992,-0.00015210693333333333,-0.22499999999999992,-0.022438760000000002
4,-0.1999999999999999,-0.00013152113333333334,-0.1999999999999999,-0.022355533333333334
5,-0.17499999999999988,-0.00011350506666666667,-0.17499999999999988,-0.022279466666666668
6,-0.14999999999999986,-9.568800000000001e-05,-0.14999999999999986,-0.022204046666666668
7,-0.12499999999999983,-7.882526666666667e-05,-0.12499999999999983,-0.02213316666666667
8,-0.09999999999999981,-6.173366e-05,-0.09999999999999981,-0.02206278
9,-0.07499999999999979,-4.490148e-05,-0.07499999999999979,-0.021991766666666666
10,-0.04999999999999977,-2.880408666666667e-05,-0.04999999999999977,-0.021922240000000003
11,-0.024999999999999745,-1.279328e-05,-0.024999999999999745,-0.021848113333333332
12,2.7755575615628914e-16,3.002620666666667e-06,2.7755575615628914e-16,-0.021773213333333336
13,0.0250000000000003,1.889372e-05,0.0250000000000003,-0.02169048
14,0.05000000000000032,3.484956e-05,0.05000000000000032,-0.021609713333333336
15,0.07500000000000034,5.157488e-05,0.07500000000000034,-0.021514600000000002
16,0.10000000000000037,6.882893333333333e-05,0.10000000000000037,-0.02142214
17,0.1250000000000004,8.793693333333333e-05,0.1250000000000004,-0.021320553333333336
18,0.1500000000000004,0.00010642326666666667,0.1500000000000004,-0.02120534
19,0.17500000000000043,0.00012506726666666667,0.17500000000000043,-0.02108922666666667
20,0.20000000000000046,0.00014535973333333334,0.20000000000000046,-0.020953
21,0.22500000000000048,0.0001655706,0.22500000000000048,-0.020799606666666668
22,0.2500000000000005,0.00018560073333333333,0.2500000000000005,-0.02064482
23,0.2750000000000005,0.0002106200666666667,0.2750000000000005,-0.020475646666666666
24,0.30000000000000054,0.00023369646666666666,0.30000000000000054,-0.0202817
25,0.32500000000000057,0.0002559158,0.32500000000000057,-0.02006170666666667
26,0.3500000000000006,0.0002800286,0.3500000000000006,-0.019825953333333333
27,0.3750000000000006,0.0003056362666666667,0.3750000000000006,-0.019582133333333335
28,0.40000000000000063,0.0003318466666666667,0.40000000000000063,-0.019286346666666666
29,0.42500000000000066,0.00036032353333333335,0.42500000000000066,-0.01898152666666667
30,0.4500000000000007,0.00038829446666666665,0.4500000000000007,-0.018640846666666665
31,0.4750000000000007,0.0004183629333333334,0.4750000000000007,-0.018257886666666667
32,0.5000000000000007,0.00044701839999999996,0.5000000000000007,-0.017851253333333334
33,0.5250000000000008,0.0004802266,0.5250000000000008,-0.017376139999999998
34,0.5500000000000007,0.0005153738666666667,0.5500000000000007,-0.016868893333333333
35,0.5750000000000008,0.0005484266666666667,0.5750000000000008,-0.016313233333333333
36,0.6000000000000008,0.0005886235333333334,0.6000000000000008,-0.015691206666666666
37,0.6250000000000009,0.0006350081333333334,0.6250000000000009,-0.015005006666666668
38,0.6500000000000008,0.0006816686666666667,0.6500000000000008,-0.01423806
39,0.6750000000000009,0.0007443486666666667,0.6750000000000009,-0.013400133333333333
40,0.7000000000000008,0.0008156446666666668,0.7000000000000008,-0.01246872
41,0.7250000000000008,0.0008905380000000001,0.7250000000000008,-0.011418846666666668
42,0.7500000000000009,0.0009833733333333334,0.7500000000000009,-0.010281960000000001
43,0.775000000000001,0.0011133566666666668,0.775000000000001,-0.009015313333333334
44,0.8000000000000009,0.0012852033333333333,0.8000000000000009,-0.007614333333333333
45,0.8250000000000008,0.001514104,0.8250000000000008,-0.006553214
46,0.850000000000001,0.0018240633333333335,0.850000000000001,-0.004655182666666667
47,0.8750000000000011,0.0022439233333333333,0.8750000000000011,-0.0028145026666666667
48,0.900000000000001,0.0028061386666666664,0.900000000000001,-0.000890514
49,0.9250000000000009,0.0035258806666666666,0.9250000000000009,0.0011383726666666669
50,0.9500000000000011,0.004434833333333333,0.9500000000000011,0.00325911
51,0.9750000000000012,0.005530482,0.9750000000000012,0.005477492666666667
52,1.000000000000001,0.006824520000000001,1.000000000000001,0.0073720800000000005
53,1.025000000000001,0.008334406666666667,1.025000000000001,0.009895833333333335
54,1.0500000000000012,0.009963346666666668,1.0500000000000012,0.012399913333333333
55,1.0750000000000013,0.011787473333333335,1.0750000000000013,0.014958353333333332
56,1.1000000000000012,0.013789433333333335,1.1000000000000012,0.017581846666666668
57,1.125000000000001,0.01595682,1.125000000000001,0.020278086666666667
58,1.1500000000000012,0.01827624666666667,1.1500000000000012,0.023037726666666668
59,1.1750000000000014,0.020739426666666668,1.1750000000000014,0.025852293333333335
60,1.2000000000000013,0.023332773333333334,1.2000000000000013,0.028730086666666668
61,1.2250000000000012,0.026046333333333335,1.2250000000000012,0.031650293333333336
62,1.2500000000000013,0.028874220000000003,1.2500000000000013,0.03463587333333333
63,1.2750000000000015,0.03181204666666667,1.2750000000000015,0.03767687333333333
