,II_4R_V_D,II_4R_J_D,II_4R_V_L,II_4R_J_L
0,1.3,0.02121490666666667,1.3,0.029312193333333333
1,1.2750000000000001,0.02183170666666667,1.2750000000000001,0.02648223333333333
2,1.2500000000000002,0.020295206666666666,1.2500000000000002,0.023635753333333336
3,1.2250000000000003,0.018276220000000003,1.2250000000000003,0.020820146666666667
4,1.2000000000000004,0.01613808666666667,1.2000000000000004,0.018068353333333335
5,1.1750000000000005,0.01401134,1.1750000000000005,0.015377286666666667
6,1.1500000000000006,0.011957426666666666,1.1500000000000006,0.01275486
7,1.1250000000000007,0.010019060000000002,1.1250000000000007,0.010210086666666666
8,1.1000000000000008,0.00823778,1.1000000000000008,0.0077458533333333345
9,1.0750000000000008,0.006576438,1.0750000000000008,0.0055184453333333335
10,1.050000000000001,0.005187044000000001,1.050000000000001,0.0030954619999999998
11,1.025000000000001,0.003994536666666667,1.025000000000001,0.0008473286666666667
12,1.000000000000001,0.003016134666666667,1.000000000000001,-0.0012847613333333335
13,0.9750000000000012,0.0022537993333333335,0.9750000000000012,-0.0033124240000000004
14,0.9500000000000013,0.0016894353333333334,0.9500000000000013,-0.00524464
15,0.9250000000000014,0.0012822500000000002,0.9250000000000014,-0.006998706666666667
16,0.9000000000000015,0.0010117633333333333,0.9000000000000015,-0.008450193333333335
17,0.8750000000000016,0.0008279466666666666,0.8750000000000016,-0.010183546666666668
18,0.8500000000000016,0.0007043866666666666,0.8500000000000016,-0.011701753333333334
19,0.8250000000000017,0.0006216240000000001,0.8250000000000017,-0.013039686666666666
20,0.8000000000000018,0.0005497044000000001,0.8000000000000018,-0.014243406666666666
21,0.7750000000000019,0.0004959571333333334,0.7750000000000019,-0.015313933333333333
22,0.750000000000002,0.0004526461333333333,0.750000000000002,-0.016260466666666668
23,0.7250000000000021,0.0004140758,0.7250000000000021,-0.017060606666666665
24,0.7000000000000022,0.0003788178,0.7000000000000022,-0.017751873333333335
25,0.6750000000000023,0.0003469681333333334,0.6750000000000023,-0.018351133333333335
26,0.6500000000000024,0.00031658880000000003,0.6500000000000024,-0.018860046666666668
27,0.6250000000000024,0.00028917153333333335,0.6250000000000024,-0.019292333333333335
28,0.6000000000000025,0.0002643154666666667,0.6000000000000025,-0.01966540666666667
29,0.5750000000000026,0.00024075473333333333,0.5750000000000026,-0.019983626666666667
30,0.5500000000000027,0.0002187102,0.5500000000000027,-0.02026120666666667
31,0.5250000000000028,0.00019776053333333334,0.5250000000000028,-0.020499120000000003
32,0.5000000000000029,0.00017939180000000002,0.5000000000000029,-0.020700446666666667
33,0.475000000000003,0.00016324486666666668,0.475000000000003,-0.020877433333333334
34,0.45000000000000306,0.00014724640000000002,0.45000000000000306,-0.021035293333333333
35,0.42500000000000315,0.0001339888,0.42500000000000315,-0.021173753333333333
36,0.40000000000000324,0.00012032360000000001,0.40000000000000324,-0.02128554666666667
37,0.37500000000000333,0.00010921146666666668,0.37500000000000333,-0.0213871
38,0.3500000000000034,9.825273333333334e-05,0.3500000000000034,-0.02147676
39,0.3250000000000035,8.995186666666666e-05,0.3250000000000035,-0.021555226666666667
40,0.3000000000000036,8.035506666666667e-05,0.3000000000000036,-0.021627280000000002
41,0.2750000000000037,7.129113333333334e-05,0.2750000000000037,-0.021687013333333335
42,0.2500000000000038,6.357042e-05,0.2500000000000038,-0.02173898
43,0.22500000000000386,5.52606e-05,0.22500000000000386,-0.021777826666666666
44,0.20000000000000395,4.706604e-05,0.20000000000000395,-0.02182624666666667
45,0.17500000000000404,3.938300666666667e-05,0.17500000000000404,-0.021859466666666667
46,0.15000000000000413,3.3618393333333334e-05,0.15000000000000413,-0.02189110666666667
47,0.12500000000000422,2.645878e-05,0.12500000000000422,-0.021921799999999998
48,0.10000000000000431,1.982076666666667e-05,0.10000000000000431,-0.02195394666666667
49,0.0750000000000044,1.3045900000000002e-05,0.0750000000000044,-0.02197664
50,0.050000000000004485,6.988553333333333e-06,0.050000000000004485,-0.02200136
51,0.025000000000004574,2.2796766666666665e-07,0.025000000000004574,-0.02202871333333333
52,4.6629367034256575e-15,-6.15583e-06,4.6629367034256575e-15,-0.022059926666666667
53,-0.024999999999995248,-1.2105906666666668e-05,-0.024999999999995248,-0.02208243333333333
54,-0.04999999999999516,-1.8833833333333333e-05,-0.04999999999999516,-0.022109613333333337
55,-0.07499999999999507,-2.5477760000000003e-05,-0.07499999999999507,-0.022134833333333333
56,-0.09999999999999498,-3.222114666666667e-05,-0.09999999999999498,-0.022162193333333333
57,-0.12499999999999489,-3.932604666666667e-05,-0.12499999999999489,-0.022188426666666667
58,-0.1499999999999948,-4.629051333333334e-05,-0.1499999999999948,-0.02221318666666667
59,-0.17499999999999472,-5.419706666666667e-05,-0.17499999999999472,-0.022237620000000003
60,-0.19999999999999463,-6.196983333333333e-05,-0.19999999999999463,-0.022260926666666667
61,-0.22499999999999454,-6.857006666666667e-05,-0.22499999999999454,-0.022289466666666667
62,-0.24999999999999445,-7.70166e-05,-0.24999999999999445,-0.022311473333333335
63,-0.27499999999999436,-8.543026666666667e-05,-0.27499999999999436,-0.02233436
