,II_4F_V_D,II_4F_J_D,II_4F_V_L,II_4F_J_L
0,-0.3,-3.852923333333334e-05,-0.3,-0.022512713333333337
1,-0.27499999999999997,-3.362513333333334e-05,-0.27499999999999997,-0.022495173333333333
2,-0.24999999999999994,-2.9691553333333333e-05,-0.24999999999999994,-0.02247724666666667
3,-0.22499999999999992,-2.5988033333333333e-05,-0.22499999999999992,-0.0224541
4,-0.1999999999999999,-2.25706e-05,-0.1999999999999999,-0.022426713333333334
5,-0.17499999999999988,-1.9073606666666666e-05,-0.17499999999999988,-0.022390506666666667
6,-0.14999999999999986,-1.5822433333333336e-05,-0.14999999999999986,-0.022344453333333333
7,-0.12499999999999983,-1.2759046666666666e-05,-0.12499999999999983,-0.022281413333333333
8,-0.09999999999999981,-9.785646666666667e-06,-0.09999999999999981,-0.02220124
9,-0.07499999999999979,-6.839146666666667e-06,-0.07499999999999979,-0.02210366
10,-0.04999999999999977,-4.650847333333334e-06,-0.04999999999999977,-0.021987600000000003
11,-0.024999999999999745,-1.3690393333333335e-06,-0.024999999999999745,-0.021852133333333332
12,2.7755575615628914e-16,1.3771746666666667e-06,2.7755575615628914e-16,-0.021695353333333334
13,0.0250000000000003,4.204410666666667e-06,0.0250000000000003,-0.021524166666666667
14,0.05000000000000032,6.962366666666666e-06,0.05000000000000032,-0.021335066666666666
15,0.07500000000000034,9.004613333333334e-06,0.07500000000000034,-0.021134386666666668
16,0.10000000000000037,1.2529533333333333e-05,0.10000000000000037,-0.020920933333333336
17,0.1250000000000004,1.5700966666666668e-05,0.1250000000000004,-0.020694246666666666
18,0.1500000000000004,1.8849133333333332e-05,0.1500000000000004,-0.020456926666666667
19,0.17500000000000043,2.2066706666666666e-05,0.17500000000000043,-0.020209920000000003
20,0.20000000000000046,2.536486666666667e-05,0.20000000000000046,-0.019944106666666666
21,0.22500000000000048,2.8919873333333337e-05,0.22500000000000048,-0.019666333333333334
22,0.2500000000000005,3.269438e-05,0.2500000000000005,-0.01938538
23,0.2750000000000005,3.644133333333334e-05,0.2750000000000005,-0.019089286666666667
24,0.30000000000000054,4.0171366666666666e-05,0.30000000000000054,-0.01877026
25,0.32500000000000057,4.376854e-05,0.32500000000000057,-0.01842700666666667
26,0.3500000000000006,4.808531333333334e-05,0.3500000000000006,-0.01809082
27,0.3750000000000006,5.255493333333334e-05,0.3750000000000006,-0.017726326666666667
28,0.40000000000000063,5.714390666666666e-05,0.40000000000000063,-0.017341853333333334
29,0.42500000000000066,6.143386e-05,0.42500000000000066,-0.016944366666666665
30,0.4500000000000007,6.691093333333333e-05,0.4500000000000007,-0.016503586666666667
31,0.4750000000000007,7.238366666666667e-05,0.4750000000000007,-0.016038566666666667
32,0.5000000000000007,8.038340000000001e-05,0.5000000000000007,-0.015539146666666667
33,0.5250000000000008,8.953953333333333e-05,0.5250000000000008,-0.015015373333333333
34,0.5500000000000007,0.00010271393333333334,0.5500000000000007,-0.014438726666666667
35,0.5750000000000008,0.00012095513333333334,0.5750000000000008,-0.013824893333333333
36,0.6000000000000008,0.00014623593333333335,0.6000000000000008,-0.013173339999999999
37,0.6250000000000009,0.00017893973333333335,0.6250000000000009,-0.012469966666666667
38,0.6500000000000008,0.00022030753333333332,0.6500000000000008,-0.011706386666666667
39,0.6750000000000009,0.00027223320000000005,0.6750000000000009,-0.010924840000000002
40,0.7000000000000008,0.00033505853333333334,0.7000000000000008,-0.010093306666666668
41,0.7250000000000008,0.0004094052,0.7250000000000008,-0.009202100000000001
42,0.7500000000000009,0.0004965122666666667,0.7500000000000009,-0.008249573333333333
43,0.775000000000001,0.0005985987333333334,0.775000000000001,-0.007273406666666667
44,0.8000000000000009,0.0007516413333333333,0.8000000000000009,-0.007647186666666667
45,0.8250000000000008,0.0008805840000000001,0.8250000000000008,-0.006656151333333333
46,0.850000000000001,0.001037526,0.850000000000001,-0.00511752
47,0.8750000000000011,0.0012242333333333333,0.8750000000000011,-0.0037570873333333337
48,0.900000000000001,0.0014443326666666667,0.900000000000001,-0.00239528
49,0.9250000000000009,0.0017067513333333332,0.9250000000000009,-0.0010169086666666667
50,0.9500000000000011,0.002018345333333333,0.9500000000000011,-0.00011252373333333333
51,0.9750000000000012,0.002390788,0.9750000000000012,0.00081034
52,1.000000000000001,0.0028338620000000004,1.000000000000001,0.0025320293333333335
53,1.025000000000001,0.0033633500000000006,1.025000000000001,0.0041834946666666675
54,1.0500000000000012,0.003983448,1.0500000000000012,0.005855772666666667
55,1.0750000000000013,0.004725386,1.0750000000000013,0.006984853333333333
56,1.1000000000000012,0.005594597333333334,1.1000000000000012,0.008869353333333333
57,1.125000000000001,0.006609612666666666,1.125000000000001,0.010744693333333334
58,1.1500000000000012,0.008533973333333335,1.1500000000000012,0.012657633333333335
59,1.1750000000000014,0.009764293333333333,1.1750000000000014,0.014623780000000001
60,1.2000000000000013,0.011282706666666668,1.2000000000000013,0.01665748666666667
61,1.2250000000000012,0.012984286666666667,1.2250000000000012,0.01876944666666667
62,1.2500000000000013,0.014900993333333334,1.2500000000000013,0.02096606666666667
63,1.2750000000000015,0.016992,1.2750000000000015,0.023258360000000002
