,II_4R_V_D,II_4R_J_D,II_4R_V_L,II_4R_J_L
0,1.3,0.02131794,1.3,0.02916704666666667
1,1.2750000000000001,0.021961533333333335,1.2750000000000001,0.026329193333333337
2,1.2500000000000002,0.020433893333333335,1.2500000000000002,0.023447613333333336
3,1.2250000000000003,0.018404153333333333,1.2250000000000003,0.02059026
4,1.2000000000000004,0.016240993333333332,1.2000000000000004,0.0177854
5,1.1750000000000005,0.014084913333333334,1.1750000000000005,0.015042660000000001
6,1.1500000000000006,0.011999593333333334,1.1500000000000006,0.01236718
7,1.1250000000000007,0.0100352,1.1250000000000007,0.009772260000000001
8,1.1000000000000008,0.008228246666666668,1.1000000000000008,0.007257566666666666
9,1.0750000000000008,0.006547082666666667,1.0750000000000008,0.004975160666666667
10,1.050000000000001,0.005150764,1.050000000000001,0.002516288
11,1.025000000000001,0.0039546906666666675,1.025000000000001,0.0004364880666666667
12,1.000000000000001,0.002983502,1.000000000000001,-0.00165597
13,0.9750000000000012,0.0022311866666666668,0.9750000000000012,-0.0038691926666666668
14,0.9500000000000013,0.001679078,0.9500000000000013,-0.005855739333333334
15,0.9250000000000014,0.0012924366666666666,0.9250000000000014,-0.007402286666666666
16,0.9000000000000015,0.001030206,0.9000000000000015,-0.009262206666666667
17,0.8750000000000016,0.0008541086666666667,0.8750000000000016,-0.01088332
18,0.8500000000000016,0.0007278040000000001,0.8500000000000016,-0.012340733333333334
19,0.8250000000000017,0.0006425226000000001,0.8250000000000017,-0.013637040000000001
20,0.8000000000000018,0.0005708386,0.8000000000000018,-0.014797906666666666
21,0.7750000000000019,0.0005133023333333334,0.7750000000000019,-0.01581044
22,0.750000000000002,0.00046280200000000006,0.750000000000002,-0.0166877
23,0.7250000000000021,0.0004198684666666667,0.7250000000000021,-0.017440300000000002
24,0.7000000000000022,0.00038106213333333335,0.7000000000000022,-0.018088033333333333
25,0.6750000000000023,0.0003468588,0.6750000000000023,-0.018652686666666668
26,0.6500000000000024,0.0003146464,0.6500000000000024,-0.019112533333333334
27,0.6250000000000024,0.0002821634,0.6250000000000024,-0.019512713333333334
28,0.6000000000000025,0.00025401953333333336,0.6000000000000025,-0.01985972
29,0.5750000000000026,0.00022859213333333332,0.5750000000000026,-0.02014858666666667
30,0.5500000000000027,0.00020464466666666667,0.5500000000000027,-0.02041074
31,0.5250000000000028,0.00018348626666666668,0.5250000000000028,-0.020626633333333335
32,0.5000000000000029,0.00016305840000000002,0.5000000000000029,-0.020820920000000003
33,0.475000000000003,0.00014656773333333336,0.475000000000003,-0.020984593333333332
34,0.45000000000000306,0.00013100473333333334,0.45000000000000306,-0.02113238
35,0.42500000000000315,0.00011774786666666668,0.42500000000000315,-0.021258766666666665
36,0.40000000000000324,0.00010411820000000001,0.40000000000000324,-0.021366866666666668
37,0.37500000000000333,9.356366666666667e-05,0.37500000000000333,-0.021463226666666668
38,0.3500000000000034,8.375593333333334e-05,0.3500000000000034,-0.021550060000000003
39,0.3250000000000035,7.494626666666666e-05,0.3250000000000035,-0.02161706
40,0.3000000000000036,6.74702e-05,0.3000000000000036,-0.021679266666666665
41,0.2750000000000037,5.9700006666666664e-05,0.2750000000000037,-0.021733986666666667
42,0.2500000000000038,5.2760820000000006e-05,0.2500000000000038,-0.021784993333333332
43,0.22500000000000386,4.5657e-05,0.22500000000000386,-0.021816473333333333
44,0.20000000000000395,3.8611746666666674e-05,0.20000000000000395,-0.021856346666666665
45,0.17500000000000404,3.244870000000001e-05,0.17500000000000404,-0.021888106666666667
46,0.15000000000000413,2.6339013333333335e-05,0.15000000000000413,-0.02192061333333333
47,0.12500000000000422,2.0449433333333335e-05,0.12500000000000422,-0.021947686666666667
48,0.10000000000000431,1.5004073333333335e-05,0.10000000000000431,-0.021971933333333332
49,0.0750000000000044,9.747533333333333e-06,0.0750000000000044,-0.021998386666666668
50,0.050000000000004485,5.180229333333333e-06,0.050000000000004485,-0.02202192
51,0.025000000000004574,-1.20049e-07,0.025000000000004574,-0.022049266666666668
52,4.6629367034256575e-15,-5.0908286666666675e-06,4.6629367034256575e-15,-0.022073046666666665
53,-0.024999999999995248,-9.633446666666667e-06,-0.024999999999995248,-0.022093586666666668
54,-0.04999999999999516,-1.4988233333333333e-05,-0.04999999999999516,-0.022119346666666668
55,-0.07499999999999507,-2.021226e-05,-0.07499999999999507,-0.022148086666666667
56,-0.09999999999999498,-2.5470586666666668e-05,-0.09999999999999498,-0.02217076
57,-0.12499999999999489,-3.099970666666667e-05,-0.12499999999999489,-0.022194866666666667
58,-0.1499999999999948,-3.6744200000000006e-05,-0.1499999999999948,-0.02222052
59,-0.17499999999999472,-4.2670593333333335e-05,-0.17499999999999472,-0.022244233333333335
60,-0.19999999999999463,-4.862290666666667e-05,-0.19999999999999463,-0.022266233333333333
61,-0.22499999999999454,-5.523209333333334e-05,-0.22499999999999454,-0.022291960000000003
62,-0.24999999999999445,-6.210411333333333e-05,-0.24999999999999445,-0.022315153333333334
63,-0.27499999999999436,-6.870126666666667e-05,-0.27499999999999436,-0.02233906
