,NiOx_D3_26d_6R_V_D,NiOx_D3_26d_6R_J_D,NiOx_D3_26d_6R_V_L,NiOx_D3_26d_6R_J_L
0,1.25,0.02707676,1.25,0.026788753333333335
1,1.225,0.020714839999999998,1.225,0.018787066666666668
2,1.2000000000000002,0.015048393333333335,1.2000000000000002,0.011622253333333334
3,1.1750000000000003,0.010493853333333334,1.1750000000000003,0.005700027333333333
4,1.1500000000000004,0.00705462,1.1500000000000004,0.00083495
5,1.1250000000000004,0.004662146666666667,1.1250000000000004,-0.0036119700000000004
6,1.1000000000000005,0.0029748680000000003,1.1000000000000005,-0.00691288
7,1.0750000000000006,0.0019023640000000001,1.0750000000000006,-0.009042713333333334
8,1.0500000000000007,0.0012156760000000002,1.0500000000000007,-0.01126768
9,1.0250000000000008,0.0007733553333333334,1.0250000000000008,-0.01277582
10,1.0000000000000009,0.0005039112666666667,1.0000000000000009,-0.013902046666666666
11,0.975000000000001,0.00030428813333333336,0.975000000000001,-0.014772613333333335
12,0.9500000000000011,0.00018478133333333334,0.9500000000000011,-0.015401026666666668
13,0.9250000000000012,0.00011159426666666667,0.9250000000000012,-0.015890420000000002
14,0.9000000000000012,6.562807333333333e-05,0.9000000000000012,-0.016277600000000003
15,0.8750000000000013,3.167056666666667e-05,0.8750000000000013,-0.016584933333333333
16,0.8500000000000014,1.145632e-05,0.8500000000000014,-0.01683704
17,0.8250000000000015,2.548320666666667e-06,0.8250000000000015,-0.01705008666666667
18,0.8000000000000016,-6.321642666666667e-06,0.8000000000000016,-0.017237193333333335
19,0.7750000000000017,-1.0258693333333335e-05,0.7750000000000017,-0.017416066666666667
20,0.7500000000000018,-1.4337093333333334e-05,0.7500000000000018,-0.01758376
21,0.7250000000000019,-1.6779753333333333e-05,0.7250000000000019,-0.017747786666666668
22,0.700000000000002,-2.0087193333333334e-05,0.700000000000002,-0.01790172666666667
23,0.675000000000002,-2.1938426666666667e-05,0.675000000000002,-0.01805582
24,0.6500000000000021,-2.433684666666667e-05,0.6500000000000021,-0.018207086666666667
25,0.6250000000000022,-2.6008673333333333e-05,0.6250000000000022,-0.018337446666666667
26,0.6000000000000023,-2.7686033333333336e-05,0.6000000000000023,-0.01846164
27,0.5750000000000024,-3.0222233333333337e-05,0.5750000000000024,-0.018576406666666666
28,0.5500000000000025,-3.264709333333333e-05,0.5500000000000025,-0.01868382
29,0.5250000000000026,-3.395220666666667e-05,0.5250000000000026,-0.018771446666666667
30,0.5000000000000027,-3.5520473333333336e-05,0.5000000000000027,-0.018855726666666666
31,0.47500000000000275,-3.7992960000000004e-05,0.47500000000000275,-0.01893098
32,0.45000000000000284,-3.886176666666667e-05,0.45000000000000284,-0.018997160000000003
33,0.42500000000000293,-4.095001333333333e-05,0.42500000000000293,-0.01905938
34,0.400000000000003,-4.27385e-05,0.400000000000003,-0.019115953333333335
35,0.3750000000000031,-4.417747333333334e-05,0.3750000000000031,-0.019166046666666665
36,0.3500000000000032,-4.547453333333334e-05,0.3500000000000032,-0.019214353333333337
37,0.3250000000000033,-4.6861673333333335e-05,0.3250000000000033,-0.01925852
38,0.3000000000000034,-4.818500000000001e-05,0.3000000000000034,-0.019299093333333333
39,0.27500000000000346,-4.9681133333333335e-05,0.27500000000000346,-0.019335693333333334
40,0.25000000000000355,-5.0779286666666665e-05,0.25000000000000355,-0.019370453333333332
41,0.22500000000000364,-5.2023906666666664e-05,0.22500000000000364,-0.019399513333333333
42,0.20000000000000373,-5.3301773333333334e-05,0.20000000000000373,-0.019433153333333335
43,0.17500000000000382,-5.443327333333333e-05,0.17500000000000382,-0.019462993333333335
44,0.1500000000000039,-5.5789586666666667e-05,0.1500000000000039,-0.019490753333333333
45,0.125000000000004,-5.7084873333333336e-05,0.125000000000004,-0.01951666666666667
46,0.10000000000000409,-5.8467840000000006e-05,0.10000000000000409,-0.01953908
47,0.07500000000000417,-5.9713040000000005e-05,0.07500000000000417,-0.019563026666666667
48,0.05000000000000426,-6.104620666666667e-05,0.05000000000000426,-0.019584186666666666
49,0.025000000000004352,-6.231113333333333e-05,0.025000000000004352,-0.019604700000000003
50,4.440892098500626e-15,-6.362487333333333e-05,4.440892098500626e-15,-0.019626666666666667
51,-0.02499999999999547,-6.488909333333334e-05,-0.02499999999999547,-0.019644033333333335
52,-0.04999999999999538,-6.617768000000001e-05,-0.04999999999999538,-0.019662093333333335
53,-0.07499999999999529,-6.758993333333334e-05,-0.07499999999999529,-0.019680386666666667
54,-0.0999999999999952,-6.88074e-05,-0.0999999999999952,-0.019699273333333333
55,-0.12499999999999512,-7.080493333333333e-05,-0.12499999999999512,-0.019712686666666666
56,-0.14999999999999503,-7.235366666666667e-05,-0.14999999999999503,-0.019728193333333335
57,-0.17499999999999494,-7.375753333333334e-05,-0.17499999999999494,-0.019744506666666668
58,-0.19999999999999485,-7.56308e-05,-0.19999999999999485,-0.019758173333333334
59,-0.22499999999999476,-7.728586666666667e-05,-0.22499999999999476,-0.019775766666666666
