,SLA_4PAC_R2_1R_V_D,SLA_4PAC_R2_1R_J_D,SLA_4PAC_R2_1R_V_L,SLA_4PAC_R2_1R_J_L
0,1.25,-9.244320388349515e-11,1.25,-9.515198058252427e-11
1,1.225,6.644269902912621e-12,1.225,4.7276660194174755e-12
2,1.2000000000000002,3.876906796116504e-12,1.2000000000000002,-1.519119223300971e-13
3,1.1750000000000003,2.615409708737864e-12,1.1750000000000003,-2.8508349514563103e-12
4,1.1500000000000004,1.5104260194174756e-12,1.1500000000000004,-5.481304854368932e-12
5,1.1250000000000004,-7.973423300970874e-13,1.1250000000000004,-2.645512621359223e-12
6,1.1000000000000005,-2.480755339805825e-14,1.1000000000000005,-3.1637456310679607e-12
7,1.0750000000000006,-3.6429184466019415e-12,1.0750000000000006,-5.0413242718446596e-12
8,1.0500000000000007,-3.5158077669902915e-12,1.0500000000000007,-4.552318446601942e-12
9,1.0250000000000008,-1.6774283495145628e-12,1.0250000000000008,-6.351596116504853e-12
10,1.0000000000000009,-7.97490485436893e-12,1.0000000000000009,-1.0370658252427183e-11
11,0.975000000000001,-3.965700970873786e-12,0.975000000000001,-1.0732466019417475e-11
12,0.9500000000000011,-2.3130019417475727e-12,0.9500000000000011,-1.0448912621359223e-11
13,0.9250000000000012,-2.000147572815534e-12,0.9250000000000012,-1.325369126213592e-12
14,0.9000000000000012,-3.515838834951456e-12,0.9000000000000012,-1.1426737864077669e-11
15,0.8750000000000013,-4.796850485436893e-12,0.8750000000000013,-1.0008881553398058e-11
16,0.8500000000000014,-2.625976699029126e-12,0.8500000000000014,-9.8524e-12
17,0.8250000000000015,-2.977990291262136e-12,0.8250000000000015,-1.3793205825242716e-11
18,0.8000000000000016,-5.06084854368932e-12,0.8000000000000016,-1.6012984466019416e-11
19,0.7750000000000017,-6.332066019417475e-12,0.7750000000000017,-1.7157128155339806e-11
20,0.7500000000000018,-6.028891262135922e-12,0.7500000000000018,-2.1459708737864076e-11
21,0.7250000000000019,-8.815881553398057e-12,0.7250000000000019,-2.4530252427184462e-11
22,0.700000000000002,-5.50086213592233e-12,0.700000000000002,-1.7861143689320385e-11
23,0.675000000000002,-6.713464077669903e-12,0.675000000000002,-3.6528679611650486e-11
24,0.6500000000000021,-5.011974757281553e-12,0.6500000000000021,-4.5974951456310675e-11
25,0.6250000000000022,-8.551833009708737e-12,0.6250000000000022,-6.440774757281553e-11
26,0.6000000000000023,-6.37118640776699e-12,0.6000000000000023,-1.1597091262135923e-10
27,0.5750000000000024,-5.774749514563107e-12,0.5750000000000024,-1.7525060194174756e-07
28,0.5500000000000025,-6.087598058252427e-12,0.5500000000000025,-4.5925941747572814e-11
29,0.5250000000000026,-9.647050485436893e-12,0.5250000000000026,-2.5840582524271846e-11
30,0.5000000000000027,-8.884343689320387e-12,0.5000000000000027,-1.6521454368932037e-11
31,0.47500000000000275,-1.1016106796116504e-11,0.47500000000000275,-1.2345933980582523e-11
32,0.45000000000000284,-1.2443788349514562e-11,0.45000000000000284,-9.99908349514563e-12
33,0.42500000000000293,-1.1270343689320387e-11,0.42500000000000293,-6.967700970873786e-12
34,0.400000000000003,-1.370520776699029e-11,0.400000000000003,-4.787066019417475e-12
35,0.3750000000000031,-1.4839537864077668e-11,0.3750000000000031,-4.464341747572815e-12
36,0.3500000000000032,-1.3754116504854368e-11,0.3500000000000032,1.0653516504854368e-11
37,0.3250000000000033,-1.2619765048543688e-11,0.3250000000000033,-2.254388349514563e-12
38,0.3000000000000034,-1.6687739805825242e-11,0.3000000000000034,-1.6872048543689318e-12
39,0.27500000000000346,-2.0227631067961162e-11,0.27500000000000346,-2.0880543689320388e-12
40,0.25000000000000355,-2.522458252427184e-11,0.25000000000000355,-2.8899533980582522e-12
41,0.22500000000000364,7.739485436893204e-12,0.22500000000000364,1.6941258252427183e-11
42,0.20000000000000373,-3.2499825242718444e-11,0.20000000000000373,-2.1467592233009706e-12
43,0.17500000000000382,-4.16723495145631e-11,0.17500000000000382,-1.3938067961165048e-12
44,0.1500000000000039,-4.7011533980582524e-11,0.1500000000000039,-3.5744660194174755e-12
45,0.125000000000004,-7.136040776699028e-11,0.125000000000004,-2.674869902912621e-12
46,0.10000000000000409,-1.4532644660194174e-10,0.10000000000000409,-1.217831067961165e-12
47,0.07500000000000417,-1.7839965048543687e-07,0.07500000000000417,-1.1884749514563108e-12
48,0.05000000000000426,-4.266982524271844e-11,0.05000000000000426,5.032194174757282e-13
49,0.025000000000004352,-2.31513786407767e-11,0.025000000000004352,1.950502912621359e-12
50,4.440892098500626e-15,-2.1498873786407764e-11,4.440892098500626e-15,-4.288341747572815e-12
51,-0.02499999999999547,-1.3802998058252426e-11,-0.02499999999999547,-3.279388349514563e-13
52,-0.04999999999999538,-1.2306817475728156e-11,-0.04999999999999538,5.130469902912621e-13
53,-0.07499999999999529,-9.246114563106795e-12,-0.07499999999999529,6.792677669902912e-13
54,-0.0999999999999952,-1.0380423300970874e-11,-0.0999999999999952,1.1975561165048543e-12
55,-0.12499999999999512,-8.806079611650484e-12,-0.12499999999999512,1.1877500970873784e-12
56,-0.14999999999999503,-6.4396330097087374e-12,-0.14999999999999503,3.2217436893203883e-12
57,-0.17499999999999494,-5.989745631067961e-12,-0.17499999999999494,5.157877669902912e-12
58,-0.19999999999999485,8.717357281553397e-12,-0.19999999999999485,1.8574275728155338e-11
59,-0.22499999999999476,-3.858066019417475e-12,-0.22499999999999476,7.63191067961165e-12
