,V7_4R_V_D,V7_4R_J_D,V7_4R_V_L,V7_4R_J_L
0,1.3,0.020369986666666666,1.3,0.021106120000000003
1,1.2750000000000001,0.0188925,1.2750000000000001,0.019087820000000002
2,1.2500000000000002,0.017300366666666667,1.2500000000000002,0.017218933333333332
3,1.2250000000000003,0.015708546666666667,1.2250000000000003,0.015413186666666669
4,1.2000000000000004,0.014152640000000001,1.2000000000000004,0.013659079999999999
5,1.1750000000000005,0.012654086666666668,1.1750000000000005,0.01195582
6,1.1500000000000006,0.011225440000000001,1.1500000000000006,0.01030532
7,1.1250000000000007,0.009885973333333334,1.1250000000000007,0.008706760000000001
8,1.1000000000000008,0.008641566666666666,1.1000000000000008,0.007172179999999999
9,1.0750000000000008,0.0075018333333333334,1.0750000000000008,0.005869148666666667
10,1.050000000000001,0.006446925333333333,1.050000000000001,0.004340732000000001
11,1.025000000000001,0.005552918666666667,1.025000000000001,0.002959582666666667
12,1.000000000000001,0.004752135333333333,1.000000000000001,0.0016541666666666666
13,0.9750000000000012,0.004053219333333333,0.9750000000000012,0.0008061546666666666
14,0.9500000000000013,0.003446344,0.9500000000000013,-0.000384187
15,0.9250000000000014,0.0029219733333333336,0.9250000000000014,-0.0014763220000000002
16,0.9000000000000015,0.0024684186666666668,0.9000000000000015,-0.0027392806666666665
17,0.8750000000000016,0.00207585,0.8750000000000016,-0.003817896666666667
18,0.8500000000000016,0.001735872,0.8500000000000016,-0.00481946
19,0.8250000000000017,0.0014421153333333333,0.8250000000000017,-0.005763304
20,0.8000000000000018,0.0011871926666666669,0.8000000000000018,-0.006631343333333333
21,0.7750000000000019,0.0009678646666666667,0.7750000000000019,-0.007220873333333333
22,0.750000000000002,0.0007802886666666667,0.750000000000002,-0.008117280000000001
23,0.7250000000000021,0.0006060159333333334,0.7250000000000021,-0.008869373333333333
24,0.7000000000000022,0.0004771338666666667,0.7000000000000022,-0.009537706666666666
25,0.6750000000000023,0.00036895713333333336,0.6750000000000023,-0.010150886666666668
26,0.6500000000000024,0.00028102933333333334,0.6500000000000024,-0.010711973333333333
27,0.6250000000000024,0.00021138946666666666,0.6250000000000024,-0.011190726666666666
28,0.6000000000000025,0.00015756966666666668,0.6000000000000025,-0.011621126666666667
29,0.5750000000000026,0.00011720726666666667,0.5750000000000026,-0.012001346666666668
30,0.5500000000000027,8.767993333333333e-05,0.5500000000000027,-0.0123478
31,0.5250000000000028,6.512503333333334e-05,0.5250000000000028,-0.012620373333333334
32,0.5000000000000029,5.055762666666667e-05,0.5000000000000029,-0.012874813333333334
33,0.475000000000003,4.024410666666667e-05,0.475000000000003,-0.013097253333333335
34,0.45000000000000306,3.2693240000000003e-05,0.45000000000000306,-0.013292733333333336
35,0.42500000000000315,2.7010620000000003e-05,0.42500000000000315,-0.013466126666666666
36,0.40000000000000324,2.2611526666666666e-05,0.40000000000000324,-0.013624986666666668
37,0.37500000000000333,1.90835e-05,0.37500000000000333,-0.013767146666666666
38,0.3500000000000034,1.6154013333333337e-05,0.3500000000000034,-0.01389972
39,0.3250000000000035,1.3666813333333335e-05,0.3250000000000035,-0.014030173333333333
40,0.3000000000000036,1.1514346666666666e-05,0.3000000000000036,-0.014133986666666667
41,0.2750000000000037,9.615720000000002e-06,0.2750000000000037,-0.014239133333333336
42,0.2500000000000038,7.932966666666667e-06,0.2500000000000038,-0.0143373
43,0.22500000000000386,6.9054e-06,0.22500000000000386,-0.01441118666666667
44,0.20000000000000395,5.222642666666667e-06,0.20000000000000395,-0.014525533333333335
45,0.17500000000000404,3.989752000000001e-06,0.17500000000000404,-0.014610366666666668
46,0.15000000000000413,2.9040733333333333e-06,0.15000000000000413,-0.014692726666666668
47,0.12500000000000422,1.9261533333333336e-06,0.12500000000000422,-0.014768813333333334
48,0.10000000000000431,1.048448e-06,0.10000000000000431,-0.01484158
49,0.0750000000000044,2.47753e-07,0.0750000000000044,-0.014906186666666666
50,0.050000000000004485,-4.925858e-07,0.050000000000004485,-0.014968500000000001
51,0.025000000000004574,-1.193672e-06,0.025000000000004574,-0.015031766666666668
52,4.6629367034256575e-15,-1.8581133333333335e-06,4.6629367034256575e-15,-0.015093380000000002
53,-0.024999999999995248,-2.5087626666666665e-06,-0.024999999999995248,-0.015139533333333333
54,-0.04999999999999516,-3.2777520000000006e-06,-0.04999999999999516,-0.015187773333333333
55,-0.07499999999999507,-4.033517333333333e-06,-0.07499999999999507,-0.01523534
56,-0.09999999999999498,-4.869098e-06,-0.09999999999999498,-0.015283913333333335
57,-0.12499999999999489,-5.8245306666666666e-06,-0.12499999999999489,-0.015319573333333334
58,-0.1499999999999948,-6.757920000000001e-06,-0.1499999999999948,-0.015354613333333333
59,-0.17499999999999472,-6.98302e-06,-0.17499999999999472,-0.015390706666666667
60,-0.19999999999999463,-8.352593333333334e-06,-0.19999999999999463,-0.015421386666666669
61,-0.22499999999999454,-9.58052e-06,-0.22499999999999454,-0.015457893333333335
62,-0.24999999999999445,-1.0857013333333333e-05,-0.24999999999999445,-0.015489919999999999
63,-0.27499999999999436,-1.2244246666666668e-05,-0.27499999999999436,-0.015518200000000001
