,V7_4F_V_D,V7_4F_J_D,V7_4F_V_L,V7_4F_J_L
0,-0.3,-7.300733333333334e-06,-0.3,-0.016230300000000003
1,-0.27499999999999997,-6.237971333333333e-06,-0.27499999999999997,-0.01606774
2,-0.24999999999999994,-5.12906e-06,-0.24999999999999994,-0.015965513333333334
3,-0.22499999999999992,-4.287294666666667e-06,-0.22499999999999992,-0.015894033333333335
4,-0.1999999999999999,-3.6193026666666665e-06,-0.1999999999999999,-0.015835913333333333
5,-0.17499999999999988,-2.829642e-06,-0.17499999999999988,-0.015773193333333334
6,-0.14999999999999986,-2.205040666666667e-06,-0.14999999999999986,-0.01572284
7,-0.12499999999999983,-1.64126e-06,-0.12499999999999983,-0.015673893333333334
8,-0.09999999999999981,-1.1363233333333334e-06,-0.09999999999999981,-0.0156301
9,-0.07499999999999979,-6.803093333333333e-07,-0.07499999999999979,-0.015589346666666667
10,-0.04999999999999977,-2.6761353333333336e-07,-0.04999999999999977,-0.015541973333333334
11,-0.024999999999999745,1.1675226666666668e-07,-0.024999999999999745,-0.015498540000000002
12,2.7755575615628914e-16,4.2240773333333337e-07,2.7755575615628914e-16,-0.015460113333333334
13,0.0250000000000003,8.331340000000001e-07,0.0250000000000003,-0.015412273333333332
14,0.05000000000000032,1.193974e-06,0.05000000000000032,-0.015364933333333334
15,0.07500000000000034,1.5713466666666668e-06,0.07500000000000034,-0.015312093333333334
16,0.10000000000000037,1.9787526666666666e-06,0.10000000000000037,-0.015273020000000002
17,0.1250000000000004,2.425004e-06,0.1250000000000004,-0.015221813333333332
18,0.1500000000000004,2.922281333333333e-06,0.1500000000000004,-0.01516796
19,0.17500000000000043,3.4781526666666666e-06,0.17500000000000043,-0.0151143
20,0.20000000000000046,4.106219333333334e-06,0.20000000000000046,-0.01505584666666667
21,0.22500000000000048,4.790508666666667e-06,0.22500000000000048,-0.014988466666666669
22,0.2500000000000005,5.715345333333334e-06,0.2500000000000005,-0.01493136
23,0.2750000000000005,6.635576e-06,0.2750000000000005,-0.0148568
24,0.30000000000000054,6.999413333333334e-06,0.30000000000000054,-0.014779433333333333
25,0.32500000000000057,8.425260000000001e-06,0.32500000000000057,-0.014693320000000001
26,0.3500000000000006,9.677653333333333e-06,0.3500000000000006,-0.014601000000000001
27,0.3750000000000006,1.106456e-05,0.3750000000000006,-0.014496146666666668
28,0.40000000000000063,1.2621946666666667e-05,0.40000000000000063,-0.014371626666666667
29,0.42500000000000066,1.4380100000000001e-05,0.42500000000000066,-0.014252473333333333
30,0.4500000000000007,1.639550666666667e-05,0.4500000000000007,-0.014107693333333332
31,0.4750000000000007,1.8747153333333334e-05,0.4750000000000007,-0.013937000000000001
32,0.5000000000000007,2.1573733333333333e-05,0.5000000000000007,-0.013735966666666667
33,0.5250000000000008,2.5092633333333334e-05,0.5250000000000008,-0.01352504
34,0.5500000000000007,2.9638020000000005e-05,0.5500000000000007,-0.013267133333333334
35,0.5750000000000008,3.576885333333334e-05,0.5750000000000008,-0.012971526666666667
36,0.6000000000000008,4.438330666666667e-05,0.6000000000000008,-0.012615453333333334
37,0.6250000000000009,5.6866686666666663e-05,0.6250000000000009,-0.012205546666666666
38,0.6500000000000008,8.120993333333334e-05,0.6500000000000008,-0.01172944
39,0.6750000000000009,0.00010983513333333333,0.6750000000000009,-0.011190026666666667
40,0.7000000000000008,0.00015106413333333335,0.7000000000000008,-0.010571933333333334
41,0.7250000000000008,0.00020867919999999999,0.7250000000000008,-0.009867306666666667
42,0.7500000000000009,0.0002866574666666667,0.7500000000000009,-0.009116453333333333
43,0.775000000000001,0.00038898320000000004,0.775000000000001,-0.008288126666666668
44,0.8000000000000009,0.0005200887333333333,0.8000000000000009,-0.007389126666666667
45,0.8250000000000008,0.0007211553333333334,0.8250000000000008,-0.006805206666666667
46,0.850000000000001,0.0009208066666666667,0.850000000000001,-0.005488232
47,0.8750000000000011,0.0011787280000000002,0.8750000000000011,-0.004371988
48,0.900000000000001,0.0015052786666666668,0.900000000000001,-0.003222487333333333
49,0.9250000000000009,0.0019193986666666666,0.9250000000000009,-0.0020235993333333336
50,0.9500000000000011,0.0024425186666666666,0.9500000000000011,-0.0007731273333333333
51,0.9750000000000012,0.003096064,0.9750000000000012,0.0002415150666666667
52,1.000000000000001,0.0038974306666666667,1.000000000000001,0.0015352886666666669
53,1.025000000000001,0.004860056666666667,1.025000000000001,0.003197456
54,1.0500000000000012,0.005982149333333334,1.0500000000000012,0.004785251333333334
55,1.0750000000000013,0.007359126666666667,1.0750000000000013,0.006428700666666667
56,1.1000000000000012,0.008759166666666667,1.1000000000000012,0.007959766666666666
57,1.125000000000001,0.01031486,1.125000000000001,0.009873486666666667
58,1.1500000000000012,0.01199066,1.1500000000000012,0.011768886666666667
59,1.1750000000000014,0.013770560000000001,1.1750000000000014,0.013727426666666667
60,1.2000000000000013,0.01563814,1.2000000000000013,0.015745313333333334
61,1.2250000000000012,0.017581533333333333,1.2250000000000012,0.017825860000000002
62,1.2500000000000013,0.019597580000000003,1.2500000000000013,0.019947246666666668
63,1.2750000000000015,0.021671113333333335,1.2750000000000015,0.022127293333333332
