,V7_4F_V_D,V7_4F_J_D,V7_4F_V_L,V7_4F_J_L
0,-0.3,-1.133436e-05,-0.3,-0.016159006666666666
1,-0.27499999999999997,-9.6044e-06,-0.27499999999999997,-0.015967953333333333
2,-0.24999999999999994,-8.2286e-06,-0.24999999999999994,-0.015850660000000003
3,-0.22499999999999992,-6.973273333333333e-06,-0.22499999999999992,-0.015766733333333335
4,-0.1999999999999999,-6.058767333333334e-06,-0.1999999999999999,-0.015698426666666668
5,-0.17499999999999988,-4.79686e-06,-0.17499999999999988,-0.015624986666666668
6,-0.14999999999999986,-3.826654666666666e-06,-0.14999999999999986,-0.015564406666666667
7,-0.12499999999999983,-2.9452086666666667e-06,-0.12499999999999983,-0.015508113333333335
8,-0.09999999999999981,-2.140524666666667e-06,-0.09999999999999981,-0.015453326666666666
9,-0.07499999999999979,-1.4072226666666667e-06,-0.07499999999999979,-0.015400066666666667
10,-0.04999999999999977,-7.250173333333333e-07,-0.04999999999999977,-0.015345979999999999
11,-0.024999999999999745,-8.613606666666666e-08,-0.024999999999999745,-0.01529456
12,2.7755575615628914e-16,4.768003333333334e-07,2.7755575615628914e-16,-0.015246886666666667
13,0.0250000000000003,1.1441573333333334e-06,0.0250000000000003,-0.015187706666666667
14,0.05000000000000032,1.777624e-06,0.05000000000000032,-0.015131393333333333
15,0.07500000000000034,2.447250666666667e-06,0.07500000000000034,-0.015067153333333335
16,0.10000000000000037,3.182526666666667e-06,0.10000000000000037,-0.015017206666666668
17,0.1250000000000004,3.996078e-06,0.1250000000000004,-0.014956460000000001
18,0.1500000000000004,4.926263333333333e-06,0.1500000000000004,-0.014888606666666668
19,0.17500000000000043,6.037792666666667e-06,0.17500000000000043,-0.014828993333333334
20,0.20000000000000046,6.999466666666667e-06,0.20000000000000046,-0.014748720000000002
21,0.22500000000000048,7.795493333333334e-06,0.22500000000000048,-0.014662373333333334
22,0.2500000000000005,9.462093333333334e-06,0.2500000000000005,-0.014589686666666667
23,0.2750000000000005,1.0966613333333333e-05,0.2750000000000005,-0.014496806666666667
24,0.30000000000000054,1.2602473333333334e-05,0.30000000000000054,-0.014399633333333333
25,0.32500000000000057,1.4401153333333333e-05,0.32500000000000057,-0.014292599999999999
26,0.3500000000000006,1.6375673333333336e-05,0.3500000000000006,-0.01417844
27,0.3750000000000006,1.8520793333333335e-05,0.3750000000000006,-0.014053306666666668
28,0.40000000000000063,2.0840053333333335e-05,0.40000000000000063,-0.013901346666666667
29,0.42500000000000066,2.3383000000000003e-05,0.42500000000000066,-0.013761420000000002
30,0.4500000000000007,2.61904e-05,0.4500000000000007,-0.013595353333333334
31,0.4750000000000007,2.9317493333333332e-05,0.4750000000000007,-0.013409813333333333
32,0.5000000000000007,3.293121333333334e-05,0.5000000000000007,-0.013185346666666667
33,0.5250000000000008,3.719233333333333e-05,0.5250000000000008,-0.012961113333333333
34,0.5500000000000007,4.243128666666667e-05,0.5500000000000007,-0.012695346666666668
35,0.5750000000000008,4.928574666666667e-05,0.5750000000000008,-0.012385486666666667
36,0.6000000000000008,5.858391333333333e-05,0.6000000000000008,-0.012027620000000001
37,0.6250000000000009,7.491040000000001e-05,0.6250000000000009,-0.011614933333333334
38,0.6500000000000008,9.58638e-05,0.6500000000000008,-0.011138993333333335
39,0.6750000000000009,0.0001260062,0.6750000000000009,-0.010590160000000001
40,0.7000000000000008,0.0001693412,0.7000000000000008,-0.00997478
41,0.7250000000000008,0.00023068986666666667,0.7250000000000008,-0.009275446666666668
42,0.7500000000000009,0.00031435453333333337,0.7500000000000009,-0.0085089
43,0.775000000000001,0.0004266282666666667,0.775000000000001,-0.007670713333333334
44,0.8000000000000009,0.0005716528,0.8000000000000009,-0.006756446666666667
45,0.8250000000000008,0.0008048853333333334,0.8250000000000008,-0.006139414
46,0.850000000000001,0.0010259380000000001,0.850000000000001,-0.004819342
47,0.8750000000000011,0.0013104353333333334,0.8750000000000011,-0.0036840026666666668
48,0.900000000000001,0.001664478,0.900000000000001,-0.0025239973333333336
49,0.9250000000000009,0.002103115333333333,0.9250000000000009,-0.0013193506666666667
50,0.9500000000000011,0.0026445066666666668,0.9500000000000011,-0.00048506013333333335
51,0.9750000000000012,0.003305355333333333,0.9750000000000012,0.0008370513333333335
52,1.000000000000001,0.004101550666666667,1.000000000000001,0.002429036
53,1.025000000000001,0.005042072666666667,1.025000000000001,0.003917420666666667
54,1.0500000000000012,0.006134670666666667,1.0500000000000012,0.005434955333333333
55,1.0750000000000013,0.007480646666666668,1.0750000000000013,0.006989626666666667
56,1.1000000000000012,0.008820606666666666,1.1000000000000012,0.00845132
57,1.125000000000001,0.010312533333333334,1.125000000000001,0.010287613333333334
58,1.1500000000000012,0.011921106666666667,1.1500000000000012,0.01210748
59,1.1750000000000014,0.013627013333333335,1.1750000000000014,0.013972940000000001
60,1.2000000000000013,0.01541962,1.2000000000000013,0.015895293333333334
61,1.2250000000000012,0.01729516,1.2250000000000012,0.017884426666666668
62,1.2500000000000013,0.019231366666666666,1.2500000000000013,0.019927033333333333
63,1.2750000000000015,0.02122538,1.2750000000000015,0.02200934666666667
