,V7_4F_V_D,V7_4F_J_D,V7_4F_V_L,V7_4F_J_L
0,-0.3,-1.538788e-05,-0.3,-0.01584444
1,-0.27499999999999997,-1.3054413333333334e-05,-0.27499999999999997,-0.015598560000000001
2,-0.24999999999999994,-1.1216086666666667e-05,-0.24999999999999994,-0.015448793333333334
3,-0.22499999999999992,-9.547573333333334e-06,-0.22499999999999992,-0.015345286666666666
4,-0.1999999999999999,-8.136720000000001e-06,-0.1999999999999999,-0.01526092
5,-0.17499999999999988,-6.918019999999999e-06,-0.17499999999999988,-0.015169806666666666
6,-0.14999999999999986,-5.385451333333334e-06,-0.14999999999999986,-0.015096493333333332
7,-0.12499999999999983,-4.1963693333333335e-06,-0.12499999999999983,-0.015025726666666668
8,-0.09999999999999981,-3.1048346666666667e-06,-0.09999999999999981,-0.014956093333333333
9,-0.07499999999999979,-2.1002113333333335e-06,-0.07499999999999979,-0.014887366666666667
10,-0.04999999999999977,-1.1544493333333333e-06,-0.04999999999999977,-0.014819066666666669
11,-0.024999999999999745,-2.5249786666666666e-07,-0.024999999999999745,-0.014750013333333332
12,2.7755575615628914e-16,6.172814666666667e-07,2.7755575615628914e-16,-0.014681379999999999
13,0.0250000000000003,1.534098e-06,0.0250000000000003,-0.0146078
14,0.05000000000000032,2.4897173333333335e-06,0.05000000000000032,-0.01453284
15,0.07500000000000034,3.528821333333334e-06,0.07500000000000034,-0.014447220000000002
16,0.10000000000000037,4.702926666666667e-06,0.10000000000000037,-0.01437786
17,0.1250000000000004,6.109803333333333e-06,0.1250000000000004,-0.01429226
18,0.1500000000000004,6.958913333333334e-06,0.1500000000000004,-0.014198713333333335
19,0.17500000000000043,8.904946666666667e-06,0.17500000000000043,-0.01409322
20,0.20000000000000046,1.07234e-05,0.20000000000000046,-0.013999873333333333
21,0.22500000000000048,1.2630320000000001e-05,0.22500000000000048,-0.0138831
22,0.2500000000000005,1.493808e-05,0.2500000000000005,-0.013772740000000002
23,0.2750000000000005,1.7359166666666668e-05,0.2750000000000005,-0.013650100000000002
24,0.30000000000000054,1.9980706666666666e-05,0.30000000000000054,-0.013515513333333335
25,0.32500000000000057,2.2823800000000003e-05,0.32500000000000057,-0.013370853333333335
26,0.3500000000000006,2.5877466666666667e-05,0.3500000000000006,-0.013215113333333332
27,0.3750000000000006,2.913988666666667e-05,0.3750000000000006,-0.013056066666666666
28,0.40000000000000063,3.262308666666667e-05,0.40000000000000063,-0.012860960000000001
29,0.42500000000000066,3.6330913333333333e-05,0.42500000000000066,-0.01268026
30,0.4500000000000007,4.0214366666666666e-05,0.4500000000000007,-0.012473506666666667
31,0.4750000000000007,4.4600246666666666e-05,0.4750000000000007,-0.01224242
32,0.5000000000000007,4.9355473333333335e-05,0.5000000000000007,-0.011976126666666668
33,0.5250000000000008,5.4789606666666664e-05,0.5250000000000008,-0.011708153333333334
34,0.5500000000000007,6.129831333333334e-05,0.5500000000000007,-0.01139412
35,0.5750000000000008,6.96096e-05,0.5750000000000008,-0.011038333333333334
36,0.6000000000000008,8.16304e-05,0.6000000000000008,-0.01063644
37,0.6250000000000009,9.935293333333334e-05,0.6250000000000009,-0.010177546666666667
38,0.6500000000000008,0.00012464073333333335,0.6500000000000008,-0.009660646666666668
39,0.6750000000000009,0.0001616534,0.6750000000000009,-0.009081893333333334
40,0.7000000000000008,0.00021495833333333336,0.7000000000000008,-0.00843526
41,0.7250000000000008,0.0002903367333333334,0.7250000000000008,-0.007719033333333333
42,0.7500000000000009,0.00039266993333333337,0.7500000000000009,-0.006938146666666667
43,0.775000000000001,0.0005291801333333334,0.775000000000001,-0.006420055333333333
44,0.8000000000000009,0.00075726,0.8000000000000009,-0.0052379286666666665
45,0.8250000000000008,0.000968462,0.8250000000000008,-0.00424102
46,0.850000000000001,0.0012386193333333334,0.850000000000001,-0.0032167780000000004
47,0.8750000000000011,0.0015685886666666666,0.8750000000000011,-0.002152336
48,0.900000000000001,0.001966177333333333,0.900000000000001,-0.0010448713333333333
49,0.9250000000000009,0.0024407813333333335,0.9250000000000009,-0.0001100322
50,0.9500000000000011,0.0030064040000000003,0.9500000000000011,0.0010384426666666666
51,0.9750000000000012,0.0036713713333333333,0.9750000000000012,0.002461148
52,1.000000000000001,0.0044445986666666664,1.000000000000001,0.003768360666666667
53,1.025000000000001,0.005331596666666667,1.025000000000001,0.005099592
54,1.0500000000000012,0.006340019333333334,1.0500000000000012,0.006459749333333334
55,1.0750000000000013,0.007574773333333334,1.0750000000000013,0.007662433333333334
56,1.1000000000000012,0.008769126666666667,1.1000000000000012,0.009253766666666666
57,1.125000000000001,0.0100936,1.125000000000001,0.010790713333333334
58,1.1500000000000012,0.01151668,1.1500000000000012,0.012366980000000001
59,1.1750000000000014,0.013027393333333333,1.1750000000000014,0.013981093333333333
60,1.2000000000000013,0.014609726666666668,1.2000000000000013,0.0156501
61,1.2250000000000012,0.016268613333333334,1.2250000000000012,0.017371526666666668
62,1.2500000000000013,0.017983400000000004,1.2500000000000013,0.019144066666666668
63,1.2750000000000015,0.019755126666666668,1.2750000000000015,0.020963073333333332
