,V7_5F_V_D,V7_5F_J_D,V7_5F_V_L,V7_5F_J_L
0,-0.3,-2.1269953333333333e-05,-0.3,-0.015961453333333334
1,-0.27499999999999997,-1.787164e-05,-0.27499999999999997,-0.01565334
2,-0.24999999999999994,-1.51919e-05,-0.24999999999999994,-0.015458193333333333
3,-0.22499999999999992,-1.2807393333333334e-05,-0.22499999999999992,-0.015318193333333334
4,-0.1999999999999999,-1.0783513333333335e-05,-0.1999999999999999,-0.015201586666666668
5,-0.17499999999999988,-8.738133333333334e-06,-0.17499999999999988,-0.01508492
6,-0.14999999999999986,-6.985880000000001e-06,-0.14999999999999986,-0.01498512
7,-0.12499999999999983,-5.838985333333333e-06,-0.12499999999999983,-0.014894060000000002
8,-0.09999999999999981,-4.035726666666667e-06,-0.09999999999999981,-0.014806486666666665
9,-0.07499999999999979,-2.678326e-06,-0.07499999999999979,-0.014724046666666667
10,-0.04999999999999977,-1.4265413333333334e-06,-0.04999999999999977,-0.014639533333333335
11,-0.024999999999999745,-2.41006e-07,-0.024999999999999745,-0.014555593333333334
12,2.7755575615628914e-16,8.964666666666668e-07,2.7755575615628914e-16,-0.014474960000000002
13,0.0250000000000003,2.1061493333333335e-06,0.0250000000000003,-0.014393893333333333
14,0.05000000000000032,3.384558e-06,0.05000000000000032,-0.014307166666666666
15,0.07500000000000034,4.848562000000001e-06,0.07500000000000034,-0.014211486666666667
16,0.10000000000000037,6.468628e-06,0.10000000000000037,-0.014135346666666668
17,0.1250000000000004,7.372226666666667e-06,0.1250000000000004,-0.014042480000000001
18,0.1500000000000004,9.75982e-06,0.1500000000000004,-0.013943906666666667
19,0.17500000000000043,1.1993433333333334e-05,0.17500000000000043,-0.013832846666666666
20,0.20000000000000046,1.446992e-05,0.20000000000000046,-0.013733393333333333
21,0.22500000000000048,1.7108426666666668e-05,0.22500000000000048,-0.013610813333333333
22,0.2500000000000005,2.029076666666667e-05,0.2500000000000005,-0.013497400000000001
23,0.2750000000000005,2.365924e-05,0.2750000000000005,-0.013358706666666666
24,0.30000000000000054,2.733492666666667e-05,0.30000000000000054,-0.013212473333333334
25,0.32500000000000057,3.134117333333333e-05,0.32500000000000057,-0.013053666666666667
26,0.3500000000000006,3.5680200000000004e-05,0.3500000000000006,-0.01287908
27,0.3750000000000006,4.0410353333333337e-05,0.3750000000000006,-0.012677326666666667
28,0.40000000000000063,4.55748e-05,0.40000000000000063,-0.012442146666666666
29,0.42500000000000066,5.132729333333334e-05,0.42500000000000066,-0.012200446666666667
30,0.4500000000000007,5.774576000000001e-05,0.4500000000000007,-0.011919666666666667
31,0.4750000000000007,6.566347333333334e-05,0.4750000000000007,-0.01159108
32,0.5000000000000007,7.420046666666667e-05,0.5000000000000007,-0.011211480000000001
33,0.5250000000000008,8.810033333333333e-05,0.5250000000000008,-0.010807686666666667
34,0.5500000000000007,0.00010597486666666668,0.5500000000000007,-0.010337706666666668
35,0.5750000000000008,0.00013054373333333335,0.5750000000000008,-0.009817453333333333
36,0.6000000000000008,0.00016483526666666667,0.6000000000000008,-0.009237406666666666
37,0.6250000000000009,0.0002125396,0.6250000000000009,-0.008607980000000001
38,0.6500000000000008,0.0002780784,0.6500000000000008,-0.007927706666666668
39,0.6750000000000009,0.00036598953333333333,0.6750000000000009,-0.007200313333333334
40,0.7000000000000008,0.00048040906666666665,0.7000000000000008,-0.006720653333333334
41,0.7250000000000008,0.0006251602666666668,0.7250000000000008,-0.005647310666666666
42,0.7500000000000009,0.0008483420000000001,0.7500000000000009,-0.004770704000000001
43,0.775000000000001,0.001051796,0.775000000000001,-0.003873924666666667
44,0.8000000000000009,0.0012958226666666666,0.8000000000000009,-0.002948506
45,0.8250000000000008,0.0015793093333333335,0.8250000000000008,-0.0019889893333333336
46,0.850000000000001,0.0019061433333333335,0.850000000000001,-0.0010075193333333333
47,0.8750000000000011,0.002282062666666667,0.8750000000000011,-0.00030673913333333335
48,0.900000000000001,0.0027148133333333335,0.900000000000001,0.0007254133333333333
49,0.9250000000000009,0.0032137413333333336,0.9250000000000009,0.0019834873333333335
50,0.9500000000000011,0.003789435333333333,0.9500000000000011,0.0031380953333333336
51,0.9750000000000012,0.004449454666666667,0.9750000000000012,0.004280997333333334
52,1.000000000000001,0.005201216,1.000000000000001,0.005448928666666667
53,1.025000000000001,0.006047594,1.025000000000001,0.006645459333333334
54,1.0500000000000012,0.00704626,1.0500000000000012,0.0076160866666666665
55,1.0750000000000013,0.008070933333333334,1.0750000000000013,0.00903984
56,1.1000000000000012,0.009190253333333334,1.1000000000000012,0.01039208
57,1.125000000000001,0.0103988,1.125000000000001,0.011777740000000002
58,1.1500000000000012,0.011685000000000001,1.1500000000000012,0.013191793333333333
59,1.1750000000000014,0.013045286666666668,1.1750000000000014,0.01465656
60,1.2000000000000013,0.014470453333333333,1.2000000000000013,0.01616912
61,1.2250000000000012,0.01596448,1.2250000000000012,0.01773462
62,1.2500000000000013,0.01751526,1.2500000000000013,0.019348733333333333
63,1.2750000000000015,0.01912446,1.2750000000000015,0.021012826666666668
