,V7_5R_V_D,V7_5R_J_D,V7_5R_V_L,V7_5R_J_L
0,1.3,0.01947078,1.3,0.02096186666666667
1,1.2750000000000001,0.018102973333333335,1.2750000000000001,0.018971806666666667
2,1.2500000000000002,0.0166509,1.2500000000000002,0.017223660000000002
3,1.2250000000000003,0.015213226666666666,1.2250000000000003,0.015570746666666666
4,1.2000000000000004,0.013815013333333334,1.2000000000000004,0.013989866666666666
5,1.1750000000000005,0.012470740000000001,1.1750000000000005,0.012463006666666667
6,1.1500000000000006,0.011188786666666667,1.1500000000000006,0.01098898
7,1.1250000000000007,0.009978986666666667,1.1250000000000007,0.009564293333333333
8,1.1000000000000008,0.008850313333333335,1.1000000000000008,0.008194906666666668
9,1.0750000000000008,0.007806919999999999,1.0750000000000008,0.0068726
10,1.050000000000001,0.006857213333333334,1.050000000000001,0.005787182666666667
11,1.025000000000001,0.006001324666666667,1.025000000000001,0.004448866
12,1.000000000000001,0.005248658,1.000000000000001,0.0032540426666666667
13,0.9750000000000012,0.004589366666666667,0.9750000000000012,0.0021233053333333334
14,0.9500000000000013,0.004017521333333334,0.9500000000000013,0.0010405033333333333
15,0.9250000000000014,0.0035229153333333333,0.9250000000000014,0.0004596297333333334
16,0.9000000000000015,0.0030939333333333337,0.9000000000000015,-0.00069983
17,0.8750000000000016,0.002720276,0.8750000000000016,-0.0015058846666666666
18,0.8500000000000016,0.0023922286666666665,0.8500000000000016,-0.0025918193333333336
19,0.8250000000000017,0.0021024686666666664,0.8250000000000017,-0.003514348666666667
20,0.8000000000000018,0.001843902,0.8000000000000018,-0.0043780500000000005
21,0.7750000000000019,0.0016124193333333335,0.7750000000000019,-0.005191686666666666
22,0.750000000000002,0.0014041873333333335,0.750000000000002,-0.005959623333333333
23,0.7250000000000021,0.0012163133333333333,0.7250000000000021,-0.0066947866666666675
24,0.7000000000000022,0.0010466566666666667,0.7000000000000022,-0.00719122
25,0.6750000000000023,0.000893012,0.6750000000000023,-0.007959693333333333
26,0.6500000000000024,0.0007547113333333333,0.6500000000000024,-0.00862502
27,0.6250000000000024,0.0006197211333333334,0.6250000000000024,-0.009244886666666667
28,0.6000000000000025,0.0005105798666666668,0.6000000000000025,-0.009820573333333334
29,0.5750000000000026,0.0004155648,0.5750000000000026,-0.01036054
30,0.5500000000000027,0.00033363466666666667,0.5500000000000027,-0.010861406666666667
31,0.5250000000000028,0.00026400686666666666,0.5250000000000028,-0.011331473333333333
32,0.5000000000000029,0.00020586266666666668,0.5000000000000029,-0.011772553333333333
33,0.475000000000003,0.00015811113333333334,0.475000000000003,-0.01215542
34,0.45000000000000306,0.00011975453333333334,0.45000000000000306,-0.012515120000000001
35,0.42500000000000315,8.9595e-05,0.42500000000000315,-0.012841446666666667
36,0.40000000000000324,6.339088666666667e-05,0.40000000000000324,-0.013138986666666666
37,0.37500000000000333,4.659941333333334e-05,0.37500000000000333,-0.013384213333333334
38,0.3500000000000034,3.4462893333333336e-05,0.3500000000000034,-0.013608066666666667
39,0.3250000000000035,2.5516613333333334e-05,0.3250000000000035,-0.01380426
40,0.3000000000000036,1.8972173333333334e-05,0.3000000000000036,-0.013975993333333334
41,0.2750000000000037,1.412334e-05,0.2750000000000037,-0.01412654
42,0.2500000000000038,1.0489346666666668e-05,0.2500000000000038,-0.014254546666666668
43,0.22500000000000386,7.876413333333333e-06,0.22500000000000386,-0.014352166666666668
44,0.20000000000000395,6.177074e-06,0.20000000000000395,-0.014466626666666668
45,0.17500000000000404,3.999684666666667e-06,0.17500000000000404,-0.014564786666666668
46,0.15000000000000413,2.578094e-06,0.15000000000000413,-0.014634000000000001
47,0.12500000000000422,1.4001986666666668e-06,0.12500000000000422,-0.014704140000000001
48,0.10000000000000431,3.9746920000000003e-07,0.10000000000000431,-0.014772466666666668
49,0.0750000000000044,-4.806628666666667e-07,0.0750000000000044,-0.014836993333333333
50,0.050000000000004485,-1.2685500000000001e-06,0.050000000000004485,-0.01488206
51,0.025000000000004574,-2.0041353333333335e-06,0.025000000000004574,-0.014929753333333335
52,4.6629367034256575e-15,-2.698114e-06,4.6629367034256575e-15,-0.014975420000000001
53,-0.024999999999995248,-3.4734433333333333e-06,-0.024999999999995248,-0.01501884
54,-0.04999999999999516,-4.274957333333334e-06,-0.04999999999999516,-0.015058093333333335
55,-0.07499999999999507,-5.215192666666667e-06,-0.07499999999999507,-0.015094533333333335
56,-0.09999999999999498,-6.173403333333333e-06,-0.09999999999999498,-0.015131026666666667
57,-0.12499999999999489,-6.996526666666666e-06,-0.12499999999999489,-0.015163773333333333
58,-0.1499999999999948,-7.0486133333333334e-06,-0.1499999999999948,-0.015195733333333333
59,-0.17499999999999472,-8.763313333333333e-06,-0.17499999999999472,-0.01522752
60,-0.19999999999999463,-1.014636e-05,-0.19999999999999463,-0.015252120000000001
61,-0.22499999999999454,-1.1804880000000001e-05,-0.22499999999999454,-0.015283086666666666
62,-0.24999999999999445,-1.36201e-05,-0.24999999999999445,-0.015317953333333334
63,-0.27499999999999436,-1.568752e-05,-0.27499999999999436,-0.015338546666666666
