,V7_5F_V_D,V7_5F_J_D,V7_5F_V_L,V7_5F_J_L
0,-0.3,-2.1934033333333334e-05,-0.3,-0.016035960000000002
1,-0.27499999999999997,-1.846378666666667e-05,-0.27499999999999997,-0.01574504666666667
2,-0.24999999999999994,-1.56884e-05,-0.24999999999999994,-0.015563346666666667
3,-0.22499999999999992,-1.3221393333333334e-05,-0.22499999999999992,-0.015423366666666667
4,-0.1999999999999999,-1.1135066666666668e-05,-0.1999999999999999,-0.015311013333333335
5,-0.17499999999999988,-9.024726666666668e-06,-0.17499999999999988,-0.015199140000000002
6,-0.14999999999999986,-7.222486666666667e-06,-0.14999999999999986,-0.015102913333333334
7,-0.12499999999999983,-6.001424e-06,-0.12499999999999983,-0.015007733333333334
8,-0.09999999999999981,-4.256837333333334e-06,-0.09999999999999981,-0.014930753333333335
9,-0.07499999999999979,-2.7921613333333332e-06,-0.07499999999999979,-0.014847933333333334
10,-0.04999999999999977,-1.5154466666666666e-06,-0.04999999999999977,-0.014767113333333333
11,-0.024999999999999745,-3.027144666666667e-07,-0.024999999999999745,-0.014683333333333335
12,2.7755575615628914e-16,8.071160000000001e-07,2.7755575615628914e-16,-0.014613820000000001
13,0.0250000000000003,2.0857433333333335e-06,0.0250000000000003,-0.014533093333333334
14,0.05000000000000032,3.3771573333333335e-06,0.05000000000000032,-0.01445142
15,0.07500000000000034,4.870674e-06,0.07500000000000034,-0.01436918
16,0.10000000000000037,6.52113e-06,0.10000000000000037,-0.01428636
17,0.1250000000000004,7.456240000000001e-06,0.1250000000000004,-0.014199033333333333
18,0.1500000000000004,9.839433333333333e-06,0.1500000000000004,-0.014105246666666668
19,0.17500000000000043,1.207814e-05,0.17500000000000043,-0.01400782
20,0.20000000000000046,1.4560173333333334e-05,0.20000000000000046,-0.013904060000000001
21,0.22500000000000048,1.7210553333333335e-05,0.22500000000000048,-0.013789706666666669
22,0.2500000000000005,2.040022666666667e-05,0.2500000000000005,-0.013681273333333334
23,0.2750000000000005,2.3775780000000002e-05,0.2750000000000005,-0.013548206666666666
24,0.30000000000000054,2.7457320000000004e-05,0.30000000000000054,-0.013399326666666666
25,0.32500000000000057,3.146494666666667e-05,0.32500000000000057,-0.013253400000000002
26,0.3500000000000006,3.5824440000000005e-05,0.3500000000000006,-0.01308716
27,0.3750000000000006,4.055983333333333e-05,0.3750000000000006,-0.012893546666666667
28,0.40000000000000063,4.5761953333333335e-05,0.40000000000000063,-0.012682266666666667
29,0.42500000000000066,5.1536093333333333e-05,0.42500000000000066,-0.012438333333333334
30,0.4500000000000007,5.808871333333333e-05,0.4500000000000007,-0.01216292
31,0.4750000000000007,6.584774666666667e-05,0.4750000000000007,-0.01184802
32,0.5000000000000007,7.438240000000001e-05,0.5000000000000007,-0.011484166666666667
33,0.5250000000000008,8.81826e-05,0.5250000000000008,-0.011073126666666667
34,0.5500000000000007,0.00010568126666666667,0.5500000000000007,-0.010608626666666668
35,0.5750000000000008,0.0001298926666666667,0.5750000000000008,-0.010090626666666668
36,0.6000000000000008,0.00016371520000000003,0.6000000000000008,-0.009509386666666668
37,0.6250000000000009,0.0002108714666666667,0.6250000000000009,-0.008868846666666668
38,0.6500000000000008,0.00027582066666666667,0.6500000000000008,-0.008193066666666667
39,0.6750000000000009,0.0003632562,0.6750000000000009,-0.007459646666666667
40,0.7000000000000008,0.00047726653333333334,0.7000000000000008,-0.006678006666666667
41,0.7250000000000008,0.0006218322666666667,0.7250000000000008,-0.00614819
42,0.7500000000000009,0.0008446066666666668,0.7500000000000009,-0.0050269320000000004
43,0.775000000000001,0.001047692,0.775000000000001,-0.004098304666666667
44,0.8000000000000009,0.0012913373333333334,0.8000000000000009,-0.00315074
45,0.8250000000000008,0.001574492,0.8250000000000008,-0.0021742733333333336
46,0.850000000000001,0.0019013806666666666,0.850000000000001,-0.0011681586666666666
47,0.8750000000000011,0.002278382,0.8750000000000011,-0.00037795886666666667
48,0.900000000000001,0.0027140420000000003,0.900000000000001,0.0006999726666666667
49,0.9250000000000009,0.0032186086666666667,0.9250000000000009,0.0017062773333333336
50,0.9500000000000011,0.0038039,0.9500000000000011,0.0030097400000000003
51,0.9750000000000012,0.004479480666666666,0.9750000000000012,0.004204437333333333
52,1.000000000000001,0.005252808,1.000000000000001,0.005411901333333334
53,1.025000000000001,0.006127708000000001,1.025000000000001,0.0066450246666666666
54,1.0500000000000012,0.007156953333333333,1.0500000000000012,0.007625273333333333
55,1.0750000000000013,0.0082258,1.0750000000000013,0.009100106666666666
56,1.1000000000000012,0.009395133333333333,1.1000000000000012,0.010500566666666667
57,1.125000000000001,0.010658766666666666,1.125000000000001,0.011930806666666667
58,1.1500000000000012,0.012006453333333333,1.1500000000000012,0.013407
59,1.1750000000000014,0.013432433333333332,1.1750000000000014,0.01493354
60,1.2000000000000013,0.014926706666666668,1.2000000000000013,0.016512293333333334
61,1.2250000000000012,0.016493193333333333,1.2250000000000012,0.018146333333333334
62,1.2500000000000013,0.01811934,1.2500000000000013,0.01983486
63,1.2750000000000015,0.01980648,1.2750000000000015,0.021578853333333335
