,W2_5F_V_D,W2_5F_J_D,W2_5F_V_L,W2_5F_J_L
0,-0.3,-8.02142e-06,-0.3,-0.021546966666666667
1,-0.27499999999999997,-7.443026666666667e-06,-0.27499999999999997,-0.02147752666666667
2,-0.24999999999999994,-6.972493333333333e-06,-0.24999999999999994,-0.021388033333333334
3,-0.22499999999999992,-6.618872666666667e-06,-0.22499999999999992,-0.021275233333333334
4,-0.1999999999999999,-5.836776666666666e-06,-0.1999999999999999,-0.021138999999999998
5,-0.17499999999999988,-5.016085333333334e-06,-0.17499999999999988,-0.02096954666666667
6,-0.14999999999999986,-4.165619333333334e-06,-0.14999999999999986,-0.020780493333333334
7,-0.12499999999999983,-3.335738666666667e-06,-0.12499999999999983,-0.020560113333333335
8,-0.09999999999999981,-2.44685e-06,-0.09999999999999981,-0.020320993333333336
9,-0.07499999999999979,-1.5773313333333335e-06,-0.07499999999999979,-0.02004846
10,-0.04999999999999977,-7.32732e-07,-0.04999999999999977,-0.01974946
11,-0.024999999999999745,3.509113333333333e-08,-0.024999999999999745,-0.01941748
12,2.7755575615628914e-16,6.703026666666667e-07,2.7755575615628914e-16,-0.019076006666666666
13,0.0250000000000003,1.263064e-06,0.0250000000000003,-0.018688720000000002
14,0.05000000000000032,1.729582e-06,0.05000000000000032,-0.018272613333333333
15,0.07500000000000034,2.1303253333333334e-06,0.07500000000000034,-0.017833086666666668
16,0.10000000000000037,2.4794206666666667e-06,0.10000000000000037,-0.0173576
17,0.1250000000000004,2.7816846666666666e-06,0.1250000000000004,-0.016856886666666668
18,0.1500000000000004,3.053242e-06,0.1500000000000004,-0.01631774
19,0.17500000000000043,3.3557433333333336e-06,0.17500000000000043,-0.01574974666666667
20,0.20000000000000046,3.620530666666667e-06,0.20000000000000046,-0.015147466666666666
21,0.22500000000000048,3.924800666666667e-06,0.22500000000000048,-0.014514666666666665
22,0.2500000000000005,4.331644666666667e-06,0.2500000000000005,-0.013857320000000001
23,0.2750000000000005,4.790661333333334e-06,0.2750000000000005,-0.013155446666666668
24,0.30000000000000054,5.4009893333333335e-06,0.30000000000000054,-0.012419059999999999
25,0.32500000000000057,6.2520180000000005e-06,0.32500000000000057,-0.011673039999999999
26,0.3500000000000006,8.03272e-06,0.3500000000000006,-0.0108935
27,0.3750000000000006,1.0118400000000001e-05,0.3750000000000006,-0.010083286666666667
28,0.40000000000000063,1.2994453333333334e-05,0.40000000000000063,-0.009260393333333334
29,0.42500000000000066,1.7221193333333334e-05,0.42500000000000066,-0.008403033333333334
30,0.4500000000000007,2.3505906666666667e-05,0.4500000000000007,-0.00752974
31,0.4750000000000007,3.28375e-05,0.4750000000000007,-0.008149386666666666
32,0.5000000000000007,4.6714940000000005e-05,0.5000000000000007,-0.006709933333333334
33,0.5250000000000008,9.213873333333334e-05,0.5250000000000008,-0.006135332
34,0.5500000000000007,0.00012094120000000001,0.5500000000000007,-0.004738065333333334
35,0.5750000000000008,0.00016610506666666668,0.5750000000000008,-0.003562404
36,0.6000000000000008,0.00023210300000000002,0.6000000000000008,-0.0024222253333333332
37,0.6250000000000009,0.0003262870666666667,0.6250000000000009,-0.001270532
38,0.6500000000000008,0.0004601219333333334,0.6500000000000008,-0.0010133146666666667
39,0.6750000000000009,0.0009002246666666667,0.6750000000000009,0.0002644308
40,0.7000000000000008,0.001139976,0.7000000000000008,0.001489992
41,0.7250000000000008,0.0015067726666666667,0.7250000000000008,0.0031728053333333335
42,0.7500000000000009,0.002007282,0.7500000000000009,0.0048064426666666665
43,0.775000000000001,0.002673407333333333,0.775000000000001,0.0064970566666666665
44,0.8000000000000009,0.0035329353333333337,0.8000000000000009,0.008214566666666668
45,0.8250000000000008,0.004625305333333334,0.8250000000000008,0.010179013333333334
46,0.850000000000001,0.005959275333333333,0.850000000000001,0.01220358
47,0.8750000000000011,0.009162100000000001,0.8750000000000011,0.01433502
48,0.900000000000001,0.010768540000000002,0.900000000000001,0.016579180000000002
49,0.9250000000000009,0.012788133333333333,0.9250000000000009,0.018941893333333334
50,0.9500000000000011,0.015095893333333334,0.9500000000000011,0.021417986666666666
51,0.9750000000000012,0.017633193333333335,0.9750000000000012,0.024005453333333333
52,1.000000000000001,0.02037406,1.000000000000001,0.02669900666666667
53,1.025000000000001,0.02326344,1.025000000000001,0.029488693333333336
54,1.0500000000000012,0.02632784666666667,1.0500000000000012,0.03236683333333333
55,1.0750000000000013,0.02950882,1.0750000000000013,0.035341580000000004
56,1.1000000000000012,0.03278348,1.1000000000000012,0.038384060000000005
57,1.125000000000001,0.036109100000000005,1.125000000000001,0.04151308
58,1.1500000000000012,0.03955091333333333,1.1500000000000012,0.04468660666666667
59,1.1750000000000014,0.04302764666666667,1.1750000000000014,0.047939180000000005
60,1.2000000000000013,0.046556766666666666,1.2000000000000013,0.051237920000000006
61,1.2250000000000012,0.0501168,1.2250000000000012,0.054593539999999996
62,1.2500000000000013,0.053709933333333335,1.2500000000000013,0.05798120666666667
63,1.2750000000000015,0.05733851333333334,1.2750000000000015,0.06141419333333333
