,W3_2F_V_D,W3_2F_J_D,W3_2F_V_L,W3_2F_J_L
0,-0.3,-1.2207826666666668e-06,-0.3,-0.025215793333333333
1,-0.27499999999999997,-5.11425e-07,-0.27499999999999997,-0.02518382666666667
2,-0.24999999999999994,-2.1178673333333335e-07,-0.24999999999999994,-0.02514342666666667
3,-0.22499999999999992,-1.7084406666666668e-08,-0.22499999999999992,-0.025083133333333334
4,-0.1999999999999999,8.366766666666666e-08,-0.1999999999999999,-0.025013013333333334
5,-0.17499999999999988,2.350734e-07,-0.17499999999999988,-0.02492318
6,-0.14999999999999986,3.295793333333334e-07,-0.14999999999999986,-0.02481668
7,-0.12499999999999983,4.076756666666667e-07,-0.12499999999999983,-0.024693533333333333
8,-0.09999999999999981,4.771137333333334e-07,-0.09999999999999981,-0.02454890666666667
9,-0.07499999999999979,5.379839333333333e-07,-0.07499999999999979,-0.02438484
10,-0.04999999999999977,5.914918e-07,-0.04999999999999977,-0.024200526666666666
11,-0.024999999999999745,6.421646666666666e-07,-0.024999999999999745,-0.023996373333333335
12,2.7755575615628914e-16,6.802406666666667e-07,2.7755575615628914e-16,-0.023776226666666667
13,0.0250000000000003,7.30926e-07,0.0250000000000003,-0.023516013333333332
14,0.05000000000000032,7.74054e-07,0.05000000000000032,-0.02324448
15,0.07500000000000034,8.146233333333333e-07,0.07500000000000034,-0.022943766666666667
16,0.10000000000000037,8.540293333333333e-07,0.10000000000000037,-0.02260808666666667
17,0.1250000000000004,8.950613333333333e-07,0.1250000000000004,-0.02226964
18,0.1500000000000004,9.353793333333334e-07,0.1500000000000004,-0.021899146666666668
19,0.17500000000000043,9.627400000000002e-07,0.17500000000000043,-0.021508526666666666
20,0.20000000000000046,1.0164420000000002e-06,0.20000000000000046,-0.021091226666666667
21,0.22500000000000048,1.0437246666666666e-06,0.22500000000000048,-0.020609620000000002
22,0.2500000000000005,1.101216e-06,0.2500000000000005,-0.020119420000000002
23,0.2750000000000005,1.1512153333333332e-06,0.2750000000000005,-0.019584113333333333
24,0.30000000000000054,1.200824e-06,0.30000000000000054,-0.019011993333333334
25,0.32500000000000057,1.2551926666666667e-06,0.32500000000000057,-0.018397113333333336
26,0.3500000000000006,1.3142713333333335e-06,0.3500000000000006,-0.01773672
27,0.3750000000000006,1.3842406666666668e-06,0.3750000000000006,-0.01703516
28,0.40000000000000063,1.461384e-06,0.40000000000000063,-0.01627784666666667
29,0.42500000000000066,1.5523366666666668e-06,0.42500000000000066,-0.015460573333333335
30,0.4500000000000007,1.6648153333333335e-06,0.4500000000000007,-0.014642033333333334
31,0.4750000000000007,1.8086586666666667e-06,0.4750000000000007,-0.013762273333333333
32,0.5000000000000007,1.9879566666666666e-06,0.5000000000000007,-0.012846906666666668
33,0.5250000000000008,2.218302e-06,0.5250000000000008,-0.011902153333333334
34,0.5500000000000007,2.5143193333333337e-06,0.5500000000000007,-0.0109085
35,0.5750000000000008,2.915602666666667e-06,0.5750000000000008,-0.009892206666666667
36,0.6000000000000008,3.4572173333333335e-06,0.6000000000000008,-0.00886696
37,0.6250000000000009,4.186982666666667e-06,0.6250000000000009,-0.007821453333333334
38,0.6500000000000008,5.197962e-06,0.6500000000000008,-0.006774973333333333
39,0.6750000000000009,6.618591333333333e-06,0.6750000000000009,-0.006732906666666667
40,0.7000000000000008,8.88752e-06,0.7000000000000008,-0.005151144000000001
41,0.7250000000000008,1.20681e-05,0.7250000000000008,-0.003973463333333333
42,0.7500000000000009,1.6543726666666666e-05,0.7500000000000009,-0.0028881173333333335
43,0.775000000000001,2.3223693333333333e-05,0.775000000000001,-0.0018581193333333332
44,0.8000000000000009,3.3321706666666666e-05,0.8000000000000009,-0.0008463466666666667
45,0.8250000000000008,4.866386e-05,0.8250000000000008,-0.0004508243333333334
46,0.850000000000001,7.71994e-05,0.850000000000001,0.0006999666666666666
47,0.8750000000000011,0.00011101333333333334,0.8750000000000011,0.0013352406666666667
48,0.900000000000001,0.00016277573333333333,0.900000000000001,0.0027813693333333333
49,0.9250000000000009,0.00023675960000000003,0.9250000000000009,0.004077377333333333
50,0.9500000000000011,0.0003390530666666667,0.9500000000000011,0.005413230000000001
51,0.9750000000000012,0.0004748299333333334,0.9750000000000012,0.006819446666666666
52,1.000000000000001,0.0006492646000000001,1.000000000000001,0.00774982
53,1.025000000000001,0.000943336,1.025000000000001,0.009509686666666668
54,1.0500000000000012,0.0012077086666666666,1.0500000000000012,0.011218266666666667
55,1.0750000000000013,0.00152972,1.0750000000000013,0.012982826666666666
56,1.1000000000000012,0.0019017486666666667,1.1000000000000012,0.01477486
57,1.125000000000001,0.002322328666666667,1.125000000000001,0.0166186
58,1.1500000000000012,0.002792258,1.1500000000000012,0.018490473333333333
59,1.1750000000000014,0.0033120460000000003,1.1750000000000014,0.02037744
60,1.2000000000000013,0.003886826,1.2000000000000013,0.022280066666666667
61,1.2250000000000012,0.004510462666666667,1.2250000000000012,0.024174926666666666
62,1.2500000000000013,0.005191098666666667,1.2500000000000013,0.026060966666666668
63,1.2750000000000015,0.005934458,1.2750000000000015,0.02793284
