,W3_2F_V_D,W3_2F_J_D,W3_2F_V_L,W3_2F_J_L
0,-0.3,-1.0094666666666666e-06,-0.3,-0.025206453333333333
1,-0.27499999999999997,-3.7358253333333337e-07,-0.27499999999999997,-0.02514258
2,-0.24999999999999994,-1.1977453333333335e-07,-0.24999999999999994,-0.025064680000000002
3,-0.22499999999999992,3.68945e-08,-0.22499999999999992,-0.024968766666666666
4,-0.1999999999999999,9.68356e-08,-0.1999999999999999,-0.02485934
5,-0.17499999999999988,2.4286893333333335e-07,-0.17499999999999988,-0.024728560000000004
6,-0.14999999999999986,3.210483333333333e-07,-0.14999999999999986,-0.024585593333333336
7,-0.12499999999999983,3.861014e-07,-0.12499999999999983,-0.024423946666666665
8,-0.09999999999999981,4.409640666666667e-07,-0.09999999999999981,-0.02423616
9,-0.07499999999999979,4.544314666666667e-07,-0.07499999999999979,-0.024046493333333335
10,-0.04999999999999977,5.333343333333334e-07,-0.04999999999999977,-0.023825826666666668
11,-0.024999999999999745,5.755526666666667e-07,-0.024999999999999745,-0.02358942666666667
12,2.7755575615628914e-16,5.751315333333333e-07,2.7755575615628914e-16,-0.02332092666666667
13,0.0250000000000003,6.475386666666667e-07,0.0250000000000003,-0.0230414
14,0.05000000000000032,6.853280000000001e-07,0.05000000000000032,-0.022737280000000002
15,0.07500000000000034,7.204366666666666e-07,0.07500000000000034,-0.022403006666666666
16,0.10000000000000037,7.540533333333333e-07,0.10000000000000037,-0.0220486
17,0.1250000000000004,7.908166666666667e-07,0.1250000000000004,-0.021666386666666666
18,0.1500000000000004,8.269873333333333e-07,0.1500000000000004,-0.02126276666666667
19,0.17500000000000043,8.632640000000001e-07,0.17500000000000043,-0.020820273333333333
20,0.20000000000000046,9.019713333333333e-07,0.20000000000000046,-0.020356453333333337
21,0.22500000000000048,9.251206666666668e-07,0.22500000000000048,-0.019855300000000003
22,0.2500000000000005,9.806266666666667e-07,0.2500000000000005,-0.019344173333333336
23,0.2750000000000005,1.0263126666666668e-06,0.2750000000000005,-0.018784793333333334
24,0.30000000000000054,1.0709733333333334e-06,0.30000000000000054,-0.018181493333333333
25,0.32500000000000057,1.1248306666666667e-06,0.32500000000000057,-0.017515366666666667
26,0.3500000000000006,1.179714e-06,0.3500000000000006,-0.01685802
27,0.3750000000000006,1.2432466666666667e-06,0.3750000000000006,-0.016141713333333335
28,0.40000000000000063,1.2764853333333333e-06,0.40000000000000063,-0.015379126666666668
29,0.42500000000000066,1.3967299999999999e-06,0.42500000000000066,-0.014578013333333334
30,0.4500000000000007,1.5014393333333335e-06,0.4500000000000007,-0.013741573333333335
31,0.4750000000000007,1.6316053333333335e-06,0.4750000000000007,-0.012869126666666666
32,0.5000000000000007,1.794898e-06,0.5000000000000007,-0.011973313333333332
33,0.5250000000000008,2.008144666666667e-06,0.5250000000000008,-0.011038706666666667
34,0.5500000000000007,2.2863793333333334e-06,0.5500000000000007,-0.010082153333333335
35,0.5750000000000008,2.690650666666667e-06,0.5750000000000008,-0.00910672
36,0.6000000000000008,3.1817320000000004e-06,0.6000000000000008,-0.008125293333333334
37,0.6250000000000009,3.896128000000001e-06,0.6250000000000009,-0.007148206666666668
38,0.6500000000000008,4.899768e-06,0.6500000000000008,-0.00782122
39,0.6750000000000009,6.3418226666666664e-06,0.6750000000000009,-0.006744153333333333
40,0.7000000000000008,8.130153333333333e-06,0.7000000000000008,-0.005031460666666667
41,0.7250000000000008,1.1609973333333335e-05,0.7250000000000008,-0.003834696666666667
42,0.7500000000000009,1.6416566666666668e-05,0.7500000000000009,-0.0027828793333333334
43,0.775000000000001,2.373284666666667e-05,0.775000000000001,-0.001796354666666667
44,0.8000000000000009,3.500784666666667e-05,0.8000000000000009,-0.000841568
45,0.8250000000000008,5.2291686666666674e-05,0.8250000000000008,-0.0004395332
46,0.850000000000001,7.719346666666667e-05,0.850000000000001,0.0006999673333333334
47,0.8750000000000011,0.00011755026666666668,0.8750000000000011,0.0012923593333333335
48,0.900000000000001,0.00017576713333333335,0.900000000000001,0.0026638020000000003
49,0.9250000000000009,0.0002575602,0.9250000000000009,0.003920622
50,0.9500000000000011,0.000368423,0.9500000000000011,0.005222930666666667
51,0.9750000000000012,0.0005136775333333334,0.9750000000000012,0.006627626
52,1.000000000000001,0.0007261133333333334,1.000000000000001,0.0076149
53,1.025000000000001,0.0009651560000000001,1.025000000000001,0.009405993333333333
54,1.0500000000000012,0.00124705,1.0500000000000012,0.011153213333333334
55,1.0750000000000013,0.0015730513333333334,1.0750000000000013,0.012964286666666667
56,1.1000000000000012,0.0019414246666666667,1.1000000000000012,0.01483016
57,1.125000000000001,0.0023526006666666666,1.125000000000001,0.01675536
58,1.1500000000000012,0.002801832,1.1500000000000012,0.01871518
59,1.1750000000000014,0.0032876806666666666,1.1750000000000014,0.020694160000000003
60,1.2000000000000013,0.003803893333333333,1.2000000000000013,0.022680406666666666
61,1.2250000000000012,0.004359502666666667,1.2250000000000012,0.024661453333333336
62,1.2500000000000013,0.0049452893333333334,1.2500000000000013,0.026623733333333337
63,1.2750000000000015,0.0055662640000000005,1.2750000000000015,0.028556286666666666
