,W3_2F_V_D,W3_2F_J_D,W3_2F_V_L,W3_2F_J_L
0,-0.3,-8.934406666666666e-07,-0.3,-0.025057440000000004
1,-0.27499999999999997,-2.9927553333333336e-07,-0.27499999999999997,-0.024813346666666666
2,-0.24999999999999994,-7.904306666666667e-08,-0.24999999999999994,-0.02457818
3,-0.22499999999999992,6.448243333333333e-08,-0.22499999999999992,-0.024335466666666666
4,-0.1999999999999999,1.1446006666666667e-07,-0.1999999999999999,-0.02410932666666667
5,-0.17499999999999988,2.5107620000000003e-07,-0.17499999999999988,-0.023846886666666667
6,-0.14999999999999986,3.2124286666666666e-07,-0.14999999999999986,-0.02357625333333333
7,-0.12499999999999983,3.799364e-07,-0.12499999999999983,-0.023300460000000002
8,-0.09999999999999981,4.3066026666666663e-07,-0.09999999999999981,-0.023002146666666667
9,-0.07499999999999979,4.7471320000000006e-07,-0.07499999999999979,-0.0226841
10,-0.04999999999999977,5.152116e-07,-0.04999999999999977,-0.02235624
11,-0.024999999999999745,5.519523333333334e-07,-0.024999999999999745,-0.021991553333333334
12,2.7755575615628914e-16,5.405042e-07,2.7755575615628914e-16,-0.02162736666666667
13,0.0250000000000003,6.155572666666668e-07,0.0250000000000003,-0.021202453333333333
14,0.05000000000000032,6.478361333333334e-07,0.05000000000000032,-0.020772746666666668
15,0.07500000000000034,6.788073333333334e-07,0.07500000000000034,-0.020309733333333333
16,0.10000000000000037,7.09844e-07,0.10000000000000037,-0.01980196
17,0.1250000000000004,7.411666666666667e-07,0.1250000000000004,-0.0193102
18,0.1500000000000004,7.733733333333333e-07,0.1500000000000004,-0.018783126666666667
19,0.17500000000000043,8.077486666666668e-07,0.17500000000000043,-0.018210113333333337
20,0.20000000000000046,8.440540000000001e-07,0.20000000000000046,-0.017591813333333334
21,0.22500000000000048,8.632493333333334e-07,0.22500000000000048,-0.016986393333333332
22,0.2500000000000005,9.205813333333334e-07,0.2500000000000005,-0.016360546666666666
23,0.2750000000000005,9.670766666666667e-07,0.2750000000000005,-0.015687153333333332
24,0.30000000000000054,9.846086666666668e-07,0.30000000000000054,-0.015001573333333334
25,0.32500000000000057,1.065658e-06,0.32500000000000057,-0.014305006666666667
26,0.3500000000000006,1.124372e-06,0.3500000000000006,-0.013567086666666669
27,0.3750000000000006,1.18765e-06,0.3750000000000006,-0.01282612
28,0.40000000000000063,1.2621780000000002e-06,0.40000000000000063,-0.01207498
29,0.42500000000000066,1.3493946666666667e-06,0.42500000000000066,-0.011273706666666668
30,0.4500000000000007,1.4554946666666668e-06,0.4500000000000007,-0.010523026666666668
31,0.4750000000000007,1.5941093333333335e-06,0.4750000000000007,-0.009744246666666668
32,0.5000000000000007,1.7756873333333336e-06,0.5000000000000007,-0.008956633333333335
33,0.5250000000000008,2.0276280000000002e-06,0.5250000000000008,-0.008195733333333335
34,0.5500000000000007,2.38387e-06,0.5500000000000007,-0.007416733333333333
35,0.5750000000000008,2.9008313333333336e-06,0.5750000000000008,-0.00826148
36,0.6000000000000008,3.658219333333333e-06,0.6000000000000008,-0.0076973933333333334
37,0.6250000000000009,4.790912666666667e-06,0.6250000000000009,-0.006812200000000001
38,0.6500000000000008,6.495286e-06,0.6500000000000008,-0.005225545333333333
39,0.6750000000000009,8.248286666666667e-06,0.6750000000000009,-0.004305137333333334
40,0.7000000000000008,1.264598e-05,0.7000000000000008,-0.0035139080000000005
41,0.7250000000000008,1.8543833333333334e-05,0.7250000000000008,-0.0027693893333333333
42,0.7500000000000009,2.737537333333333e-05,0.7500000000000009,-0.0020940393333333334
43,0.775000000000001,4.065111333333333e-05,0.775000000000001,-0.001419072
44,0.8000000000000009,6.058814e-05,0.8000000000000009,-0.000739102
45,0.8250000000000008,8.284366666666667e-05,0.8250000000000008,-0.0007797693333333334
46,0.850000000000001,0.00013015513333333335,0.850000000000001,-0.00029609646666666666
47,0.8750000000000011,0.0001937622,0.8750000000000011,0.000699966
48,0.900000000000001,0.0002826348,0.900000000000001,0.00152425
49,0.9250000000000009,0.00040408386666666667,0.9250000000000009,0.0028024073333333334
50,0.9500000000000011,0.0005663582,0.9500000000000011,0.0040461333333333335
51,0.9750000000000012,0.0007748713333333334,0.9750000000000012,0.005413598
52,1.000000000000001,0.0010659406666666668,1.000000000000001,0.006939646666666667
53,1.025000000000001,0.0014042526666666667,1.025000000000001,0.008330460000000001
54,1.0500000000000012,0.0018073213333333336,1.0500000000000012,0.01032188
55,1.0750000000000013,0.0022764966666666666,1.0750000000000013,0.012349086666666668
56,1.1000000000000012,0.0028082660000000002,1.1000000000000012,0.01447984
57,1.125000000000001,0.0034006153333333332,1.125000000000001,0.016720993333333333
58,1.1500000000000012,0.004045792666666667,1.1500000000000012,0.019051380000000003
59,1.1750000000000014,0.004736926666666667,1.1750000000000014,0.021442406666666667
60,1.2000000000000013,0.005466114,1.2000000000000013,0.02388866666666667
61,1.2250000000000012,0.0062272126666666665,1.2250000000000012,0.026352680000000003
62,1.2500000000000013,0.007380533333333334,1.2500000000000013,0.028831640000000002
63,1.2750000000000015,0.008103906666666667,1.2750000000000015,0.03130572666666667
