,W3_2R_V_D,W3_2R_J_D,W3_2R_V_L,W3_2R_J_L
0,1.3,0.012036826666666667,1.3,0.031659273333333335
1,1.2750000000000001,0.011440780000000001,1.2750000000000001,0.029371853333333333
2,1.2500000000000002,0.01053292,1.2500000000000002,0.02699122
3,1.2250000000000003,0.00949946,1.2250000000000003,0.02452868
4,1.2000000000000004,0.008408586666666667,1.2000000000000004,0.022020946666666666
5,1.1750000000000005,0.007298173333333334,1.1750000000000005,0.019490346666666665
6,1.1500000000000006,0.006182798666666667,1.1500000000000006,0.016967000000000003
7,1.1250000000000007,0.005136304,1.1250000000000007,0.01447756
8,1.1000000000000008,0.004143344666666667,1.1000000000000008,0.01206014
9,1.0750000000000008,0.0032306393333333336,1.0750000000000008,0.009730653333333334
10,1.050000000000001,0.0024261953333333335,1.050000000000001,0.007517226666666667
11,1.025000000000001,0.0017482846666666669,1.025000000000001,0.005594132
12,1.000000000000001,0.0012065546666666666,1.000000000000001,0.003530929333333333
13,0.9750000000000012,0.000800648,0.9750000000000012,0.0017276120000000001
14,0.9500000000000013,0.0005310475333333333,0.9500000000000013,0.0005229982000000001
15,0.9250000000000014,0.00032693873333333333,0.9250000000000014,-0.0009774926666666667
16,0.9000000000000015,0.00020677933333333333,0.9000000000000015,-0.002750896666666667
17,0.8750000000000016,0.00013288933333333334,0.8750000000000016,-0.004329143333333334
18,0.8500000000000016,8.733246666666666e-05,0.8500000000000016,-0.005835910666666667
19,0.8250000000000017,6.074468666666666e-05,0.8250000000000017,-0.0069987
20,0.8000000000000018,4.0605206666666665e-05,0.8000000000000018,-0.008041606666666668
21,0.7750000000000019,2.871988e-05,0.7750000000000019,-0.00976626
22,0.750000000000002,2.0914520000000002e-05,0.750000000000002,-0.011254426666666668
23,0.7250000000000021,1.5656293333333335e-05,0.7250000000000021,-0.012630946666666667
24,0.7000000000000022,1.20208e-05,0.7000000000000022,-0.013907099999999999
25,0.6750000000000023,9.402593333333334e-06,0.6750000000000023,-0.015046273333333336
26,0.6500000000000024,7.450946666666667e-06,0.6500000000000024,-0.016079606666666666
27,0.6250000000000024,6.628223333333333e-06,0.6250000000000024,-0.016990373333333333
28,0.6000000000000025,4.887857333333333e-06,0.6000000000000025,-0.017828746666666666
29,0.5750000000000026,3.805220666666667e-06,0.5750000000000026,-0.018516420000000002
30,0.5500000000000027,2.924614666666667e-06,0.5500000000000027,-0.019123953333333336
31,0.5250000000000028,2.1853586666666667e-06,0.5250000000000028,-0.019657133333333337
32,0.5000000000000029,1.5542646666666668e-06,0.5000000000000029,-0.020133960000000003
33,0.475000000000003,1.0175146666666666e-06,0.475000000000003,-0.020551473333333334
34,0.45000000000000306,5.631262e-07,0.45000000000000306,-0.020915073333333336
35,0.42500000000000315,1.9563213333333335e-07,0.42500000000000315,-0.02124102666666667
36,0.40000000000000324,-1.2660433333333333e-07,0.40000000000000324,-0.02153926
37,0.37500000000000333,-3.8149440000000004e-07,0.37500000000000333,-0.021810506666666667
38,0.3500000000000034,-5.831696666666667e-07,0.3500000000000034,-0.0220552
39,0.3250000000000035,-7.40326e-07,0.3250000000000035,-0.022279253333333332
40,0.3000000000000036,-8.602933333333334e-07,0.3000000000000036,-0.022488166666666667
41,0.2750000000000037,-9.528646666666667e-07,0.2750000000000037,-0.02270036
42,0.2500000000000038,-1.0212986666666667e-06,0.2500000000000038,-0.02286748666666667
43,0.22500000000000386,-1.0105266666666669e-06,0.22500000000000386,-0.02299614666666667
44,0.20000000000000395,-1.100462e-06,0.20000000000000395,-0.02318382
45,0.17500000000000404,-1.1290893333333334e-06,0.17500000000000404,-0.023328946666666666
46,0.15000000000000413,-1.1485459999999999e-06,0.15000000000000413,-0.023465413333333334
47,0.12500000000000422,-1.161238e-06,0.12500000000000422,-0.02359174
48,0.10000000000000431,-1.1721893333333334e-06,0.10000000000000431,-0.02370298666666667
49,0.0750000000000044,-1.1795893333333334e-06,0.0750000000000044,-0.0238119
50,0.050000000000004485,-1.1849333333333335e-06,0.050000000000004485,-0.023917253333333336
51,0.025000000000004574,-1.190316e-06,0.025000000000004574,-0.024009786666666668
52,4.6629367034256575e-15,-1.182918e-06,4.6629367034256575e-15,-0.024095933333333333
53,-0.024999999999995248,-1.1962126666666667e-06,-0.024999999999995248,-0.02417942666666667
54,-0.04999999999999516,-1.2003333333333334e-06,-0.04999999999999516,-0.024262733333333335
55,-0.07499999999999507,-1.205918e-06,-0.07499999999999507,-0.024321653333333335
56,-0.09999999999999498,-1.210644e-06,-0.09999999999999498,-0.024387746666666668
57,-0.12499999999999489,-1.2156853333333334e-06,-0.12499999999999489,-0.02444550666666667
58,-0.1499999999999948,-1.2229493333333334e-06,-0.1499999999999948,-0.024511946666666666
59,-0.17499999999999472,-1.2302146666666667e-06,-0.17499999999999472,-0.02455878
60,-0.19999999999999463,-1.2217273333333333e-06,-0.19999999999999463,-0.02459978666666667
61,-0.22499999999999454,-1.2464246666666668e-06,-0.22499999999999454,-0.0246507
62,-0.24999999999999445,-1.2569253333333334e-06,-0.24999999999999445,-0.024693146666666665
63,-0.27499999999999436,-1.2702193333333334e-06,-0.27499999999999436,-0.024733460000000002
