,W3_2R_V_D,W3_2R_J_D,W3_2R_V_L,W3_2R_J_L
0,1.3,0.011240233333333334,1.3,0.030988386666666666
1,1.2750000000000001,0.010715693333333335,1.2750000000000001,0.028799233333333334
2,1.2500000000000002,0.0098923,1.2500000000000002,0.02650384
3,1.2250000000000003,0.008938540000000002,1.2250000000000003,0.024117693333333336
4,1.2000000000000004,0.007922426666666666,1.2000000000000004,0.02167342666666667
5,1.1750000000000005,0.0068795,1.1750000000000005,0.01920132
6,1.1500000000000006,0.0058234386666666665,1.1500000000000006,0.016724073333333336
7,1.1250000000000007,0.004829338,1.1250000000000007,0.014276980000000002
8,1.1000000000000008,0.0038808453333333335,1.1000000000000008,0.01188636
9,1.0750000000000008,0.0030077886666666667,1.0750000000000008,0.00958766
10,1.050000000000001,0.002239824,1.050000000000001,0.00739544
11,1.025000000000001,0.0015996580000000001,1.025000000000001,0.0054870913333333335
12,1.000000000000001,0.00109424,1.000000000000001,0.0034234266666666666
13,0.9750000000000012,0.0007221486666666667,0.9750000000000012,0.00161183
14,0.9500000000000013,0.0004760155333333334,0.9500000000000013,0.00025025266666666666
15,0.9250000000000014,0.0002970335333333333,0.9250000000000014,-0.0011711206666666669
16,0.9000000000000015,0.00019099226666666666,0.9000000000000015,-0.0029770333333333336
17,0.8750000000000016,0.00012526773333333333,0.8750000000000016,-0.004588504
18,0.8500000000000016,8.368413333333334e-05,0.8500000000000016,-0.006161472
19,0.8250000000000017,5.807552666666667e-05,0.8250000000000017,-0.0068928800000000005
20,0.8000000000000018,3.9477800000000003e-05,0.8000000000000018,-0.008722220000000001
21,0.7750000000000019,2.793060666666667e-05,0.7750000000000019,-0.010314006666666667
22,0.750000000000002,2.0210233333333335e-05,0.750000000000002,-0.011793833333333333
23,0.7250000000000021,1.4960913333333335e-05,0.7250000000000021,-0.013168826666666668
24,0.7000000000000022,1.1339413333333334e-05,0.7000000000000022,-0.014448333333333334
25,0.6750000000000023,8.753826666666668e-06,0.6750000000000023,-0.01563946
26,0.6500000000000024,6.847426666666667e-06,0.6500000000000024,-0.01668194
27,0.6250000000000024,6.10449e-06,0.6250000000000024,-0.01761196666666667
28,0.6000000000000025,4.430772666666667e-06,0.6000000000000025,-0.01842122666666667
29,0.5750000000000026,3.410437333333334e-06,0.5750000000000026,-0.019118686666666666
30,0.5500000000000027,2.593961333333333e-06,0.5500000000000027,-0.019741793333333334
31,0.5250000000000028,1.944646e-06,0.5250000000000028,-0.020269453333333333
32,0.5000000000000029,1.333236e-06,0.5000000000000029,-0.020726126666666667
33,0.475000000000003,8.375013333333334e-07,0.475000000000003,-0.02110374
34,0.45000000000000306,4.182666e-07,0.45000000000000306,-0.021450653333333333
35,0.42500000000000315,7.142926666666666e-08,0.42500000000000315,-0.021752060000000004
36,0.40000000000000324,-2.170618e-07,0.40000000000000324,-0.022010826666666667
37,0.37500000000000333,-4.595853333333333e-07,0.37500000000000333,-0.02225332
38,0.3500000000000034,-6.425684e-07,0.3500000000000034,-0.02248878666666667
39,0.3250000000000035,-7.91124e-07,0.3250000000000035,-0.022670653333333332
40,0.3000000000000036,-9.033340000000001e-07,0.3000000000000036,-0.022846513333333332
41,0.2750000000000037,-9.897953333333335e-07,0.2750000000000037,-0.023019706666666667
42,0.2500000000000038,-1.052766e-06,0.2500000000000038,-0.023188953333333335
43,0.22500000000000386,-1.0376613333333334e-06,0.22500000000000386,-0.023288133333333336
44,0.20000000000000395,-1.1248386666666667e-06,0.20000000000000395,-0.02344363333333333
45,0.17500000000000404,-1.149672e-06,0.17500000000000404,-0.023569113333333336
46,0.15000000000000413,-1.1675573333333333e-06,0.15000000000000413,-0.023689493333333332
47,0.12500000000000422,-1.1791566666666668e-06,0.12500000000000422,-0.023799293333333336
48,0.10000000000000431,-1.18678e-06,0.10000000000000431,-0.023898533333333336
49,0.0750000000000044,-1.1929973333333333e-06,0.0750000000000044,-0.023995333333333334
50,0.050000000000004485,-1.1974226666666668e-06,0.050000000000004485,-0.024081993333333333
51,0.025000000000004574,-1.1998553333333333e-06,0.025000000000004574,-0.02417294
52,4.6629367034256575e-15,-1.1927946666666668e-06,4.6629367034256575e-15,-0.02424082
53,-0.024999999999995248,-1.2034633333333334e-06,-0.024999999999995248,-0.024310306666666667
54,-0.04999999999999516,-1.206708e-06,-0.04999999999999516,-0.024373993333333333
55,-0.07499999999999507,-1.2104426666666667e-06,-0.07499999999999507,-0.024445146666666667
56,-0.09999999999999498,-1.2145146666666666e-06,-0.09999999999999498,-0.024496080000000003
57,-0.12499999999999489,-1.2173773333333333e-06,-0.12499999999999489,-0.024546033333333335
58,-0.1499999999999948,-1.2242606666666667e-06,-0.1499999999999948,-0.02459912666666667
59,-0.17499999999999472,-1.216276e-06,-0.17499999999999472,-0.024643806666666667
60,-0.19999999999999463,-1.2203546666666667e-06,-0.19999999999999463,-0.024681173333333334
61,-0.22499999999999454,-1.2429166666666667e-06,-0.22499999999999454,-0.02472624
62,-0.24999999999999445,-1.2520773333333334e-06,-0.24999999999999445,-0.02476260666666667
63,-0.27499999999999436,-1.2661086666666667e-06,-0.27499999999999436,-0.024800613333333332
