,W3_2R_V_D,W3_2R_J_D,W3_2R_V_L,W3_2R_J_L
0,1.3,0.00978548,1.3,0.028347493333333338
1,1.2750000000000001,0.009540600000000002,1.2750000000000001,0.026608366666666668
2,1.2500000000000002,0.008936060000000001,1.2500000000000002,0.024651600000000003
3,1.2250000000000003,0.00816886,1.2250000000000003,0.022541493333333332
4,1.2000000000000004,0.007295680000000001,1.2000000000000004,0.020323960000000002
5,1.1750000000000005,0.006334206,1.1750000000000005,0.018037033333333334
6,1.1500000000000006,0.005440352,1.1500000000000006,0.01571866666666667
7,1.1250000000000007,0.004506447333333333,1.1250000000000007,0.013397273333333333
8,1.1000000000000008,0.003622363333333333,1.1000000000000008,0.01111484
9,1.0750000000000008,0.002824712,1.0750000000000008,0.008886593333333333
10,1.050000000000001,0.0021422486666666666,1.050000000000001,0.006731793333333334
11,1.025000000000001,0.0015919706666666666,1.025000000000001,0.0048243900000000004
12,1.000000000000001,0.001167424,1.000000000000001,0.002704536
13,0.9750000000000012,0.0008511593333333334,0.9750000000000012,0.000771368
14,0.9500000000000013,0.0005839244,0.9500000000000013,-0.001079136
15,0.9250000000000014,0.00043115800000000006,0.9250000000000014,-0.002890478666666667
16,0.9000000000000015,0.00030860526666666666,0.9000000000000015,-0.004666236666666667
17,0.8750000000000016,0.0002169588,0.8750000000000016,-0.0064254180000000004
18,0.8500000000000016,0.0001503226,0.8500000000000016,-0.007444553333333334
19,0.8250000000000017,0.00010330886666666668,0.8250000000000017,-0.009454293333333334
20,0.8000000000000018,7.081186666666668e-05,0.8000000000000018,-0.01123316
21,0.7750000000000019,4.9508906666666666e-05,0.7750000000000019,-0.012885073333333334
22,0.750000000000002,3.358154e-05,0.750000000000002,-0.014428980000000001
23,0.7250000000000021,2.294266e-05,0.7250000000000021,-0.015858900000000002
24,0.7000000000000022,1.5636466666666665e-05,0.7000000000000022,-0.017153453333333332
25,0.6750000000000023,1.0573706666666668e-05,0.6750000000000023,-0.0183321
26,0.6500000000000024,6.9705533333333335e-06,0.6500000000000024,-0.01938574
27,0.6250000000000024,5.472972e-06,0.6250000000000024,-0.02028018666666667
28,0.6000000000000025,3.1357526666666667e-06,0.6000000000000025,-0.021055493333333335
29,0.5750000000000026,1.7948566666666667e-06,0.5750000000000026,-0.021711833333333333
30,0.5500000000000027,8.960686666666667e-07,0.5500000000000027,-0.022276073333333334
31,0.5250000000000028,2.5308693333333334e-07,0.5250000000000028,-0.022722013333333336
32,0.5000000000000029,-2.2050153333333332e-07,0.5000000000000029,-0.023096306666666667
33,0.475000000000003,-5.843288666666667e-07,0.475000000000003,-0.023399353333333334
34,0.45000000000000306,-8.675446666666666e-07,0.45000000000000306,-0.023648746666666668
35,0.42500000000000315,-1.0911566666666668e-06,0.42500000000000315,-0.0238516
36,0.40000000000000324,-1.2694786666666668e-06,0.40000000000000324,-0.02401752
37,0.37500000000000333,-1.40463e-06,0.37500000000000333,-0.024149653333333333
38,0.3500000000000034,-1.5103353333333334e-06,0.3500000000000034,-0.02426036
39,0.3250000000000035,-1.5699499999999999e-06,0.3250000000000035,-0.02435774
40,0.3000000000000036,-1.6359073333333334e-06,0.3000000000000036,-0.024428806666666667
41,0.2750000000000037,-1.6737853333333333e-06,0.2750000000000037,-0.024490180000000004
42,0.2500000000000038,-1.6967506666666666e-06,0.2500000000000038,-0.024545873333333336
43,0.22500000000000386,-1.6472400000000001e-06,0.22500000000000386,-0.024570906666666666
44,0.20000000000000395,-1.7009266666666669e-06,0.20000000000000395,-0.024630053333333336
45,0.17500000000000404,-1.7028586666666666e-06,0.17500000000000404,-0.024663373333333335
46,0.15000000000000413,-1.6986193333333334e-06,0.15000000000000413,-0.02470118
47,0.12500000000000422,-1.6922366666666667e-06,0.12500000000000422,-0.024729320000000003
48,0.10000000000000431,-1.6835646666666668e-06,0.10000000000000431,-0.02475960666666667
49,0.0750000000000044,-1.6732766666666666e-06,0.0750000000000044,-0.024788006666666668
50,0.050000000000004485,-1.6637213333333333e-06,0.050000000000004485,-0.024811640000000003
51,0.025000000000004574,-1.6536453333333332e-06,0.025000000000004574,-0.024837106666666667
52,4.6629367034256575e-15,-1.6317793333333336e-06,4.6629367034256575e-15,-0.024864026666666667
53,-0.024999999999995248,-1.6301093333333332e-06,-0.024999999999995248,-0.024882546666666665
54,-0.04999999999999516,-1.6219640000000002e-06,-0.04999999999999516,-0.02490436
55,-0.07499999999999507,-1.6133226666666667e-06,-0.07499999999999507,-0.024925073333333336
56,-0.09999999999999498,-1.6061886666666667e-06,-0.09999999999999498,-0.024947193333333336
57,-0.12499999999999489,-1.5987813333333333e-06,-0.12499999999999489,-0.02496276
58,-0.1499999999999948,-1.5914086666666668e-06,-0.1499999999999948,-0.02498126
59,-0.17499999999999472,-1.5844073333333334e-06,-0.17499999999999472,-0.024997826666666667
60,-0.19999999999999463,-1.5639286666666666e-06,-0.19999999999999463,-0.02501458
61,-0.22499999999999454,-1.5690646666666667e-06,-0.22499999999999454,-0.025031746666666667
62,-0.24999999999999445,-1.5641146666666666e-06,-0.24999999999999445,-0.02504354
63,-0.27499999999999436,-1.56063e-06,-0.27499999999999436,-0.025059126666666667
