,W3_2F_V_D,W3_2F_J_D,W3_2F_V_L,W3_2F_J_L
0,-0.3,-8.77118e-07,-0.3,-0.025181433333333333
1,-0.27499999999999997,-2.987268e-07,-0.27499999999999997,-0.02506188
2,-0.24999999999999994,-8.005620000000001e-08,-0.24999999999999994,-0.024927686666666667
3,-0.22499999999999992,6.078819333333334e-08,-0.22499999999999992,-0.02478128666666667
4,-0.1999999999999999,1.152674e-07,-0.1999999999999999,-0.024625106666666667
5,-0.17499999999999988,2.4130393333333335e-07,-0.17499999999999988,-0.02444042
6,-0.14999999999999986,3.087616e-07,-0.14999999999999986,-0.02424644
7,-0.12499999999999983,3.6425986666666665e-07,-0.12499999999999983,-0.024026393333333333
8,-0.09999999999999981,4.134142e-07,-0.09999999999999981,-0.023801573333333336
9,-0.07499999999999979,4.56192e-07,-0.07499999999999979,-0.02355572
10,-0.04999999999999977,4.938567333333333e-07,-0.04999999999999977,-0.02327601333333333
11,-0.024999999999999745,5.299250666666667e-07,-0.024999999999999745,-0.0229688
12,2.7755575615628914e-16,5.227654000000001e-07,2.7755575615628914e-16,-0.022664359999999998
13,0.0250000000000003,5.909656666666667e-07,0.0250000000000003,-0.022319493333333332
14,0.05000000000000032,6.229652e-07,0.05000000000000032,-0.02194744
15,0.07500000000000034,6.532405333333333e-07,0.07500000000000034,-0.021549953333333333
16,0.10000000000000037,6.833793333333334e-07,0.10000000000000037,-0.02112512
17,0.1250000000000004,7.141366666666667e-07,0.1250000000000004,-0.020677393333333335
18,0.1500000000000004,7.456746666666667e-07,0.1500000000000004,-0.020192920000000003
19,0.17500000000000043,7.778406666666667e-07,0.17500000000000043,-0.0196842
20,0.20000000000000046,8.119013333333335e-07,0.20000000000000046,-0.019149226666666668
21,0.22500000000000048,8.320033333333334e-07,0.22500000000000048,-0.018574353333333335
22,0.2500000000000005,8.81878e-07,0.2500000000000005,-0.01799650666666667
23,0.2750000000000005,9.234486666666667e-07,0.2750000000000005,-0.01735936
24,0.30000000000000054,9.655846666666668e-07,0.30000000000000054,-0.016675913333333334
25,0.32500000000000057,1.0122946666666668e-06,0.32500000000000057,-0.016
26,0.3500000000000006,1.0635486666666668e-06,0.3500000000000006,-0.015283346666666668
27,0.3750000000000006,1.119676e-06,0.3750000000000006,-0.014540953333333334
28,0.40000000000000063,1.185038e-06,0.40000000000000063,-0.013754153333333335
29,0.42500000000000066,1.2626833333333335e-06,0.42500000000000066,-0.012946686666666667
30,0.4500000000000007,1.358288e-06,0.4500000000000007,-0.012120873333333334
31,0.4750000000000007,1.4769773333333333e-06,0.4750000000000007,-0.011274826666666668
32,0.5000000000000007,1.6297553333333334e-06,0.5000000000000007,-0.010409486666666667
33,0.5250000000000008,1.8382026666666668e-06,0.5250000000000008,-0.009534220000000001
34,0.5500000000000007,2.112938e-06,0.5500000000000007,-0.008652986666666666
35,0.5750000000000008,2.502398666666667e-06,0.5750000000000008,-0.00776926
36,0.6000000000000008,3.043256666666667e-06,0.6000000000000008,-0.006898413333333334
37,0.6250000000000009,3.824133333333334e-06,0.6250000000000009,-0.007565100000000001
38,0.6500000000000008,4.950533333333334e-06,0.6500000000000008,-0.0066153013333333345
39,0.6750000000000009,6.624566666666667e-06,0.6750000000000009,-0.0049966586666666665
40,0.7000000000000008,8.466740000000001e-06,0.7000000000000008,-0.003938822666666667
41,0.7250000000000008,1.2667313333333334e-05,0.7250000000000008,-0.0030140666666666665
42,0.7500000000000009,1.8459606666666668e-05,0.7500000000000009,-0.0021543313333333334
43,0.775000000000001,2.7262093333333335e-05,0.775000000000001,-0.0013254993333333333
44,0.8000000000000009,4.0716260000000006e-05,0.8000000000000009,-0.001466792
45,0.8250000000000008,6.095422666666667e-05,0.8250000000000008,-0.0005548539333333334
46,0.850000000000001,8.660326666666666e-05,0.850000000000001,0.0006552046
47,0.8750000000000011,0.00013397626666666667,0.8750000000000011,0.0011791653333333334
48,0.900000000000001,0.00019921273333333334,0.900000000000001,0.002466856
49,0.9250000000000009,0.00028911013333333334,0.9250000000000009,0.003661322666666667
50,0.9500000000000011,0.0004094011333333333,0.9500000000000011,0.0049338613333333335
51,0.9750000000000012,0.0005656245333333334,0.9750000000000012,0.006308457333333333
52,1.000000000000001,0.0007802526666666667,1.000000000000001,0.007349366666666668
53,1.025000000000001,0.0010395513333333335,1.025000000000001,0.009139093333333334
54,1.0500000000000012,0.001339418,1.0500000000000012,0.010917366666666668
55,1.0750000000000013,0.0016847353333333335,1.0750000000000013,0.012778793333333333
56,1.1000000000000012,0.0020741573333333332,1.1000000000000012,0.014712346666666667
57,1.125000000000001,0.0025063446666666665,1.125000000000001,0.016718
58,1.1500000000000012,0.0029782786666666668,1.1500000000000012,0.018774080000000002
59,1.1750000000000014,0.003482669333333334,1.1750000000000014,0.02086196
60,1.2000000000000013,0.004015507333333333,1.2000000000000013,0.02296620666666667
61,1.2250000000000012,0.004580594,1.2250000000000012,0.025071033333333333
62,1.2500000000000013,0.005172870666666667,1.2500000000000013,0.02715958666666667
63,1.2750000000000015,0.005787248,1.2750000000000015,0.02922416666666667
