,W3_2R_V_D,W3_2R_J_D,W3_2R_V_L,W3_2R_J_L
0,1.3,0.04655131333333334,1.3,0.06492554
1,1.2750000000000001,0.05184187333333334,1.2750000000000001,0.06413464666666667
2,1.2500000000000002,0.051680413333333335,1.2500000000000002,0.061380793333333336
3,1.2250000000000003,0.04983712666666667,1.2250000000000003,0.05801172
4,1.2000000000000004,0.04723584666666667,1.2000000000000004,0.05437076666666667
5,1.1750000000000005,0.04423972,1.1750000000000005,0.05058378666666667
6,1.1500000000000006,0.04103026666666667,1.1500000000000006,0.04671544666666667
7,1.1250000000000007,0.037724233333333336,1.1250000000000007,0.042814920000000006
8,1.1000000000000008,0.03436638,1.1000000000000008,0.038916766666666665
9,1.0750000000000008,0.031019053333333334,1.0750000000000008,0.03502615333333333
10,1.050000000000001,0.0277176,1.050000000000001,0.03116944
11,1.025000000000001,0.024485313333333335,1.025000000000001,0.027359900000000003
12,1.000000000000001,0.021369693333333335,1.000000000000001,0.023608800000000003
13,0.9750000000000012,0.018383413333333334,0.9750000000000012,0.019932073333333335
14,0.9500000000000013,0.015560746666666668,0.9500000000000013,0.016340566666666667
15,0.9250000000000014,0.012931933333333335,0.9250000000000014,0.012845953333333333
16,0.9000000000000015,0.010524926666666667,0.9000000000000015,0.009469786666666667
17,0.8750000000000016,0.008367906666666666,0.8750000000000016,0.006340666000000001
18,0.8500000000000016,0.0063863213333333335,0.8500000000000016,0.003125392666666667
19,0.8250000000000017,0.004856476,0.8250000000000017,0.0003731022
20,0.8000000000000018,0.0035835066666666665,0.8000000000000018,-0.002315326
21,0.7750000000000019,0.002580796,0.7750000000000019,-0.005153720666666667
22,0.750000000000002,0.0018216386666666665,0.750000000000002,-0.0071628
23,0.7250000000000021,0.00126761,0.7250000000000021,-0.00968814
24,0.7000000000000022,0.000875514,0.7000000000000022,-0.01183604
25,0.6750000000000023,0.0006075653333333334,0.6750000000000023,-0.013737073333333332
26,0.6500000000000024,0.00040707813333333337,0.6500000000000024,-0.015421200000000001
27,0.6250000000000024,0.00027603333333333334,0.6250000000000024,-0.0168896
28,0.6000000000000025,0.00018681473333333334,0.6000000000000025,-0.018187706666666668
29,0.5750000000000026,0.00012702066666666665,0.5750000000000026,-0.019281346666666668
30,0.5500000000000027,8.84384e-05,0.5500000000000027,-0.020219613333333334
31,0.5250000000000028,6.365496e-05,0.5250000000000028,-0.02101928
32,0.5000000000000029,4.475702666666667e-05,0.5000000000000029,-0.021695540000000003
33,0.475000000000003,3.350312e-05,0.475000000000003,-0.02223888
34,0.45000000000000306,2.5046913333333334e-05,0.45000000000000306,-0.0226966
35,0.42500000000000315,1.9443593333333335e-05,0.42500000000000315,-0.02307492666666667
36,0.40000000000000324,1.5207773333333335e-05,0.40000000000000324,-0.023387846666666667
37,0.37500000000000333,1.1736513333333334e-05,0.37500000000000333,-0.023647026666666668
38,0.3500000000000034,9.326153333333333e-06,0.3500000000000034,-0.023861046666666667
39,0.3250000000000035,7.213873333333334e-06,0.3250000000000035,-0.02403716666666667
40,0.3000000000000036,7.3278e-06,0.3000000000000036,-0.024184393333333335
41,0.2750000000000037,6.008305333333333e-06,0.2750000000000037,-0.024310306666666667
42,0.2500000000000038,4.471636000000001e-06,0.2500000000000038,-0.024416220000000002
43,0.22500000000000386,3.319234e-06,0.22500000000000386,-0.02449058
44,0.20000000000000395,2.3385986666666666e-06,0.20000000000000395,-0.024570226666666667
45,0.17500000000000404,1.5570673333333334e-06,0.17500000000000404,-0.024637873333333334
46,0.15000000000000413,7.384533333333334e-07,0.15000000000000413,-0.02468574
47,0.12500000000000422,2.122074666666667e-07,0.12500000000000422,-0.02472532666666667
48,0.10000000000000431,-3.087376e-07,0.10000000000000431,-0.024759593333333333
49,0.0750000000000044,-9.20578e-07,0.0750000000000044,-0.024784006666666667
50,0.050000000000004485,-1.3276913333333335e-06,0.050000000000004485,-0.024802773333333333
51,0.025000000000004574,-1.6725633333333335e-06,0.025000000000004574,-0.02481752
52,4.6629367034256575e-15,-2.0827313333333333e-06,4.6629367034256575e-15,-0.02482528666666667
53,-0.024999999999995248,-2.509665333333333e-06,-0.024999999999995248,-0.024828886666666668
54,-0.04999999999999516,-2.897964e-06,-0.04999999999999516,-0.024829300000000002
55,-0.07499999999999507,-3.415901333333333e-06,-0.07499999999999507,-0.024829553333333334
56,-0.09999999999999498,-3.837793333333334e-06,-0.09999999999999498,-0.024830046666666668
57,-0.12499999999999489,-3.912984e-06,-0.12499999999999489,-0.024828199999999998
58,-0.1499999999999948,-4.004194666666666e-06,-0.1499999999999948,-0.024833813333333333
59,-0.17499999999999472,-4.381892666666666e-06,-0.17499999999999472,-0.02483304
60,-0.19999999999999463,-4.494630666666667e-06,-0.19999999999999463,-0.024831306666666667
61,-0.22499999999999454,-4.872462666666667e-06,-0.22499999999999454,-0.024846586666666667
62,-0.24999999999999445,-5.177959333333334e-06,-0.24999999999999445,-0.02485186
63,-0.27499999999999436,-5.773575333333334e-06,-0.27499999999999436,-0.02486974
