,W3_2R_V_D,W3_2R_J_D,W3_2R_V_L,W3_2R_J_L
0,1.3,0.01122718,1.3,0.03108248
1,1.2750000000000001,0.010700866666666666,1.2750000000000001,0.028892793333333337
2,1.2500000000000002,0.009876573333333333,1.2500000000000002,0.026596300000000003
3,1.2250000000000003,0.008923506666666668,1.2250000000000003,0.024211386666666668
4,1.2000000000000004,0.007910266666666667,1.2000000000000004,0.021768613333333332
5,1.1750000000000005,0.006872306666666667,1.1750000000000005,0.01929944
6,1.1500000000000006,0.005823350000000001,1.1500000000000006,0.01682688
7,1.1250000000000007,0.004837692666666667,1.1250000000000007,0.014381106666666666
8,1.1000000000000008,0.0038977206666666667,1.1000000000000008,0.011999573333333334
9,1.0750000000000008,0.0030323913333333333,1.0750000000000008,0.009699933333333334
10,1.050000000000001,0.002269326,1.050000000000001,0.007507273333333334
11,1.025000000000001,0.0016300693333333334,1.025000000000001,0.005595635333333334
12,1.000000000000001,0.0011223213333333335,1.000000000000001,0.0035349300000000004
13,0.9750000000000012,0.000743948,0.9750000000000012,0.0017275013333333334
14,0.9500000000000013,0.0004918764,0.9500000000000013,0.0005039352666666668
15,0.9250000000000014,0.0003053782666666667,0.9250000000000014,-0.0010257006666666668
16,0.9000000000000015,0.0001949328,0.9000000000000015,-0.0028313706666666665
17,0.8750000000000016,0.00012672726666666668,0.8750000000000016,-0.0044430120000000005
18,0.8500000000000016,8.399593333333333e-05,0.8500000000000016,-0.005986422666666667
19,0.8250000000000017,5.832384000000001e-05,0.8250000000000017,-0.006738926666666666
20,0.8000000000000018,3.9464606666666664e-05,0.8000000000000018,-0.008564186666666666
21,0.7750000000000019,2.795776666666667e-05,0.7750000000000019,-0.010149126666666668
22,0.750000000000002,2.0284793333333333e-05,0.750000000000002,-0.01161632
23,0.7250000000000021,1.5091146666666667e-05,0.7250000000000021,-0.01299866
24,0.7000000000000022,1.1483233333333334e-05,0.7000000000000022,-0.014292406666666667
25,0.6750000000000023,8.894346666666668e-06,0.6750000000000023,-0.015444046666666668
26,0.6500000000000024,6.9837133333333334e-06,0.6500000000000024,-0.01649510666666667
27,0.6250000000000024,6.216692e-06,0.6250000000000024,-0.01743560666666667
28,0.6000000000000025,4.5293513333333335e-06,0.6000000000000025,-0.0182788
29,0.5750000000000026,3.488689333333333e-06,0.5750000000000026,-0.01897166
30,0.5500000000000027,2.658312666666667e-06,0.5500000000000027,-0.019584293333333336
31,0.5250000000000028,1.9646606666666664e-06,0.5250000000000028,-0.020106186666666668
32,0.5000000000000029,1.3740773333333332e-06,0.5000000000000029,-0.020574126666666668
33,0.475000000000003,8.718980000000001e-07,0.475000000000003,-0.020971986666666668
34,0.45000000000000306,4.466052666666667e-07,0.45000000000000306,-0.021319673333333334
35,0.42500000000000315,9.264113333333333e-08,0.42500000000000315,-0.02161900666666667
36,0.40000000000000324,-2.009422666666667e-07,0.40000000000000324,-0.021899726666666668
37,0.37500000000000333,-4.388733333333334e-07,0.37500000000000333,-0.022144613333333334
38,0.3500000000000034,-6.290699333333333e-07,0.3500000000000034,-0.02237026
39,0.3250000000000035,-7.782366666666667e-07,0.3250000000000035,-0.022570733333333332
40,0.3000000000000036,-8.914726666666666e-07,0.3000000000000036,-0.022763453333333336
41,0.2750000000000037,-9.792086666666668e-07,0.2750000000000037,-0.022954340000000004
42,0.2500000000000038,-1.043322e-06,0.2500000000000038,-0.02310144
43,0.22500000000000386,-1.0264553333333334e-06,0.22500000000000386,-0.023214846666666667
44,0.20000000000000395,-1.1167413333333335e-06,0.20000000000000395,-0.023385293333333335
45,0.17500000000000404,-1.1319186666666667e-06,0.17500000000000404,-0.023512973333333333
46,0.15000000000000413,-1.16062e-06,0.15000000000000413,-0.023636713333333333
47,0.12500000000000422,-1.1723706666666667e-06,0.12500000000000422,-0.023744260000000003
48,0.10000000000000431,-1.1819100000000001e-06,0.10000000000000431,-0.023849053333333335
49,0.0750000000000044,-1.187488e-06,0.0750000000000044,-0.02394806
50,0.050000000000004485,-1.1923346666666668e-06,0.050000000000004485,-0.024040673333333335
51,0.025000000000004574,-1.1966373333333334e-06,0.025000000000004574,-0.02412423333333333
52,4.6629367034256575e-15,-1.197588e-06,4.6629367034256575e-15,-0.024204700000000003
53,-0.024999999999995248,-1.2025620000000002e-06,-0.024999999999995248,-0.024277693333333333
54,-0.04999999999999516,-1.2059113333333334e-06,-0.04999999999999516,-0.02435156
55,-0.07499999999999507,-1.2087066666666666e-06,-0.07499999999999507,-0.0244073
56,-0.09999999999999498,-1.2131619999999999e-06,-0.09999999999999498,-0.024464233333333335
57,-0.12499999999999489,-1.2176e-06,-0.12499999999999489,-0.024520993333333335
58,-0.1499999999999948,-1.2224666666666667e-06,-0.1499999999999948,-0.024577980000000003
59,-0.17499999999999472,-1.2127113333333335e-06,-0.17499999999999472,-0.02462108
60,-0.19999999999999463,-1.216556e-06,-0.19999999999999463,-0.024659573333333334
61,-0.22499999999999454,-1.238812e-06,-0.22499999999999454,-0.02470534
62,-0.24999999999999445,-1.249022e-06,-0.24999999999999445,-0.02474546
63,-0.27499999999999436,-1.2608773333333334e-06,-0.27499999999999436,-0.024780606666666666
