,W3_2R_V_D,W3_2R_J_D,W3_2R_V_L,W3_2R_J_L
0,1.3,0.01260692,1.3,0.028350033333333337
1,1.2750000000000001,0.012758,1.2750000000000001,0.026919946666666666
2,1.2500000000000002,0.012180766666666667,1.2500000000000002,0.0250824
3,1.2250000000000003,0.011299313333333333,1.2250000000000003,0.02301224666666667
4,1.2000000000000004,0.010246353333333333,1.2000000000000004,0.020798733333333336
5,1.1750000000000005,0.009114013333333334,1.1750000000000005,0.018500806666666668
6,1.1500000000000006,0.007945106666666667,1.1500000000000006,0.01616148666666667
7,1.1250000000000007,0.0068081266666666675,1.1250000000000007,0.01381868
8,1.1000000000000008,0.005559356666666667,1.1000000000000008,0.011502953333333333
9,1.0750000000000008,0.004734265333333334,1.0750000000000008,0.009234933333333334
10,1.050000000000001,0.003883138,1.050000000000001,0.00702394
11,1.025000000000001,0.003114456,1.025000000000001,0.005003754666666666
12,1.000000000000001,0.0024435313333333337,1.000000000000001,0.0027815573333333336
13,0.9750000000000012,0.0018749033333333336,0.9750000000000012,0.000716392
14,0.9500000000000013,0.0013985273333333335,0.9500000000000013,-0.0012912686666666667
15,0.9250000000000014,0.0010172420000000002,0.9250000000000014,-0.0032490033333333335
16,0.9000000000000015,0.0007221953333333334,0.9000000000000015,-0.005161773333333334
17,0.8750000000000016,0.0004931145333333333,0.8750000000000016,-0.0069881
18,0.8500000000000016,0.00034186273333333336,0.8500000000000016,-0.008244926666666666
19,0.8250000000000017,0.00023336186666666667,0.8250000000000017,-0.01029258
20,0.8000000000000018,0.00015846133333333333,0.8000000000000018,-0.012093526666666667
21,0.7750000000000019,0.00010811526666666667,0.7750000000000019,-0.01375058
22,0.750000000000002,7.394666666666667e-05,0.750000000000002,-0.015277106666666668
23,0.7250000000000021,5.2647626666666665e-05,0.7250000000000021,-0.016666613333333333
24,0.7000000000000022,3.4634133333333334e-05,0.7000000000000022,-0.01791504666666667
25,0.6750000000000023,2.2833080000000002e-05,0.6750000000000023,-0.019024166666666665
26,0.6500000000000024,1.46258e-05,0.6500000000000024,-0.02000764
27,0.6250000000000024,9.006826666666667e-06,0.6250000000000024,-0.020865693333333334
28,0.6000000000000025,6.355160666666667e-06,0.6000000000000025,-0.02158406666666667
29,0.5750000000000026,3.0800133333333334e-06,0.5750000000000026,-0.022194273333333334
30,0.5500000000000027,1.216038e-06,0.5500000000000027,-0.02270254666666667
31,0.5250000000000028,8.71966e-08,0.5250000000000028,-0.0231226
32,0.5000000000000029,-6.702653333333334e-07,0.5000000000000029,-0.023476006666666667
33,0.475000000000003,-1.18035e-06,0.475000000000003,-0.023759453333333336
34,0.45000000000000306,-1.5500193333333334e-06,0.45000000000000306,-0.023987993333333332
35,0.42500000000000315,-1.7948213333333332e-06,0.42500000000000315,-0.024175453333333333
36,0.40000000000000324,-1.949192e-06,0.40000000000000324,-0.024325620000000003
37,0.37500000000000333,-2.071202666666667e-06,0.37500000000000333,-0.02444822666666667
38,0.3500000000000034,-2.159928e-06,0.3500000000000034,-0.024547153333333335
39,0.3250000000000035,-2.239738e-06,0.3250000000000035,-0.024628713333333333
40,0.3000000000000036,-2.2532653333333333e-06,0.3000000000000036,-0.024695933333333336
41,0.2750000000000037,-2.2798459999999998e-06,0.2750000000000037,-0.02474942
42,0.2500000000000038,-2.3173133333333335e-06,0.2500000000000038,-0.02479532
43,0.22500000000000386,-2.2300093333333334e-06,0.22500000000000386,-0.024824126666666668
44,0.20000000000000395,-2.269804e-06,0.20000000000000395,-0.024859653333333336
45,0.17500000000000404,-2.2625133333333332e-06,0.17500000000000404,-0.024886420000000003
46,0.15000000000000413,-2.2404246666666667e-06,0.15000000000000413,-0.02490924
47,0.12500000000000422,-2.2273233333333334e-06,0.12500000000000422,-0.024927513333333335
48,0.10000000000000431,-2.2166986666666665e-06,0.10000000000000431,-0.024942733333333335
49,0.0750000000000044,-2.198568e-06,0.0750000000000044,-0.024956553333333336
50,0.050000000000004485,-2.1845433333333337e-06,0.050000000000004485,-0.02496862
51,0.025000000000004574,-2.171062e-06,0.025000000000004574,-0.024979553333333335
52,4.6629367034256575e-15,-2.1550273333333334e-06,4.6629367034256575e-15,-0.024990213333333334
53,-0.024999999999995248,-2.14682e-06,-0.024999999999995248,-0.02500256666666667
54,-0.04999999999999516,-2.1408426666666665e-06,-0.04999999999999516,-0.025010740000000004
55,-0.07499999999999507,-2.1338866666666667e-06,-0.07499999999999507,-0.02502046
56,-0.09999999999999498,-2.1289053333333335e-06,-0.09999999999999498,-0.025028606666666668
57,-0.12499999999999489,-2.131314666666667e-06,-0.12499999999999489,-0.02504054
58,-0.1499999999999948,-2.1336040000000003e-06,-0.1499999999999948,-0.025051073333333333
59,-0.17499999999999472,-2.1426533333333336e-06,-0.17499999999999472,-0.025061153333333336
60,-0.19999999999999463,-2.139442666666667e-06,-0.19999999999999463,-0.025069353333333332
61,-0.22499999999999454,-2.0005753333333335e-06,-0.22499999999999454,-0.025080146666666667
62,-0.24999999999999445,-2.0257153333333337e-06,-0.24999999999999445,-0.025088933333333334
63,-0.27499999999999436,-1.9736913333333334e-06,-0.27499999999999436,-0.02509996
