,W3_2R_V_D,W3_2R_J_D,W3_2R_V_L,W3_2R_J_L
0,1.3,0.010626833333333334,1.3,0.027871379999999998
1,1.2750000000000001,0.010549373333333334,1.2750000000000001,0.026321173333333336
2,1.2500000000000002,0.009976773333333334,1.2500000000000002,0.024472733333333333
3,1.2250000000000003,0.009179493333333334,1.2250000000000003,0.02243334
4,1.2000000000000004,0.008249553333333335,1.2000000000000004,0.02026320666666667
5,1.1750000000000005,0.007250580000000001,1.1750000000000005,0.018010893333333333
6,1.1500000000000006,0.006148726,1.1500000000000006,0.01571922
7,1.1250000000000007,0.005256174,1.1250000000000007,0.013418693333333334
8,1.1000000000000008,0.00433952,1.1000000000000008,0.011150473333333334
9,1.0750000000000008,0.0035026386666666665,1.0750000000000008,0.00892574
10,1.050000000000001,0.002775084666666667,1.050000000000001,0.006768346666666666
11,1.025000000000001,0.002164142,1.025000000000001,0.004819462
12,1.000000000000001,0.001662798,1.000000000000001,0.0026632813333333336
13,0.9750000000000012,0.001256682,0.9750000000000012,0.0006752686666666667
14,0.9500000000000013,0.000931774,0.9500000000000013,-0.0012477246666666667
15,0.9250000000000014,0.0006759460000000001,0.9250000000000014,-0.0031271226666666667
16,0.9000000000000015,0.00046112393333333333,0.9000000000000015,-0.004972869333333334
17,0.8750000000000016,0.00032874780000000006,0.8750000000000016,-0.006787526666666667
18,0.8500000000000016,0.00022702140000000002,0.8500000000000016,-0.007932486666666667
19,0.8250000000000017,0.00015503426666666666,0.8250000000000017,-0.009960386666666666
20,0.8000000000000018,0.00010559913333333332,0.8000000000000018,-0.011755053333333333
21,0.7750000000000019,7.209466666666667e-05,0.7750000000000019,-0.01341028
22,0.750000000000002,5.103208666666667e-05,0.750000000000002,-0.014950426666666666
23,0.7250000000000021,3.395538666666667e-05,0.7250000000000021,-0.016361753333333333
24,0.7000000000000022,2.2773493333333332e-05,0.7000000000000022,-0.017634253333333336
25,0.6750000000000023,1.4967273333333332e-05,0.6750000000000023,-0.018780586666666668
26,0.6500000000000024,9.505140000000001e-06,0.6500000000000024,-0.019800293333333333
27,0.6250000000000024,7.41462e-06,0.6250000000000024,-0.02066014
28,0.6000000000000025,4.673940666666667e-06,0.6000000000000025,-0.02140998
29,0.5750000000000026,2.1117626666666667e-06,0.5750000000000026,-0.022041466666666665
30,0.5500000000000027,7.02234e-07,0.5500000000000027,-0.02256438666666667
31,0.5250000000000028,-2.0008573333333335e-07,0.5250000000000028,-0.02300940666666667
32,0.5000000000000029,-7.994706666666667e-07,0.5000000000000029,-0.023371473333333333
33,0.475000000000003,-1.216668e-06,0.475000000000003,-0.023662813333333334
34,0.45000000000000306,-1.4736433333333334e-06,0.45000000000000306,-0.023901993333333336
35,0.42500000000000315,-1.718808e-06,0.42500000000000315,-0.02409544666666667
36,0.40000000000000324,-1.8786613333333334e-06,0.40000000000000324,-0.024250313333333336
37,0.37500000000000333,-1.992140666666667e-06,0.37500000000000333,-0.024378706666666666
38,0.3500000000000034,-2.072116e-06,0.3500000000000034,-0.024483193333333337
39,0.3250000000000035,-2.1256626666666667e-06,0.3250000000000035,-0.024574060000000002
40,0.3000000000000036,-2.156542e-06,0.3000000000000036,-0.02464018
41,0.2750000000000037,-2.1735953333333335e-06,0.2750000000000037,-0.0246974
42,0.2500000000000038,-2.1773440000000003e-06,0.2500000000000038,-0.024745033333333336
43,0.22500000000000386,-2.1113813333333335e-06,0.22500000000000386,-0.024774166666666667
44,0.20000000000000395,-2.149007333333333e-06,0.20000000000000395,-0.024813273333333333
45,0.17500000000000404,-2.1396500000000003e-06,0.17500000000000404,-0.024840506666666668
46,0.15000000000000413,-2.1254253333333336e-06,0.15000000000000413,-0.024865833333333334
47,0.12500000000000422,-2.107978666666667e-06,0.12500000000000422,-0.024885893333333336
48,0.10000000000000431,-2.0908893333333332e-06,0.10000000000000431,-0.024905453333333334
49,0.0750000000000044,-2.0730213333333334e-06,0.0750000000000044,-0.02492274666666667
50,0.050000000000004485,-2.054936666666667e-06,0.050000000000004485,-0.02493680666666667
51,0.025000000000004574,-2.03832e-06,0.025000000000004574,-0.02495182
52,4.6629367034256575e-15,-2.0196073333333336e-06,4.6629367034256575e-15,-0.02496846
53,-0.024999999999995248,-2.005552666666667e-06,-0.024999999999995248,-0.024980406666666666
54,-0.04999999999999516,-1.9907226666666667e-06,-0.04999999999999516,-0.024993126666666667
55,-0.07499999999999507,-1.9776586666666665e-06,-0.07499999999999507,-0.025009060000000003
56,-0.09999999999999498,-1.9648793333333336e-06,-0.09999999999999498,-0.02502088666666667
57,-0.12499999999999489,-1.9531233333333335e-06,-0.12499999999999489,-0.025033653333333333
58,-0.1499999999999948,-1.9415093333333336e-06,-0.1499999999999948,-0.025044993333333335
59,-0.17499999999999472,-1.9316233333333334e-06,-0.17499999999999472,-0.02505592666666667
60,-0.19999999999999463,-1.9046119999999998e-06,-0.19999999999999463,-0.025067113333333335
61,-0.22499999999999454,-1.9070926666666668e-06,-0.22499999999999454,-0.0250795
62,-0.24999999999999445,-1.899728e-06,-0.24999999999999445,-0.025090893333333336
63,-0.27499999999999436,-1.8925999999999999e-06,-0.27499999999999436,-0.0250983
