,W3_2F_V_D,W3_2F_J_D,W3_2F_V_L,W3_2F_J_L
0,-0.3,-1.4711e-06,-0.3,-0.025214066666666667
1,-0.27499999999999997,-6.620758666666667e-07,-0.27499999999999997,-0.025190566666666667
2,-0.24999999999999994,-3.0330873333333334e-07,-0.24999999999999994,-0.025166173333333333
3,-0.22499999999999992,-6.807906666666668e-08,-0.22499999999999992,-0.025128673333333334
4,-0.1999999999999999,6.56137e-08,-0.1999999999999999,-0.025078986666666667
5,-0.17499999999999988,2.3859173333333336e-07,-0.17499999999999988,-0.02501152666666667
6,-0.14999999999999986,3.565020666666667e-07,-0.14999999999999986,-0.02492986
7,-0.12499999999999983,4.5267353333333335e-07,-0.12499999999999983,-0.024827993333333336
8,-0.09999999999999981,5.374187333333333e-07,-0.09999999999999981,-0.02471184666666667
9,-0.07499999999999979,6.115998666666667e-07,-0.07499999999999979,-0.02457210666666667
10,-0.04999999999999977,6.778366666666667e-07,-0.04999999999999977,-0.024411166666666668
11,-0.024999999999999745,7.39264e-07,-0.024999999999999745,-0.024221093333333332
12,2.7755575615628914e-16,7.860846666666668e-07,2.7755575615628914e-16,-0.024023573333333336
13,0.0250000000000003,8.469600000000001e-07,0.0250000000000003,-0.023791446666666667
14,0.05000000000000032,8.966253333333334e-07,0.05000000000000032,-0.023534873333333334
15,0.07500000000000034,9.454066666666667e-07,0.07500000000000034,-0.023256386666666667
16,0.10000000000000037,9.92462e-07,0.10000000000000037,-0.022951693333333335
17,0.1250000000000004,1.0378666666666666e-06,0.1250000000000004,-0.022621060000000002
18,0.1500000000000004,1.0850513333333335e-06,0.1500000000000004,-0.02226284
19,0.17500000000000043,1.1173846666666668e-06,0.17500000000000043,-0.021876013333333336
20,0.20000000000000046,1.177588e-06,0.20000000000000046,-0.02145774
21,0.22500000000000048,1.2079320000000002e-06,0.22500000000000048,-0.021003486666666668
22,0.2500000000000005,1.2721426666666669e-06,0.2500000000000005,-0.020528366666666666
23,0.2750000000000005,1.3275206666666668e-06,0.2750000000000005,-0.019997453333333335
24,0.30000000000000054,1.3820793333333335e-06,0.30000000000000054,-0.01941586
25,0.32500000000000057,1.442156e-06,0.32500000000000057,-0.018822806666666667
26,0.3500000000000006,1.508632e-06,0.3500000000000006,-0.018172953333333335
27,0.3750000000000006,1.5828080000000001e-06,0.3750000000000006,-0.017479426666666666
28,0.40000000000000063,1.6681493333333334e-06,0.40000000000000063,-0.016724753333333335
29,0.42500000000000066,1.7721213333333334e-06,0.42500000000000066,-0.015930120000000002
30,0.4500000000000007,1.897176e-06,0.4500000000000007,-0.015094733333333334
31,0.4750000000000007,2.0529366666666667e-06,0.4750000000000007,-0.014223686666666666
32,0.5000000000000007,2.2529006666666667e-06,0.5000000000000007,-0.013302033333333334
33,0.5250000000000008,2.499938666666667e-06,0.5250000000000008,-0.01234758
34,0.5500000000000007,2.8508526666666667e-06,0.5500000000000007,-0.011361973333333332
35,0.5750000000000008,3.3051840000000005e-06,0.5750000000000008,-0.010347793333333334
36,0.6000000000000008,3.914473333333334e-06,0.6000000000000008,-0.009306993333333333
37,0.6250000000000009,4.756076666666667e-06,0.6250000000000009,-0.008237566666666666
38,0.6500000000000008,5.926052666666667e-06,0.6500000000000008,-0.007187713333333333
39,0.6750000000000009,7.888580000000001e-06,0.6750000000000009,-0.00801382
40,0.7000000000000008,1.0547206666666667e-05,0.7000000000000008,-0.007454006666666667
41,0.7250000000000008,1.410444e-05,0.7250000000000008,-0.006207014
42,0.7500000000000009,1.925524e-05,0.7500000000000009,-0.004436628000000001
43,0.775000000000001,2.6802333333333336e-05,0.775000000000001,-0.003083564
44,0.8000000000000009,3.7960973333333334e-05,0.8000000000000009,-0.0018659646666666669
45,0.8250000000000008,5.4575980000000006e-05,0.8250000000000008,-0.000705242
46,0.850000000000001,9.149966666666667e-05,0.850000000000001,-0.000162692
47,0.8750000000000011,0.00012591153333333334,0.8750000000000011,0.0003556590666666667
48,0.900000000000001,0.00018039166666666666,0.900000000000001,0.0019397713333333332
49,0.9250000000000009,0.00025851213333333333,0.9250000000000009,0.0033298873333333337
50,0.9500000000000011,0.00036816586666666665,0.9500000000000011,0.0047307673333333335
51,0.9750000000000012,0.0005150638666666667,0.9750000000000012,0.006169766
52,1.000000000000001,0.0008000713333333334,1.000000000000001,0.007102573333333333
53,1.025000000000001,0.001037464,1.025000000000001,0.008908166666666667
54,1.0500000000000012,0.0013468846666666665,1.0500000000000012,0.010655993333333334
55,1.0750000000000013,0.0017205033333333333,1.0750000000000013,0.0124566
56,1.1000000000000012,0.002158493333333333,1.1000000000000012,0.014305033333333335
57,1.125000000000001,0.0026712773333333333,1.125000000000001,0.01622404666666667
58,1.1500000000000012,0.0032542613333333336,1.1500000000000012,0.018176960000000002
59,1.1750000000000014,0.003919676666666667,1.1750000000000014,0.020171593333333335
60,1.2000000000000013,0.004661058,1.2000000000000013,0.02219752
61,1.2250000000000012,0.005491391333333333,1.2250000000000012,0.02424556666666667
62,1.2500000000000013,0.006416651333333334,1.2500000000000013,0.026312373333333337
63,1.2750000000000015,0.008530293333333334,1.2750000000000015,0.028397106666666668
