,W3_2R_V_D,W3_2R_J_D,W3_2R_V_L,W3_2R_J_L
0,1.3,0.011630453333333334,1.3,0.03133764
1,1.2750000000000001,0.011068593333333333,1.2750000000000001,0.02910188666666667
2,1.2500000000000002,0.010203426666666666,1.2500000000000002,0.02676576666666667
3,1.2250000000000003,0.009209933333333333,1.2250000000000003,0.02434390666666667
4,1.2000000000000004,0.008158053333333333,1.2000000000000004,0.021868866666666667
5,1.1750000000000005,0.0070831800000000006,1.1750000000000005,0.019369220000000003
6,1.1500000000000006,0.005997756666666667,1.1500000000000006,0.016872626666666668
7,1.1250000000000007,0.004980012000000001,1.1250000000000007,0.014401300000000002
8,1.1000000000000008,0.004010406,1.1000000000000008,0.011999113333333334
9,1.0750000000000008,0.003117844666666667,1.0750000000000008,0.009678453333333333
10,1.050000000000001,0.0023310573333333337,1.050000000000001,0.007472413333333334
11,1.025000000000001,0.0016721873333333335,1.025000000000001,0.005546357333333333
12,1.000000000000001,0.0011488813333333334,1.000000000000001,0.003473322666666667
13,0.9750000000000012,0.0007600266666666667,0.9750000000000012,0.0016519113333333336
14,0.9500000000000013,0.000501734,0.9500000000000013,0.0004251463333333333
15,0.9250000000000014,0.0003111389333333334,0.9250000000000014,-0.0011146266666666668
16,0.9000000000000015,0.0001985224,0.9000000000000015,-0.0029372473333333336
17,0.8750000000000016,0.00012911353333333334,0.8750000000000016,-0.004537325333333333
18,0.8500000000000016,8.572646666666667e-05,0.8500000000000016,-0.006091466
19,0.8250000000000017,5.9699080000000004e-05,0.8250000000000017,-0.0068631533333333335
20,0.8000000000000018,4.050686666666667e-05,0.8000000000000018,-0.008686713333333334
21,0.7750000000000019,2.8802026666666667e-05,0.7750000000000019,-0.010272506666666667
22,0.750000000000002,2.1004260000000002e-05,0.750000000000002,-0.011748813333333333
23,0.7250000000000021,1.5694913333333333e-05,0.7250000000000021,-0.01314656
24,0.7000000000000022,1.2015066666666668e-05,0.7000000000000022,-0.014393906666666668
25,0.6750000000000023,9.354293333333334e-06,0.6750000000000023,-0.015557373333333332
26,0.6500000000000024,7.3796600000000004e-06,0.6500000000000024,-0.01660688
27,0.6250000000000024,6.579343999999999e-06,0.6250000000000024,-0.017521653333333335
28,0.6000000000000025,4.833891333333334e-06,0.6000000000000025,-0.018343733333333334
29,0.5750000000000026,3.7564226666666666e-06,0.5750000000000026,-0.0190454
30,0.5500000000000027,2.882154e-06,0.5500000000000027,-0.019640453333333335
31,0.5250000000000028,2.149494666666667e-06,0.5250000000000028,-0.02017058
32,0.5000000000000029,1.5210346666666667e-06,0.5000000000000029,-0.020625373333333336
33,0.475000000000003,9.905033333333335e-07,0.475000000000003,-0.021014
34,0.45000000000000306,5.362432666666667e-07,0.45000000000000306,-0.02135416
35,0.42500000000000315,1.5847626666666666e-07,0.42500000000000315,-0.021654866666666668
36,0.40000000000000324,-1.5708693333333333e-07,0.40000000000000324,-0.021942113333333336
37,0.37500000000000333,-4.130690666666667e-07,0.37500000000000333,-0.022167866666666668
38,0.3500000000000034,-6.173247333333333e-07,0.3500000000000034,-0.02238882
39,0.3250000000000035,-7.796026666666667e-07,0.3250000000000035,-0.022584453333333334
40,0.3000000000000036,-9.022820000000001e-07,0.3000000000000036,-0.022763580000000002
41,0.2750000000000037,-9.9646e-07,0.2750000000000037,-0.02294682
42,0.2500000000000038,-1.0670273333333334e-06,0.2500000000000038,-0.023108986666666668
43,0.22500000000000386,-1.0560586666666667e-06,0.22500000000000386,-0.023224993333333332
44,0.20000000000000395,-1.148706e-06,0.20000000000000395,-0.023389260000000002
45,0.17500000000000404,-1.1652700000000001e-06,0.17500000000000404,-0.02351914
46,0.15000000000000413,-1.1958093333333334e-06,0.15000000000000413,-0.02363806666666667
47,0.12500000000000422,-1.2091913333333333e-06,0.12500000000000422,-0.023751233333333333
48,0.10000000000000431,-1.2185046666666666e-06,0.10000000000000431,-0.023855073333333334
49,0.0750000000000044,-1.2256626666666667e-06,0.0750000000000044,-0.023962346666666665
50,0.050000000000004485,-1.2309266666666667e-06,0.050000000000004485,-0.024041606666666666
51,0.025000000000004574,-1.2344326666666667e-06,0.025000000000004574,-0.024121733333333333
52,4.6629367034256575e-15,-1.2358906666666667e-06,4.6629367034256575e-15,-0.02420191333333333
53,-0.024999999999995248,-1.2413986666666667e-06,-0.024999999999995248,-0.024284533333333334
54,-0.04999999999999516,-1.2442533333333334e-06,-0.04999999999999516,-0.024341026666666668
55,-0.07499999999999507,-1.24874e-06,-0.07499999999999507,-0.024406586666666667
56,-0.09999999999999498,-1.252934e-06,-0.09999999999999498,-0.024465860000000002
57,-0.12499999999999489,-1.2571033333333334e-06,-0.12499999999999489,-0.024518393333333336
58,-0.1499999999999948,-1.2632773333333334e-06,-0.1499999999999948,-0.02457056666666667
59,-0.17499999999999472,-1.2694333333333335e-06,-0.17499999999999472,-0.024616753333333335
60,-0.19999999999999463,-1.2602286666666666e-06,-0.19999999999999463,-0.024657873333333333
61,-0.22499999999999454,-1.282352e-06,-0.22499999999999454,-0.024702793333333334
62,-0.24999999999999445,-1.293012e-06,-0.24999999999999445,-0.02474586
63,-0.27499999999999436,-1.3066386666666666e-06,-0.27499999999999436,-0.024776433333333334
