,W3_2F_V_D,W3_2F_J_D,W3_2F_V_L,W3_2F_J_L
0,-0.3,-8.675093333333334e-07,-0.3,-0.025016853333333335
1,-0.27499999999999997,-2.871264e-07,-0.27499999999999997,-0.024724746666666665
2,-0.24999999999999994,-7.468140000000001e-08,-0.24999999999999994,-0.02444856
3,-0.22499999999999992,6.431223333333334e-08,-0.22499999999999992,-0.02418056
4,-0.1999999999999999,1.1056466666666667e-07,-0.1999999999999999,-0.023916866666666665
5,-0.17499999999999988,2.461544e-07,-0.17499999999999988,-0.023622833333333332
6,-0.14999999999999986,3.1412393333333334e-07,-0.14999999999999986,-0.023324486666666668
7,-0.12499999999999983,3.719398e-07,-0.12499999999999983,-0.023003153333333335
8,-0.09999999999999981,4.214310666666667e-07,-0.09999999999999981,-0.022696459999999998
9,-0.07499999999999979,4.6395406666666665e-07,-0.07499999999999979,-0.022350306666666667
10,-0.04999999999999977,5.041969333333334e-07,-0.04999999999999977,-0.021987526666666667
11,-0.024999999999999745,5.396473333333334e-07,-0.024999999999999745,-0.02161382
12,2.7755575615628914e-16,5.616102e-07,2.7755575615628914e-16,-0.0212138
13,0.0250000000000003,6.035152666666666e-07,0.0250000000000003,-0.020761186666666667
14,0.05000000000000032,6.344345333333333e-07,0.05000000000000032,-0.02030338
15,0.07500000000000034,6.639982666666667e-07,0.07500000000000034,-0.019807880000000003
16,0.10000000000000037,6.943093333333333e-07,0.10000000000000037,-0.01929758666666667
17,0.1250000000000004,7.250113333333334e-07,0.1250000000000004,-0.01876362
18,0.1500000000000004,7.556733333333334e-07,0.1500000000000004,-0.018185813333333335
19,0.17500000000000043,7.412713333333334e-07,0.17500000000000043,-0.01759756666666667
20,0.20000000000000046,8.230700000000001e-07,0.20000000000000046,-0.016947166666666666
21,0.22500000000000048,8.448360000000001e-07,0.22500000000000048,-0.016315660000000003
22,0.2500000000000005,9.021706666666667e-07,0.2500000000000005,-0.015661633333333334
23,0.2750000000000005,9.48538e-07,0.2750000000000005,-0.01498436
24,0.30000000000000054,9.9544e-07,0.30000000000000054,-0.01429174
25,0.32500000000000057,1.0510266666666667e-06,0.32500000000000057,-0.013554233333333335
26,0.3500000000000006,1.110454e-06,0.3500000000000006,-0.012810193333333334
27,0.3750000000000006,1.176412e-06,0.3750000000000006,-0.012075346666666667
28,0.40000000000000063,1.2525513333333336e-06,0.40000000000000063,-0.01131672
29,0.42500000000000066,1.3421746666666666e-06,0.42500000000000066,-0.010553773333333334
30,0.4500000000000007,1.45077e-06,0.4500000000000007,-0.009790406666666666
31,0.4750000000000007,1.5904060000000002e-06,0.4750000000000007,-0.009036106666666667
32,0.5000000000000007,1.7757946666666665e-06,0.5000000000000007,-0.008280586666666666
33,0.5250000000000008,2.005078e-06,0.5250000000000008,-0.007522399999999999
34,0.5500000000000007,2.39147e-06,0.5500000000000007,-0.0068116466666666665
35,0.5750000000000008,2.9213526666666667e-06,0.5750000000000008,-0.007577513333333334
36,0.6000000000000008,3.7063380000000006e-06,0.6000000000000008,-0.006844380000000001
37,0.6250000000000009,4.883148e-06,0.6250000000000009,-0.005317088666666667
38,0.6500000000000008,6.673946666666667e-06,0.6500000000000008,-0.004479150666666667
39,0.6750000000000009,8.559393333333334e-06,0.6750000000000009,-0.0037466319999999997
40,0.7000000000000008,1.3186466666666666e-05,0.7000000000000008,-0.0030892433333333334
41,0.7250000000000008,1.9421226666666667e-05,0.7250000000000008,-0.002454403333333333
42,0.7500000000000009,2.8753493333333332e-05,0.7500000000000009,-0.00184863
43,0.775000000000001,4.276068e-05,0.775000000000001,-0.0012357613333333333
44,0.8000000000000009,6.370968666666668e-05,0.8000000000000009,-0.0013612386666666668
45,0.8250000000000008,8.764166666666666e-05,0.8250000000000008,-0.0008539513333333334
46,0.850000000000001,0.0001374294,0.850000000000001,-7.042533333333334e-05
47,0.8750000000000011,0.00020429026666666668,0.8750000000000011,0.0005293295333333334
48,0.900000000000001,0.0002973234,0.900000000000001,0.0016852993333333335
49,0.9250000000000009,0.00042538073333333334,0.9250000000000009,0.002777436666666667
50,0.9500000000000011,0.0005952891333333333,0.9500000000000011,0.003960256666666667
51,0.9750000000000012,0.0008163193333333334,0.9750000000000012,0.005297894
52,1.000000000000001,0.0011232033333333333,1.000000000000001,0.006805146666666668
53,1.025000000000001,0.0014832293333333333,1.025000000000001,0.008218946666666668
54,1.0500000000000012,0.0019133646666666668,1.0500000000000012,0.010210046666666668
55,1.0750000000000013,0.0024164613333333335,1.0750000000000013,0.012248806666666667
56,1.1000000000000012,0.0029880593333333335,1.1000000000000012,0.014413693333333335
57,1.125000000000001,0.0036279940000000003,1.125000000000001,0.016684066666666667
58,1.1500000000000012,0.004327944,1.1500000000000012,0.019058073333333335
59,1.1750000000000014,0.005078227333333333,1.1750000000000014,0.021502186666666666
60,1.2000000000000013,0.005869478666666667,1.2000000000000013,0.024007393333333335
61,1.2250000000000012,0.006702613333333333,1.2250000000000012,0.026546406666666668
62,1.2500000000000013,0.007906320000000001,1.2500000000000013,0.029103033333333334
63,1.2750000000000015,0.008701613333333334,1.2750000000000015,0.03166426
