,W3_2R_V_D,W3_2R_J_D,W3_2R_V_L,W3_2R_J_L
0,1.3,0.012501093333333333,1.3,0.0283231
1,1.2750000000000001,0.01267036,1.2750000000000001,0.026910093333333333
2,1.2500000000000002,0.012119193333333333,1.2500000000000002,0.0250866
3,1.2250000000000003,0.011238913333333333,1.2250000000000003,0.02302792
4,1.2000000000000004,0.010197193333333335,1.2000000000000004,0.020821873333333334
5,1.1750000000000005,0.009066593333333334,1.1750000000000005,0.018530233333333333
6,1.1500000000000006,0.007915286666666667,1.1500000000000006,0.016197533333333333
7,1.1250000000000007,0.0067856466666666665,1.1250000000000007,0.013857679999999999
8,1.1000000000000008,0.0055403,1.1000000000000008,0.01154914
9,1.0750000000000008,0.004721034,1.0750000000000008,0.00928
10,1.050000000000001,0.0038765620000000005,1.050000000000001,0.00707008
11,1.025000000000001,0.0031071893333333334,1.025000000000001,0.005050262666666667
12,1.000000000000001,0.0024393,1.000000000000001,0.002830206666666667
13,0.9750000000000012,0.0018697893333333333,0.9750000000000012,0.0007651426666666668
14,0.9500000000000013,0.0013963626666666667,0.9500000000000013,-0.0012362746666666666
15,0.9250000000000014,0.0010163613333333333,0.9250000000000014,-0.0031941020000000003
16,0.9000000000000015,0.0007214706666666667,0.9000000000000015,-0.005106458666666667
17,0.8750000000000016,0.0004921555333333333,0.8750000000000016,-0.006961320000000001
18,0.8500000000000016,0.0003411322666666667,0.8500000000000016,-0.008184633333333333
19,0.8250000000000017,0.00023275573333333334,0.8250000000000017,-0.0102327
20,0.8000000000000018,0.00015851413333333334,0.8000000000000018,-0.012032093333333334
21,0.7750000000000019,0.00010817033333333334,0.7750000000000019,-0.013691906666666668
22,0.750000000000002,7.39374e-05,0.750000000000002,-0.015222073333333334
23,0.7250000000000021,5.2487933333333336e-05,0.7250000000000021,-0.016616326666666667
24,0.7000000000000022,3.4515366666666665e-05,0.7000000000000022,-0.017864073333333334
25,0.6750000000000023,2.274218666666667e-05,0.6750000000000023,-0.01898578
26,0.6500000000000024,1.4596540000000001e-05,0.6500000000000024,-0.019982913333333335
27,0.6250000000000024,8.96348e-06,0.6250000000000024,-0.02082150666666667
28,0.6000000000000025,6.288942000000001e-06,0.6000000000000025,-0.021549673333333335
29,0.5750000000000026,3.0212733333333336e-06,0.5750000000000026,-0.02216872
30,0.5500000000000027,1.17728e-06,0.5500000000000027,-0.022693393333333332
31,0.5250000000000028,5.437482666666667e-08,0.5250000000000028,-0.023114153333333335
32,0.5000000000000029,-7.574066666666667e-07,0.5000000000000029,-0.02346372
33,0.475000000000003,-1.28219e-06,0.475000000000003,-0.0237459
34,0.45000000000000306,-1.6577086666666665e-06,0.45000000000000306,-0.023980593333333335
35,0.42500000000000315,-1.910102e-06,0.42500000000000315,-0.024168986666666666
36,0.40000000000000324,-2.089486666666667e-06,0.40000000000000324,-0.02432034
37,0.37500000000000333,-2.2213386666666667e-06,0.37500000000000333,-0.02444288
38,0.3500000000000034,-2.316110666666667e-06,0.3500000000000034,-0.024542033333333334
39,0.3250000000000035,-2.3601540000000003e-06,0.3250000000000035,-0.024625213333333333
40,0.3000000000000036,-2.389102e-06,0.3000000000000036,-0.02469424666666667
41,0.2750000000000037,-2.409710666666667e-06,0.2750000000000037,-0.024749293333333335
42,0.2500000000000038,-2.406780666666667e-06,0.2500000000000038,-0.024795546666666668
43,0.22500000000000386,-2.3379106666666666e-06,0.22500000000000386,-0.024827073333333335
44,0.20000000000000395,-2.357474e-06,0.20000000000000395,-0.02486086
45,0.17500000000000404,-2.3355826666666667e-06,0.17500000000000404,-0.02488674
46,0.15000000000000413,-2.3047593333333334e-06,0.15000000000000413,-0.024909653333333334
47,0.12500000000000422,-2.2745720000000003e-06,0.12500000000000422,-0.024926833333333336
48,0.10000000000000431,-2.245092e-06,0.10000000000000431,-0.02494188666666667
49,0.0750000000000044,-2.2155613333333336e-06,0.0750000000000044,-0.02495396
50,0.050000000000004485,-2.1870740000000003e-06,0.050000000000004485,-0.024967813333333335
51,0.025000000000004574,-2.161478666666667e-06,0.025000000000004574,-0.024978073333333333
52,4.6629367034256575e-15,-2.1336966666666666e-06,4.6629367034256575e-15,-0.02499072
53,-0.024999999999995248,-2.112686666666667e-06,-0.024999999999995248,-0.025000593333333335
54,-0.04999999999999516,-2.0928506666666665e-06,-0.04999999999999516,-0.025010713333333334
55,-0.07499999999999507,-2.0747320000000003e-06,-0.07499999999999507,-0.025020586666666667
56,-0.09999999999999498,-2.0588366666666665e-06,-0.09999999999999498,-0.025034933333333335
57,-0.12499999999999489,-2.044950666666667e-06,-0.12499999999999489,-0.025042086666666668
58,-0.1499999999999948,-2.034580666666667e-06,-0.1499999999999948,-0.025053353333333337
59,-0.17499999999999472,-2.0568653333333334e-06,-0.17499999999999472,-0.025062793333333333
60,-0.19999999999999463,-2.0456893333333336e-06,-0.19999999999999463,-0.02506880666666667
61,-0.22499999999999454,-2.0623666666666665e-06,-0.22499999999999454,-0.025079486666666668
62,-0.24999999999999445,-2.071754e-06,-0.24999999999999445,-0.0250905
63,-0.27499999999999436,-2.0696033333333335e-06,-0.27499999999999436,-0.025099153333333336
