,W3_2R_V_D,W3_2R_J_D,W3_2R_V_L,W3_2R_J_L
0,1.3,0.010242406666666667,1.3,0.030260066666666665
1,1.2750000000000001,0.00983418,1.2750000000000001,0.028192413333333333
2,1.2500000000000002,0.009131126666666668,1.2500000000000002,0.025994093333333333
3,1.2250000000000003,0.008289693333333334,1.2250000000000003,0.023691646666666667
4,1.2000000000000004,0.007373353333333333,1.2000000000000004,0.021316246666666667
5,1.1750000000000005,0.006404067333333333,1.1750000000000005,0.018901333333333332
6,1.1500000000000006,0.005463307333333334,1.1500000000000006,0.016474713333333335
7,1.1250000000000007,0.004515949333333333,1.1250000000000007,0.014067473333333334
8,1.1000000000000008,0.003613976,1.1000000000000008,0.01171694
9,1.0750000000000008,0.0027844853333333333,1.0750000000000008,0.009440926666666667
10,1.050000000000001,0.0020584913333333336,1.050000000000001,0.007266833333333334
11,1.025000000000001,0.0014588773333333333,1.025000000000001,0.005366970666666667
12,1.000000000000001,0.0009936533333333333,1.000000000000001,0.0033016253333333335
13,0.9750000000000012,0.0006636706666666666,0.9750000000000012,0.0014691486666666667
14,0.9500000000000013,0.00042645326666666664,0.9500000000000013,8.51038e-05
15,0.9250000000000014,0.00027816206666666664,0.9250000000000014,-0.0013826086666666665
16,0.9000000000000015,0.00018415353333333333,0.9000000000000015,-0.0032418993333333335
17,0.8750000000000016,0.00012380486666666666,0.8750000000000016,-0.004912652666666667
18,0.8500000000000016,8.427833333333333e-05,0.8500000000000016,-0.006538754
19,0.8250000000000017,5.783736e-05,0.8250000000000017,-0.007362919999999999
20,0.8000000000000018,3.981659333333333e-05,0.8000000000000018,-0.009240266666666667
21,0.7750000000000019,2.7960353333333335e-05,0.7750000000000019,-0.010876573333333334
22,0.750000000000002,1.9893173333333334e-05,0.750000000000002,-0.012409533333333334
23,0.7250000000000021,1.4388653333333335e-05,0.7250000000000021,-0.013837166666666668
24,0.7000000000000022,1.0608166666666666e-05,0.7000000000000022,-0.015153033333333335
25,0.6750000000000023,7.944286666666667e-06,0.6750000000000023,-0.016356366666666667
26,0.6500000000000024,6.8066e-06,0.6500000000000024,-0.01743670666666667
27,0.6250000000000024,4.836984e-06,0.6250000000000024,-0.018385306666666667
28,0.6000000000000025,3.6493826666666668e-06,0.6000000000000025,-0.0192056
29,0.5750000000000026,2.7417560000000002e-06,0.5750000000000026,-0.019943353333333334
30,0.5500000000000027,2.01312e-06,0.5500000000000027,-0.020529353333333333
31,0.5250000000000028,1.4084453333333335e-06,0.5250000000000028,-0.021045420000000002
32,0.5000000000000029,8.980766666666668e-07,0.5000000000000029,-0.0214716
33,0.475000000000003,4.6683900000000004e-07,0.475000000000003,-0.021827533333333336
34,0.45000000000000306,1.0136693333333333e-07,0.45000000000000306,-0.022151213333333333
35,0.42500000000000315,-2.0520893333333334e-07,0.42500000000000315,-0.022419293333333333
36,0.40000000000000324,-4.579878666666667e-07,0.40000000000000324,-0.022649293333333334
37,0.37500000000000333,-6.610393333333334e-07,0.37500000000000333,-0.022853826666666667
38,0.3500000000000034,-8.266213333333333e-07,0.3500000000000034,-0.02303608
39,0.3250000000000035,-9.551000000000002e-07,0.3250000000000035,-0.023189893333333333
40,0.3000000000000036,-1.050604e-06,0.3000000000000036,-0.02333978
41,0.2750000000000037,-1.1253393333333334e-06,0.2750000000000037,-0.02347456666666667
42,0.2500000000000038,-1.1787386666666667e-06,0.2500000000000038,-0.023610986666666667
43,0.22500000000000386,-1.1586473333333334e-06,0.22500000000000386,-0.02368492
44,0.20000000000000395,-1.236618e-06,0.20000000000000395,-0.02381172
45,0.17500000000000404,-1.2573473333333334e-06,0.17500000000000404,-0.023913246666666665
46,0.15000000000000413,-1.2705620000000002e-06,0.15000000000000413,-0.024009773333333335
47,0.12500000000000422,-1.279444e-06,0.12500000000000422,-0.02409656666666667
48,0.10000000000000431,-1.2848106666666667e-06,0.10000000000000431,-0.024176153333333335
49,0.0750000000000044,-1.287272e-06,0.0750000000000044,-0.024250606666666667
50,0.050000000000004485,-1.2903140000000001e-06,0.050000000000004485,-0.024320573333333335
51,0.025000000000004574,-1.2917153333333334e-06,0.025000000000004574,-0.02438444
52,4.6629367034256575e-15,-1.2817566666666667e-06,4.6629367034256575e-15,-0.02444688
53,-0.024999999999995248,-1.291218e-06,-0.024999999999995248,-0.02450022666666667
54,-0.04999999999999516,-1.2932393333333335e-06,-0.04999999999999516,-0.02455328
55,-0.07499999999999507,-1.2944613333333334e-06,-0.07499999999999507,-0.024609246666666668
56,-0.09999999999999498,-1.2972500000000002e-06,-0.09999999999999498,-0.02464914
57,-0.12499999999999489,-1.2994246666666667e-06,-0.12499999999999489,-0.0246916
58,-0.1499999999999948,-1.3018900000000001e-06,-0.1499999999999948,-0.0247307
59,-0.17499999999999472,-1.3059393333333334e-06,-0.17499999999999472,-0.024764026666666668
60,-0.19999999999999463,-1.2937366666666666e-06,-0.19999999999999463,-0.024798320000000002
61,-0.22499999999999454,-1.312148e-06,-0.22499999999999454,-0.024835966666666667
62,-0.24999999999999445,-1.3182113333333334e-06,-0.24999999999999445,-0.02486432
63,-0.27499999999999436,-1.3279546666666667e-06,-0.27499999999999436,-0.02489398
