,W3_2F_V_D,W3_2F_J_D,W3_2F_V_L,W3_2F_J_L
0,-0.3,-8.664673333333335e-07,-0.3,-0.025144353333333334
1,-0.27499999999999997,-2.9186433333333337e-07,-0.27499999999999997,-0.024985073333333333
2,-0.24999999999999994,-7.52472e-08,-0.24999999999999994,-0.02481876666666667
3,-0.22499999999999992,6.377354e-08,-0.22499999999999992,-0.024637873333333334
4,-0.1999999999999999,1.1655346666666669e-07,-0.1999999999999999,-0.024453660000000002
5,-0.17499999999999988,2.42792e-07,-0.17499999999999988,-0.024242486666666667
6,-0.14999999999999986,3.108534666666667e-07,-0.14999999999999986,-0.02402158
7,-0.12499999999999983,3.6679653333333335e-07,-0.12499999999999983,-0.0237778
8,-0.09999999999999981,4.142288666666667e-07,-0.09999999999999981,-0.023510933333333334
9,-0.07499999999999979,4.5758473333333337e-07,-0.07499999999999979,-0.02324412
10,-0.04999999999999977,4.5692233333333334e-07,-0.04999999999999977,-0.0229478
11,-0.024999999999999745,5.281828666666667e-07,-0.024999999999999745,-0.022630666666666667
12,2.7755575615628914e-16,5.524712666666667e-07,2.7755575615628914e-16,-0.02226912
13,0.0250000000000003,5.926257333333333e-07,0.0250000000000003,-0.02190432
14,0.05000000000000032,6.217752666666667e-07,0.05000000000000032,-0.021510533333333335
15,0.07500000000000034,6.519952e-07,0.07500000000000034,-0.02108418
16,0.10000000000000037,6.815853333333333e-07,0.10000000000000037,-0.020632346666666666
17,0.1250000000000004,7.10852e-07,0.1250000000000004,-0.020145346666666668
18,0.1500000000000004,7.4308e-07,0.1500000000000004,-0.019637653333333335
19,0.17500000000000043,7.752880000000001e-07,0.17500000000000043,-0.01910470666666667
20,0.20000000000000046,8.1096e-07,0.20000000000000046,-0.01853602
21,0.22500000000000048,8.299686666666667e-07,0.22500000000000048,-0.01792496
22,0.2500000000000005,8.842266666666667e-07,0.2500000000000005,-0.017313973333333336
23,0.2750000000000005,9.275633333333333e-07,0.2750000000000005,-0.01666472
24,0.30000000000000054,9.715246666666666e-07,0.30000000000000054,-0.015977966666666666
25,0.32500000000000057,1.0211913333333334e-06,0.32500000000000057,-0.015244339999999999
26,0.3500000000000006,1.0745006666666667e-06,0.3500000000000006,-0.014531006666666667
27,0.3750000000000006,1.1349793333333335e-06,0.3750000000000006,-0.01377506
28,0.40000000000000063,1.202542e-06,0.40000000000000063,-0.013003866666666667
29,0.42500000000000066,1.2830740000000002e-06,0.42500000000000066,-0.012201980000000001
30,0.4500000000000007,1.3823560000000002e-06,0.4500000000000007,-0.011389886666666666
31,0.4750000000000007,1.50843e-06,0.4750000000000007,-0.010572726666666667
32,0.5000000000000007,1.6730413333333333e-06,0.5000000000000007,-0.009734533333333333
33,0.5250000000000008,1.8969013333333334e-06,0.5250000000000008,-0.008898206666666667
34,0.5500000000000007,2.200018666666667e-06,0.5500000000000007,-0.008064286666666667
35,0.5750000000000008,2.632452666666667e-06,0.5750000000000008,-0.00724552
36,0.6000000000000008,3.255233333333333e-06,0.6000000000000008,-0.008001586666666666
37,0.6250000000000009,4.160604666666667e-06,0.6250000000000009,-0.00738636
38,0.6500000000000008,5.4882540000000005e-06,0.6500000000000008,-0.006416407333333334
39,0.6750000000000009,6.8142200000000005e-06,0.6750000000000009,-0.004824186
40,0.7000000000000008,1.0288326666666667e-05,0.7000000000000008,-0.003830188666666667
41,0.7250000000000008,1.4908026666666668e-05,0.7250000000000008,-0.002949156
42,0.7500000000000009,2.1867780000000003e-05,0.7500000000000009,-0.0021547393333333337
43,0.775000000000001,3.2441293333333335e-05,0.775000000000001,-0.00139358
44,0.8000000000000009,4.8459666666666666e-05,0.8000000000000009,-0.0015142713333333334
45,0.8250000000000008,6.999560000000001e-05,0.8250000000000008,-0.0009185506666666666
46,0.850000000000001,0.00010090166666666667,0.850000000000001,-0.00035863033333333335
47,0.8750000000000011,0.00015638046666666667,0.8750000000000011,0.0005263091333333334
48,0.900000000000001,0.00023091773333333335,0.900000000000001,0.0018252893333333335
49,0.9250000000000009,0.000332635,0.9250000000000009,0.0030118239999999998
50,0.9500000000000011,0.0004681552666666667,0.9500000000000011,0.004271199333333334
51,0.9750000000000012,0.0006437709333333334,0.9750000000000012,0.005650942666666667
52,1.000000000000001,0.0008793726666666667,1.000000000000001,0.006999826666666667
53,1.025000000000001,0.0011719173333333333,1.025000000000001,0.00845582
54,1.0500000000000012,0.0015081040000000001,1.0500000000000012,0.010401933333333334
55,1.0750000000000013,0.0018965273333333334,1.0750000000000013,0.012361506666666668
56,1.1000000000000012,0.0023343513333333337,1.1000000000000012,0.014402773333333334
57,1.125000000000001,0.002820798,1.125000000000001,0.016537026666666666
58,1.1500000000000012,0.0033495793333333333,1.1500000000000012,0.01873806
59,1.1750000000000014,0.003916755333333333,1.1750000000000014,0.020985386666666668
60,1.2000000000000013,0.004518688666666667,1.2000000000000013,0.02326888666666667
61,1.2250000000000012,0.005142334,1.2250000000000012,0.02556352
62,1.2500000000000013,0.005799743333333334,1.2500000000000013,0.027857233333333335
63,1.2750000000000015,0.006476883333333333,1.2750000000000015,0.030126753333333332
