,W3_2R_V_D,W3_2R_J_D,W3_2R_V_L,W3_2R_J_L
0,1.3,0.00949926,1.3,0.027992526666666667
1,1.2750000000000001,0.009313053333333333,1.2750000000000001,0.026348840000000002
2,1.2500000000000002,0.00875804,1.2500000000000002,0.024465993333333335
3,1.2250000000000003,0.008033493333333334,1.2250000000000003,0.022420600000000002
4,1.2000000000000004,0.007199026666666668,1.2000000000000004,0.020257340000000002
5,1.1750000000000005,0.006267788666666667,1.1750000000000005,0.01802026
6,1.1500000000000006,0.0054131073333333335,1.1500000000000006,0.01574212666666667
7,1.1250000000000007,0.004507616000000001,1.1250000000000007,0.013455893333333333
8,1.1000000000000008,0.0036484246666666667,1.1000000000000008,0.011203466666666667
9,1.0750000000000008,0.002872617333333333,1.0750000000000008,0.00899756
10,1.050000000000001,0.00220523,1.050000000000001,0.006864886666666666
11,1.025000000000001,0.0016623053333333334,1.025000000000001,0.004960798666666667
12,1.000000000000001,0.0012370766666666667,1.000000000000001,0.0028490593333333333
13,0.9750000000000012,0.000913718,0.9750000000000012,0.0009176393333333333
14,0.9500000000000013,0.0006672286666666667,0.9500000000000013,-0.0009377060000000001
15,0.9250000000000014,0.0004547129333333334,0.9250000000000014,-0.00275362
16,0.9000000000000015,0.00033328286666666667,0.9000000000000015,-0.004532777333333334
17,0.8750000000000016,0.00023502060000000002,0.8750000000000016,-0.006297250000000001
18,0.8500000000000016,0.000162461,0.8500000000000016,-0.007326559999999999
19,0.8250000000000017,0.000111114,0.8250000000000017,-0.00933904
20,0.8000000000000018,7.568346666666667e-05,0.8000000000000018,-0.01111754
21,0.7750000000000019,5.267732666666667e-05,0.7750000000000019,-0.012775706666666666
22,0.750000000000002,3.55948e-05,0.750000000000002,-0.01432236
23,0.7250000000000021,2.4237386666666667e-05,0.7250000000000021,-0.015754146666666666
24,0.7000000000000022,1.6478846666666668e-05,0.7000000000000022,-0.017055353333333335
25,0.6750000000000023,1.1090026666666666e-05,0.6750000000000023,-0.018242873333333336
26,0.6500000000000024,7.27878e-06,0.6500000000000024,-0.019306593333333334
27,0.6250000000000024,5.640766e-06,0.6250000000000024,-0.02021350666666667
28,0.6000000000000025,3.176954666666667e-06,0.6000000000000025,-0.021003553333333334
29,0.5750000000000026,1.7462780000000001e-06,0.5750000000000026,-0.021668586666666666
30,0.5500000000000027,8.035860000000001e-07,0.5500000000000027,-0.02222596
31,0.5250000000000028,1.3847373333333334e-07,0.5250000000000028,-0.02270204
32,0.5000000000000029,-3.447210666666667e-07,0.5000000000000029,-0.023086453333333333
33,0.475000000000003,-6.999226666666666e-07,0.475000000000003,-0.02339946
34,0.45000000000000306,-9.752966666666666e-07,0.45000000000000306,-0.02366106
35,0.42500000000000315,-1.1859020000000002e-06,0.42500000000000315,-0.023871506666666667
36,0.40000000000000324,-1.34968e-06,0.40000000000000324,-0.024043380000000003
37,0.37500000000000333,-1.473686e-06,0.37500000000000333,-0.02418130666666667
38,0.3500000000000034,-1.565908e-06,0.3500000000000034,-0.02429704666666667
39,0.3250000000000035,-1.636358e-06,0.3250000000000035,-0.024397440000000003
40,0.3000000000000036,-1.6801333333333334e-06,0.3000000000000036,-0.02447002
41,0.2750000000000037,-1.7098846666666666e-06,0.2750000000000037,-0.02453334
42,0.2500000000000038,-1.728366e-06,0.2500000000000038,-0.0245888
43,0.22500000000000386,-1.681136e-06,0.22500000000000386,-0.024618826666666666
44,0.20000000000000395,-1.7269566666666669e-06,0.20000000000000395,-0.024669513333333334
45,0.17500000000000404,-1.7261793333333333e-06,0.17500000000000404,-0.02470466
46,0.15000000000000413,-1.7223253333333336e-06,0.15000000000000413,-0.024735426666666668
47,0.12500000000000422,-1.7143400000000003e-06,0.12500000000000422,-0.024763446666666668
48,0.10000000000000431,-1.7045353333333334e-06,0.10000000000000431,-0.024790926666666668
49,0.0750000000000044,-1.6946386666666667e-06,0.0750000000000044,-0.02481650666666667
50,0.050000000000004485,-1.6839193333333335e-06,0.050000000000004485,-0.02484161333333333
51,0.025000000000004574,-1.672712e-06,0.025000000000004574,-0.024863606666666666
52,4.6629367034256575e-15,-1.6610353333333333e-06,4.6629367034256575e-15,-0.024890580000000002
53,-0.024999999999995248,-1.6525233333333332e-06,-0.024999999999995248,-0.024904366666666667
54,-0.04999999999999516,-1.6433186666666668e-06,-0.04999999999999516,-0.02492654
55,-0.07499999999999507,-1.6356046666666666e-06,-0.07499999999999507,-0.024945813333333334
56,-0.09999999999999498,-1.6277026666666668e-06,-0.09999999999999498,-0.024966926666666667
57,-0.12499999999999489,-1.6214826666666667e-06,-0.12499999999999489,-0.024982246666666666
58,-0.1499999999999948,-1.6148566666666665e-06,-0.1499999999999948,-0.02499608
59,-0.17499999999999472,-1.6093953333333334e-06,-0.17499999999999472,-0.02501086666666667
60,-0.19999999999999463,-1.5894986666666666e-06,-0.19999999999999463,-0.025025353333333333
61,-0.22499999999999454,-1.5956733333333335e-06,-0.22499999999999454,-0.02504138666666667
62,-0.24999999999999445,-1.5937953333333333e-06,-0.24999999999999445,-0.025056293333333333
63,-0.27499999999999436,-1.5920626666666667e-06,-0.27499999999999436,-0.0250685
