,W3_2R_V_D,W3_2R_J_D,W3_2R_V_L,W3_2R_J_L
0,1.3,0.013430533333333335,1.3,0.033339139999999996
1,1.2750000000000001,0.013498620000000001,1.2750000000000001,0.030704133333333338
2,1.2500000000000002,0.012631186666666667,1.2500000000000002,0.028025513333333335
3,1.2250000000000003,0.011455286666666668,1.2250000000000003,0.025289813333333334
4,1.2000000000000004,0.010151113333333333,1.2000000000000004,0.022527573333333335
5,1.1750000000000005,0.008800166666666668,1.1750000000000005,0.0197629
6,1.1500000000000006,0.0074501133333333336,1.1500000000000006,0.017020533333333334
7,1.1250000000000007,0.006138683333333334,1.1250000000000007,0.014330333333333334
8,1.1000000000000008,0.004911500666666666,1.1000000000000008,0.011722893333333333
9,1.0750000000000008,0.0037857273333333336,1.0750000000000008,0.00921976
10,1.050000000000001,0.002797352666666667,1.050000000000001,0.00683682
11,1.025000000000001,0.0019732860000000003,1.025000000000001,0.0048168180000000005
12,1.000000000000001,0.0013276853333333333,1.000000000000001,0.002586856666666667
13,0.9750000000000012,0.0008578866666666666,0.9750000000000012,0.0010525906666666667
14,0.9500000000000013,0.0005575173333333334,0.9500000000000013,-0.0010221213333333336
15,0.9250000000000014,0.00033839813333333337,0.9250000000000014,-0.0028225773333333333
16,0.9000000000000015,0.00021281446666666668,0.9000000000000015,-0.004543372666666667
17,0.8750000000000016,0.0001371002,0.8750000000000016,-0.006195060666666667
18,0.8500000000000016,9.061193333333334e-05,0.8500000000000016,-0.007046320000000001
19,0.8250000000000017,6.37864e-05,0.8250000000000017,-0.008970066666666667
20,0.8000000000000018,4.330576666666667e-05,0.8000000000000018,-0.01062726
21,0.7750000000000019,3.121631333333333e-05,0.7750000000000019,-0.012160520000000001
22,0.750000000000002,2.3334753333333333e-05,0.750000000000002,-0.013585280000000002
23,0.7250000000000021,1.8030540000000002e-05,0.7250000000000021,-0.014917633333333333
24,0.7000000000000022,1.4339739999999999e-05,0.7000000000000022,-0.016084233333333336
25,0.6750000000000023,1.1636686666666666e-05,0.6750000000000023,-0.017138013333333334
26,0.6500000000000024,9.554666666666668e-06,0.6500000000000024,-0.018074633333333333
27,0.6250000000000024,7.88082e-06,0.6250000000000024,-0.018902580000000002
28,0.6000000000000025,7.493233333333333e-06,0.6000000000000025,-0.019574773333333337
29,0.5750000000000026,6.19636e-06,0.5750000000000026,-0.02015822
30,0.5500000000000027,4.533114666666667e-06,0.5500000000000027,-0.020651153333333335
31,0.5250000000000028,3.516098e-06,0.5250000000000028,-0.0210796
32,0.5000000000000029,2.666808666666667e-06,0.5000000000000029,-0.02143750666666667
33,0.475000000000003,1.9342166666666668e-06,0.475000000000003,-0.021744026666666666
34,0.45000000000000306,1.3051186666666668e-06,0.45000000000000306,-0.022012653333333337
35,0.42500000000000315,7.660166666666668e-07,0.42500000000000315,-0.022252546666666668
36,0.40000000000000324,3.112642e-07,0.40000000000000324,-0.022464146666666667
37,0.37500000000000333,-7.0856e-08,0.37500000000000333,-0.022650080000000003
38,0.3500000000000034,-3.8195373333333334e-07,0.3500000000000034,-0.022823733333333335
39,0.3250000000000035,-6.370488e-07,0.3250000000000035,-0.022976306666666668
40,0.3000000000000036,-8.346313333333334e-07,0.3000000000000036,-0.0231455
41,0.2750000000000037,-9.901060000000002e-07,0.2750000000000037,-0.023265546666666668
42,0.2500000000000038,-1.1076473333333334e-06,0.2500000000000038,-0.023397693333333334
43,0.22500000000000386,-1.118048e-06,0.22500000000000386,-0.023485053333333335
44,0.20000000000000395,-1.2520673333333333e-06,0.20000000000000395,-0.0236247
45,0.17500000000000404,-1.3011300000000001e-06,0.17500000000000404,-0.02373428
46,0.15000000000000413,-1.3337906666666667e-06,0.15000000000000413,-0.023832286666666667
47,0.12500000000000422,-1.358404e-06,0.12500000000000422,-0.023927320000000002
48,0.10000000000000431,-1.3748686666666666e-06,0.10000000000000431,-0.02401534
49,0.0750000000000044,-1.3862666666666668e-06,0.0750000000000044,-0.02409790666666667
50,0.050000000000004485,-1.395186e-06,0.050000000000004485,-0.024176213333333335
51,0.025000000000004574,-1.4020453333333334e-06,0.025000000000004574,-0.02424364
52,4.6629367034256575e-15,-1.4053873333333335e-06,4.6629367034256575e-15,-0.024316300000000002
53,-0.024999999999995248,-1.4130033333333335e-06,-0.024999999999995248,-0.024382586666666668
54,-0.04999999999999516,-1.4192379999999999e-06,-0.04999999999999516,-0.02443242
55,-0.07499999999999507,-1.4256826666666668e-06,-0.07499999999999507,-0.0244842
56,-0.09999999999999498,-1.43324e-06,-0.09999999999999498,-0.02453704666666667
57,-0.12499999999999489,-1.4417166666666666e-06,-0.12499999999999489,-0.024584413333333333
58,-0.1499999999999948,-1.4509173333333335e-06,-0.1499999999999948,-0.024631046666666667
59,-0.17499999999999472,-1.4599106666666667e-06,-0.17499999999999472,-0.024669760000000002
60,-0.19999999999999463,-1.4595126666666668e-06,-0.19999999999999463,-0.024703633333333336
61,-0.22499999999999454,-1.4907653333333334e-06,-0.22499999999999454,-0.024744733333333335
62,-0.24999999999999445,-1.509756e-06,-0.24999999999999445,-0.024777300000000002
63,-0.27499999999999436,-1.53285e-06,-0.27499999999999436,-0.02481196
