,W3_2R_V_D,W3_2R_J_D,W3_2R_V_L,W3_2R_J_L
0,1.3,0.026124473333333335,1.3,0.03692959333333334
1,1.2750000000000001,0.027776106666666668,1.2750000000000001,0.036754840000000004
2,1.2500000000000002,0.027206680000000004,1.2500000000000002,0.035146173333333336
3,1.2250000000000003,0.025871026666666668,1.2250000000000003,0.03294432666666667
4,1.2000000000000004,0.024108253333333333,1.2000000000000004,0.030433653333333338
5,1.1750000000000005,0.02213782666666667,1.1750000000000005,0.027755953333333333
6,1.1500000000000006,0.020035400000000002,1.1500000000000006,0.024988760000000002
7,1.1250000000000007,0.017892573333333335,1.1250000000000007,0.022178873333333335
8,1.1000000000000008,0.015750780000000002,1.1000000000000008,0.019368873333333335
9,1.0750000000000008,0.013656093333333334,1.0750000000000008,0.016565926666666668
10,1.050000000000001,0.011644953333333334,1.050000000000001,0.013795873333333333
11,1.025000000000001,0.009742333333333334,1.025000000000001,0.011068546666666667
12,1.000000000000001,0.00798334,1.000000000000001,0.008399226666666667
13,0.9750000000000012,0.006160666,0.9750000000000012,0.005874441333333333
14,0.9500000000000013,0.004919672,0.9500000000000013,0.003250784666666667
15,0.9250000000000014,0.0037580566666666664,0.9250000000000014,0.0007647046666666667
16,0.9000000000000015,0.002780316666666667,0.9000000000000015,-0.00161877
17,0.8750000000000016,0.001998572666666667,0.8750000000000016,-0.0039093
18,0.8500000000000016,0.001401104,0.8500000000000016,-0.006092184666666667
19,0.8250000000000017,0.0009638493333333334,0.8250000000000017,-0.00755182
20,0.8000000000000018,0.0006635819333333334,0.8000000000000018,-0.009782313333333334
21,0.7750000000000019,0.0004443717333333334,0.7750000000000019,-0.01172376
22,0.750000000000002,0.0002994047333333333,0.750000000000002,-0.0134781
23,0.7250000000000021,0.00020265473333333335,0.7250000000000021,-0.015066180000000002
24,0.7000000000000022,0.00013758799999999998,0.7000000000000022,-0.016487906666666666
25,0.6750000000000023,9.295966666666667e-05,0.6750000000000023,-0.01776304
26,0.6500000000000024,6.481540000000001e-05,0.6500000000000024,-0.018898286666666667
27,0.6250000000000024,4.161462666666667e-05,0.6250000000000024,-0.019869726666666667
28,0.6000000000000025,2.687238666666667e-05,0.6000000000000025,-0.02071522666666667
29,0.5750000000000026,1.693254e-05,0.5750000000000026,-0.02144738666666667
30,0.5500000000000027,1.03525e-05,0.5500000000000027,-0.022078626666666667
31,0.5250000000000028,6.776566666666666e-06,0.5250000000000028,-0.022598133333333336
32,0.5000000000000029,3.7409946666666668e-06,0.5000000000000029,-0.023033766666666667
33,0.475000000000003,1.2026333333333333e-06,0.475000000000003,-0.023393073333333333
34,0.45000000000000306,-1.832268e-07,0.45000000000000306,-0.02369426
35,0.42500000000000315,-1.079954e-06,0.42500000000000315,-0.02393962
36,0.40000000000000324,-1.6860720000000001e-06,0.40000000000000324,-0.024139133333333333
37,0.37500000000000333,-2.102698e-06,0.37500000000000333,-0.0243034
38,0.3500000000000034,-2.383302666666667e-06,0.3500000000000034,-0.02443586
39,0.3250000000000035,-2.5775226666666668e-06,0.3250000000000035,-0.02454778666666667
40,0.3000000000000036,-2.704229333333333e-06,0.3000000000000036,-0.02463578666666667
41,0.2750000000000037,-2.783024e-06,0.2750000000000037,-0.02471128666666667
42,0.2500000000000038,-2.8305966666666666e-06,0.2500000000000038,-0.024771293333333333
43,0.22500000000000386,-2.772608e-06,0.22500000000000386,-0.02481746
44,0.20000000000000395,-2.8185713333333334e-06,0.20000000000000395,-0.02486406
45,0.17500000000000404,-2.8044953333333336e-06,0.17500000000000404,-0.024900040000000002
46,0.15000000000000413,-2.772976666666667e-06,0.15000000000000413,-0.024929553333333333
47,0.12500000000000422,-2.731999333333333e-06,0.12500000000000422,-0.02495398
48,0.10000000000000431,-2.685739333333333e-06,0.10000000000000431,-0.02497358
49,0.0750000000000044,-2.637070666666667e-06,0.0750000000000044,-0.024991073333333332
50,0.050000000000004485,-2.5862206666666667e-06,0.050000000000004485,-0.025004673333333335
51,0.025000000000004574,-2.5393753333333337e-06,0.025000000000004574,-0.025012973333333334
52,4.6629367034256575e-15,-2.490598666666667e-06,4.6629367034256575e-15,-0.02502108
53,-0.024999999999995248,-2.4505446666666667e-06,-0.024999999999995248,-0.025027826666666666
54,-0.04999999999999516,-2.4124973333333335e-06,-0.04999999999999516,-0.02503064
55,-0.07499999999999507,-2.3785266666666667e-06,-0.07499999999999507,-0.02503866
56,-0.09999999999999498,-2.3498193333333334e-06,-0.09999999999999498,-0.02504712666666667
57,-0.12499999999999489,-2.3249786666666667e-06,-0.12499999999999489,-0.025051433333333335
58,-0.1499999999999948,-2.3028533333333333e-06,-0.1499999999999948,-0.02505646
59,-0.17499999999999472,-2.286244666666667e-06,-0.17499999999999472,-0.0250644
60,-0.19999999999999463,-2.2507113333333335e-06,-0.19999999999999463,-0.025067113333333335
61,-0.22499999999999454,-2.2532413333333335e-06,-0.22499999999999454,-0.025076806666666666
62,-0.24999999999999445,-2.2483700000000004e-06,-0.24999999999999445,-0.02508354
63,-0.27499999999999436,-2.2488193333333334e-06,-0.27499999999999436,-0.025094066666666668
