,W3_2R_V_D,W3_2R_J_D,W3_2R_V_L,W3_2R_J_L
0,1.3,0.03938456666666667,1.3,0.05808494666666667
1,1.2750000000000001,0.04523386,1.2750000000000001,0.05765246000000001
2,1.2500000000000002,0.04551695333333334,1.2500000000000002,0.055214733333333335
3,1.2250000000000003,0.04404150666666667,1.2250000000000003,0.05212378
4,1.2000000000000004,0.04173862,1.2000000000000004,0.04871988666666666
5,1.1750000000000005,0.03901624,1.1750000000000005,0.045157420000000004
6,1.1500000000000006,0.03606206666666666,1.1500000000000006,0.04150122
7,1.1250000000000007,0.03300812,1.1250000000000007,0.03780676
8,1.1000000000000008,0.029889326666666667,1.1000000000000008,0.034110926666666666
9,1.0750000000000008,0.026786640000000004,1.0750000000000008,0.030419366666666666
10,1.050000000000001,0.023734453333333332,1.050000000000001,0.02675952666666667
11,1.025000000000001,0.020756566666666667,1.025000000000001,0.023149753333333332
12,1.000000000000001,0.017908386666666668,1.000000000000001,0.01959938
13,0.9750000000000012,0.015198846666666667,0.9750000000000012,0.016126613333333335
14,0.9500000000000013,0.012668793333333333,0.9500000000000013,0.012741333333333334
15,0.9250000000000014,0.01034138,0.9250000000000014,0.009460726666666667
16,0.9000000000000015,0.008251333333333334,0.9000000000000015,0.006406747333333333
17,0.8750000000000016,0.006298252666666667,0.8750000000000016,0.0032752473333333334
18,0.8500000000000016,0.004820046666666667,0.8500000000000016,0.0005836516
19,0.8250000000000017,0.0035698373333333333,0.8250000000000017,-0.0020444
20,0.8000000000000018,0.002575708,0.8000000000000018,-0.0048397073333333335
21,0.7750000000000019,0.0018220913333333332,0.7750000000000019,-0.006818886666666666
22,0.750000000000002,0.0012704146666666668,0.750000000000002,-0.009338486666666666
23,0.7250000000000021,0.0008787413333333334,0.7250000000000021,-0.01149404
24,0.7000000000000022,0.0006136340666666667,0.7000000000000022,-0.013419673333333333
25,0.6750000000000023,0.0004145188666666667,0.6750000000000023,-0.015119780000000001
26,0.6500000000000024,0.000282802,0.6500000000000024,-0.01662238666666667
27,0.6250000000000024,0.000192989,0.6250000000000024,-0.017938120000000002
28,0.6000000000000025,0.00013295173333333334,0.6000000000000025,-0.019069246666666668
29,0.5750000000000026,9.068953333333333e-05,0.5750000000000026,-0.020055453333333334
30,0.5500000000000027,6.397656666666666e-05,0.5500000000000027,-0.020895746666666666
31,0.5250000000000028,4.363860666666667e-05,0.5250000000000028,-0.02159708
32,0.5000000000000029,3.098194666666667e-05,0.5000000000000029,-0.02218538
33,0.475000000000003,2.2778093333333332e-05,0.475000000000003,-0.022672613333333334
34,0.45000000000000306,1.6619853333333334e-05,0.45000000000000306,-0.023073686666666666
35,0.42500000000000315,1.2259553333333333e-05,0.42500000000000315,-0.023403020000000004
36,0.40000000000000324,9.045753333333334e-06,0.40000000000000324,-0.023674633333333334
37,0.37500000000000333,6.699280000000001e-06,0.37500000000000333,-0.02390522
38,0.3500000000000034,5.3153773333333335e-06,0.3500000000000034,-0.024084180000000004
39,0.3250000000000035,3.361682e-06,0.3250000000000035,-0.02423524666666667
40,0.3000000000000036,2.1693820000000003e-06,0.3000000000000036,-0.02436084666666667
41,0.2750000000000037,1.3104226666666669e-06,0.2750000000000037,-0.024473333333333333
42,0.2500000000000038,7.691626666666668e-07,0.2500000000000038,-0.024556980000000003
43,0.22500000000000386,2.0889593333333334e-07,0.22500000000000386,-0.024623000000000003
44,0.20000000000000395,-2.9826533333333335e-07,0.20000000000000395,-0.02469092
45,0.17500000000000404,-6.81572e-07,0.17500000000000404,-0.024741640000000002
46,0.15000000000000413,-7.393786666666667e-07,0.15000000000000413,-0.02478442
47,0.12500000000000422,-1.2864913333333334e-06,0.12500000000000422,-0.024820186666666667
48,0.10000000000000431,-1.504914e-06,0.10000000000000431,-0.024847546666666668
49,0.0750000000000044,-1.6145640000000002e-06,0.0750000000000044,-0.024867893333333335
50,0.050000000000004485,-1.8165713333333333e-06,0.050000000000004485,-0.024885346666666665
51,0.025000000000004574,-1.9769173333333335e-06,0.025000000000004574,-0.024896793333333334
52,4.6629367034256575e-15,-2.1004126666666664e-06,4.6629367034256575e-15,-0.024901986666666667
53,-0.024999999999995248,-2.2508833333333336e-06,-0.024999999999995248,-0.024906866666666666
54,-0.04999999999999516,-2.384456666666667e-06,-0.04999999999999516,-0.024911333333333334
55,-0.07499999999999507,-2.6759886666666667e-06,-0.07499999999999507,-0.024906193333333333
56,-0.09999999999999498,-2.6445940000000003e-06,-0.09999999999999498,-0.024907346666666667
57,-0.12499999999999489,-3.0801026666666667e-06,-0.12499999999999489,-0.024904513333333336
58,-0.1499999999999948,-3.042824e-06,-0.1499999999999948,-0.02491150666666667
59,-0.17499999999999472,-3.268733333333333e-06,-0.17499999999999472,-0.02490822666666667
60,-0.19999999999999463,-3.336006666666667e-06,-0.19999999999999463,-0.02491106
61,-0.22499999999999454,-3.204594e-06,-0.22499999999999454,-0.02492052
62,-0.24999999999999445,-3.389e-06,-0.24999999999999445,-0.024930826666666666
63,-0.27499999999999436,-3.61091e-06,-0.27499999999999436,-0.024941233333333337
