,W3_2F_V_D,W3_2F_J_D,W3_2F_V_L,W3_2F_J_L
0,-0.3,-1.1738986666666667e-06,-0.3,-0.025216346666666667
1,-0.27499999999999997,-4.780398666666667e-07,-0.27499999999999997,-0.025180253333333333
2,-0.24999999999999994,-1.884008e-07,-0.24999999999999994,-0.025131173333333333
3,-0.22499999999999992,-1.252802e-09,-0.22499999999999992,-0.025069173333333337
4,-0.1999999999999999,9.265673333333334e-08,-0.1999999999999999,-0.024991733333333332
5,-0.17499999999999988,2.406574666666667e-07,-0.17499999999999988,-0.024893946666666666
6,-0.14999999999999986,3.320290666666667e-07,-0.14999999999999986,-0.024784926666666665
7,-0.12499999999999983,4.079259333333334e-07,-0.12499999999999983,-0.024649200000000003
8,-0.09999999999999981,4.7306853333333336e-07,-0.09999999999999981,-0.024505000000000002
9,-0.07499999999999979,5.318290666666667e-07,-0.07499999999999979,-0.02433504666666667
10,-0.04999999999999977,5.843586e-07,-0.04999999999999977,-0.024146313333333332
11,-0.024999999999999745,6.315559333333333e-07,-0.024999999999999745,-0.023946953333333333
12,2.7755575615628914e-16,6.686673333333333e-07,2.7755575615628914e-16,-0.023714013333333332
13,0.0250000000000003,7.18762e-07,0.0250000000000003,-0.023451026666666666
14,0.05000000000000032,7.58756e-07,0.05000000000000032,-0.02317104
15,0.07500000000000034,7.977613333333333e-07,0.07500000000000034,-0.02286982
16,0.10000000000000037,8.375440000000001e-07,0.10000000000000037,-0.022545586666666666
17,0.1250000000000004,8.758253333333334e-07,0.1250000000000004,-0.022195453333333334
18,0.1500000000000004,9.136986666666667e-07,0.1500000000000004,-0.021821353333333335
19,0.17500000000000043,9.343300000000001e-07,0.17500000000000043,-0.021415733333333336
20,0.20000000000000046,9.921326666666667e-07,0.20000000000000046,-0.0209645
21,0.22500000000000048,1.0174873333333334e-06,0.22500000000000048,-0.02050942
22,0.2500000000000005,1.0743966666666668e-06,0.2500000000000005,-0.02002410666666667
23,0.2750000000000005,1.120266e-06,0.2750000000000005,-0.019479906666666668
24,0.30000000000000054,1.1682633333333335e-06,0.30000000000000054,-0.018923433333333333
25,0.32500000000000057,1.2215353333333335e-06,0.32500000000000057,-0.01830232
26,0.3500000000000006,1.2779180000000002e-06,0.3500000000000006,-0.01764324
27,0.3750000000000006,1.3436806666666667e-06,0.3750000000000006,-0.01694174
28,0.40000000000000063,1.4195320000000002e-06,0.40000000000000063,-0.01618366666666667
29,0.42500000000000066,1.5087393333333334e-06,0.42500000000000066,-0.015386913333333335
30,0.4500000000000007,1.619188e-06,0.4500000000000007,-0.014559553333333333
31,0.4750000000000007,1.756658e-06,0.4750000000000007,-0.013680573333333333
32,0.5000000000000007,1.929728666666667e-06,0.5000000000000007,-0.012757093333333334
33,0.5250000000000008,2.1579606666666668e-06,0.5250000000000008,-0.01178422
34,0.5500000000000007,2.452342666666667e-06,0.5500000000000007,-0.010819266666666667
35,0.5750000000000008,2.844334e-06,0.5750000000000008,-0.00981864
36,0.6000000000000008,3.3741886666666666e-06,0.6000000000000008,-0.00879578
37,0.6250000000000009,4.092726666666667e-06,0.6250000000000009,-0.007771206666666667
38,0.6500000000000008,5.088762e-06,0.6500000000000008,-0.006725453333333334
39,0.6750000000000009,6.496300666666667e-06,0.6750000000000009,-0.006687466666666667
40,0.7000000000000008,8.612586666666667e-06,0.7000000000000008,-0.0051026280000000005
41,0.7250000000000008,1.1821706666666668e-05,0.7250000000000008,-0.003917097333333334
42,0.7500000000000009,1.629434666666667e-05,0.7500000000000009,-0.002859976666666667
43,0.775000000000001,2.3011813333333334e-05,0.775000000000001,-0.001846622
44,0.8000000000000009,3.324192666666667e-05,0.8000000000000009,-0.0008458986666666666
45,0.8250000000000008,4.886822e-05,0.8250000000000008,-0.0004537348
46,0.850000000000001,7.624206666666667e-05,0.850000000000001,0.0006999666666666666
47,0.8750000000000011,0.00011127326666666667,0.8750000000000011,0.0013178006666666668
48,0.900000000000001,0.0001643256,0.900000000000001,0.002741326
49,0.9250000000000009,0.00023993513333333332,0.9250000000000009,0.0040359666666666665
50,0.9500000000000011,0.00034404646666666666,0.9500000000000011,0.0053727566666666665
51,0.9750000000000012,0.00048179893333333333,0.9750000000000012,0.006778766666666667
52,1.000000000000001,0.0006579266000000001,1.000000000000001,0.0077139266666666675
53,1.025000000000001,0.0009467186666666668,1.025000000000001,0.009475953333333334
54,1.0500000000000012,0.0012143393333333334,1.0500000000000012,0.01119268
55,1.0750000000000013,0.0015368566666666668,1.0750000000000013,0.01295866
56,1.1000000000000012,0.001907508,1.1000000000000012,0.0147656
57,1.125000000000001,0.0023239886666666667,1.125000000000001,0.016625193333333333
58,1.1500000000000012,0.0027881113333333334,1.1500000000000012,0.01851176666666667
59,1.1750000000000014,0.0032992200000000003,1.1750000000000014,0.020421500000000002
60,1.2000000000000013,0.003856133333333333,1.2000000000000013,0.022330593333333336
61,1.2250000000000012,0.004461414,1.2250000000000012,0.024238886666666667
62,1.2500000000000013,0.005119344666666667,1.2500000000000013,0.026133893333333335
63,1.2750000000000015,0.005828666666666667,1.2750000000000015,0.028012613333333332
