,W3_2R_V_D,W3_2R_J_D,W3_2R_V_L,W3_2R_J_L
0,1.3,0.04566032666666667,1.3,0.06431666000000001
1,1.2750000000000001,0.05107581333333333,1.2750000000000001,0.06354706666666667
2,1.2500000000000002,0.05099224666666667,1.2500000000000002,0.060814106666666666
3,1.2250000000000003,0.049206466666666664,1.2250000000000003,0.05746163333333333
4,1.2000000000000004,0.046639980000000004,1.2000000000000004,0.05383199333333334
5,1.1750000000000005,0.0436708,1.1750000000000005,0.05005640666666667
6,1.1500000000000006,0.04049174666666667,1.1500000000000006,0.04620275333333333
7,1.1250000000000007,0.037204553333333334,1.1250000000000007,0.04230606666666667
8,1.1000000000000008,0.03388056666666667,1.1000000000000008,0.03841866
9,1.0750000000000008,0.03055494666666667,1.0750000000000008,0.03453648
10,1.050000000000001,0.02727246666666667,1.050000000000001,0.030689726666666667
11,1.025000000000001,0.02406976666666667,1.025000000000001,0.026889933333333334
12,1.000000000000001,0.02097828666666667,1.000000000000001,0.023150553333333334
13,0.9750000000000012,0.01800922,0.9750000000000012,0.019486366666666668
14,0.9500000000000013,0.015211900000000002,0.9500000000000013,0.015908866666666667
15,0.9250000000000014,0.012611686666666667,0.9250000000000014,0.012429573333333332
16,0.9000000000000015,0.01023556,0.9000000000000015,0.009069086666666667
17,0.8750000000000016,0.00811618,0.8750000000000016,0.005965732666666667
18,0.8500000000000016,0.006171966,0.8500000000000016,0.0027669746666666665
19,0.8250000000000017,0.0046788586666666665,0.8250000000000017,0.0001302820666666667
20,0.8000000000000018,0.00343985,0.8000000000000018,-0.0026552733333333333
21,0.7750000000000019,0.00246978,0.7750000000000019,-0.005470071333333334
22,0.750000000000002,0.0017384340000000003,0.750000000000002,-0.007474186666666668
23,0.7250000000000021,0.0012064593333333334,0.7250000000000021,-0.009979166666666667
24,0.7000000000000022,0.0008302993333333333,0.7000000000000022,-0.012100073333333334
25,0.6750000000000023,0.0005755863333333334,0.6750000000000023,-0.013978766666666668
26,0.6500000000000024,0.0003842285333333333,0.6500000000000024,-0.015635100000000002
27,0.6250000000000024,0.00025896640000000004,0.6250000000000024,-0.017087566666666665
28,0.6000000000000025,0.00017478873333333334,0.6000000000000025,-0.01834854
29,0.5750000000000026,0.00011888426666666666,0.5750000000000026,-0.01942704
30,0.5500000000000027,8.16762e-05,0.5500000000000027,-0.020353866666666668
31,0.5250000000000028,5.8699886666666665e-05,0.5250000000000028,-0.021137713333333332
32,0.5000000000000029,4.0670606666666666e-05,0.5000000000000029,-0.021790280000000002
33,0.475000000000003,2.9727746666666665e-05,0.475000000000003,-0.022327720000000002
34,0.45000000000000306,2.2106633333333336e-05,0.45000000000000306,-0.02277542
35,0.42500000000000315,1.6579466666666666e-05,0.42500000000000315,-0.023152426666666667
36,0.40000000000000324,1.2831633333333334e-05,0.40000000000000324,-0.023446433333333332
37,0.37500000000000333,9.970340000000001e-06,0.37500000000000333,-0.02369716666666667
38,0.3500000000000034,7.549760000000001e-06,0.3500000000000034,-0.023905766666666668
39,0.3250000000000035,6.214218666666667e-06,0.3250000000000035,-0.024074806666666667
40,0.3000000000000036,4.412377333333333e-06,0.3000000000000036,-0.02422034
41,0.2750000000000037,3.225524e-06,0.2750000000000037,-0.024343033333333333
42,0.2500000000000038,2.0067086666666667e-06,0.2500000000000038,-0.02444366
43,0.22500000000000386,1.3008686666666668e-06,0.22500000000000386,-0.024518113333333334
44,0.20000000000000395,7.325920000000001e-07,0.20000000000000395,-0.02459504666666667
45,0.17500000000000404,1.772412e-07,0.17500000000000404,-0.024656626666666667
46,0.15000000000000413,-3.1772720000000003e-07,0.15000000000000413,-0.024706146666666668
47,0.12500000000000422,-7.723393333333334e-07,0.12500000000000422,-0.024746113333333333
48,0.10000000000000431,-1.0800853333333334e-06,0.10000000000000431,-0.02478316666666667
49,0.0750000000000044,-1.3814566666666668e-06,0.0750000000000044,-0.02480530666666667
50,0.050000000000004485,-1.6687113333333334e-06,0.050000000000004485,-0.024822313333333335
51,0.025000000000004574,-1.8704753333333332e-06,0.025000000000004574,-0.024835973333333334
52,4.6629367034256575e-15,-2.021894e-06,4.6629367034256575e-15,-0.02484778
53,-0.024999999999995248,-2.1959573333333332e-06,-0.024999999999995248,-0.02484862666666667
54,-0.04999999999999516,-2.3488513333333333e-06,-0.04999999999999516,-0.024847479999999998
55,-0.07499999999999507,-2.538066666666667e-06,-0.07499999999999507,-0.024846466666666667
56,-0.09999999999999498,-2.616684666666667e-06,-0.09999999999999498,-0.024844993333333336
57,-0.12499999999999489,-2.80206e-06,-0.12499999999999489,-0.024844093333333334
58,-0.1499999999999948,-2.946498e-06,-0.1499999999999948,-0.024846886666666665
59,-0.17499999999999472,-3.5564173333333338e-06,-0.17499999999999472,-0.024846113333333336
60,-0.19999999999999463,-3.4897613333333336e-06,-0.19999999999999463,-0.02484872
61,-0.22499999999999454,-4.574936e-06,-0.22499999999999454,-0.024862986666666666
62,-0.24999999999999445,-5.341370666666667e-06,-0.24999999999999445,-0.02487228666666667
63,-0.27499999999999436,-5.117678666666667e-06,-0.27499999999999436,-0.024882013333333335
