,W3_2R_V_D,W3_2R_J_D,W3_2R_V_L,W3_2R_J_L
0,1.3,0.009203166666666667,1.3,0.028346200000000002
1,1.2750000000000001,0.008943300000000001,1.2750000000000001,0.026605766666666666
2,1.2500000000000002,0.008370366666666667,1.2500000000000002,0.024664373333333333
3,1.2250000000000003,0.007650693333333333,1.2250000000000003,0.022578066666666667
4,1.2000000000000004,0.006834446666666667,1.2000000000000004,0.02038556
5,1.1750000000000005,0.00593983,1.1750000000000005,0.018125366666666667
6,1.1500000000000006,0.005091307333333334,1.1500000000000006,0.015831026666666668
7,1.1250000000000007,0.00420899,1.1250000000000007,0.013530060000000002
8,1.1000000000000008,0.0033690906666666667,1.1000000000000008,0.011274000000000001
9,1.0750000000000008,0.0026062293333333334,1.0750000000000008,0.009065286666666667
10,1.050000000000001,0.0019509953333333334,1.050000000000001,0.0069357
11,1.025000000000001,0.0014226266666666667,1.025000000000001,0.005052256
12,1.000000000000001,0.0010194713333333333,1.000000000000001,0.002964141333333333
13,0.9750000000000012,0.0007259386666666667,0.9750000000000012,0.0010705046666666669
14,0.9500000000000013,0.0004913915333333334,0.9500000000000013,-0.0007392646666666666
15,0.9250000000000014,0.0003563418666666667,0.9250000000000014,-0.0025096233333333335
16,0.9000000000000015,0.0002532384666666667,0.9000000000000015,-0.004231760666666667
17,0.8750000000000016,0.00017761193333333333,0.8750000000000016,-0.005940084666666666
18,0.8500000000000016,0.00012296326666666666,0.8500000000000016,-0.006887773333333334
19,0.8250000000000017,8.442173333333333e-05,0.8250000000000017,-0.008882993333333334
20,0.8000000000000018,5.767249333333333e-05,0.8000000000000018,-0.010641433333333334
21,0.7750000000000019,3.952576666666667e-05,0.7750000000000019,-0.012290333333333334
22,0.750000000000002,2.7187066666666666e-05,0.750000000000002,-0.013836300000000001
23,0.7250000000000021,1.8754853333333334e-05,0.7250000000000021,-0.015277160000000001
24,0.7000000000000022,1.296142e-05,0.7000000000000022,-0.016594326666666666
25,0.6750000000000023,8.913933333333335e-06,0.6750000000000023,-0.017801326666666666
26,0.6500000000000024,7.45604e-06,0.6500000000000024,-0.018890853333333332
27,0.6250000000000024,5.3534720000000006e-06,0.6250000000000024,-0.019822913333333334
28,0.6000000000000025,3.25143e-06,0.6000000000000025,-0.020632460000000002
29,0.5750000000000026,2.0534673333333336e-06,0.5750000000000026,-0.02132816666666667
30,0.5500000000000027,1.2209773333333334e-06,0.5500000000000027,-0.0219056
31,0.5250000000000028,6.143006e-07,0.5250000000000028,-0.022398993333333332
32,0.5000000000000029,1.5142733333333334e-07,0.5000000000000029,-0.02280159333333333
33,0.475000000000003,-2.0509220000000003e-07,0.475000000000003,-0.02313058
34,0.45000000000000306,-5.045774e-07,0.45000000000000306,-0.023402660000000002
35,0.42500000000000315,-7.388566666666668e-07,0.42500000000000315,-0.023625313333333335
36,0.40000000000000324,-9.301093333333335e-07,0.40000000000000324,-0.023808266666666668
37,0.37500000000000333,-1.0827886666666666e-06,0.37500000000000333,-0.023958773333333336
38,0.3500000000000034,-1.2013113333333335e-06,0.3500000000000034,-0.02408102
39,0.3250000000000035,-1.2910040000000001e-06,0.3250000000000035,-0.02419316666666667
40,0.3000000000000036,-1.3577680000000001e-06,0.3000000000000036,-0.0242736
41,0.2750000000000037,-1.4061926666666667e-06,0.2750000000000037,-0.02434664
42,0.2500000000000038,-1.4390813333333334e-06,0.2500000000000038,-0.02440920666666667
43,0.22500000000000386,-1.4075053333333333e-06,0.22500000000000386,-0.024447660000000003
44,0.20000000000000395,-1.4656473333333334e-06,0.20000000000000395,-0.024511633333333335
45,0.17500000000000404,-1.478488e-06,0.17500000000000404,-0.02455888666666667
46,0.15000000000000413,-1.4809493333333333e-06,0.15000000000000413,-0.024601753333333334
47,0.12500000000000422,-1.4790506666666667e-06,0.12500000000000422,-0.02463868666666667
48,0.10000000000000431,-1.4770753333333335e-06,0.10000000000000431,-0.024676633333333333
49,0.0750000000000044,-1.4726673333333334e-06,0.0750000000000044,-0.024711533333333334
50,0.050000000000004485,-1.4665293333333334e-06,0.050000000000004485,-0.024742453333333334
51,0.025000000000004574,-1.4617593333333334e-06,0.025000000000004574,-0.024775553333333335
52,4.6629367034256575e-15,-1.4538106666666667e-06,4.6629367034256575e-15,-0.024806906666666666
53,-0.024999999999995248,-1.4489920000000002e-06,-0.024999999999995248,-0.02483328
54,-0.04999999999999516,-1.4444393333333335e-06,-0.04999999999999516,-0.024858953333333333
55,-0.07499999999999507,-1.4391513333333334e-06,-0.07499999999999507,-0.024886286666666667
56,-0.09999999999999498,-1.4394973333333334e-06,-0.09999999999999498,-0.024911326666666667
57,-0.12499999999999489,-1.4364813333333334e-06,-0.12499999999999489,-0.024930626666666667
58,-0.1499999999999948,-1.4338300000000001e-06,-0.1499999999999948,-0.024952540000000002
59,-0.17499999999999472,-1.431928e-06,-0.17499999999999472,-0.024973473333333333
60,-0.19999999999999463,-1.4145686666666666e-06,-0.19999999999999463,-0.02499008
61,-0.22499999999999454,-1.421916e-06,-0.22499999999999454,-0.025009653333333336
62,-0.24999999999999445,-1.4239693333333334e-06,-0.24999999999999445,-0.025026706666666666
63,-0.27499999999999436,-1.4210426666666668e-06,-0.27499999999999436,-0.025043306666666668
