,W3_2F_V_D,W3_2F_J_D,W3_2F_V_L,W3_2F_J_L
0,-0.3,-1.078866e-06,-0.3,-0.025209440000000003
1,-0.27499999999999997,-4.133136666666667e-07,-0.27499999999999997,-0.025156886666666666
2,-0.24999999999999994,-1.466592e-07,-0.24999999999999994,-0.025091826666666667
3,-0.22499999999999992,2.5900553333333334e-08,-0.22499999999999992,-0.025010573333333334
4,-0.1999999999999999,1.0399960000000001e-07,-0.1999999999999999,-0.024913086666666667
5,-0.17499999999999988,2.4812753333333334e-07,-0.17499999999999988,-0.024796906666666667
6,-0.14999999999999986,3.3110173333333333e-07,-0.14999999999999986,-0.024665073333333336
7,-0.12499999999999983,4.0020326666666674e-07,-0.12499999999999983,-0.024510266666666666
8,-0.09999999999999981,4.6008446666666673e-07,-0.09999999999999981,-0.02435316666666667
9,-0.07499999999999979,5.131714e-07,-0.07499999999999979,-0.02416916666666667
10,-0.04999999999999977,5.608751333333334e-07,-0.04999999999999977,-0.02396128
11,-0.024999999999999745,6.047954666666667e-07,-0.024999999999999745,-0.023726753333333336
12,2.7755575615628914e-16,6.062405333333334e-07,2.7755575615628914e-16,-0.023502473333333333
13,0.0250000000000003,6.809493333333333e-07,0.0250000000000003,-0.023218233333333334
14,0.05000000000000032,7.201386666666667e-07,0.05000000000000032,-0.022930866666666667
15,0.07500000000000034,7.568586666666667e-07,0.07500000000000034,-0.022610833333333333
16,0.10000000000000037,7.931906666666667e-07,0.10000000000000037,-0.022268813333333335
17,0.1250000000000004,8.295666666666667e-07,0.1250000000000004,-0.02190392
18,0.1500000000000004,8.660926666666666e-07,0.1500000000000004,-0.021511440000000003
19,0.17500000000000043,8.815540000000001e-07,0.17500000000000043,-0.021094606666666665
20,0.20000000000000046,9.393906666666668e-07,0.20000000000000046,-0.020627366666666667
21,0.22500000000000048,9.6246e-07,0.22500000000000048,-0.020157706666666667
22,0.2500000000000005,1.017988e-06,0.2500000000000005,-0.019659746666666665
23,0.2750000000000005,1.0626573333333332e-06,0.2750000000000005,-0.019123453333333335
24,0.30000000000000054,1.1078500000000001e-06,0.30000000000000054,-0.01855550666666667
25,0.32500000000000057,1.1588406666666668e-06,0.32500000000000057,-0.01791728
26,0.3500000000000006,1.2135726666666669e-06,0.3500000000000006,-0.017249493333333334
27,0.3750000000000006,1.2748520000000002e-06,0.3750000000000006,-0.016537193333333335
28,0.40000000000000063,1.3469746666666666e-06,0.40000000000000063,-0.0157831
29,0.42500000000000066,1.4315953333333334e-06,0.42500000000000066,-0.014991386666666667
30,0.4500000000000007,1.5357006666666667e-06,0.4500000000000007,-0.0141563
31,0.4750000000000007,1.666394e-06,0.4750000000000007,-0.013286606666666667
32,0.5000000000000007,1.833616e-06,0.5000000000000007,-0.012379286666666668
33,0.5250000000000008,2.050636e-06,0.5250000000000008,-0.011415206666666667
34,0.5500000000000007,2.337750666666667e-06,0.5500000000000007,-0.0104662
35,0.5750000000000008,2.7233040000000004e-06,0.5750000000000008,-0.009481073333333333
36,0.6000000000000008,3.2434253333333333e-06,0.6000000000000008,-0.008484626666666667
37,0.6250000000000009,3.957100666666667e-06,0.6250000000000009,-0.0074860000000000005
38,0.6500000000000008,4.957019333333334e-06,0.6500000000000008,-0.008213273333333333
39,0.6750000000000009,6.381416e-06,0.6750000000000009,-0.007515680000000001
40,0.7000000000000008,8.231653333333334e-06,0.7000000000000008,-0.00631238
41,0.7250000000000008,1.161996e-05,0.7250000000000008,-0.004573552666666667
42,0.7500000000000009,1.6297913333333334e-05,0.7500000000000009,-0.003330706666666667
43,0.775000000000001,2.341162666666667e-05,0.775000000000001,-0.0022287726666666667
44,0.8000000000000009,3.4369513333333336e-05,0.8000000000000009,-0.0011907853333333334
45,0.8250000000000008,5.1239260000000007e-05,0.8250000000000008,-0.0012060053333333334
46,0.850000000000001,7.673293333333335e-05,0.850000000000001,-0.00014202680000000001
47,0.8750000000000011,0.00011583886666666667,0.8750000000000011,0.0007117653333333333
48,0.900000000000001,0.00017305853333333336,0.900000000000001,0.002177640666666667
49,0.9250000000000009,0.0002540034,0.9250000000000009,0.0034895540000000006
50,0.9500000000000011,0.00036419466666666667,0.9500000000000011,0.004837032
51,0.9750000000000012,0.0005090177333333334,0.9750000000000012,0.006259496
52,1.000000000000001,0.0007265266666666667,1.000000000000001,0.007261393333333334
53,1.025000000000001,0.0009645306666666668,1.025000000000001,0.00906898
54,1.0500000000000012,0.0012475280000000001,1.0500000000000012,0.0108406
55,1.0750000000000013,0.001576332,1.0750000000000013,0.012671706666666668
56,1.1000000000000012,0.0019472733333333336,1.1000000000000012,0.014552460000000001
57,1.125000000000001,0.002364888,1.125000000000001,0.0164976
58,1.1500000000000012,0.0028228673333333333,1.1500000000000012,0.018478973333333336
59,1.1750000000000014,0.0033212393333333337,1.1750000000000014,0.020483106666666667
60,1.2000000000000013,0.0038555860000000003,1.2000000000000013,0.022497673333333336
61,1.2250000000000012,0.004427366,1.2250000000000012,0.02451282
62,1.2500000000000013,0.0050393113333333335,1.2500000000000013,0.026506846666666667
63,1.2750000000000015,0.005688373333333334,1.2750000000000015,0.02847990666666667
