,W3_2R_V_D,W3_2R_J_D,W3_2R_V_L,W3_2R_J_L
0,1.3,0.05509150666666667,1.3,0.07746246666666667
1,1.2750000000000001,0.05953047333333334,1.2750000000000001,0.07413
2,1.2500000000000002,0.058902626666666666,1.2500000000000002,0.07028453333333334
3,1.2250000000000003,0.05673023333333334,1.2250000000000003,0.06627876
4,1.2000000000000004,0.053862346666666665,1.2000000000000004,0.06222640000000001
5,1.1750000000000005,0.05062283333333333,1.1750000000000005,0.058043540000000005
6,1.1500000000000006,0.047191406666666665,1.1500000000000006,0.05382965333333333
7,1.1250000000000007,0.04364884666666667,1.1250000000000007,0.049621493333333336
8,1.1000000000000008,0.040080533333333335,1.1000000000000008,0.04544413333333333
9,1.0750000000000008,0.03649761333333334,1.0750000000000008,0.041288693333333334
10,1.050000000000001,0.032957153333333336,1.050000000000001,0.03717802666666667
11,1.025000000000001,0.02947102,1.025000000000001,0.03312012
12,1.000000000000001,0.02608402,1.000000000000001,0.029124793333333336
13,0.9750000000000012,0.022797306666666666,0.9750000000000012,0.025202593333333332
14,0.9500000000000013,0.0196558,0.9500000000000013,0.021364426666666665
15,0.9250000000000014,0.01668672666666667,0.9250000000000014,0.017620853333333332
16,0.9000000000000015,0.013911260000000002,0.9000000000000015,0.013985059999999999
17,0.8750000000000016,0.011367053333333333,0.8750000000000016,0.010464540000000001
18,0.8500000000000016,0.00907922,0.8500000000000016,0.007081540000000001
19,0.8250000000000017,0.007073986666666666,0.8250000000000017,0.004015509333333334
20,0.8000000000000018,0.005298987333333334,0.8000000000000018,0.0008097846666666667
21,0.7750000000000019,0.003930090000000001,0.7750000000000019,-0.002125866
22,0.750000000000002,0.0028419453333333334,0.750000000000002,-0.004855877333333334
23,0.7250000000000021,0.0020106813333333334,0.7250000000000021,-0.0068500266666666676
24,0.7000000000000022,0.001400524,0.7000000000000022,-0.009423240000000001
25,0.6750000000000023,0.0009623926666666668,0.6750000000000023,-0.011619599999999999
26,0.6500000000000024,0.0006605018,0.6500000000000024,-0.013554453333333334
27,0.6250000000000024,0.0004387047333333334,0.6250000000000024,-0.01525864
28,0.6000000000000025,0.00029498213333333336,0.6000000000000025,-0.016747266666666667
29,0.5750000000000026,0.0001993332666666667,0.5750000000000026,-0.018028826666666668
30,0.5500000000000027,0.00013635933333333333,0.5500000000000027,-0.019135626666666666
31,0.5250000000000028,9.547100000000001e-05,0.5250000000000028,-0.02007694
32,0.5000000000000029,6.883773333333334e-05,0.5000000000000029,-0.020879393333333333
33,0.475000000000003,5.254690666666667e-05,0.475000000000003,-0.021524666666666668
34,0.45000000000000306,3.940592e-05,0.45000000000000306,-0.022070213333333335
35,0.42500000000000315,3.0194660000000005e-05,0.42500000000000315,-0.022526706666666667
36,0.40000000000000324,2.352774e-05,0.40000000000000324,-0.022894173333333333
37,0.37500000000000333,1.9347380000000002e-05,0.37500000000000333,-0.02321204
38,0.3500000000000034,1.6343140000000002e-05,0.3500000000000034,-0.023474513333333332
39,0.3250000000000035,1.3462193333333334e-05,0.3250000000000035,-0.023692733333333334
40,0.3000000000000036,1.1338e-05,0.3000000000000036,-0.023876673333333334
41,0.2750000000000037,9.38652e-06,0.2750000000000037,-0.024031840000000002
42,0.2500000000000038,7.5775133333333336e-06,0.2500000000000038,-0.024163446666666668
43,0.22500000000000386,6.667526666666667e-06,0.22500000000000386,-0.024259593333333333
44,0.20000000000000395,4.61581e-06,0.20000000000000395,-0.024361666666666667
45,0.17500000000000404,2.887822666666667e-06,0.17500000000000404,-0.02444544666666667
46,0.15000000000000413,1.5944820000000003e-06,0.15000000000000413,-0.02450296
47,0.12500000000000422,8.723526666666666e-07,0.12500000000000422,-0.02455568
48,0.10000000000000431,1.6802606666666668e-07,0.10000000000000431,-0.02459948
49,0.0750000000000044,-6.762046666666667e-07,0.0750000000000044,-0.024628586666666667
50,0.050000000000004485,-1.1112213333333333e-06,0.050000000000004485,-0.02465288666666667
51,0.025000000000004574,-1.6307700000000001e-06,0.025000000000004574,-0.024668680000000002
52,4.6629367034256575e-15,-2.207488e-06,4.6629367034256575e-15,-0.024676106666666666
53,-0.024999999999995248,-2.595168e-06,-0.024999999999995248,-0.02467986
54,-0.04999999999999516,-3.0089520000000003e-06,-0.04999999999999516,-0.024680953333333335
55,-0.07499999999999507,-3.60401e-06,-0.07499999999999507,-0.02467632
56,-0.09999999999999498,-4.429336e-06,-0.09999999999999498,-0.024677873333333336
57,-0.12499999999999489,-5.481757333333334e-06,-0.12499999999999489,-0.024674666666666668
58,-0.1499999999999948,-5.558476666666667e-06,-0.1499999999999948,-0.024681846666666667
59,-0.17499999999999472,-5.6207893333333335e-06,-0.17499999999999472,-0.02468158
60,-0.19999999999999463,-6.8173866666666665e-06,-0.19999999999999463,-0.024681453333333336
61,-0.22499999999999454,-5.994670666666666e-06,-0.22499999999999454,-0.0246986
62,-0.24999999999999445,-6.9331533333333345e-06,-0.24999999999999445,-0.02470674
63,-0.27499999999999436,-5.603754666666667e-06,-0.27499999999999436,-0.024729166666666667
