,W3_2R_V_D,W3_2R_J_D,W3_2R_V_L,W3_2R_J_L
0,1.3,0.010174313333333334,1.3,0.03034364
1,1.2750000000000001,0.009756973333333334,1.2750000000000001,0.028277506666666667
2,1.2500000000000002,0.009051666666666668,1.2500000000000002,0.026081973333333335
3,1.2250000000000003,0.008212246666666667,1.2250000000000003,0.02378316
4,1.2000000000000004,0.0073019800000000004,1.2000000000000004,0.021414526666666666
5,1.1750000000000005,0.0063433326666666665,1.1750000000000005,0.019007780000000002
6,1.1500000000000006,0.005414871333333333,1.1500000000000006,0.016588146666666668
7,1.1250000000000007,0.004483308666666666,1.1250000000000007,0.014187326666666668
8,1.1000000000000008,0.003597735333333333,1.1000000000000008,0.01184372
9,1.0750000000000008,0.0027830133333333336,1.0750000000000008,0.009574046666666667
10,1.050000000000001,0.0020676893333333333,1.050000000000001,0.007406566666666668
11,1.025000000000001,0.001473474,1.025000000000001,0.005511818000000001
12,1.000000000000001,0.001007826,1.000000000000001,0.003458774
13,0.9750000000000012,0.000667004,0.9750000000000012,0.0016382533333333335
14,0.9500000000000013,0.0004390606666666667,0.9500000000000013,0.00041389366666666667
15,0.9250000000000014,0.00027844940000000003,0.9250000000000014,-0.0011480433333333334
16,0.9000000000000015,0.0001814316,0.9000000000000015,-0.0029929360000000003
17,0.8750000000000016,0.00012041880000000001,0.8750000000000016,-0.004643306666666667
18,0.8500000000000016,8.120780000000001e-05,0.8500000000000016,-0.006247656
19,0.8250000000000017,5.591178666666667e-05,0.8250000000000017,-0.007053026666666668
20,0.8000000000000018,3.8308339999999997e-05,0.8000000000000018,-0.008919340000000001
21,0.7750000000000019,2.698752666666667e-05,0.7750000000000019,-0.010549673333333334
22,0.750000000000002,1.9320260000000003e-05,0.750000000000002,-0.012060113333333334
23,0.7250000000000021,1.4081333333333334e-05,0.7250000000000021,-0.013482386666666669
24,0.7000000000000022,1.0481973333333335e-05,0.7000000000000022,-0.014792480000000002
25,0.6750000000000023,7.9331e-06,0.6750000000000023,-0.015991673333333335
26,0.6500000000000024,6.8231800000000005e-06,0.6500000000000024,-0.01706748666666667
27,0.6250000000000024,4.910622e-06,0.6250000000000024,-0.018025266666666668
28,0.6000000000000025,3.7446460000000005e-06,0.6000000000000025,-0.018880546666666668
29,0.5750000000000026,2.8470173333333334e-06,0.5750000000000026,-0.019581913333333333
30,0.5500000000000027,2.127368666666667e-06,0.5500000000000027,-0.02019194666666667
31,0.5250000000000028,1.517548e-06,0.5250000000000028,-0.020715193333333336
32,0.5000000000000029,1.0083220000000001e-06,0.5000000000000029,-0.021154233333333335
33,0.475000000000003,5.74948e-07,0.475000000000003,-0.021542786666666668
34,0.45000000000000306,2.1459653333333332e-07,0.45000000000000306,-0.02187224
35,0.42500000000000315,-9.068646666666667e-08,0.42500000000000315,-0.02214628
36,0.40000000000000324,-3.4248013333333334e-07,0.40000000000000324,-0.02239996666666667
37,0.37500000000000333,-5.447047333333334e-07,0.37500000000000333,-0.02261984666666667
38,0.3500000000000034,-7.0607e-07,0.3500000000000034,-0.02281824
39,0.3250000000000035,-8.307406666666667e-07,0.3250000000000035,-0.022995460000000002
40,0.3000000000000036,-9.252293333333333e-07,0.3000000000000036,-0.02315486
41,0.2750000000000037,-9.97218e-07,0.2750000000000037,-0.0233182
42,0.2500000000000038,-1.0511666666666666e-06,0.2500000000000038,-0.023444173333333335
43,0.22500000000000386,-1.0316093333333334e-06,0.22500000000000386,-0.023538133333333336
44,0.20000000000000395,-1.1083106666666668e-06,0.20000000000000395,-0.023682233333333337
45,0.17500000000000404,-1.1286020000000001e-06,0.17500000000000404,-0.023791846666666668
46,0.15000000000000413,-1.1418566666666668e-06,0.15000000000000413,-0.02389398666666667
47,0.12500000000000422,-1.1510893333333335e-06,0.12500000000000422,-0.023988500000000003
48,0.10000000000000431,-1.15616e-06,0.10000000000000431,-0.024071873333333334
49,0.0750000000000044,-1.1599906666666667e-06,0.0750000000000044,-0.024154853333333334
50,0.050000000000004485,-1.1628913333333334e-06,0.050000000000004485,-0.024235013333333333
51,0.025000000000004574,-1.163916e-06,0.025000000000004574,-0.02430534666666667
52,4.6629367034256575e-15,-1.1639193333333334e-06,4.6629367034256575e-15,-0.024372473333333335
53,-0.024999999999995248,-1.1669793333333334e-06,-0.024999999999995248,-0.024433753333333336
54,-0.04999999999999516,-1.1479933333333334e-06,-0.04999999999999516,-0.02449738
55,-0.07499999999999507,-1.1691066666666668e-06,-0.07499999999999507,-0.02454590666666667
56,-0.09999999999999498,-1.1720033333333334e-06,-0.09999999999999498,-0.024596200000000002
57,-0.12499999999999489,-1.1741886666666667e-06,-0.12499999999999489,-0.02464258
58,-0.1499999999999948,-1.1784986666666669e-06,-0.1499999999999948,-0.02469196
59,-0.17499999999999472,-1.1827966666666667e-06,-0.17499999999999472,-0.024725673333333333
60,-0.19999999999999463,-1.1703706666666668e-06,-0.19999999999999463,-0.024758813333333334
61,-0.22499999999999454,-1.188708e-06,-0.22499999999999454,-0.024796973333333333
62,-0.24999999999999445,-1.1983126666666668e-06,-0.24999999999999445,-0.0248317
63,-0.27499999999999436,-1.2075426666666667e-06,-0.27499999999999436,-0.02486308666666667
