,W3_2R_V_D,W3_2R_J_D,W3_2R_V_L,W3_2R_J_L
0,1.3,0.020623540000000003,1.3,0.032886740000000005
1,1.2750000000000001,0.02176674,1.2750000000000001,0.03219672666666667
2,1.2500000000000002,0.02125695333333333,1.2500000000000002,0.03051582666666667
3,1.2250000000000003,0.0201404,1.2250000000000003,0.028393733333333337
4,1.2000000000000004,0.018686033333333334,1.2000000000000004,0.026038553333333332
5,1.1750000000000005,0.01706018,1.1750000000000005,0.023552773333333336
6,1.1500000000000006,0.015342366666666668,1.1500000000000006,0.02100014
7,1.1250000000000007,0.01358916,1.1250000000000007,0.01842344666666667
8,1.1000000000000008,0.01186662,1.1000000000000008,0.01585978
9,1.0750000000000008,0.01018174,1.0750000000000008,0.013314353333333336
10,1.050000000000001,0.008588966666666666,1.050000000000001,0.0108094
11,1.025000000000001,0.0070972200000000004,1.025000000000001,0.008346826666666668
12,1.000000000000001,0.0054769580000000005,1.000000000000001,0.006040504
13,0.9750000000000012,0.004447125333333334,0.9750000000000012,0.0035906813333333332
14,0.9500000000000013,0.003439426666666667,0.9500000000000013,0.001274874
15,0.9250000000000014,0.0025734193333333336,0.9250000000000014,-0.000965262
16,0.9000000000000015,0.0018700306666666667,0.9000000000000015,-0.0031289806666666667
17,0.8750000000000016,0.0013223446666666668,0.8750000000000016,-0.005217248000000001
18,0.8500000000000016,0.0009142386666666668,0.8500000000000016,-0.006998706666666667
19,0.8250000000000017,0.000623633,0.8250000000000017,-0.0085062
20,0.8000000000000018,0.00041894986666666666,0.8000000000000018,-0.010602513333333334
21,0.7750000000000019,0.000280911,0.7750000000000019,-0.012419580000000001
22,0.750000000000002,0.0001884112,0.750000000000002,-0.014062660000000001
23,0.7250000000000021,0.00012648893333333335,0.7250000000000021,-0.015553260000000001
24,0.7000000000000022,8.47772e-05,0.7000000000000022,-0.016887353333333334
25,0.6750000000000023,5.908712000000001e-05,0.6750000000000023,-0.01809174
26,0.6500000000000024,3.736192666666667e-05,0.6500000000000024,-0.019154960000000002
27,0.6250000000000024,2.368904666666667e-05,0.6250000000000024,-0.02008194666666667
28,0.6000000000000025,1.4583846666666668e-05,0.6000000000000025,-0.0208863
29,0.5750000000000026,8.532346666666667e-06,0.5750000000000026,-0.02158364
30,0.5500000000000027,5.815628000000001e-06,0.5500000000000027,-0.022182253333333336
31,0.5250000000000028,2.4604040000000003e-06,0.5250000000000028,-0.022672853333333336
32,0.5000000000000029,6.473364666666667e-07,0.5000000000000029,-0.023088393333333335
33,0.475000000000003,-4.792693333333333e-07,0.475000000000003,-0.023435726666666667
34,0.45000000000000306,-1.2144933333333333e-06,0.45000000000000306,-0.02372562
35,0.42500000000000315,-1.6962600000000001e-06,0.42500000000000315,-0.023953373333333337
36,0.40000000000000324,-2.023412666666667e-06,0.40000000000000324,-0.02414476
37,0.37500000000000333,-2.241155333333333e-06,0.37500000000000333,-0.024302853333333336
38,0.3500000000000034,-2.386080666666667e-06,0.3500000000000034,-0.02443150666666667
39,0.3250000000000035,-2.4800013333333333e-06,0.3250000000000035,-0.02453736
40,0.3000000000000036,-2.53459e-06,0.3000000000000036,-0.024624526666666667
41,0.2750000000000037,-2.562970666666667e-06,0.2750000000000037,-0.02469602666666667
42,0.2500000000000038,-2.566910666666667e-06,0.2500000000000038,-0.024754253333333334
43,0.22500000000000386,-2.4863046666666666e-06,0.22500000000000386,-0.024802933333333336
44,0.20000000000000395,-2.5104046666666665e-06,0.20000000000000395,-0.024848053333333335
45,0.17500000000000404,-2.482396e-06,0.17500000000000404,-0.024884
46,0.15000000000000413,-2.445202e-06,0.15000000000000413,-0.0249118
47,0.12500000000000422,-2.40338e-06,0.12500000000000422,-0.02493948666666667
48,0.10000000000000431,-2.3615886666666667e-06,0.10000000000000431,-0.02495842666666667
49,0.0750000000000044,-2.3193120000000003e-06,0.0750000000000044,-0.024971013333333333
50,0.050000000000004485,-2.276724e-06,0.050000000000004485,-0.024983880000000003
51,0.025000000000004574,-2.240002666666667e-06,0.025000000000004574,-0.024994786666666668
52,4.6629367034256575e-15,-2.201758666666667e-06,4.6629367034256575e-15,-0.02500302
53,-0.024999999999995248,-2.167782e-06,-0.024999999999995248,-0.025008746666666668
54,-0.04999999999999516,-2.14191e-06,-0.04999999999999516,-0.025016346666666668
55,-0.07499999999999507,-2.1161993333333335e-06,-0.07499999999999507,-0.025022373333333334
56,-0.09999999999999498,-2.0942820000000004e-06,-0.09999999999999498,-0.025032266666666667
57,-0.12499999999999489,-2.0747013333333336e-06,-0.12499999999999489,-0.02503950666666667
58,-0.1499999999999948,-2.057686e-06,-0.1499999999999948,-0.025047053333333336
59,-0.17499999999999472,-2.043786666666667e-06,-0.17499999999999472,-0.025057273333333335
60,-0.19999999999999463,-2.0125553333333334e-06,-0.19999999999999463,-0.025062793333333333
61,-0.22499999999999454,-2.0148333333333336e-06,-0.22499999999999454,-0.025073146666666667
62,-0.24999999999999445,-2.0087233333333335e-06,-0.24999999999999445,-0.025084126666666668
63,-0.27499999999999436,-2.003734e-06,-0.27499999999999436,-0.025093866666666666
