,W3_2F_V_D,W3_2F_J_D,W3_2F_V_L,W3_2F_J_L
0,-0.3,-8.660046666666666e-07,-0.3,-0.025171693333333335
1,-0.27499999999999997,-2.8835300000000004e-07,-0.27499999999999997,-0.025037373333333335
2,-0.24999999999999994,-7.136453333333333e-08,-0.24999999999999994,-0.0248938
3,-0.22499999999999992,6.81552e-08,-0.22499999999999992,-0.024733486666666665
4,-0.1999999999999999,1.2284246666666668e-07,-0.1999999999999999,-0.02456636
5,-0.17499999999999988,2.47095e-07,-0.17499999999999988,-0.024373966666666667
6,-0.14999999999999986,3.13679e-07,-0.14999999999999986,-0.024164653333333334
7,-0.12499999999999983,3.693195333333334e-07,-0.12499999999999983,-0.023943566666666666
8,-0.09999999999999981,4.1712653333333335e-07,-0.09999999999999981,-0.02369262
9,-0.07499999999999979,4.593473333333333e-07,-0.07499999999999979,-0.02343994
10,-0.04999999999999977,4.973744e-07,-0.04999999999999977,-0.023160033333333333
11,-0.024999999999999745,5.317823333333334e-07,-0.024999999999999745,-0.0228612
12,2.7755575615628914e-16,5.202131333333334e-07,2.7755575615628914e-16,-0.022519133333333333
13,0.0250000000000003,5.917741333333334e-07,0.0250000000000003,-0.02217176666666667
14,0.05000000000000032,6.227848666666666e-07,0.05000000000000032,-0.021797666666666667
15,0.07500000000000034,6.514090000000001e-07,0.07500000000000034,-0.02138708666666667
16,0.10000000000000037,6.818126666666667e-07,0.10000000000000037,-0.020958233333333333
17,0.1250000000000004,7.117186666666667e-07,0.1250000000000004,-0.02049110666666667
18,0.1500000000000004,7.416266666666667e-07,0.1500000000000004,-0.020004213333333333
19,0.17500000000000043,7.506846666666667e-07,0.17500000000000043,-0.01948328666666667
20,0.20000000000000046,8.065566666666668e-07,0.20000000000000046,-0.01894132
21,0.22500000000000048,8.26568e-07,0.22500000000000048,-0.018347473333333336
22,0.2500000000000005,8.780053333333335e-07,0.2500000000000005,-0.017750000000000002
23,0.2750000000000005,9.189500000000001e-07,0.2750000000000005,-0.017121960000000002
24,0.30000000000000054,9.607853333333335e-07,0.30000000000000054,-0.01644606666666667
25,0.32500000000000057,1.008096e-06,0.32500000000000057,-0.01572446
26,0.3500000000000006,1.0586033333333333e-06,0.3500000000000006,-0.015023733333333334
27,0.3750000000000006,1.1145853333333332e-06,0.3750000000000006,-0.014266846666666668
28,0.40000000000000063,1.1793513333333334e-06,0.40000000000000063,-0.01349928
29,0.42500000000000066,1.256818e-06,0.42500000000000066,-0.012688893333333335
30,0.4500000000000007,1.3503673333333333e-06,0.4500000000000007,-0.0118695
31,0.4750000000000007,1.4724486666666666e-06,0.4750000000000007,-0.011037326666666666
32,0.5000000000000007,1.6275093333333335e-06,0.5000000000000007,-0.010185653333333334
33,0.5250000000000008,1.837086e-06,0.5250000000000008,-0.00932426
34,0.5500000000000007,2.1272633333333335e-06,0.5500000000000007,-0.008462286666666667
35,0.5750000000000008,2.532066e-06,0.5750000000000008,-0.007599400000000001
36,0.6000000000000008,3.110006e-06,0.6000000000000008,-0.006744293333333333
37,0.6250000000000009,3.944991333333334e-06,0.6250000000000009,-0.0069169999999999995
38,0.6500000000000008,5.162510000000001e-06,0.6500000000000008,-0.005404524
39,0.6750000000000009,6.932026666666667e-06,0.6750000000000009,-0.004442299333333333
40,0.7000000000000008,8.949306666666667e-06,0.7000000000000008,-0.0035904226666666665
41,0.7250000000000008,1.35489e-05,0.7250000000000008,-0.0027826513333333333
42,0.7500000000000009,1.9893693333333333e-05,0.7500000000000009,-0.0019972733333333335
43,0.775000000000001,2.950366666666667e-05,0.775000000000001,-0.0012348966666666668
44,0.8000000000000009,4.414484666666667e-05,0.8000000000000009,-0.001400174
45,0.8250000000000008,6.62274e-05,0.8250000000000008,-0.0005333002
46,0.850000000000001,9.293806666666666e-05,0.850000000000001,0.0006435092000000001
47,0.8750000000000011,0.00014418713333333333,0.8750000000000011,0.0011453126666666666
48,0.900000000000001,0.00021382333333333332,0.900000000000001,0.002410292666666667
49,0.9250000000000009,0.000309742,0.9250000000000009,0.0035849946666666665
50,0.9500000000000011,0.00043699860000000006,0.9500000000000011,0.004837338666666667
51,0.9750000000000012,0.0006025039333333334,0.9750000000000012,0.0062049033333333335
52,1.000000000000001,0.0008265433333333335,1.000000000000001,0.0072595666666666675
53,1.025000000000001,0.0011024293333333334,1.025000000000001,0.009052486666666667
54,1.0500000000000012,0.001420226,1.0500000000000012,0.010843026666666667
55,1.0750000000000013,0.001786922,1.0750000000000013,0.012722
56,1.1000000000000012,0.0021994266666666667,1.1000000000000012,0.014679253333333333
57,1.125000000000001,0.0026595733333333337,1.125000000000001,0.016717813333333335
58,1.1500000000000012,0.0031603940000000004,1.1500000000000012,0.018815746666666668
59,1.1750000000000014,0.003696828,1.1750000000000014,0.020943833333333335
60,1.2000000000000013,0.004265421333333333,1.2000000000000013,0.023098200000000003
61,1.2250000000000012,0.004862265333333333,1.2250000000000012,0.025256340000000002
62,1.2500000000000013,0.005484557333333334,1.2500000000000013,0.02740702
63,1.2750000000000015,0.006132106,1.2750000000000015,0.029528986666666666
