,W3_2F_V_D,W3_2F_J_D,W3_2F_V_L,W3_2F_J_L
0,-0.3,-2.0387240000000003e-06,-0.3,-0.02525906
1,-0.27499999999999997,-1.2464133333333333e-06,-0.27499999999999997,-0.025226826666666667
2,-0.24999999999999994,-9.538993333333334e-07,-0.24999999999999994,-0.0251643
3,-0.22499999999999992,-7.40656e-07,-0.22499999999999992,-0.02504638
4,-0.1999999999999999,-6.294159333333334e-07,-0.1999999999999999,-0.02488230666666667
5,-0.17499999999999988,-4.0480726666666667e-07,-0.17499999999999988,-0.02466900666666667
6,-0.14999999999999986,-2.4845140000000003e-07,-0.14999999999999986,-0.024432393333333333
7,-0.12499999999999983,-9.5846e-08,-0.12499999999999983,-0.0241733
8,-0.09999999999999981,5.661718666666667e-08,-0.09999999999999981,-0.02389996
9,-0.07499999999999979,1.95896e-07,-0.07499999999999979,-0.023610873333333334
10,-0.04999999999999977,3.742998e-07,-0.04999999999999977,-0.02331294
11,-0.024999999999999745,5.468801333333333e-07,-0.024999999999999745,-0.023004653333333333
12,2.7755575615628914e-16,6.825e-07,2.7755575615628914e-16,-0.022698620000000003
13,0.0250000000000003,9.262373333333333e-07,0.0250000000000003,-0.02235448666666667
14,0.05000000000000032,1.146288e-06,0.05000000000000032,-0.022007166666666668
15,0.07500000000000034,1.3815646666666668e-06,0.07500000000000034,-0.02162662666666667
16,0.10000000000000037,1.6353539999999998e-06,0.10000000000000037,-0.021261166666666668
17,0.1250000000000004,1.8999913333333335e-06,0.1250000000000004,-0.02085722
18,0.1500000000000004,2.1717173333333333e-06,0.1500000000000004,-0.020417633333333334
19,0.17500000000000043,2.4447353333333335e-06,0.17500000000000043,-0.019960813333333334
20,0.20000000000000046,2.7160993333333334e-06,0.20000000000000046,-0.01945642666666667
21,0.22500000000000048,2.969278666666667e-06,0.22500000000000048,-0.018920953333333334
22,0.2500000000000005,3.258178666666667e-06,0.2500000000000005,-0.01834946
23,0.2750000000000005,3.53758e-06,0.2750000000000005,-0.017734546666666667
24,0.30000000000000054,3.837157333333333e-06,0.30000000000000054,-0.017081173333333335
25,0.32500000000000057,4.197308e-06,0.32500000000000057,-0.01637992666666667
26,0.3500000000000006,4.639304666666667e-06,0.3500000000000006,-0.01565826
27,0.3750000000000006,5.239038e-06,0.3750000000000006,-0.014888126666666666
28,0.40000000000000063,6.108222e-06,0.40000000000000063,-0.014068593333333334
29,0.42500000000000066,7.4767200000000005e-06,0.42500000000000066,-0.013255193333333333
30,0.4500000000000007,1.019128e-05,0.4500000000000007,-0.012407913333333334
31,0.4750000000000007,1.3699433333333333e-05,0.4750000000000007,-0.011526900000000001
32,0.5000000000000007,1.9253033333333334e-05,0.5000000000000007,-0.010595026666666667
33,0.5250000000000008,3.436656e-05,0.5250000000000008,-0.00967924
34,0.5500000000000007,5.036174666666667e-05,0.5500000000000007,-0.008719320000000001
35,0.5750000000000008,8.873420000000001e-05,0.5750000000000008,-0.007730253333333334
36,0.6000000000000008,0.00012246206666666667,0.6000000000000008,-0.00671512
37,0.6250000000000009,0.00018198173333333335,0.6250000000000009,-0.007842273333333333
38,0.6500000000000008,0.0002689695333333333,0.6500000000000008,-0.006635542
39,0.6750000000000009,0.00039943553333333335,0.6750000000000009,-0.004673660666666667
40,0.7000000000000008,0.0008018560000000001,0.7000000000000008,-0.003026958666666667
41,0.7250000000000008,0.0010645706666666667,0.7250000000000008,-0.0014030493333333333
42,0.7500000000000009,0.0014883846666666667,0.7500000000000009,-0.00025792766666666667
43,0.775000000000001,0.002104582,0.775000000000001,0.001394022
44,0.8000000000000009,0.0029560486666666665,0.8000000000000009,0.003807476666666667
45,0.8250000000000008,0.004080842,0.8250000000000008,0.006187807333333334
46,0.850000000000001,0.005516131333333334,0.850000000000001,0.008665720000000002
47,0.8750000000000011,0.008761773333333334,0.8750000000000011,0.01151944
48,0.900000000000001,0.01051084,0.900000000000001,0.014479113333333335
49,0.9250000000000009,0.012908653333333334,0.9250000000000009,0.01761724666666667
50,0.9500000000000011,0.01570514,0.9500000000000011,0.02094024666666667
51,0.9750000000000012,0.018809213333333335,0.9750000000000012,0.024431533333333335
52,1.000000000000001,0.022195653333333336,1.000000000000001,0.028086753333333332
53,1.025000000000001,0.025779053333333333,1.025000000000001,0.03188353333333334
54,1.0500000000000012,0.029619926666666664,1.0500000000000012,0.03581376666666666
55,1.0750000000000013,0.033613413333333335,1.0750000000000013,0.03986406666666667
56,1.1000000000000012,0.037742740000000004,1.1000000000000012,0.04399304
57,1.125000000000001,0.041964706666666664,1.125000000000001,0.04824938
58,1.1500000000000012,0.04634892666666667,1.1500000000000012,0.052577200000000004
59,1.1750000000000014,0.05080688666666667,1.1750000000000014,0.05698600666666667
60,1.2000000000000013,0.055353493333333344,1.2000000000000013,0.06145421333333334
61,1.2250000000000012,0.059950406666666664,1.2250000000000012,0.06598548000000001
62,1.2500000000000013,0.06461736666666668,1.2500000000000013,0.07133673333333333
63,1.2750000000000015,0.07079833333333334,1.2750000000000015,0.07572086666666666
