,W3_2R_V_D,W3_2R_J_D,W3_2R_V_L,W3_2R_J_L
0,1.3,0.06125572000000001,1.3,0.08230373333333334
1,1.2750000000000001,0.06490452666666667,1.2750000000000001,0.07870100000000001
2,1.2500000000000002,0.0639002,1.2500000000000002,0.07463900000000001
3,1.2250000000000003,0.061474506666666665,1.2250000000000003,0.0704276
4,1.2000000000000004,0.058387753333333334,1.2000000000000004,0.06606706000000001
5,1.1750000000000005,0.054969826666666666,1.1750000000000005,0.061841146666666666
6,1.1500000000000006,0.051358720000000004,1.1500000000000006,0.057522666666666666
7,1.1250000000000007,0.04764926666666667,1.1250000000000007,0.053202933333333334
8,1.1000000000000008,0.04391382,1.1000000000000008,0.04891706
9,1.0750000000000008,0.040167173333333334,1.0750000000000008,0.04465818
10,1.050000000000001,0.03646922,1.050000000000001,0.04044620666666667
11,1.025000000000001,0.03281526666666667,1.025000000000001,0.03629116666666667
12,1.000000000000001,0.029235120000000003,1.000000000000001,0.03220042666666667
13,0.9750000000000012,0.025770900000000003,0.9750000000000012,0.028185213333333337
14,0.9500000000000013,0.022443586666666668,0.9500000000000013,0.024258253333333334
15,0.9250000000000014,0.019278193333333336,0.9250000000000014,0.020426413333333334
16,0.9000000000000015,0.01630048,0.9000000000000015,0.01670300666666667
17,0.8750000000000016,0.013539753333333335,0.8750000000000016,0.013088786666666666
18,0.8500000000000016,0.011031353333333334,0.8500000000000016,0.009609920000000001
19,0.8250000000000017,0.0087933,0.8250000000000017,0.006422957333333334
20,0.8000000000000018,0.0068627,0.8000000000000018,0.0031140353333333334
21,0.7750000000000019,0.005163193333333334,0.7750000000000019,0.00037070686666666665
22,0.750000000000002,0.003891250666666667,0.750000000000002,-0.0023315000000000002
23,0.7250000000000021,0.002890822,0.7250000000000021,-0.005189543333333334
24,0.7000000000000022,0.002133040666666667,0.7000000000000022,-0.00707662
25,0.6750000000000023,0.0015755973333333334,0.6750000000000023,-0.009598686666666667
26,0.6500000000000024,0.0011720913333333335,0.6500000000000024,-0.011671746666666668
27,0.6250000000000024,0.000878664,0.6250000000000024,-0.013481273333333333
28,0.6000000000000025,0.0006763586666666667,0.6000000000000025,-0.01506024666666667
29,0.5750000000000026,0.000538851,0.5750000000000026,-0.016420126666666666
30,0.5500000000000027,0.00044043946666666667,0.5500000000000027,-0.01760118
31,0.5250000000000028,0.00037167900000000003,0.5250000000000028,-0.0185996
32,0.5000000000000029,0.0003192684,0.5000000000000029,-0.019447566666666666
33,0.475000000000003,0.000277779,0.475000000000003,-0.020164146666666667
34,0.45000000000000306,0.00024561913333333334,0.45000000000000306,-0.02078700666666667
35,0.42500000000000315,0.000216479,0.42500000000000315,-0.021284760000000003
36,0.40000000000000324,0.00019594153333333335,0.40000000000000324,-0.021710813333333332
37,0.37500000000000333,0.00017617593333333335,0.37500000000000333,-0.02208224
38,0.3500000000000034,0.00015906206666666667,0.3500000000000034,-0.022404193333333332
39,0.3250000000000035,0.0001404972,0.3250000000000035,-0.02266470666666667
40,0.3000000000000036,0.00012416613333333335,0.3000000000000036,-0.02288882
41,0.2750000000000037,0.00011047286666666666,0.2750000000000037,-0.02308034
42,0.2500000000000038,9.66258e-05,0.2500000000000038,-0.023250533333333333
43,0.22500000000000386,8.441420000000001e-05,0.22500000000000386,-0.02336164
44,0.20000000000000395,7.0819e-05,0.20000000000000395,-0.02350300666666667
45,0.17500000000000404,6.120034666666667e-05,0.17500000000000404,-0.023597406666666668
46,0.15000000000000413,4.8304573333333334e-05,0.15000000000000413,-0.023678546666666668
47,0.12500000000000422,3.82278e-05,0.12500000000000422,-0.02375502666666667
48,0.10000000000000431,2.7910940000000004e-05,0.10000000000000431,-0.023793766666666667
49,0.0750000000000044,1.8089713333333333e-05,0.0750000000000044,-0.023832066666666665
50,0.050000000000004485,8.99572e-06,0.050000000000004485,-0.02386292
51,0.025000000000004574,6.203093333333334e-07,0.025000000000004574,-0.02389556
52,4.6629367034256575e-15,-8.150586666666668e-06,4.6629367034256575e-15,-0.02390624666666667
53,-0.024999999999995248,-1.782358e-05,-0.024999999999995248,-0.023925273333333334
54,-0.04999999999999516,-2.7026726666666667e-05,-0.04999999999999516,-0.023945073333333334
55,-0.07499999999999507,-3.637535333333333e-05,-0.07499999999999507,-0.023973153333333334
56,-0.09999999999999498,-4.823063333333333e-05,-0.09999999999999498,-0.02400612
57,-0.12499999999999489,-5.3901780000000005e-05,-0.12499999999999489,-0.02404174
58,-0.1499999999999948,-6.423299333333334e-05,-0.1499999999999948,-0.024085933333333334
59,-0.17499999999999472,-7.281813333333333e-05,-0.17499999999999472,-0.02413126
60,-0.19999999999999463,-8.122606666666666e-05,-0.19999999999999463,-0.02417512
61,-0.22499999999999454,-9.287113333333333e-05,-0.22499999999999454,-0.024223173333333334
62,-0.24999999999999445,-0.00010477746666666667,-0.24999999999999445,-0.024276513333333336
63,-0.27499999999999436,-0.00011432093333333333,-0.27499999999999436,-0.024333800000000003
