,W3_2R_V_D,W3_2R_J_D,W3_2R_V_L,W3_2R_J_L
0,1.3,0.018382473333333336,1.3,0.031505533333333335
1,1.2750000000000001,0.0193286,1.2750000000000001,0.030610186666666667
2,1.2500000000000002,0.018842113333333334,1.2500000000000002,0.028888720000000003
3,1.2250000000000003,0.017810486666666667,1.2250000000000003,0.02677998
4,1.2000000000000004,0.01648122,1.2000000000000004,0.02446154
5,1.1750000000000005,0.014993580000000001,1.1750000000000005,0.022025993333333334
6,1.1500000000000006,0.013430353333333334,1.1500000000000006,0.01953324
7,1.1250000000000007,0.011847066666666668,1.1250000000000007,0.01702398
8,1.1000000000000008,0.010295513333333334,1.1000000000000008,0.014532733333333336
9,1.0750000000000008,0.0087967,1.0750000000000008,0.012067473333333334
10,1.050000000000001,0.007374640000000001,1.050000000000001,0.009644886666666666
11,1.025000000000001,0.005777118,1.025000000000001,0.0072726
12,1.000000000000001,0.004791326,1.000000000000001,0.005074156
13,0.9750000000000012,0.0037772953333333335,0.9750000000000012,0.0026921966666666667
14,0.9500000000000013,0.002885096,0.9500000000000013,0.0007522313333333334
15,0.9250000000000014,0.0021383653333333333,0.9250000000000014,-0.001650646
16,0.9000000000000015,0.0015408473333333335,0.9000000000000015,-0.003829158
17,0.8750000000000016,0.0010821433333333334,0.8750000000000016,-0.0059066000000000006
18,0.8500000000000016,0.0007445193333333334,0.8500000000000016,-0.007283026666666668
19,0.8250000000000017,0.0005075135333333334,0.8250000000000017,-0.00946072
20,0.8000000000000018,0.00034051506666666665,0.8000000000000018,-0.011362973333333335
21,0.7750000000000019,0.000228722,0.7750000000000019,-0.013091646666666668
22,0.750000000000002,0.00015392813333333334,0.750000000000002,-0.014673620000000002
23,0.7250000000000021,0.0001037484,0.7250000000000021,-0.016110440000000004
24,0.7000000000000022,6.965126666666667e-05,0.7000000000000022,-0.017405593333333337
25,0.6750000000000023,4.862432e-05,0.6750000000000023,-0.018573673333333332
26,0.6500000000000024,3.0625326666666664e-05,0.6500000000000024,-0.01957912666666667
27,0.6250000000000024,1.924908666666667e-05,0.6250000000000024,-0.020458446666666668
28,0.6000000000000025,1.1653833333333334e-05,0.6000000000000025,-0.021221693333333333
29,0.5750000000000026,8.576393333333334e-06,0.5750000000000026,-0.021869566666666666
30,0.5500000000000027,5.0372873333333334e-06,0.5500000000000027,-0.02242838
31,0.5250000000000028,1.9973653333333334e-06,0.5250000000000028,-0.02289458
32,0.5000000000000029,3.881358e-07,0.5000000000000029,-0.023280286666666667
33,0.475000000000003,-6.021170666666667e-07,0.475000000000003,-0.023598526666666668
34,0.45000000000000306,-1.245992e-06,0.45000000000000306,-0.023858506666666668
35,0.42500000000000315,-1.6721426666666668e-06,0.42500000000000315,-0.024069933333333335
36,0.40000000000000324,-1.963484666666667e-06,0.40000000000000324,-0.024241793333333334
37,0.37500000000000333,-2.1602173333333335e-06,0.37500000000000333,-0.024385473333333334
38,0.3500000000000034,-2.2958566666666666e-06,0.3500000000000034,-0.024504500000000002
39,0.3250000000000035,-2.384902666666667e-06,0.3250000000000035,-0.024595573333333336
40,0.3000000000000036,-2.43519e-06,0.3000000000000036,-0.024673233333333332
41,0.2750000000000037,-2.4596939999999998e-06,0.2750000000000037,-0.02473916
42,0.2500000000000038,-2.4667166666666667e-06,0.2500000000000038,-0.02479098
43,0.22500000000000386,-2.3880193333333333e-06,0.22500000000000386,-0.024831
44,0.20000000000000395,-2.419102666666667e-06,0.20000000000000395,-0.024871260000000003
45,0.17500000000000404,-2.395975333333333e-06,0.17500000000000404,-0.024902793333333333
46,0.15000000000000413,-2.3655766666666667e-06,0.15000000000000413,-0.02492968
47,0.12500000000000422,-2.331924666666667e-06,0.12500000000000422,-0.02495036
48,0.10000000000000431,-2.297810666666667e-06,0.10000000000000431,-0.024969373333333336
49,0.0750000000000044,-2.2629233333333335e-06,0.0750000000000044,-0.024983833333333334
50,0.050000000000004485,-2.2304013333333332e-06,0.050000000000004485,-0.02499404
51,0.025000000000004574,-2.1997440000000002e-06,0.025000000000004574,-0.02500496666666667
52,4.6629367034256575e-15,-2.168036e-06,4.6629367034256575e-15,-0.025012946666666667
53,-0.024999999999995248,-2.143502e-06,-0.024999999999995248,-0.025019473333333337
54,-0.04999999999999516,-2.120222666666667e-06,-0.04999999999999516,-0.025031833333333336
55,-0.07499999999999507,-2.099076666666667e-06,-0.07499999999999507,-0.025034566666666667
56,-0.09999999999999498,-2.0805286666666664e-06,-0.09999999999999498,-0.02504524
57,-0.12499999999999489,-2.0646413333333333e-06,-0.12499999999999489,-0.025052406666666666
58,-0.1499999999999948,-2.050334e-06,-0.1499999999999948,-0.025059666666666668
59,-0.17499999999999472,-2.037692666666667e-06,-0.17499999999999472,-0.02506908
60,-0.19999999999999463,-2.009386666666667e-06,-0.19999999999999463,-0.025075426666666668
61,-0.22499999999999454,-2.0125313333333336e-06,-0.22499999999999454,-0.02508696666666667
62,-0.24999999999999445,-2.00777e-06,-0.24999999999999445,-0.025095013333333336
63,-0.27499999999999436,-2.0035100000000002e-06,-0.27499999999999436,-0.025101953333333333
