,W3_2R_V_D,W3_2R_J_D,W3_2R_V_L,W3_2R_J_L
0,1.3,0.04937490666666667,1.3,0.06751626666666667
1,1.2750000000000001,0.05434858,1.2750000000000001,0.06657218666666667
2,1.2500000000000002,0.05399458000000001,1.2500000000000002,0.06370988
3,1.2250000000000003,0.05202308666666667,1.2250000000000003,0.06025846666666667
4,1.2000000000000004,0.04930394666666667,1.2000000000000004,0.05653404
5,1.1750000000000005,0.04620968,1.1750000000000005,0.05266979333333334
6,1.1500000000000006,0.042910446666666664,1.1500000000000006,0.048732653333333334
7,1.1250000000000007,0.039523213333333335,1.1250000000000007,0.04476238666666667
8,1.1000000000000008,0.036078653333333335,1.1000000000000008,0.04079813333333334
9,1.0750000000000008,0.032650399999999996,1.0750000000000008,0.03683982
10,1.050000000000001,0.029260713333333334,1.050000000000001,0.03291379333333333
11,1.025000000000001,0.02594459333333333,1.025000000000001,0.02903612
12,1.000000000000001,0.022734546666666668,1.000000000000001,0.025215586666666668
13,0.9750000000000012,0.019648886666666667,0.9750000000000012,0.021467086666666666
14,0.9500000000000013,0.016725153333333336,0.9500000000000013,0.017803333333333334
15,0.9250000000000014,0.01398686,0.9250000000000014,0.014238706666666668
16,0.9000000000000015,0.011467473333333334,0.9000000000000015,0.0107815
17,0.8750000000000016,0.009193086666666668,0.8750000000000016,0.0074471
18,0.8500000000000016,0.007195073333333334,0.8500000000000016,0.004414764000000001
19,0.8250000000000017,0.0054111233333333335,0.8250000000000017,0.0012496146666666668
20,0.8000000000000018,0.004038544,0.8000000000000018,-0.0016592260000000002
21,0.7750000000000019,0.0029378333333333335,0.7750000000000019,-0.004379272666666667
22,0.750000000000002,0.0020917753333333333,0.750000000000002,-0.006906240000000001
23,0.7250000000000021,0.0014681673333333334,0.7250000000000021,-0.008683193333333334
24,0.7000000000000022,0.0010190353333333333,0.7000000000000022,-0.011052513333333335
25,0.6750000000000023,0.0007037193333333334,0.6750000000000023,-0.013068960000000001
26,0.6500000000000024,0.00048714620000000006,0.6500000000000024,-0.014833846666666666
27,0.6250000000000024,0.0003232686666666667,0.6250000000000024,-0.016377433333333333
28,0.6000000000000025,0.00021939273333333335,0.6000000000000025,-0.017720746666666665
29,0.5750000000000026,0.00015655186666666668,0.5750000000000026,-0.018880173333333333
30,0.5500000000000027,0.0001107532,0.5500000000000027,-0.019882473333333334
31,0.5250000000000028,8.247413333333334e-05,0.5250000000000028,-0.02070896666666667
32,0.5000000000000029,5.719275333333334e-05,0.5000000000000029,-0.021410533333333332
33,0.475000000000003,4.279181333333334e-05,0.475000000000003,-0.021995526666666668
34,0.45000000000000306,3.3373133333333334e-05,0.45000000000000306,-0.02247776
35,0.42500000000000315,2.6344533333333335e-05,0.42500000000000315,-0.02288742666666667
36,0.40000000000000324,2.1208733333333336e-05,0.40000000000000324,-0.0232215
37,0.37500000000000333,1.73968e-05,0.37500000000000333,-0.023499700000000002
38,0.3500000000000034,1.3621660000000001e-05,0.3500000000000034,-0.02372912
39,0.3250000000000035,1.0409773333333332e-05,0.3250000000000035,-0.023920433333333335
40,0.3000000000000036,8.45726e-06,0.3000000000000036,-0.02408154666666667
41,0.2750000000000037,7.90764e-06,0.2750000000000037,-0.02421618
42,0.2500000000000038,7.588753333333333e-06,0.2500000000000038,-0.02432974666666667
43,0.22500000000000386,6.295404e-06,0.22500000000000386,-0.024413373333333335
44,0.20000000000000395,4.2360240000000004e-06,0.20000000000000395,-0.024499226666666665
45,0.17500000000000404,3.204818e-06,0.17500000000000404,-0.02456854
46,0.15000000000000413,1.964888e-06,0.15000000000000413,-0.0246249
47,0.12500000000000422,1.0013420000000002e-06,0.12500000000000422,-0.024675213333333335
48,0.10000000000000431,2.956430666666667e-07,0.10000000000000431,-0.024708220000000003
49,0.0750000000000044,-2.9761806666666666e-07,0.0750000000000044,-0.024733900000000003
50,0.050000000000004485,-9.342846666666668e-07,0.050000000000004485,-0.024755066666666665
51,0.025000000000004574,-1.4947346666666668e-06,0.025000000000004574,-0.024767026666666667
52,4.6629367034256575e-15,-1.9016426666666667e-06,4.6629367034256575e-15,-0.02477584
53,-0.024999999999995248,-2.256600666666667e-06,-0.024999999999995248,-0.024779206666666668
54,-0.04999999999999516,-2.7666373333333334e-06,-0.04999999999999516,-0.024778833333333333
55,-0.07499999999999507,-3.141541333333333e-06,-0.07499999999999507,-0.0247746
56,-0.09999999999999498,-3.674656e-06,-0.09999999999999498,-0.024780753333333336
57,-0.12499999999999489,-4.185078666666667e-06,-0.12499999999999489,-0.02477842666666667
58,-0.1499999999999948,-4.9379240000000004e-06,-0.1499999999999948,-0.0247787
59,-0.17499999999999472,-5.285497333333334e-06,-0.17499999999999472,-0.02478376666666667
60,-0.19999999999999463,-6.5010013333333335e-06,-0.19999999999999463,-0.02478964666666667
61,-0.22499999999999454,-7.0007600000000005e-06,-0.22499999999999454,-0.02480024
62,-0.24999999999999445,-2.9741059999999998e-06,-0.24999999999999445,-0.02481241333333333
63,-0.27499999999999436,-2.9987800000000003e-06,-0.27499999999999436,-0.024828173333333335
