,W3_2R_V_D,W3_2R_J_D,W3_2R_V_L,W3_2R_J_L
0,1.3,0.011362533333333332,1.3,0.031083800000000005
1,1.2750000000000001,0.01082678,1.2750000000000001,0.02887565333333333
2,1.2500000000000002,0.00999166,1.2500000000000002,0.02656526666666667
3,1.2250000000000003,0.009026773333333333,1.2250000000000003,0.0241665
4,1.2000000000000004,0.008000273333333334,1.2000000000000004,0.021710613333333333
5,1.1750000000000005,0.006947860000000001,1.1750000000000005,0.01923022
6,1.1500000000000006,0.005882022,1.1500000000000006,0.016745446666666667
7,1.1250000000000007,0.00488015,1.1250000000000007,0.01428922
8,1.1000000000000008,0.0039241093333333334,1.1000000000000008,0.011895153333333333
9,1.0750000000000008,0.003043984,1.0750000000000008,0.009590306666666666
10,1.050000000000001,0.0022687893333333334,1.050000000000001,0.007394046666666667
11,1.025000000000001,0.001621616,1.025000000000001,0.005482290666666667
12,1.000000000000001,0.0011105873333333333,1.000000000000001,0.0034165553333333335
13,0.9750000000000012,0.0007333133333333334,0.9750000000000012,0.0016028913333333333
14,0.9500000000000013,0.00048338873333333336,0.9500000000000013,0.00023896893333333336
15,0.9250000000000014,0.00030127046666666665,0.9250000000000014,-0.001184714
16,0.9000000000000015,0.00019354986666666665,0.9000000000000015,-0.0029908506666666665
17,0.8750000000000016,0.00012678686666666667,0.8750000000000016,-0.004599095333333333
18,0.8500000000000016,8.461720000000001e-05,0.8500000000000016,-0.006174738666666666
19,0.8250000000000017,5.8744126666666676e-05,0.8250000000000017,-0.006910106666666666
20,0.8000000000000018,3.9915940000000005e-05,0.8000000000000018,-0.008737406666666666
21,0.7750000000000019,2.826954e-05,0.7750000000000019,-0.010325546666666668
22,0.750000000000002,2.048262e-05,0.750000000000002,-0.011804066666666667
23,0.7250000000000021,1.5185113333333335e-05,0.7250000000000021,-0.01317614
24,0.7000000000000022,1.1534933333333334e-05,0.7000000000000022,-0.01445108
25,0.6750000000000023,8.915566666666666e-06,0.6750000000000023,-0.01564132
26,0.6500000000000024,7.014693333333333e-06,0.6500000000000024,-0.016673773333333336
27,0.6250000000000024,6.224377333333334e-06,0.6250000000000024,-0.017603626666666667
28,0.6000000000000025,4.534636666666667e-06,0.6000000000000025,-0.018424946666666667
29,0.5750000000000026,3.498082e-06,0.5750000000000026,-0.019151753333333334
30,0.5500000000000027,2.66443e-06,0.5500000000000027,-0.019741553333333335
31,0.5250000000000028,1.9666880000000003e-06,0.5250000000000028,-0.02026044
32,0.5000000000000029,1.3789926666666667e-06,0.5000000000000029,-0.020704919999999998
33,0.475000000000003,8.743373333333335e-07,0.475000000000003,-0.021097893333333336
34,0.45000000000000306,4.4350733333333334e-07,0.45000000000000306,-0.0214372
35,0.42500000000000315,8.699186666666667e-08,0.42500000000000315,-0.021735900000000002
36,0.40000000000000324,-2.0504746666666667e-07,0.40000000000000324,-0.02199902
37,0.37500000000000333,-4.467212666666667e-07,0.37500000000000333,-0.022243393333333333
38,0.3500000000000034,-6.400924e-07,0.3500000000000034,-0.022476453333333334
39,0.3250000000000035,-7.926893333333333e-07,0.3250000000000035,-0.02265462666666667
40,0.3000000000000036,-9.082406666666667e-07,0.3000000000000036,-0.02283392
41,0.2750000000000037,-9.96738e-07,0.2750000000000037,-0.022999746666666668
42,0.2500000000000038,-1.0603146666666667e-06,0.2500000000000038,-0.023175213333333333
43,0.22500000000000386,-1.043424e-06,0.22500000000000386,-0.023273433333333336
44,0.20000000000000395,-1.1348173333333335e-06,0.20000000000000395,-0.023431506666666668
45,0.17500000000000404,-1.160948e-06,0.17500000000000404,-0.023563953333333335
46,0.15000000000000413,-1.1792626666666668e-06,0.15000000000000413,-0.023681940000000002
47,0.12500000000000422,-1.1913333333333333e-06,0.12500000000000422,-0.023788493333333334
48,0.10000000000000431,-1.1990893333333333e-06,0.10000000000000431,-0.023887313333333333
49,0.0750000000000044,-1.2057266666666667e-06,0.0750000000000044,-0.023983360000000002
50,0.050000000000004485,-1.2103426666666667e-06,0.050000000000004485,-0.024075933333333334
51,0.025000000000004574,-1.2130453333333334e-06,0.025000000000004574,-0.02416144
52,4.6629367034256575e-15,-1.2145906666666666e-06,4.6629367034256575e-15,-0.02423034666666667
53,-0.024999999999995248,-1.2193813333333334e-06,-0.024999999999995248,-0.024301000000000003
54,-0.04999999999999516,-1.2151113333333335e-06,-0.04999999999999516,-0.024367393333333334
55,-0.07499999999999507,-1.2250606666666666e-06,-0.07499999999999507,-0.024437026666666667
56,-0.09999999999999498,-1.2278073333333335e-06,-0.09999999999999498,-0.02448552
57,-0.12499999999999489,-1.2332806666666669e-06,-0.12499999999999489,-0.024535346666666666
58,-0.1499999999999948,-1.2377626666666667e-06,-0.1499999999999948,-0.024588000000000002
59,-0.17499999999999472,-1.2439213333333334e-06,-0.17499999999999472,-0.024634153333333332
60,-0.19999999999999463,-1.232968e-06,-0.19999999999999463,-0.024671486666666666
61,-0.22499999999999454,-1.2549753333333333e-06,-0.22499999999999454,-0.024716606666666665
62,-0.24999999999999445,-1.265188e-06,-0.24999999999999445,-0.024754026666666668
63,-0.27499999999999436,-1.276834e-06,-0.27499999999999436,-0.024794640000000003
