,W3_2R_V_D,W3_2R_J_D,W3_2R_V_L,W3_2R_J_L
0,1.3,0.025435113333333332,1.3,0.03637658666666667
1,1.2750000000000001,0.027046293333333332,1.2750000000000001,0.036129933333333336
2,1.2500000000000002,0.026519726666666667,1.2500000000000002,0.034510646666666665
3,1.2250000000000003,0.02518944,1.2250000000000003,0.032316580000000004
4,1.2000000000000004,0.023464246666666667,1.2000000000000004,0.029823906666666667
5,1.1750000000000005,0.02152472,1.1750000000000005,0.027169126666666665
6,1.1500000000000006,0.019461500000000003,1.1500000000000006,0.02442494
7,1.1250000000000007,0.017354046666666668,1.1250000000000007,0.02164656666666667
8,1.1000000000000008,0.01525948,1.1000000000000008,0.018864173333333335
9,1.0750000000000008,0.013202966666666666,1.0750000000000008,0.016091813333333333
10,1.050000000000001,0.011249273333333334,1.050000000000001,0.013353186666666666
11,1.025000000000001,0.00938534,1.025000000000001,0.010658806666666668
12,1.000000000000001,0.007672506666666666,1.000000000000001,0.008017073333333334
13,0.9750000000000012,0.005902160000000001,0.9750000000000012,0.00553186
14,0.9500000000000013,0.004699304,0.9500000000000013,0.0029298433333333337
15,0.9250000000000014,0.0035771346666666664,0.9250000000000014,0.0007470666666666666
16,0.9000000000000015,0.0026383893333333333,0.9000000000000015,-0.0018189006666666668
17,0.8750000000000016,0.001890786666666667,0.8750000000000016,-0.0041565940000000004
18,0.8500000000000016,0.0013224606666666667,0.8500000000000016,-0.006363956666666667
19,0.8250000000000017,0.0009083466666666667,0.8250000000000017,-0.007866666666666668
20,0.8000000000000018,0.0006251598666666667,0.8000000000000018,-0.010099093333333335
21,0.7750000000000019,0.0004184829333333334,0.7750000000000019,-0.012020486666666668
22,0.750000000000002,0.00028200766666666667,0.750000000000002,-0.013756800000000001
23,0.7250000000000021,0.00019078733333333334,0.7250000000000021,-0.015332
24,0.7000000000000022,0.00012930106666666667,0.7000000000000022,-0.016736933333333332
25,0.6750000000000023,8.7087e-05,0.6750000000000023,-0.017992646666666667
26,0.6500000000000024,6.054793333333334e-05,0.6500000000000024,-0.01909544
27,0.6250000000000024,3.8615006666666665e-05,0.6250000000000024,-0.020052093333333337
28,0.6000000000000025,2.4650520000000002e-05,0.6000000000000025,-0.020888633333333333
29,0.5750000000000026,1.52853e-05,0.5750000000000026,-0.021598540000000003
30,0.5500000000000027,9.055806666666667e-06,0.5500000000000027,-0.022202073333333332
31,0.5250000000000028,6.037396e-06,0.5250000000000028,-0.02270934
32,0.5000000000000029,2.645773333333333e-06,0.5000000000000029,-0.023128326666666667
33,0.475000000000003,7.414153333333334e-07,0.475000000000003,-0.02348552
34,0.45000000000000306,-4.753996666666667e-07,0.45000000000000306,-0.023765806666666667
35,0.42500000000000315,-1.2823293333333333e-06,0.42500000000000315,-0.0240016
36,0.40000000000000324,-1.8293099999999999e-06,0.40000000000000324,-0.02419276
37,0.37500000000000333,-2.200348e-06,0.37500000000000333,-0.024344960000000002
38,0.3500000000000034,-2.4603486666666667e-06,0.3500000000000034,-0.024474000000000003
39,0.3250000000000035,-2.6356653333333337e-06,0.3250000000000035,-0.02457818
40,0.3000000000000036,-2.7482013333333336e-06,0.3000000000000036,-0.024664066666666668
41,0.2750000000000037,-2.818632e-06,0.2750000000000037,-0.024735633333333333
42,0.2500000000000038,-2.854442e-06,0.2500000000000038,-0.0247955
43,0.22500000000000386,-2.799006666666667e-06,0.22500000000000386,-0.024840066666666667
44,0.20000000000000395,-2.8340600000000003e-06,0.20000000000000395,-0.024884313333333335
45,0.17500000000000404,-2.8132453333333338e-06,0.17500000000000404,-0.02491796666666667
46,0.15000000000000413,-2.7785806666666665e-06,0.15000000000000413,-0.024948313333333336
47,0.12500000000000422,-2.734958666666667e-06,0.12500000000000422,-0.024971493333333334
48,0.10000000000000431,-2.6872033333333333e-06,0.10000000000000431,-0.024990706666666668
49,0.0750000000000044,-2.636442e-06,0.0750000000000044,-0.025005633333333336
50,0.050000000000004485,-2.5851953333333335e-06,0.050000000000004485,-0.025021880000000003
51,0.025000000000004574,-2.5368413333333336e-06,0.025000000000004574,-0.025028386666666666
52,4.6629367034256575e-15,-2.4738253333333335e-06,4.6629367034256575e-15,-0.02503822
53,-0.024999999999995248,-2.439638e-06,-0.024999999999995248,-0.02504364
54,-0.04999999999999516,-2.4037286666666666e-06,-0.04999999999999516,-0.025049253333333334
55,-0.07499999999999507,-2.3703440000000004e-06,-0.07499999999999507,-0.025055200000000003
56,-0.09999999999999498,-2.340878e-06,-0.09999999999999498,-0.025059766666666667
57,-0.12499999999999489,-2.316412e-06,-0.12499999999999489,-0.025064386666666667
58,-0.1499999999999948,-2.294498e-06,-0.1499999999999948,-0.025069253333333333
59,-0.17499999999999472,-2.276784666666667e-06,-0.17499999999999472,-0.025078326666666668
60,-0.19999999999999463,-2.2393800000000004e-06,-0.19999999999999463,-0.025081386666666667
61,-0.22499999999999454,-2.2436746666666666e-06,-0.22499999999999454,-0.02508886
62,-0.24999999999999445,-2.2359166666666668e-06,-0.24999999999999445,-0.025096586666666667
63,-0.27499999999999436,-2.2304533333333334e-06,-0.27499999999999436,-0.025105226666666668
