,W3_2F_V_D,W3_2F_J_D,W3_2F_V_L,W3_2F_J_L
0,-0.3,-1.5205273333333333e-06,-0.3,-0.025220426666666667
1,-0.27499999999999997,-7.07528e-07,-0.27499999999999997,-0.0252
2,-0.24999999999999994,-3.539357333333334e-07,-0.24999999999999994,-0.02517954
3,-0.22499999999999992,-7.879053333333333e-08,-0.22499999999999992,-0.025146666666666668
4,-0.1999999999999999,4.270159333333334e-08,-0.1999999999999999,-0.025100033333333334
5,-0.17499999999999988,2.3284100000000001e-07,-0.17499999999999988,-0.02503766
6,-0.14999999999999986,3.493660666666667e-07,-0.14999999999999986,-0.024958646666666667
7,-0.12499999999999983,4.515708666666667e-07,-0.12499999999999983,-0.02485982
8,-0.09999999999999981,5.379982666666666e-07,-0.09999999999999981,-0.024740866666666667
9,-0.07499999999999979,6.136156e-07,-0.07499999999999979,-0.02459844666666667
10,-0.04999999999999977,6.831746666666667e-07,-0.04999999999999977,-0.02443434666666667
11,-0.024999999999999745,7.477740000000001e-07,-0.024999999999999745,-0.024248053333333332
12,2.7755575615628914e-16,7.683493333333333e-07,2.7755575615628914e-16,-0.024037573333333336
13,0.0250000000000003,8.607086666666667e-07,0.0250000000000003,-0.023805926666666668
14,0.05000000000000032,9.180686666666668e-07,0.05000000000000032,-0.023542093333333333
15,0.07500000000000034,9.701353333333333e-07,0.07500000000000034,-0.023249526666666666
16,0.10000000000000037,1.0214426666666669e-06,0.10000000000000037,-0.02294882
17,0.1250000000000004,1.0793540000000002e-06,0.1250000000000004,-0.02261534
18,0.1500000000000004,1.1353413333333334e-06,0.1500000000000004,-0.022253766666666668
19,0.17500000000000043,1.1937246666666668e-06,0.17500000000000043,-0.021848466666666667
20,0.20000000000000046,1.250486e-06,0.20000000000000046,-0.021442740000000002
21,0.22500000000000048,1.2975253333333335e-06,0.22500000000000048,-0.020985393333333335
22,0.2500000000000005,1.3744926666666668e-06,0.2500000000000005,-0.020504906666666666
23,0.2750000000000005,1.447872e-06,0.2750000000000005,-0.019967166666666668
24,0.30000000000000054,1.5242626666666669e-06,0.30000000000000054,-0.01939838
25,0.32500000000000057,1.602746e-06,0.32500000000000057,-0.018784473333333333
26,0.3500000000000006,1.6956226666666666e-06,0.3500000000000006,-0.018127153333333333
27,0.3750000000000006,1.7933933333333336e-06,0.3750000000000006,-0.017414946666666667
28,0.40000000000000063,1.91266e-06,0.40000000000000063,-0.016641013333333336
29,0.42500000000000066,2.051238e-06,0.42500000000000066,-0.01586176666666667
30,0.4500000000000007,2.2186753333333335e-06,0.4500000000000007,-0.015032366666666668
31,0.4750000000000007,2.431002e-06,0.4750000000000007,-0.014151026666666667
32,0.5000000000000007,2.704730666666667e-06,0.5000000000000007,-0.013217353333333333
33,0.5250000000000008,3.064206666666667e-06,0.5250000000000008,-0.012283653333333333
34,0.5500000000000007,3.546391333333333e-06,0.5500000000000007,-0.011306373333333333
35,0.5750000000000008,4.203044666666667e-06,0.5750000000000008,-0.010296906666666668
36,0.6000000000000008,5.114434e-06,0.6000000000000008,-0.009262693333333334
37,0.6250000000000009,6.384700666666667e-06,0.6250000000000009,-0.008218013333333335
38,0.6500000000000008,8.846486666666667e-06,0.6500000000000008,-0.0071615
39,0.6750000000000009,1.1712160000000002e-05,0.6750000000000009,-0.008057926666666666
40,0.7000000000000008,1.5612793333333335e-05,0.7000000000000008,-0.007546093333333333
41,0.7250000000000008,2.1152893333333333e-05,0.7250000000000008,-0.006300555333333333
42,0.7500000000000009,2.9048040000000003e-05,0.7500000000000009,-0.0045119339999999996
43,0.775000000000001,4.034662666666667e-05,0.775000000000001,-0.003134618
44,0.8000000000000009,5.647002e-05,0.8000000000000009,-0.0018748579999999999
45,0.8250000000000008,0.00010107133333333334,0.8250000000000008,-0.0006988480000000001
46,0.850000000000001,0.00013013406666666666,0.850000000000001,-0.00016461713333333335
47,0.8750000000000011,0.00017825093333333333,0.8750000000000011,0.00034715420000000003
48,0.900000000000001,0.00024748546666666666,0.900000000000001,0.0019728013333333333
49,0.9250000000000009,0.0003446046,0.9250000000000009,0.003388810666666667
50,0.9500000000000011,0.00047884680000000006,0.9500000000000011,0.0048021620000000004
51,0.9750000000000012,0.0008127786666666668,0.9750000000000012,0.006261834
52,1.000000000000001,0.001028442,1.000000000000001,0.0072340266666666665
53,1.025000000000001,0.0013437533333333334,1.025000000000001,0.009057266666666668
54,1.0500000000000012,0.0017461473333333336,1.0500000000000012,0.01083386
55,1.0750000000000013,0.002243186,1.0750000000000013,0.012669186666666667
56,1.1000000000000012,0.002844402666666667,1.1000000000000012,0.014569860000000002
57,1.125000000000001,0.003563118,1.125000000000001,0.016550933333333333
58,1.1500000000000012,0.004402902666666667,1.1500000000000012,0.01860166
59,1.1750000000000014,0.005374412,1.1750000000000014,0.02071986666666667
60,1.2000000000000013,0.00772736,1.2000000000000013,0.022903373333333334
61,1.2250000000000012,0.008848593333333333,1.2250000000000012,0.025148913333333335
62,1.2500000000000013,0.01030254,1.2500000000000013,0.02745940666666667
63,1.2750000000000015,0.0119545,1.2750000000000015,0.0298352
