,W3_2F_V_D,W3_2F_J_D,W3_2F_V_L,W3_2F_J_L
0,-0.3,-8.884726666666668e-07,-0.3,-0.02508546
1,-0.27499999999999997,-3.011697333333333e-07,-0.27499999999999997,-0.02486258666666667
2,-0.24999999999999994,-8.247926666666667e-08,-0.24999999999999994,-0.024644533333333333
3,-0.22499999999999992,6.008631333333334e-08,-0.22499999999999992,-0.024419426666666667
4,-0.1999999999999999,1.1165886666666666e-07,-0.1999999999999999,-0.02419816
5,-0.17499999999999988,2.453406e-07,-0.17499999999999988,-0.023941373333333335
6,-0.14999999999999986,3.148404666666667e-07,-0.14999999999999986,-0.023683166666666665
7,-0.12499999999999983,3.7254353333333333e-07,-0.12499999999999983,-0.02341234666666667
8,-0.09999999999999981,4.227417333333334e-07,-0.09999999999999981,-0.02312054666666667
9,-0.07499999999999979,4.6666066666666666e-07,-0.07499999999999979,-0.022812753333333335
10,-0.04999999999999977,5.069124666666667e-07,-0.04999999999999977,-0.02248346
11,-0.024999999999999745,5.423812666666667e-07,-0.024999999999999745,-0.02211302
12,2.7755575615628914e-16,5.298842666666667e-07,2.7755575615628914e-16,-0.021754746666666668
13,0.0250000000000003,6.033822e-07,0.0250000000000003,-0.021354653333333334
14,0.05000000000000032,6.346178666666667e-07,0.05000000000000032,-0.02092292
15,0.07500000000000034,6.665919333333334e-07,0.07500000000000034,-0.020485180000000002
16,0.10000000000000037,6.967326666666667e-07,0.10000000000000037,-0.019991326666666667
17,0.1250000000000004,7.267966666666668e-07,0.1250000000000004,-0.019483513333333334
18,0.1500000000000004,7.599940000000001e-07,0.1500000000000004,-0.018946393333333332
19,0.17500000000000043,7.608626666666667e-07,0.17500000000000043,-0.018385106666666668
20,0.20000000000000046,8.279613333333333e-07,0.20000000000000046,-0.017790100000000003
21,0.22500000000000048,8.490880000000001e-07,0.22500000000000048,-0.01716643333333333
22,0.2500000000000005,9.046220000000001e-07,0.2500000000000005,-0.016535646666666667
23,0.2750000000000005,9.513640000000001e-07,0.2750000000000005,-0.015870513333333336
24,0.30000000000000054,9.9734e-07,0.30000000000000054,-0.015149153333333333
25,0.32500000000000057,1.0508993333333335e-06,0.32500000000000057,-0.014459733333333336
26,0.3500000000000006,1.1081146666666667e-06,0.3500000000000006,-0.01372252
27,0.3750000000000006,1.17187e-06,0.3750000000000006,-0.01297848
28,0.40000000000000063,1.2432133333333333e-06,0.40000000000000063,-0.012208566666666667
29,0.42500000000000066,1.330896e-06,0.42500000000000066,-0.011444000000000001
30,0.4500000000000007,1.4372993333333333e-06,0.4500000000000007,-0.01065362
31,0.4750000000000007,1.572452e-06,0.4750000000000007,-0.009857053333333334
32,0.5000000000000007,1.75141e-06,0.5000000000000007,-0.009076173333333333
33,0.5250000000000008,1.9878273333333335e-06,0.5250000000000008,-0.008278946666666667
34,0.5500000000000007,2.3371326666666668e-06,0.5500000000000007,-0.007497606666666667
35,0.5750000000000008,2.8265460000000004e-06,0.5750000000000008,-0.006736006666666666
36,0.6000000000000008,3.551956e-06,0.6000000000000008,-0.006986326666666667
37,0.6250000000000009,4.618948e-06,0.6250000000000009,-0.005555372666666667
38,0.6500000000000008,6.206170666666667e-06,0.6500000000000008,-0.004691569333333334
39,0.6750000000000009,7.816253333333333e-06,0.6750000000000009,-0.003932966
40,0.7000000000000008,1.1937486666666667e-05,0.7000000000000008,-0.003231986666666667
41,0.7250000000000008,1.7448073333333336e-05,0.7250000000000008,-0.002548134
42,0.7500000000000009,2.5714360000000003e-05,0.7500000000000009,-0.0018868573333333334
43,0.775000000000001,3.8186673333333334e-05,0.775000000000001,-0.0012208746666666666
44,0.8000000000000009,5.6912126666666664e-05,0.8000000000000009,-0.0013698146666666665
45,0.8250000000000008,7.787166666666667e-05,0.8250000000000008,-0.0005906657333333334
46,0.850000000000001,0.00012239300000000002,0.850000000000001,0.00048499126666666666
47,0.8750000000000011,0.00018258979999999998,0.8750000000000011,0.0009423333333333333
48,0.900000000000001,0.00026657566666666666,0.900000000000001,0.0021257473333333335
49,0.9250000000000009,0.00038194600000000003,0.9250000000000009,0.0032363053333333332
50,0.9500000000000011,0.0005343392666666667,0.9500000000000011,0.004449557333333334
51,0.9750000000000012,0.000731202,0.9750000000000012,0.005797637333333334
52,1.000000000000001,0.001005306,1.000000000000001,0.006938853333333333
53,1.025000000000001,0.001325128,1.025000000000001,0.008760546666666667
54,1.0500000000000012,0.0017047273333333334,1.0500000000000012,0.010604380000000002
55,1.0750000000000013,0.002145964,1.0750000000000013,0.01256804
56,1.1000000000000012,0.002644782,1.1000000000000012,0.014636380000000001
57,1.125000000000001,0.0032017606666666664,1.125000000000001,0.016807753333333335
58,1.1500000000000012,0.0038080273333333334,1.1500000000000012,0.019053546666666667
59,1.1750000000000014,0.004457237333333333,1.1750000000000014,0.021359446666666667
60,1.2000000000000013,0.005140086666666667,1.2000000000000013,0.023705320000000002
61,1.2250000000000012,0.005860098,1.2250000000000012,0.026073293333333334
62,1.2500000000000013,0.006605162666666667,1.2500000000000013,0.028438453333333332
63,1.2750000000000015,0.00775062,1.2750000000000015,0.030795133333333335
