,W3_2F_V_D,W3_2F_J_D,W3_2F_V_L,W3_2F_J_L
0,-0.3,-1.8118733333333334e-06,-0.3,-0.025213013333333333
1,-0.27499999999999997,-9.457946666666666e-07,-0.27499999999999997,-0.025192986666666667
2,-0.24999999999999994,-5.460610666666667e-07,-0.24999999999999994,-0.025172033333333337
3,-0.22499999999999992,-2.789635333333333e-07,-0.22499999999999992,-0.025137333333333334
4,-0.1999999999999999,-1.0916933333333335e-07,-0.1999999999999999,-0.025094193333333334
5,-0.17499999999999988,1.0706193333333334e-07,-0.17499999999999988,-0.025031913333333333
6,-0.14999999999999986,2.4625546666666665e-07,-0.14999999999999986,-0.024954486666666668
7,-0.12499999999999983,3.6539253333333335e-07,-0.12499999999999983,-0.024858666666666668
8,-0.09999999999999981,4.700675333333333e-07,-0.09999999999999981,-0.024743866666666666
9,-0.07499999999999979,5.859155333333334e-07,-0.07499999999999979,-0.02460638
10,-0.04999999999999977,6.68222e-07,-0.04999999999999977,-0.024447366666666668
11,-0.024999999999999745,7.509833333333334e-07,-0.024999999999999745,-0.024261833333333333
12,2.7755575615628914e-16,7.910786666666666e-07,2.7755575615628914e-16,-0.024063293333333333
13,0.0250000000000003,9.007886666666668e-07,0.0250000000000003,-0.023828906666666667
14,0.05000000000000032,9.744126666666667e-07,0.05000000000000032,-0.023569993333333334
15,0.07500000000000034,1.038536e-06,0.07500000000000034,-0.02328076
16,0.10000000000000037,1.1133820000000001e-06,0.10000000000000037,-0.022983879999999998
17,0.1250000000000004,1.188682e-06,0.1250000000000004,-0.022654973333333335
18,0.1500000000000004,1.2560746666666667e-06,0.1500000000000004,-0.022295413333333333
19,0.17500000000000043,1.3337886666666666e-06,0.17500000000000043,-0.021920733333333334
20,0.20000000000000046,1.408658e-06,0.20000000000000046,-0.02149004666666667
21,0.22500000000000048,1.467428e-06,0.22500000000000048,-0.021032500000000003
22,0.2500000000000005,1.565474e-06,0.2500000000000005,-0.020547893333333334
23,0.2750000000000005,1.6568846666666668e-06,0.2750000000000005,-0.020018193333333333
24,0.30000000000000054,1.7467533333333333e-06,0.30000000000000054,-0.019443973333333333
25,0.32500000000000057,1.8149873333333334e-06,0.32500000000000057,-0.01883188666666667
26,0.3500000000000006,1.921768666666667e-06,0.3500000000000006,-0.018180106666666668
27,0.3750000000000006,2.073080666666667e-06,0.3750000000000006,-0.017472866666666666
28,0.40000000000000063,2.2132866666666668e-06,0.40000000000000063,-0.0167014
29,0.42500000000000066,2.3058793333333334e-06,0.42500000000000066,-0.015920033333333333
30,0.4500000000000007,2.504734e-06,0.4500000000000007,-0.015088653333333334
31,0.4750000000000007,2.7679806666666666e-06,0.4750000000000007,-0.01421458
32,0.5000000000000007,3.041652e-06,0.5000000000000007,-0.013281153333333334
33,0.5250000000000008,3.420960666666667e-06,0.5250000000000008,-0.012345606666666667
34,0.5500000000000007,3.889150666666667e-06,0.5500000000000007,-0.011369726666666668
35,0.5750000000000008,4.5012606666666664e-06,0.5750000000000008,-0.010368606666666667
36,0.6000000000000008,5.388782000000001e-06,0.6000000000000008,-0.009329946666666667
37,0.6250000000000009,6.569326666666667e-06,0.6250000000000009,-0.008282286666666666
38,0.6500000000000008,8.70442e-06,0.6500000000000008,-0.00722416
39,0.6750000000000009,1.1408806666666668e-05,0.6750000000000009,-0.008121033333333335
40,0.7000000000000008,1.4951993333333334e-05,0.7000000000000008,-0.007610166666666667
41,0.7250000000000008,1.9996193333333334e-05,0.7250000000000008,-0.0063656933333333336
42,0.7500000000000009,2.7206953333333333e-05,0.7500000000000009,-0.004572705333333333
43,0.775000000000001,3.7456260000000007e-05,0.775000000000001,-0.0031954506666666666
44,0.8000000000000009,5.2173946666666664e-05,0.8000000000000009,-0.001935264
45,0.8250000000000008,9.232253333333334e-05,0.8250000000000008,-0.0007597986666666666
46,0.850000000000001,0.00011954366666666667,0.850000000000001,-0.00022724593333333333
47,0.8750000000000011,0.0001644964,0.8750000000000011,0.00027461600000000004
48,0.900000000000001,0.0002299458,0.900000000000001,0.00189738
49,0.9250000000000009,0.0003218062,0.9250000000000009,0.003311308666666667
50,0.9500000000000011,0.00044987900000000003,0.9500000000000011,0.004720406000000001
51,0.9750000000000012,0.0006216454666666667,0.9750000000000012,0.006176431333333334
52,1.000000000000001,0.0010099553333333333,1.000000000000001,0.007126686666666667
53,1.025000000000001,0.00128369,1.025000000000001,0.00894814
54,1.0500000000000012,0.001663076,1.0500000000000012,0.010717526666666666
55,1.0750000000000013,0.00213205,1.0750000000000013,0.0125445
56,1.1000000000000012,0.0026981613333333333,1.1000000000000012,0.0144352
57,1.125000000000001,0.003370048666666667,1.125000000000001,0.016401993333333333
58,1.1500000000000012,0.004155675333333333,1.1500000000000012,0.01843357333333333
59,1.1750000000000014,0.005064268,1.1750000000000014,0.02052574
60,1.2000000000000013,0.006094510666666667,1.2000000000000013,0.02267906
61,1.2250000000000012,0.008534893333333335,1.2250000000000012,0.024886673333333335
62,1.2500000000000013,0.00973586,1.2500000000000013,0.0271492
63,1.2750000000000015,0.011246886666666666,1.2750000000000015,0.029469893333333334
