,W3_2F_V_D,W3_2F_J_D,W3_2F_V_L,W3_2F_J_L
0,-0.3,-2.098284e-05,-0.3,-0.025246133333333334
1,-0.27499999999999997,-1.8249246666666667e-05,-0.27499999999999997,-0.02517170666666667
2,-0.24999999999999994,-1.660208e-05,-0.24999999999999994,-0.025011580000000002
3,-0.22499999999999992,-1.4912393333333334e-05,-0.22499999999999992,-0.024780486666666667
4,-0.1999999999999999,-1.3175906666666666e-05,-0.1999999999999999,-0.024514646666666667
5,-0.17499999999999988,-1.1359173333333334e-05,-0.17499999999999988,-0.0242157
6,-0.14999999999999986,-9.528386666666666e-06,-0.14999999999999986,-0.023914833333333333
7,-0.12499999999999983,-7.759153333333335e-06,-0.12499999999999983,-0.02360914
8,-0.09999999999999981,-6.571040666666667e-06,-0.09999999999999981,-0.023303913333333336
9,-0.07499999999999979,-4.424354e-06,-0.07499999999999979,-0.02298698
10,-0.04999999999999977,-2.6866020000000003e-06,-0.04999999999999977,-0.02267010666666667
11,-0.024999999999999745,-9.093766666666667e-07,-0.024999999999999745,-0.022327239999999998
12,2.7755575615628914e-16,9.112200000000001e-07,2.7755575615628914e-16,-0.02201864666666667
13,0.0250000000000003,2.7932033333333336e-06,0.0250000000000003,-0.021655506666666668
14,0.05000000000000032,4.7038633333333336e-06,0.05000000000000032,-0.021291046666666667
15,0.07500000000000034,6.793586666666668e-06,0.07500000000000034,-0.020925033333333336
16,0.10000000000000037,8.046666666666667e-06,0.10000000000000037,-0.020508659999999998
17,0.1250000000000004,1.068238e-05,0.1250000000000004,-0.02008138
18,0.1500000000000004,1.3073833333333335e-05,0.1500000000000004,-0.019617980000000004
19,0.17500000000000043,1.5253706666666665e-05,0.17500000000000043,-0.019134393333333336
20,0.20000000000000046,1.7476313333333333e-05,0.20000000000000046,-0.018614826666666667
21,0.22500000000000048,1.9752053333333335e-05,0.22500000000000048,-0.018057606666666667
22,0.2500000000000005,2.1652213333333335e-05,0.2500000000000005,-0.01746498
23,0.2750000000000005,2.4183273333333335e-05,0.2750000000000005,-0.01682875333333333
24,0.30000000000000054,2.6590880000000002e-05,0.30000000000000054,-0.016141393333333334
25,0.32500000000000057,2.8948139999999998e-05,0.32500000000000057,-0.015449826666666666
26,0.3500000000000006,4.4531020000000006e-05,0.3500000000000006,-0.01471656
27,0.3750000000000006,4.8963360000000003e-05,0.3750000000000006,-0.013940873333333334
28,0.40000000000000063,5.3983986666666665e-05,0.40000000000000063,-0.013120353333333334
29,0.42500000000000066,6.021712e-05,0.42500000000000066,-0.012314680000000001
30,0.4500000000000007,6.814206666666668e-05,0.4500000000000007,-0.011468846666666668
31,0.4750000000000007,8.055960000000001e-05,0.4750000000000007,-0.010600366666666666
32,0.5000000000000007,9.420813333333334e-05,0.5000000000000007,-0.00968862
33,0.5250000000000008,0.00011416333333333333,0.5250000000000008,-0.008752473333333333
34,0.5500000000000007,0.0001320144,0.5500000000000007,-0.007782313333333334
35,0.5750000000000008,0.00019324486666666668,0.5750000000000008,-0.006779506666666667
36,0.6000000000000008,0.0002675014666666667,0.6000000000000008,-0.007834366666666667
37,0.6250000000000009,0.0003838114,0.6250000000000009,-0.006547095333333334
38,0.6500000000000008,0.0005575968666666666,0.6500000000000008,-0.004479647333333334
39,0.6750000000000009,0.0010684820000000002,0.6750000000000009,-0.0027377666666666667
40,0.7000000000000008,0.0014267393333333334,0.7000000000000008,-0.0009822153333333334
41,0.7250000000000008,0.001986982,0.7250000000000008,0.0009105220000000001
42,0.7500000000000009,0.002803919333333334,0.7500000000000009,0.002979826666666667
43,0.775000000000001,0.003904026666666667,0.775000000000001,0.005251768666666668
44,0.8000000000000009,0.005342544,0.8000000000000009,0.007672093333333334
45,0.8250000000000008,0.00844144,0.8250000000000008,0.010590233333333334
46,0.850000000000001,0.010245566666666667,0.850000000000001,0.013616046666666668
47,0.8750000000000011,0.012661453333333334,0.8750000000000011,0.016821606666666666
48,0.900000000000001,0.015473220000000001,0.900000000000001,0.020203913333333334
49,0.9250000000000009,0.01861286666666667,0.9250000000000009,0.0237669
50,0.9500000000000011,0.02202464,0.9500000000000011,0.02748882666666667
51,0.9750000000000012,0.025654286666666668,0.9750000000000012,0.03134820666666667
52,1.000000000000001,0.029484473333333337,1.000000000000001,0.03532502
53,1.025000000000001,0.03347613333333334,1.025000000000001,0.03941762666666667
54,1.0500000000000012,0.037620520000000005,1.0500000000000012,0.043594966666666665
55,1.0750000000000013,0.04187626666666667,1.0750000000000013,0.04787390666666667
56,1.1000000000000012,0.04619376666666667,1.1000000000000012,0.052213220000000005
57,1.125000000000001,0.050653993333333334,1.125000000000001,0.05663402000000001
58,1.1500000000000012,0.05517136,1.1500000000000012,0.06110145333333333
59,1.1750000000000014,0.059758986666666666,1.1750000000000014,0.06564609333333334
60,1.2000000000000013,0.06442036000000001,1.2000000000000013,0.0708286
61,1.2250000000000012,0.0691034,1.2250000000000012,0.07526033333333333
62,1.2500000000000013,0.0749242,1.2500000000000013,0.07984633333333334
63,1.2750000000000015,0.07931800000000001,1.2750000000000015,0.0844898
