,W3_2F_V_D,W3_2F_J_D,W3_2F_V_L,W3_2F_J_L
0,-0.3,-8.872433333333333e-07,-0.3,-0.02499628
1,-0.27499999999999997,-2.9661780000000003e-07,-0.27499999999999997,-0.024689013333333336
2,-0.24999999999999994,-7.973186666666667e-08,-0.24999999999999994,-0.024417646666666667
3,-0.22499999999999992,6.109572000000001e-08,-0.22499999999999992,-0.02414348
4,-0.1999999999999999,1.1107953333333335e-07,-0.1999999999999999,-0.023882353333333335
5,-0.17499999999999988,2.4797353333333337e-07,-0.17499999999999988,-0.02358298
6,-0.14999999999999986,3.17735e-07,-0.14999999999999986,-0.023288606666666666
7,-0.12499999999999983,3.765214e-07,-0.12499999999999983,-0.0229804
8,-0.09999999999999981,4.270634e-07,-0.09999999999999981,-0.02264106
9,-0.07499999999999979,4.7154020000000004e-07,-0.07499999999999979,-0.022322526666666665
10,-0.04999999999999977,5.117925333333334e-07,-0.04999999999999977,-0.02195262
11,-0.024999999999999745,5.482450666666667e-07,-0.024999999999999745,-0.021581633333333336
12,2.7755575615628914e-16,5.700329333333334e-07,2.7755575615628914e-16,-0.021154540000000003
13,0.0250000000000003,6.142134000000001e-07,0.0250000000000003,-0.020729413333333335
14,0.05000000000000032,6.455442e-07,0.05000000000000032,-0.020280640000000003
15,0.07500000000000034,6.763206666666667e-07,0.07500000000000034,-0.019787233333333334
16,0.10000000000000037,7.066233333333334e-07,0.10000000000000037,-0.019285993333333334
17,0.1250000000000004,7.389006666666667e-07,0.1250000000000004,-0.01874532
18,0.1500000000000004,7.716693333333333e-07,0.1500000000000004,-0.018178073333333336
19,0.17500000000000043,7.980293333333333e-07,0.17500000000000043,-0.01760006
20,0.20000000000000046,8.413346666666667e-07,0.20000000000000046,-0.016973746666666668
21,0.22500000000000048,8.6228e-07,0.22500000000000048,-0.016326533333333334
22,0.2500000000000005,9.217140000000001e-07,0.2500000000000005,-0.015683253333333334
23,0.2750000000000005,9.687473333333333e-07,0.2750000000000005,-0.014991773333333335
24,0.30000000000000054,1.0186366666666667e-06,0.30000000000000054,-0.014288566666666667
25,0.32500000000000057,1.0733313333333333e-06,0.32500000000000057,-0.013546226666666668
26,0.3500000000000006,1.1358453333333335e-06,0.3500000000000006,-0.012829413333333333
27,0.3750000000000006,1.2031653333333334e-06,0.3750000000000006,-0.012091506666666668
28,0.40000000000000063,1.279258e-06,0.40000000000000063,-0.01133932
29,0.42500000000000066,1.3713586666666667e-06,0.42500000000000066,-0.010606106666666667
30,0.4500000000000007,1.4836366666666667e-06,0.4500000000000007,-0.009825446666666668
31,0.4750000000000007,1.6247360000000002e-06,0.4750000000000007,-0.00906764
32,0.5000000000000007,1.817064666666667e-06,0.5000000000000007,-0.00831892
33,0.5250000000000008,2.051528666666667e-06,0.5250000000000008,-0.007577313333333334
34,0.5500000000000007,2.441436666666667e-06,0.5500000000000007,-0.006862173333333333
35,0.5750000000000008,2.990342e-06,0.5750000000000008,-0.007617606666666667
36,0.6000000000000008,3.8033073333333336e-06,0.6000000000000008,-0.00688368
37,0.6250000000000009,5.040504666666667e-06,0.6250000000000009,-0.005355545333333333
38,0.6500000000000008,6.863993333333334e-06,0.6500000000000008,-0.0045039473333333335
39,0.6750000000000009,8.877913333333334e-06,0.6750000000000009,-0.0037825806666666665
40,0.7000000000000008,1.3668606666666668e-05,0.7000000000000008,-0.003115464666666667
41,0.7250000000000008,2.01266e-05,0.7250000000000008,-0.0024893913333333337
42,0.7500000000000009,2.9782933333333336e-05,0.7500000000000009,-0.001875754
43,0.775000000000001,4.4269753333333336e-05,0.775000000000001,-0.0012731013333333334
44,0.8000000000000009,6.593184666666667e-05,0.8000000000000009,-0.0013871273333333333
45,0.8250000000000008,9.067386666666667e-05,0.8250000000000008,-0.000874716
46,0.850000000000001,0.00014203293333333333,0.850000000000001,-8.856253333333333e-05
47,0.8750000000000011,0.00021095973333333336,0.8750000000000011,0.0005131179333333334
48,0.900000000000001,0.00030667393333333334,0.900000000000001,0.0016695640000000001
49,0.9250000000000009,0.0004388084666666667,0.9250000000000009,0.002756172666666667
50,0.9500000000000011,0.0006136519333333334,0.9500000000000011,0.003952993333333333
51,0.9750000000000012,0.0008418906666666667,0.9750000000000012,0.005298872666666667
52,1.000000000000001,0.001156744,1.000000000000001,0.00681208
53,1.025000000000001,0.001525446,1.025000000000001,0.008245960000000002
54,1.0500000000000012,0.001965681333333333,1.0500000000000012,0.01024918
55,1.0750000000000013,0.002479752,1.0750000000000013,0.012304713333333333
56,1.1000000000000012,0.0030628073333333334,1.1000000000000012,0.014476926666666667
57,1.125000000000001,0.0037146080000000003,1.125000000000001,0.01677596
58,1.1500000000000012,0.004425809333333334,1.1500000000000012,0.019165853333333333
59,1.1750000000000014,0.005186512666666667,1.1750000000000014,0.021634906666666665
60,1.2000000000000013,0.005986944666666667,1.2000000000000013,0.0241602
61,1.2250000000000012,0.006828420000000001,1.2250000000000012,0.026725366666666667
62,1.2500000000000013,0.008032046666666667,1.2500000000000013,0.02930316
63,1.2750000000000015,0.008826773333333333,1.2750000000000015,0.03188738666666667
