,W3_2R_V_D,W3_2R_J_D,W3_2R_V_L,W3_2R_J_L
0,1.3,0.009720300000000001,1.3,0.02805006666666667
1,1.2750000000000001,0.009523413333333335,1.2750000000000001,0.02637426666666667
2,1.2500000000000002,0.008952133333333334,1.2500000000000002,0.02446498
3,1.2250000000000003,0.008195953333333334,1.2250000000000003,0.022391980000000002
4,1.2000000000000004,0.007334186666666667,1.2000000000000004,0.020206726666666668
5,1.1750000000000005,0.006376442666666667,1.1750000000000005,0.017949353333333334
6,1.1500000000000006,0.005498116666666667,1.1500000000000006,0.015654480000000002
7,1.1250000000000007,0.004573862666666667,1.1250000000000007,0.013357193333333335
8,1.1000000000000008,0.003697454,1.1000000000000008,0.01109182
9,1.0750000000000008,0.002907304,1.0750000000000008,0.008882206666666666
10,1.050000000000001,0.002233638,1.050000000000001,0.0067435866666666665
11,1.025000000000001,0.0016830866666666668,1.025000000000001,0.004842028
12,1.000000000000001,0.001254434,1.000000000000001,0.002725805333333333
13,0.9750000000000012,0.000926546,0.9750000000000012,0.0007928413333333334
14,0.9500000000000013,0.0006783386666666667,0.9500000000000013,-0.001072344
15,0.9250000000000014,0.00046262853333333336,0.9250000000000014,-0.0028900160000000005
16,0.9000000000000015,0.00033917533333333337,0.9000000000000015,-0.004679365333333334
17,0.8750000000000016,0.00023921426666666668,0.8750000000000016,-0.006443844666666667
18,0.8500000000000016,0.00016561066666666668,0.8500000000000016,-0.007481773333333334
19,0.8250000000000017,0.00011343013333333334,0.8250000000000017,-0.009494166666666668
20,0.8000000000000018,7.739206666666667e-05,0.8000000000000018,-0.011273426666666668
21,0.7750000000000019,5.3943026666666666e-05,0.7750000000000019,-0.01292126
22,0.750000000000002,3.641400666666667e-05,0.750000000000002,-0.014465246666666666
23,0.7250000000000021,2.4747806666666666e-05,0.7250000000000021,-0.015896213333333336
24,0.7000000000000022,1.6777573333333333e-05,0.7000000000000022,-0.017193466666666667
25,0.6750000000000023,1.1197920000000001e-05,0.6750000000000023,-0.018362026666666666
26,0.6500000000000024,7.298406666666667e-06,0.6500000000000024,-0.019404893333333333
27,0.6250000000000024,5.6151413333333334e-06,0.6250000000000024,-0.0203253
28,0.6000000000000025,3.121424e-06,0.6000000000000025,-0.021099313333333335
29,0.5750000000000026,1.6868346666666667e-06,0.5750000000000026,-0.021751573333333333
30,0.5500000000000027,7.202793333333334e-07,0.5500000000000027,-0.02230228
31,0.5250000000000028,5.804662666666667e-08,0.5250000000000028,-0.022755073333333334
32,0.5000000000000029,-4.112046666666667e-07,0.5000000000000029,-0.023140340000000002
33,0.475000000000003,-7.656213333333334e-07,0.475000000000003,-0.023449746666666667
34,0.45000000000000306,-1.029974e-06,0.45000000000000306,-0.023700533333333332
35,0.42500000000000315,-1.2022893333333334e-06,0.42500000000000315,-0.023905833333333334
36,0.40000000000000324,-1.395616e-06,0.40000000000000324,-0.024071453333333336
37,0.37500000000000333,-1.52076e-06,0.37500000000000333,-0.024209193333333334
38,0.3500000000000034,-1.6141573333333334e-06,0.3500000000000034,-0.02431992666666667
39,0.3250000000000035,-1.6808013333333334e-06,0.3250000000000035,-0.02441328666666667
40,0.3000000000000036,-1.72234e-06,0.3000000000000036,-0.024494266666666667
41,0.2750000000000037,-1.7514293333333332e-06,0.2750000000000037,-0.024553006666666665
42,0.2500000000000038,-1.766288e-06,0.2500000000000038,-0.02460464
43,0.22500000000000386,-1.7156073333333335e-06,0.22500000000000386,-0.02464064666666667
44,0.20000000000000395,-1.7586926666666667e-06,0.20000000000000395,-0.024684506666666665
45,0.17500000000000404,-1.757638e-06,0.17500000000000404,-0.024719493333333335
46,0.15000000000000413,-1.7504473333333336e-06,0.15000000000000413,-0.024749646666666666
47,0.12500000000000422,-1.740074e-06,0.12500000000000422,-0.02477736666666667
48,0.10000000000000431,-1.7295620000000001e-06,0.10000000000000431,-0.024802420000000002
49,0.0750000000000044,-1.7174426666666669e-06,0.0750000000000044,-0.02482724
50,0.050000000000004485,-1.7048400000000002e-06,0.050000000000004485,-0.02485012
51,0.025000000000004574,-1.693454e-06,0.025000000000004574,-0.024870153333333332
52,4.6629367034256575e-15,-1.6797220000000002e-06,4.6629367034256575e-15,-0.0248934
53,-0.024999999999995248,-1.6701686666666668e-06,-0.024999999999995248,-0.024917686666666668
54,-0.04999999999999516,-1.6339893333333334e-06,-0.04999999999999516,-0.024934186666666667
55,-0.07499999999999507,-1.646228e-06,-0.07499999999999507,-0.024953666666666666
56,-0.09999999999999498,-1.6381606666666667e-06,-0.09999999999999498,-0.02497208
57,-0.12499999999999489,-1.630614e-06,-0.12499999999999489,-0.024988153333333336
58,-0.1499999999999948,-1.622552e-06,-0.1499999999999948,-0.025005433333333334
59,-0.17499999999999472,-1.6150566666666667e-06,-0.17499999999999472,-0.025020573333333334
60,-0.19999999999999463,-1.592898e-06,-0.19999999999999463,-0.02503306
61,-0.22499999999999454,-1.5974826666666668e-06,-0.22499999999999454,-0.02504906
62,-0.24999999999999445,-1.5923506666666668e-06,-0.24999999999999445,-0.025061953333333335
63,-0.27499999999999436,-1.587262e-06,-0.27499999999999436,-0.02507508
