,W4_2F_V_D,W4_2F_J_D,W4_2F_V_L,W4_2F_J_L
0,-0.3,-0.001315804,-0.3,-0.0238295
1,-0.27499999999999997,-0.0012054606666666667,-0.27499999999999997,-0.020467520000000003
2,-0.24999999999999994,-0.0010761673333333332,-0.24999999999999994,-0.01859954
3,-0.22499999999999992,-0.0009450106666666668,-0.22499999999999992,-0.017337633333333335
4,-0.1999999999999999,-0.000816736,-0.1999999999999999,-0.016374953333333334
5,-0.17499999999999988,-0.0006939346666666667,-0.17499999999999988,-0.015459526666666668
6,-0.14999999999999986,-0.0005745498666666668,-0.14999999999999986,-0.014679326666666666
7,-0.12499999999999983,-0.0004645985333333334,-0.12499999999999983,-0.013960713333333334
8,-0.09999999999999981,-0.0003606916,-0.09999999999999981,-0.013278813333333334
9,-0.07499999999999979,-0.0002626274,-0.07499999999999979,-0.012627806666666668
10,-0.04999999999999977,-0.0001705376,-0.04999999999999977,-0.012005813333333334
11,-0.024999999999999745,-8.33046e-05,-0.024999999999999745,-0.011387793333333333
12,2.7755575615628914e-16,-3.3968246666666663e-06,2.7755575615628914e-16,-0.010794846666666667
13,0.0250000000000003,7.956973333333333e-05,0.0250000000000003,-0.010204926666666666
14,0.05000000000000032,0.00016474526666666666,0.05000000000000032,-0.009617726666666666
15,0.07500000000000034,0.0002468177333333333,0.07500000000000034,-0.009015826666666667
16,0.10000000000000037,0.0003301176,0.10000000000000037,-0.00846752
17,0.1250000000000004,0.0004155414666666667,0.1250000000000004,-0.007908373333333333
18,0.1500000000000004,0.0005038975333333333,0.1500000000000004,-0.0073397666666666665
19,0.17500000000000043,0.0005958654666666667,0.17500000000000043,-0.006742913333333334
20,0.20000000000000046,0.0007156560000000001,0.20000000000000046,-0.008050433333333334
21,0.22500000000000048,0.000815104,0.22500000000000048,-0.007503973333333334
22,0.2500000000000005,0.0009221906666666667,0.2500000000000005,-0.006715873333333333
23,0.2750000000000005,0.0010380353333333335,0.2750000000000005,-0.004930476666666667
24,0.30000000000000054,0.0011642133333333335,0.30000000000000054,-0.004057216666666667
25,0.32500000000000057,0.001302886,0.32500000000000057,-0.003279634
26,0.3500000000000006,0.0014580506666666668,0.3500000000000006,-0.00253157
27,0.3750000000000006,0.0016326446666666667,0.3750000000000006,-0.0017471693333333334
28,0.40000000000000063,0.0018307173333333333,0.40000000000000063,-0.0009756206666666668
29,0.42500000000000066,0.002057334,0.42500000000000066,-0.0012170940000000002
30,0.4500000000000007,0.002324414,0.4500000000000007,-0.0002795022
31,0.4750000000000007,0.0026379333333333334,0.4750000000000007,0.0008093040000000001
32,0.5000000000000007,0.003008726,0.5000000000000007,0.002524976
33,0.5250000000000008,0.003452187333333334,0.5250000000000008,0.003792448666666667
34,0.5500000000000007,0.003981432000000001,0.5500000000000007,0.005041121333333333
35,0.5750000000000008,0.004617094,0.5750000000000008,0.006345936
36,0.6000000000000008,0.005381564,0.6000000000000008,0.007386553333333335
37,0.6250000000000009,0.006284672666666667,0.6250000000000009,0.00926548
38,0.6500000000000008,0.0083012,0.6500000000000008,0.010957473333333334
39,0.6750000000000009,0.009383366666666667,0.6750000000000009,0.012712160000000002
40,0.7000000000000008,0.010758313333333333,0.7000000000000008,0.01458566
41,0.7250000000000008,0.012366646666666667,0.7250000000000008,0.016600860000000002
42,0.7500000000000009,0.014204353333333334,0.7500000000000009,0.018761233333333332
43,0.775000000000001,0.016253800000000002,0.775000000000001,0.021072173333333333
44,0.8000000000000009,0.018522693333333333,0.8000000000000009,0.023538240000000002
45,0.8250000000000008,0.020999273333333335,0.8250000000000008,0.026144813333333333
46,0.850000000000001,0.023659053333333332,0.850000000000001,0.02888266
47,0.8750000000000011,0.026499273333333337,0.8750000000000011,0.031778193333333336
48,0.900000000000001,0.029477533333333337,0.900000000000001,0.03480114666666667
49,0.9250000000000009,0.032572340000000005,0.9250000000000009,0.03794036
50,0.9500000000000011,0.03584578666666667,0.9500000000000011,0.041181333333333334
51,0.9750000000000012,0.039211220000000005,0.9750000000000012,0.044553593333333336
52,1.000000000000001,0.042672680000000004,1.000000000000001,0.0480201
53,1.025000000000001,0.04619376000000001,1.025000000000001,0.05156380666666667
54,1.0500000000000012,0.049843453333333336,1.0500000000000012,0.05518572666666667
55,1.0750000000000013,0.05354599333333334,1.0750000000000013,0.05888736666666668
56,1.1000000000000012,0.057299086666666665,1.1000000000000012,0.06264518000000001
57,1.125000000000001,0.061118506666666676,1.125000000000001,0.06646279333333334
58,1.1500000000000012,0.06499337333333333,1.1500000000000012,0.07102040000000001
59,1.1750000000000014,0.06891806666666667,1.1750000000000014,0.07454706666666668
60,1.2000000000000013,0.073782,1.2000000000000013,0.078404
61,1.2250000000000012,0.07723193333333334,1.2250000000000012,0.08235640000000001
62,1.2500000000000013,0.08114013333333334,1.2500000000000013,0.08637900000000001
63,1.2750000000000015,0.0851246,1.2750000000000015,0.09045106666666668
