,T4_1F_V_D,T4_1F_J_D,T4_1F_V_L,T4_1F_J_L
0,-0.3,-7.481853333333334e-07,-0.3,-0.020392986666666668
1,-0.27499999999999997,5.99854e-08,-0.27499999999999997,-0.019244893333333336
2,-0.24999999999999994,2.8114793333333337e-07,-0.24999999999999994,-0.018080346666666667
3,-0.22499999999999992,4.166734666666667e-07,-0.22499999999999992,-0.017040060000000003
4,-0.1999999999999999,4.0473786666666665e-07,-0.1999999999999999,-0.016127986666666667
5,-0.17499999999999988,5.868681333333334e-07,-0.17499999999999988,-0.01529232
6,-0.14999999999999986,6.572582666666667e-07,-0.14999999999999986,-0.014540013333333334
7,-0.12499999999999983,7.165146666666667e-07,-0.12499999999999983,-0.013832180000000001
8,-0.09999999999999981,7.683400000000001e-07,-0.09999999999999981,-0.013149826666666668
9,-0.07499999999999979,8.13942e-07,-0.07499999999999979,-0.012514260000000001
10,-0.04999999999999977,8.569233333333333e-07,-0.04999999999999977,-0.011882713333333333
11,-0.024999999999999745,8.960626666666667e-07,-0.024999999999999745,-0.011271673333333334
12,2.7755575615628914e-16,8.659026666666667e-07,2.7755575615628914e-16,-0.010658840000000001
13,0.0250000000000003,9.6912e-07,0.0250000000000003,-0.010073193333333334
14,0.05000000000000032,1.0133526666666667e-06,0.05000000000000032,-0.009495400000000001
15,0.07500000000000034,1.06277e-06,0.07500000000000034,-0.008925773333333333
16,0.10000000000000037,1.114896e-06,0.10000000000000037,-0.00836978
17,0.1250000000000004,1.167756e-06,0.1250000000000004,-0.007823006666666667
18,0.1500000000000004,1.2264733333333335e-06,0.1500000000000004,-0.007291846666666667
19,0.17500000000000043,1.2845846666666668e-06,0.17500000000000043,-0.006773566666666667
20,0.20000000000000046,1.3427413333333333e-06,0.20000000000000046,-0.0068288
21,0.22500000000000048,1.3749826666666668e-06,0.22500000000000048,-0.005995157333333333
22,0.2500000000000005,1.4659106666666668e-06,0.2500000000000005,-0.005414576666666666
23,0.2750000000000005,1.5351533333333332e-06,0.2750000000000005,-0.004901964666666666
24,0.30000000000000054,1.5498746666666668e-06,0.30000000000000054,-0.004431795333333334
25,0.32500000000000057,1.6751680000000002e-06,0.32500000000000057,-0.0039875326666666665
26,0.3500000000000006,1.7550653333333334e-06,0.3500000000000006,-0.0035721613333333335
27,0.3750000000000006,1.8360733333333333e-06,0.3750000000000006,-0.0031775613333333333
28,0.40000000000000063,1.9250153333333335e-06,0.40000000000000063,-0.0028058560000000002
29,0.42500000000000066,2.0188613333333334e-06,0.42500000000000066,-0.002457098
30,0.4500000000000007,2.12554e-06,0.4500000000000007,-0.002135600666666667
31,0.4750000000000007,2.259638e-06,0.4750000000000007,-0.0018377986666666666
32,0.5000000000000007,2.438630666666667e-06,0.5000000000000007,-0.001563548
33,0.5250000000000008,2.6991040000000002e-06,0.5250000000000008,-0.001309524
34,0.5500000000000007,3.1091193333333335e-06,0.5500000000000007,-0.0010872753333333333
35,0.5750000000000008,3.7764500000000005e-06,0.5750000000000008,-0.0008831360000000001
36,0.6000000000000008,4.893550000000001e-06,0.6000000000000008,-0.000696828
37,0.6250000000000009,6.758240000000001e-06,0.6250000000000009,-0.000810152
38,0.6500000000000008,8.231753333333334e-06,0.6500000000000008,-0.0006156791333333334
39,0.6750000000000009,1.4355273333333336e-05,0.6750000000000009,-0.000360381
40,0.7000000000000008,2.3146826666666667e-05,0.7000000000000008,-0.0001790594
41,0.7250000000000008,3.731241333333334e-05,0.7250000000000008,-0.00017008826666666668
42,0.7500000000000009,5.9798746666666666e-05,0.7500000000000009,7.021246666666667e-05
43,0.775000000000001,8.677893333333334e-05,0.775000000000001,0.00028099326666666667
44,0.8000000000000009,0.00014041986666666668,0.8000000000000009,0.0005104380666666668
45,0.8250000000000008,0.00021628480000000002,0.8250000000000008,0.0006860066666666667
46,0.850000000000001,0.00032194253333333336,0.850000000000001,0.0010513426666666668
47,0.8750000000000011,0.0004654354,0.8750000000000011,0.0014702186666666669
48,0.900000000000001,0.0006498343333333333,0.900000000000001,0.0019752013333333334
49,0.9250000000000009,0.0008445913333333335,0.9250000000000009,0.002576688
50,0.9500000000000011,0.0011094253333333334,0.9500000000000011,0.003277040666666667
51,0.9750000000000012,0.001406072,0.9750000000000012,0.004071632
52,1.000000000000001,0.0017261573333333332,1.000000000000001,0.004950496666666667
53,1.025000000000001,0.002061218,1.025000000000001,0.0059028760000000005
54,1.0500000000000012,0.0024025226666666666,1.0500000000000012,0.006915973333333335
55,1.0750000000000013,0.0027448033333333332,1.0750000000000013,0.008081866666666668
56,1.1000000000000012,0.003082912666666667,1.1000000000000012,0.00921496
57,1.125000000000001,0.0034159560000000004,1.125000000000001,0.01038814
58,1.1500000000000012,0.003741169333333334,1.1500000000000012,0.01159518
59,1.1750000000000014,0.004058962666666667,1.1750000000000014,0.01283172
60,1.2000000000000013,0.004366186,1.2000000000000013,0.014092873333333334
61,1.2250000000000012,0.004665375333333333,1.2250000000000012,0.015377720000000001
62,1.2500000000000013,0.004955627333333334,1.2500000000000013,0.01667984
63,1.2750000000000015,0.005237382666666667,1.2750000000000015,0.017996320000000003
