,T4_1R_V_D,T4_1R_J_D,T4_1R_V_L,T4_1R_J_L
0,1.3,0.009573626666666668,1.3,0.01969636
1,1.2750000000000001,0.008754473333333334,1.2750000000000001,0.018860113333333334
2,1.2500000000000002,0.007891306666666667,1.2500000000000002,0.017755366666666668
3,1.2250000000000003,0.007052086666666666,1.2250000000000003,0.016523813333333335
4,1.2000000000000004,0.006043280666666667,1.2000000000000004,0.015204053333333334
5,1.1750000000000005,0.005371887333333334,1.1750000000000005,0.013818753333333334
6,1.1500000000000006,0.0046637453333333335,1.1500000000000006,0.012383913333333333
7,1.1250000000000007,0.003962114666666666,1.1250000000000007,0.010919546666666667
8,1.1000000000000008,0.003279052,1.1000000000000008,0.009451226666666666
9,1.0750000000000008,0.002624102666666667,1.0750000000000008,0.007999866666666668
10,1.050000000000001,0.00201409,1.050000000000001,0.006618793333333334
11,1.025000000000001,0.0014687566666666668,1.025000000000001,0.005265860666666667
12,1.000000000000001,0.0010119753333333334,1.000000000000001,0.004051548
13,0.9750000000000012,0.0006516828000000001,0.9750000000000012,0.0029884340000000003
14,0.9500000000000013,0.0004018072666666667,0.9500000000000013,0.0020892420000000003
15,0.9250000000000014,0.00023602886666666665,0.9250000000000014,0.0013507953333333335
16,0.9000000000000015,0.00013459573333333334,0.9000000000000015,0.000745308
17,0.8750000000000016,7.552026666666668e-05,0.8750000000000016,0.0003950071333333333
18,0.8500000000000016,4.292258000000001e-05,0.8500000000000016,-0.0001774438
19,0.8250000000000017,2.345816666666667e-05,0.8250000000000017,-0.0006586187333333333
20,0.8000000000000018,1.2821266666666665e-05,0.8000000000000018,-0.0008127393333333333
21,0.7750000000000019,6.7480000000000004e-06,0.7750000000000019,-0.0014635786666666666
22,0.750000000000002,4.525393333333334e-06,0.750000000000002,-0.0020342186666666667
23,0.7250000000000021,1.460994e-06,0.7250000000000021,-0.002602717333333333
24,0.7000000000000022,-6.367166666666667e-08,0.7000000000000022,-0.0031656180000000003
25,0.6750000000000023,-1.015108e-06,0.6750000000000023,-0.0037470393333333333
26,0.6500000000000024,-1.6353740000000002e-06,0.6500000000000024,-0.004329797333333334
27,0.6250000000000024,-2.0552186666666666e-06,0.6250000000000024,-0.004909487333333334
28,0.6000000000000025,-2.3530913333333335e-06,0.6000000000000025,-0.0054824800000000005
29,0.5750000000000026,-2.5564833333333333e-06,0.5750000000000026,-0.006047628
30,0.5500000000000027,-2.6920273333333335e-06,0.5500000000000027,-0.006599028666666667
31,0.5250000000000028,-2.766772666666667e-06,0.5250000000000028,-0.0069987
32,0.5000000000000029,-2.8356566666666665e-06,0.5000000000000029,-0.0068010200000000005
33,0.475000000000003,-2.8630486666666667e-06,0.475000000000003,-0.00758608
34,0.45000000000000306,-2.8657740000000003e-06,0.45000000000000306,-0.008202053333333334
35,0.42500000000000315,-2.8568353333333334e-06,0.42500000000000315,-0.008739673333333335
36,0.40000000000000324,-2.8327893333333333e-06,0.40000000000000324,-0.009228233333333334
37,0.37500000000000333,-2.797934e-06,0.37500000000000333,-0.009691606666666666
38,0.3500000000000034,-2.7588753333333335e-06,0.3500000000000034,-0.0101374
39,0.3250000000000035,-2.713936666666667e-06,0.3250000000000035,-0.010530093333333334
40,0.3000000000000036,-2.6618e-06,0.3000000000000036,-0.010903193333333333
41,0.2750000000000037,-2.612434e-06,0.2750000000000037,-0.01126504
42,0.2500000000000038,-2.558518e-06,0.2500000000000038,-0.011620433333333334
43,0.22500000000000386,-2.3604793333333333e-06,0.22500000000000386,-0.011877546666666667
44,0.20000000000000395,-2.4321893333333332e-06,0.20000000000000395,-0.012205160000000001
45,0.17500000000000404,-2.3872046666666666e-06,0.17500000000000404,-0.012492513333333333
46,0.15000000000000413,-2.338271333333333e-06,0.15000000000000413,-0.012758793333333334
47,0.12500000000000422,-2.295862e-06,0.12500000000000422,-0.013012386666666667
48,0.10000000000000431,-2.2571893333333336e-06,0.10000000000000431,-0.013245586666666666
49,0.0750000000000044,-2.223684666666667e-06,0.0750000000000044,-0.013470606666666668
50,0.050000000000004485,-2.199342666666667e-06,0.050000000000004485,-0.01368184
51,0.025000000000004574,-2.1811406666666667e-06,0.025000000000004574,-0.013880466666666667
52,4.6629367034256575e-15,-2.1434246666666666e-06,4.6629367034256575e-15,-0.014060880000000001
53,-0.024999999999995248,-2.1588493333333334e-06,-0.024999999999995248,-0.014228546666666666
54,-0.04999999999999516,-2.161155333333333e-06,-0.04999999999999516,-0.014395473333333334
55,-0.07499999999999507,-2.1681860000000003e-06,-0.07499999999999507,-0.014564633333333334
56,-0.09999999999999498,-2.1810413333333336e-06,-0.09999999999999498,-0.014696446666666666
57,-0.12499999999999489,-2.2054706666666666e-06,-0.12499999999999489,-0.014830686666666667
58,-0.1499999999999948,-2.2467853333333336e-06,-0.1499999999999948,-0.01496714
59,-0.17499999999999472,-2.295176666666667e-06,-0.17499999999999472,-0.01508728
60,-0.19999999999999463,-2.383826666666667e-06,-0.19999999999999463,-0.015198913333333333
61,-0.22499999999999454,-2.5952080000000004e-06,-0.22499999999999454,-0.015325053333333335
62,-0.24999999999999445,-2.871968e-06,-0.24999999999999445,-0.015435359999999999
63,-0.27499999999999436,-3.290837333333334e-06,-0.27499999999999436,-0.015552153333333334
