,T4_1F_V_D,T4_1F_J_D,T4_1F_V_L,T4_1F_J_L
0,-0.3,-7.347753333333333e-07,-0.3,-0.020387953333333333
1,-0.27499999999999997,6.992053333333333e-08,-0.27499999999999997,-0.019226473333333334
2,-0.24999999999999994,2.8992480000000004e-07,-0.24999999999999994,-0.018048653333333334
3,-0.22499999999999992,4.218088e-07,-0.22499999999999992,-0.016996813333333333
4,-0.1999999999999999,4.0998753333333333e-07,-0.1999999999999999,-0.016075866666666667
5,-0.17499999999999988,5.897878666666667e-07,-0.17499999999999988,-0.015235486666666668
6,-0.14999999999999986,6.572111333333334e-07,-0.14999999999999986,-0.014477013333333335
7,-0.12499999999999983,7.16458e-07,-0.12499999999999983,-0.013765273333333333
8,-0.09999999999999981,7.670973333333333e-07,-0.09999999999999981,-0.01308098
9,-0.07499999999999979,8.114346666666667e-07,-0.07499999999999979,-0.012442033333333333
10,-0.04999999999999977,8.53628e-07,-0.04999999999999977,-0.011812333333333333
11,-0.024999999999999745,8.920146666666667e-07,-0.024999999999999745,-0.011196753333333335
12,2.7755575615628914e-16,8.587260000000001e-07,2.7755575615628914e-16,-0.010589026666666666
13,0.0250000000000003,9.634393333333333e-07,0.0250000000000003,-0.010005593333333333
14,0.05000000000000032,1.0084426666666667e-06,0.05000000000000032,-0.009430026666666667
15,0.07500000000000034,1.0545213333333335e-06,0.07500000000000034,-0.00886218
16,0.10000000000000037,1.1075453333333335e-06,0.10000000000000037,-0.0083076
17,0.1250000000000004,1.1609046666666666e-06,0.1250000000000004,-0.0077625
18,0.1500000000000004,1.2162459999999999e-06,0.1500000000000004,-0.0072331
19,0.17500000000000043,1.2757746666666667e-06,0.17500000000000043,-0.0067099866666666666
20,0.20000000000000046,1.3353693333333333e-06,0.20000000000000046,-0.0067678066666666675
21,0.22500000000000048,1.366284e-06,0.22500000000000048,-0.005937846
22,0.2500000000000005,1.455852e-06,0.2500000000000005,-0.005360111333333333
23,0.2750000000000005,1.5247633333333334e-06,0.2750000000000005,-0.004850106666666667
24,0.30000000000000054,1.592424e-06,0.30000000000000054,-0.004385588
25,0.32500000000000057,1.6681980000000001e-06,0.32500000000000057,-0.003942600666666667
26,0.3500000000000006,1.7435953333333333e-06,0.3500000000000006,-0.003529690666666667
27,0.3750000000000006,1.8271833333333336e-06,0.3750000000000006,-0.003138614666666667
28,0.40000000000000063,1.9135213333333335e-06,0.40000000000000063,-0.002768392
29,0.42500000000000066,2.0056066666666668e-06,0.42500000000000066,-0.0024182206666666668
30,0.4500000000000007,2.1149093333333335e-06,0.4500000000000007,-0.0021017160000000004
31,0.4750000000000007,2.247428e-06,0.4750000000000007,-0.0018090553333333335
32,0.5000000000000007,2.424744666666667e-06,0.5000000000000007,-0.0015384873333333332
33,0.5250000000000008,2.6873013333333335e-06,0.5250000000000008,-0.0012875326666666668
34,0.5500000000000007,3.093657333333333e-06,0.5500000000000007,-0.0010686693333333333
35,0.5750000000000008,3.7576866666666668e-06,0.5750000000000008,-0.0008659146666666668
36,0.6000000000000008,4.869306666666667e-06,0.6000000000000008,-0.0006825226666666667
37,0.6250000000000009,6.74008e-06,0.6250000000000009,-0.000648187
38,0.6500000000000008,8.206900000000001e-06,0.6500000000000008,-0.0004244198666666667
39,0.6750000000000009,1.4313500000000001e-05,0.6750000000000009,-0.0002578846666666667
40,0.7000000000000008,2.3079006666666666e-05,0.7000000000000008,-0.00010710946666666668
41,0.7250000000000008,3.720452e-05,0.7250000000000008,-3.662757333333333e-05
42,0.7500000000000009,5.961044e-05,0.7500000000000009,3.49674e-05
43,0.775000000000001,8.66366e-05,0.775000000000001,0.00027268553333333333
44,0.8000000000000009,0.00014019566666666666,0.8000000000000009,0.0005078583333333334
45,0.8250000000000008,0.00021529053333333331,0.8250000000000008,0.0006916986666666667
46,0.850000000000001,0.0003210269333333334,0.850000000000001,0.0010528746666666668
47,0.8750000000000011,0.00046357960000000003,0.8750000000000011,0.0014696146666666667
48,0.900000000000001,0.000646596,0.900000000000001,0.001969156666666667
49,0.9250000000000009,0.0008411166666666668,0.9250000000000009,0.0025629513333333335
50,0.9500000000000011,0.001103856,0.9500000000000011,0.003252731333333333
51,0.9750000000000012,0.001397728,0.9750000000000012,0.00403313
52,1.000000000000001,0.0017147086666666667,1.000000000000001,0.00489508
53,1.025000000000001,0.0020460773333333335,1.025000000000001,0.005826983333333334
54,1.0500000000000012,0.002383688,1.0500000000000012,0.006818280000000001
55,1.0750000000000013,0.0027229380000000003,1.0750000000000013,0.007962100000000001
56,1.1000000000000012,0.0030560813333333336,1.1000000000000012,0.009069760000000001
57,1.125000000000001,0.00338697,1.125000000000001,0.010216333333333334
58,1.1500000000000012,0.0037095706666666665,1.1500000000000012,0.0113963
59,1.1750000000000014,0.0040232873333333335,1.1750000000000014,0.01260586
60,1.2000000000000013,0.004329798666666667,1.2000000000000013,0.013841906666666667
61,1.2250000000000012,0.004625894666666667,1.2250000000000012,0.015101013333333333
62,1.2500000000000013,0.004914217333333333,1.2500000000000013,0.016375293333333332
63,1.2750000000000015,0.005193552666666667,1.2750000000000015,0.01766644666666667
