,T4_1F_V_D,T4_1F_J_D,T4_1F_V_L,T4_1F_J_L
0,-0.3,-7.879866666666666e-07,-0.3,-0.02039806
1,-0.27499999999999997,8.20856e-09,-0.27499999999999997,-0.01937358
2,-0.24999999999999994,2.3350626666666666e-07,-0.24999999999999994,-0.018295533333333336
3,-0.22499999999999992,3.7690020000000003e-07,-0.22499999999999992,-0.017302046666666668
4,-0.1999999999999999,3.945328e-07,-0.1999999999999999,-0.016422073333333335
5,-0.17499999999999988,5.597838666666666e-07,-0.17499999999999988,-0.015599546666666667
6,-0.14999999999999986,6.344434e-07,-0.14999999999999986,-0.014846080000000001
7,-0.12499999999999983,6.972000000000001e-07,-0.12499999999999983,-0.01413736
8,-0.09999999999999981,7.527926666666667e-07,-0.09999999999999981,-0.01345728
9,-0.07499999999999979,8.021153333333335e-07,-0.07499999999999979,-0.012798633333333333
10,-0.04999999999999977,8.465520000000001e-07,-0.04999999999999977,-0.0121667
11,-0.024999999999999745,8.876526666666667e-07,-0.024999999999999745,-0.01153992
12,2.7755575615628914e-16,8.599486666666667e-07,2.7755575615628914e-16,-0.010934433333333334
13,0.0250000000000003,9.639993333333333e-07,0.0250000000000003,-0.010321226666666667
14,0.05000000000000032,1.0091846666666667e-06,0.05000000000000032,-0.00972944
15,0.07500000000000034,1.0603693333333334e-06,0.07500000000000034,-0.00914562
16,0.10000000000000037,1.1130186666666667e-06,0.10000000000000037,-0.008564466666666666
17,0.1250000000000004,1.1678953333333333e-06,0.1250000000000004,-0.008012920000000001
18,0.1500000000000004,1.2249913333333334e-06,0.1500000000000004,-0.007463833333333334
19,0.17500000000000043,1.2838146666666667e-06,0.17500000000000043,-0.006929360000000001
20,0.20000000000000046,1.341902e-06,0.20000000000000046,-0.007281433333333333
21,0.22500000000000048,1.3773126666666667e-06,0.22500000000000048,-0.006730680000000001
22,0.2500000000000005,1.4658406666666667e-06,0.2500000000000005,-0.005819073333333333
23,0.2750000000000005,1.5338273333333333e-06,0.2750000000000005,-0.005191564666666667
24,0.30000000000000054,1.6042813333333335e-06,0.30000000000000054,-0.004651469333333333
25,0.32500000000000057,1.680636e-06,0.32500000000000057,-0.004161667333333333
26,0.3500000000000006,1.7560406666666667e-06,0.3500000000000006,-0.003708946666666667
27,0.3750000000000006,1.8391113333333333e-06,0.3750000000000006,-0.003288144
28,0.40000000000000063,1.9248066666666666e-06,0.40000000000000063,-0.002899286666666667
29,0.42500000000000066,2.0167353333333336e-06,0.42500000000000066,-0.0025327326666666665
30,0.4500000000000007,2.125622666666667e-06,0.4500000000000007,-0.0021908486666666668
31,0.4750000000000007,2.258660666666667e-06,0.4750000000000007,-0.0018848953333333333
32,0.5000000000000007,2.438104e-06,0.5000000000000007,-0.001603842
33,0.5250000000000008,2.7043633333333335e-06,0.5250000000000008,-0.0013453066666666666
34,0.5500000000000007,3.1174013333333334e-06,0.5500000000000007,-0.0011092233333333333
35,0.5750000000000008,3.7880140000000004e-06,0.5750000000000008,-0.0009044153333333335
36,0.6000000000000008,4.910889333333334e-06,0.6000000000000008,-0.0007158673333333334
37,0.6250000000000009,6.777613333333334e-06,0.6250000000000009,-0.000825938
38,0.6500000000000008,8.283453333333334e-06,0.6500000000000008,-0.0006301697333333334
39,0.6750000000000009,1.4348966666666666e-05,0.6750000000000009,-0.00037878453333333335
40,0.7000000000000008,2.307376e-05,0.7000000000000008,-0.0001941938
41,0.7250000000000008,3.7103126666666665e-05,0.7250000000000008,-0.00018382626666666667
42,0.7500000000000009,5.932638e-05,0.7500000000000009,-8.327593333333334e-05
43,0.775000000000001,8.656353333333334e-05,0.775000000000001,0.00018143733333333335
44,0.8000000000000009,0.00013969913333333333,0.8000000000000009,0.00042619486666666673
45,0.8250000000000008,0.00021465553333333335,0.8250000000000008,0.0006962866666666667
46,0.850000000000001,0.000319221,0.850000000000001,0.000953274
47,0.8750000000000011,0.0004604404666666667,0.8750000000000011,0.0013884633333333333
48,0.900000000000001,0.0006422477333333333,0.900000000000001,0.0018946506666666669
49,0.9250000000000009,0.00083878,0.9250000000000009,0.00249719
50,0.9500000000000011,0.0010987820000000002,0.9500000000000011,0.0032000633333333335
51,0.9750000000000012,0.0013893706666666668,0.9750000000000012,0.004000061333333334
52,1.000000000000001,0.0017022746666666667,1.000000000000001,0.0048876860000000005
53,1.025000000000001,0.00202921,1.025000000000001,0.005850676
54,1.0500000000000012,0.0023613873333333335,1.0500000000000012,0.006878073333333334
55,1.0750000000000013,0.0026947800000000004,1.0750000000000013,0.0080557
56,1.1000000000000012,0.0030225820000000002,1.1000000000000012,0.00920382
57,1.125000000000001,0.0033457440000000003,1.125000000000001,0.010393673333333334
58,1.1500000000000012,0.0036611033333333333,1.1500000000000012,0.011618513333333334
59,1.1750000000000014,0.0039694380000000005,1.1750000000000014,0.012873306666666667
60,1.2000000000000013,0.004267649333333333,1.2000000000000013,0.01415444
61,1.2250000000000012,0.004557757333333334,1.2250000000000012,0.015457426666666668
62,1.2500000000000013,0.004839817333333333,1.2500000000000013,0.01677798
63,1.2750000000000015,0.005113655333333333,1.2750000000000015,0.0181118
