,T4_1R_V_D,T4_1R_J_D,T4_1R_V_L,T4_1R_J_L
0,1.3,0.008923993333333333,1.3,0.019019173333333333
1,1.2750000000000001,0.008266946666666667,1.2750000000000001,0.01821864
2,1.2500000000000002,0.007535406666666667,1.2500000000000002,0.01723882666666667
3,1.2250000000000003,0.0068220066666666666,1.2250000000000003,0.016156386666666668
4,1.2000000000000004,0.005914554,1.2000000000000004,0.01499802
5,1.1750000000000005,0.005357983333333333,1.1750000000000005,0.013779386666666667
6,1.1500000000000006,0.00475766,1.1500000000000006,0.012512386666666667
7,1.1250000000000007,0.004164772666666667,1.1250000000000007,0.011210386666666667
8,1.1000000000000008,0.0035843560000000003,1.1000000000000008,0.009892533333333333
9,1.0750000000000008,0.0030099233333333334,1.0750000000000008,0.008568566666666666
10,1.050000000000001,0.002454216666666667,1.050000000000001,0.00726372
11,1.025000000000001,0.001923712,1.025000000000001,0.005993846666666667
12,1.000000000000001,0.0014393466666666667,1.000000000000001,0.0047950426666666665
13,0.9750000000000012,0.0010201246666666668,0.9750000000000012,0.00370318
14,0.9500000000000013,0.000682686,0.9500000000000013,0.002739888666666667
15,0.9250000000000014,0.0004235655333333333,0.9250000000000014,0.0019210093333333332
16,0.9000000000000015,0.0002573438,0.9000000000000015,0.0012436020000000001
17,0.8750000000000016,0.0001503308666666667,0.8750000000000016,0.0006823393333333334
18,0.8500000000000016,8.559686666666667e-05,0.8500000000000016,0.0003003696666666667
19,0.8250000000000017,4.763888e-05,0.8250000000000017,-0.00021178773333333336
20,0.8000000000000018,2.5972579999999998e-05,0.8000000000000018,-0.0006779613333333334
21,0.7750000000000019,1.3930233333333334e-05,0.7750000000000019,-0.0009043200000000001
22,0.750000000000002,7.100073333333334e-06,0.750000000000002,-0.001518718
23,0.7250000000000021,4.103620666666667e-06,0.7250000000000021,-0.002104756
24,0.7000000000000022,1.2837593333333334e-06,0.7000000000000022,-0.002693468
25,0.6750000000000023,-1.6729493333333334e-07,0.6750000000000023,-0.003308806666666667
26,0.6500000000000024,-9.894253333333334e-07,0.6500000000000024,-0.003928704666666666
27,0.6250000000000024,-1.5492353333333334e-06,0.6250000000000024,-0.004561434666666667
28,0.6000000000000025,-1.895776e-06,0.6000000000000025,-0.005196304666666667
29,0.5750000000000026,-2.1284686666666667e-06,0.5750000000000026,-0.005823870666666666
30,0.5500000000000027,-2.2893340000000003e-06,0.5500000000000027,-0.006454009333333333
31,0.5250000000000028,-2.401344666666667e-06,0.5250000000000028,-0.006995633333333333
32,0.5000000000000029,-2.4815440000000002e-06,0.5000000000000029,-0.006880466666666666
33,0.475000000000003,-2.5333193333333334e-06,0.475000000000003,-0.007714953333333334
34,0.45000000000000306,-2.5634953333333333e-06,0.45000000000000306,-0.008409713333333332
35,0.42500000000000315,-2.5793013333333334e-06,0.42500000000000315,-0.00902958
36,0.40000000000000324,-2.578794e-06,0.40000000000000324,-0.009612806666666668
37,0.37500000000000333,-2.565418e-06,0.37500000000000333,-0.010160146666666668
38,0.3500000000000034,-2.543420666666667e-06,0.3500000000000034,-0.010689166666666666
39,0.3250000000000035,-2.5120813333333333e-06,0.3250000000000035,-0.01116112
40,0.3000000000000036,-2.4574400000000002e-06,0.3000000000000036,-0.0116053
41,0.2750000000000037,-2.4276973333333333e-06,0.2750000000000037,-0.012036366666666668
42,0.2500000000000038,-2.3823380000000002e-06,0.2500000000000038,-0.012454373333333333
43,0.22500000000000386,-2.220000666666667e-06,0.22500000000000386,-0.012775566666666667
44,0.20000000000000395,-2.262987333333333e-06,0.20000000000000395,-0.013146146666666667
45,0.17500000000000404,-2.2172793333333335e-06,0.17500000000000404,-0.013485333333333334
46,0.15000000000000413,-2.168438e-06,0.15000000000000413,-0.013801899999999999
47,0.12500000000000422,-2.119087333333333e-06,0.12500000000000422,-0.014091573333333334
48,0.10000000000000431,-2.070973333333333e-06,0.10000000000000431,-0.014359986666666666
49,0.0750000000000044,-2.0309320000000004e-06,0.0750000000000044,-0.014612380000000001
50,0.050000000000004485,-1.9954300000000004e-06,0.050000000000004485,-0.014848366666666668
51,0.025000000000004574,-1.965744e-06,0.025000000000004574,-0.015081506666666668
52,4.6629367034256575e-15,-1.9378626666666666e-06,4.6629367034256575e-15,-0.015273086666666668
53,-0.024999999999995248,-1.923694e-06,-0.024999999999995248,-0.015451893333333333
54,-0.04999999999999516,-1.9102353333333334e-06,-0.04999999999999516,-0.01563116
55,-0.07499999999999507,-1.9028986666666667e-06,-0.07499999999999507,-0.01580848666666667
56,-0.09999999999999498,-1.8977293333333334e-06,-0.09999999999999498,-0.015952326666666666
57,-0.12499999999999489,-1.8952519999999998e-06,-0.12499999999999489,-0.01609108
58,-0.1499999999999948,-1.899254e-06,-0.1499999999999948,-0.01622262
59,-0.17499999999999472,-1.9080493333333336e-06,-0.17499999999999472,-0.01634674666666667
60,-0.19999999999999463,-1.8878453333333335e-06,-0.19999999999999463,-0.016448646666666667
61,-0.22499999999999454,-1.9486153333333336e-06,-0.22499999999999454,-0.01656538
62,-0.24999999999999445,-2.00481e-06,-0.24999999999999445,-0.016671393333333333
63,-0.27499999999999436,-2.096246666666667e-06,-0.27499999999999436,-0.016774186666666666
