,T4_1R_V_D,T4_1R_J_D,T4_1R_V_L,T4_1R_J_L
0,1.3,0.007602313333333334,1.3,0.017277486666666668
1,1.2750000000000001,0.007169153333333333,1.2750000000000001,0.016423893333333335
2,1.2500000000000002,0.006466563333333333,1.2500000000000002,0.015478706666666668
3,1.2250000000000003,0.005991868,1.2250000000000003,0.014472460000000001
4,1.2000000000000004,0.005483474,1.2000000000000004,0.013425473333333333
5,1.1750000000000005,0.004980562666666667,1.1750000000000005,0.012345646666666666
6,1.1500000000000006,0.004486189333333333,1.1500000000000006,0.011242173333333333
7,1.1250000000000007,0.00400021,1.1250000000000007,0.01012478
8,1.1000000000000008,0.0035252200000000003,1.1000000000000008,0.009005266666666666
9,1.0750000000000008,0.0030541333333333337,1.0750000000000008,0.007889246666666667
10,1.050000000000001,0.0025944973333333335,1.050000000000001,0.006793026666666668
11,1.025000000000001,0.0021475853333333336,1.025000000000001,0.005732493333333333
12,1.000000000000001,0.0017235673333333332,1.000000000000001,0.004718548666666667
13,0.9750000000000012,0.0013323413333333335,0.9750000000000012,0.0037808380000000003
14,0.9500000000000013,0.00098656,0.9500000000000013,0.002935116666666667
15,0.9250000000000014,0.000697144,0.9250000000000014,0.0021952246666666667
16,0.9000000000000015,0.00046272346666666674,0.9000000000000015,0.0015726186666666668
17,0.8750000000000016,0.00029685839999999997,0.8750000000000016,0.0010576426666666667
18,0.8500000000000016,0.00018336906666666667,0.8500000000000016,0.0006495860666666667
19,0.8250000000000017,0.00010948400000000001,0.8250000000000017,0.0002739134
20,0.8000000000000018,6.357249333333334e-05,0.8000000000000018,-7.972453333333335e-07
21,0.7750000000000019,3.533761333333333e-05,0.7750000000000019,-0.0003099281333333333
22,0.750000000000002,1.9580053333333334e-05,0.750000000000002,-0.0006917433333333334
23,0.7250000000000021,1.0517973333333334e-05,0.7250000000000021,-0.0009830353333333333
24,0.7000000000000022,5.941157333333334e-06,0.7000000000000022,-0.0014551566666666667
25,0.6750000000000023,2.5343033333333335e-06,0.6750000000000023,-0.0019395913333333334
26,0.6500000000000024,7.817806666666667e-07,0.6500000000000024,-0.0024501853333333333
27,0.6250000000000024,-2.3176280000000002e-07,0.6250000000000024,-0.002996054666666667
28,0.6000000000000025,-8.423133333333335e-07,0.6000000000000025,-0.0035704713333333336
29,0.5750000000000026,-1.2259953333333334e-06,0.5750000000000026,-0.0041751
30,0.5500000000000027,-1.482478e-06,0.5500000000000027,-0.004782809333333334
31,0.5250000000000028,-1.6631020000000003e-06,0.5250000000000028,-0.005404747333333334
32,0.5000000000000029,-1.7965353333333333e-06,0.5000000000000029,-0.006041970666666667
33,0.475000000000003,-1.902704e-06,0.475000000000003,-0.006688093333333334
34,0.45000000000000306,-1.988108666666667e-06,0.45000000000000306,-0.006998706666666667
35,0.42500000000000315,-2.0580120000000004e-06,0.42500000000000315,-0.007480153333333334
36,0.40000000000000324,-2.1155180000000004e-06,0.40000000000000324,-0.008209566666666666
37,0.37500000000000333,-2.160756e-06,0.37500000000000333,-0.008890186666666668
38,0.3500000000000034,-2.1938466666666668e-06,0.3500000000000034,-0.009529280000000001
39,0.3250000000000035,-2.2185773333333334e-06,0.3250000000000035,-0.01013936
40,0.3000000000000036,-2.2301626666666667e-06,0.3000000000000036,-0.010731333333333334
41,0.2750000000000037,-2.2343946666666667e-06,0.2750000000000037,-0.011279226666666668
42,0.2500000000000038,-2.2303753333333338e-06,0.2500000000000038,-0.011804400000000001
43,0.22500000000000386,-2.1308193333333334e-06,0.22500000000000386,-0.012276606666666667
44,0.20000000000000395,-2.180378666666667e-06,0.20000000000000395,-0.012773000000000001
45,0.17500000000000404,-2.1576813333333334e-06,0.17500000000000404,-0.013232066666666667
46,0.15000000000000413,-2.127416666666667e-06,0.15000000000000413,-0.01365462
47,0.12500000000000422,-2.0909026666666665e-06,0.12500000000000422,-0.014063106666666667
48,0.10000000000000431,-2.0488960000000003e-06,0.10000000000000431,-0.014434186666666668
49,0.0750000000000044,-2.0069026666666665e-06,0.0750000000000044,-0.014791226666666666
50,0.050000000000004485,-1.9624773333333334e-06,0.050000000000004485,-0.015119740000000001
51,0.025000000000004574,-1.9172166666666667e-06,0.025000000000004574,-0.015419140000000001
52,4.6629367034256575e-15,-1.8687399999999998e-06,4.6629367034256575e-15,-0.015709106666666667
53,-0.024999999999995248,-1.8292533333333335e-06,-0.024999999999995248,-0.015984953333333333
54,-0.04999999999999516,-1.7700866666666665e-06,-0.04999999999999516,-0.016213886666666667
55,-0.07499999999999507,-1.7524566666666667e-06,-0.07499999999999507,-0.0164361
56,-0.09999999999999498,-1.7218306666666669e-06,-0.09999999999999498,-0.016651393333333334
57,-0.12499999999999489,-1.6939693333333335e-06,-0.12499999999999489,-0.016833086666666667
58,-0.1499999999999948,-1.669492e-06,-0.1499999999999948,-0.01702090666666667
59,-0.17499999999999472,-1.6478533333333335e-06,-0.17499999999999472,-0.01718792
60,-0.19999999999999463,-1.5959093333333334e-06,-0.19999999999999463,-0.017326346666666666
61,-0.22499999999999454,-1.6068680000000002e-06,-0.22499999999999454,-0.01748218
62,-0.24999999999999445,-1.5948486666666667e-06,-0.24999999999999445,-0.01761614666666667
63,-0.27499999999999436,-1.5888813333333334e-06,-0.27499999999999436,-0.01774244666666667
