,T4_1F_V_D,T4_1F_J_D,T4_1F_V_L,T4_1F_J_L
0,-0.3,-3.318068666666667e-05,-0.3,-0.01664818666666667
1,-0.27499999999999997,-2.5169593333333334e-05,-0.27499999999999997,-0.013268906666666669
2,-0.24999999999999994,-2.0144713333333336e-05,-0.24999999999999994,-0.011222986666666667
3,-0.22499999999999992,-1.7487560000000002e-05,-0.22499999999999992,-0.01005184
4,-0.1999999999999999,-1.3694413333333334e-05,-0.1999999999999999,-0.00919958
5,-0.17499999999999988,-1.084392e-05,-0.17499999999999988,-0.008396753333333335
6,-0.14999999999999986,-1.041362e-05,-0.14999999999999986,-0.007779166666666667
7,-0.12499999999999983,-8.10768e-06,-0.12499999999999983,-0.007176246666666667
8,-0.09999999999999981,-6.544379333333334e-06,-0.09999999999999981,-0.006682886666666667
9,-0.07499999999999979,-4.003142e-06,-0.07499999999999979,-0.006569840666666667
10,-0.04999999999999977,-2.409906e-06,-0.04999999999999977,-0.005877372666666667
11,-0.024999999999999745,-4.3433140000000005e-07,-0.024999999999999745,-0.005426586666666667
12,2.7755575615628914e-16,1.0411586666666667e-06,2.7755575615628914e-16,-0.005051771333333333
13,0.0250000000000003,2.5720233333333337e-06,0.0250000000000003,-0.004647804
14,0.05000000000000032,3.966410666666667e-06,0.05000000000000032,-0.004326807333333333
15,0.07500000000000034,6.114116666666667e-06,0.07500000000000034,-0.004029008000000001
16,0.10000000000000037,8.17216e-06,0.10000000000000037,-0.003782252
17,0.1250000000000004,9.616446666666667e-06,0.1250000000000004,-0.0036577113333333337
18,0.1500000000000004,1.272082e-05,0.1500000000000004,-0.003160836
19,0.17500000000000043,1.8547593333333336e-05,0.17500000000000043,-0.0029583213333333335
20,0.20000000000000046,2.176724666666667e-05,0.20000000000000046,-0.0028249586666666666
21,0.22500000000000048,2.6498780000000003e-05,0.22500000000000048,-0.0026150193333333333
22,0.2500000000000005,3.089906666666667e-05,0.2500000000000005,-0.0023267793333333333
23,0.2750000000000005,3.30069e-05,0.2750000000000005,-0.0021227766666666666
24,0.30000000000000054,3.682963333333333e-05,0.30000000000000054,-0.0021786513333333334
25,0.32500000000000057,4.051768e-05,0.32500000000000057,-0.0020052986666666667
26,0.3500000000000006,3.664964666666667e-05,0.3500000000000006,-0.0018338126666666665
27,0.3750000000000006,3.2968253333333335e-05,0.3750000000000006,-0.0015140706666666667
28,0.40000000000000063,3.619408666666667e-05,0.40000000000000063,-0.001362808
29,0.42500000000000066,4.0653546666666665e-05,0.42500000000000066,-0.0012400846666666666
30,0.4500000000000007,4.3908713333333334e-05,0.4500000000000007,-0.0010216300000000002
31,0.4750000000000007,4.785893333333334e-05,0.4750000000000007,-0.0009069053333333334
32,0.5000000000000007,4.735678666666667e-05,0.5000000000000007,-0.0010579200000000002
33,0.5250000000000008,5.779676666666667e-05,0.5250000000000008,-0.0007504953333333334
34,0.5500000000000007,6.443823333333334e-05,0.5500000000000007,-0.0005944192000000001
35,0.5750000000000008,4.458902666666667e-05,0.5750000000000008,-0.00014916893333333334
36,0.6000000000000008,5.1118360000000006e-05,0.6000000000000008,-0.0008291193333333333
37,0.6250000000000009,5.759106e-05,0.6250000000000009,-0.0005300642666666667
38,0.6500000000000008,6.6906e-05,0.6500000000000008,-0.0002709851333333333
39,0.6750000000000009,7.849e-05,0.6750000000000009,-8.217946666666667e-05
40,0.7000000000000008,8.80244e-05,0.7000000000000008,-4.069213333333333e-05
41,0.7250000000000008,0.0001014654,0.7250000000000008,-5.2235259999999995e-05
42,0.7500000000000009,0.00011753260000000001,0.7500000000000009,0.0001444628666666667
43,0.775000000000001,0.00013569926666666667,0.775000000000001,0.00029535093333333336
44,0.8000000000000009,0.0001557712,0.8000000000000009,0.0004326139333333333
45,0.8250000000000008,0.00017944226666666667,0.8250000000000008,0.0005660620000000001
46,0.850000000000001,0.00020700373333333336,0.850000000000001,0.0006980406666666667
47,0.8750000000000011,0.00023858393333333337,0.8750000000000011,0.0007684073333333334
48,0.900000000000001,0.00027557393333333335,0.900000000000001,0.0009469120000000001
49,0.9250000000000009,0.0003181412666666667,0.9250000000000009,0.0011160893333333334
50,0.9500000000000011,0.0003695184666666667,0.9500000000000011,0.0012916793333333334
51,0.9750000000000012,0.00042940280000000006,0.9750000000000012,0.0014784693333333332
52,1.000000000000001,0.0005009258000000001,1.000000000000001,0.0016806393333333334
53,1.025000000000001,0.0005818018,1.025000000000001,0.0019021253333333335
54,1.0500000000000012,0.0007614680000000001,1.0500000000000012,0.002145967333333333
55,1.0750000000000013,0.00086007,1.0750000000000013,0.002417358
56,1.1000000000000012,0.000999226,1.1000000000000012,0.002720998666666667
57,1.125000000000001,0.0011812726666666669,1.125000000000001,0.003066788
58,1.1500000000000012,0.0014071746666666667,1.1500000000000012,0.003467736666666667
59,1.1750000000000014,0.0016916606666666665,1.1750000000000014,0.0039287973333333335
60,1.2000000000000013,0.002052172666666667,1.2000000000000013,0.004463563333333333
61,1.2250000000000012,0.0025284920000000002,1.2250000000000012,0.005103615333333334
62,1.2500000000000013,0.003147899333333333,1.2500000000000013,0.005888308
63,1.2750000000000015,0.0039064040000000005,1.2750000000000015,0.007525713333333334
