,T4_1F_V_D,T4_1F_J_D,T4_1F_V_L,T4_1F_J_L
0,-0.3,-1.103712e-06,-0.3,-0.019221393333333333
1,-0.27499999999999997,-1.525134e-07,-0.27499999999999997,-0.018237446666666667
2,-0.24999999999999994,1.4752553333333335e-07,-0.24999999999999994,-0.017302873333333333
3,-0.22499999999999992,3.170692666666667e-07,-0.22499999999999992,-0.016430166666666666
4,-0.1999999999999999,3.519814666666667e-07,-0.1999999999999999,-0.015632986666666668
5,-0.17499999999999988,5.045018e-07,-0.17499999999999988,-0.014864166666666666
6,-0.14999999999999986,5.706145333333333e-07,-0.14999999999999986,-0.014150506666666668
7,-0.12499999999999983,6.217892666666666e-07,-0.12499999999999983,-0.01345998
8,-0.09999999999999981,6.622490666666667e-07,-0.09999999999999981,-0.012781366666666667
9,-0.07499999999999979,6.983206666666667e-07,-0.07499999999999979,-0.012140613333333335
10,-0.04999999999999977,7.285446666666666e-07,-0.04999999999999977,-0.011494173333333335
11,-0.024999999999999745,7.540886666666667e-07,-0.024999999999999745,-0.010854933333333334
12,2.7755575615628914e-16,7.655093333333333e-07,2.7755575615628914e-16,-0.010214840000000001
13,0.0250000000000003,8.073986666666666e-07,0.0250000000000003,-0.009593446666666667
14,0.05000000000000032,8.365086666666668e-07,0.05000000000000032,-0.00897584
15,0.07500000000000034,8.6822e-07,0.07500000000000034,-0.008363706666666667
16,0.10000000000000037,9.0345e-07,0.10000000000000037,-0.00776386
17,0.1250000000000004,9.416640000000001e-07,0.1250000000000004,-0.007173393333333333
18,0.1500000000000004,9.835666666666668e-07,0.1500000000000004,-0.007365846666666667
19,0.17500000000000043,9.982200000000002e-07,0.17500000000000043,-0.0067873
20,0.20000000000000046,1.0747326666666668e-06,0.20000000000000046,-0.00574706
21,0.22500000000000048,1.1027280000000002e-06,0.22500000000000048,-0.005119747333333333
22,0.2500000000000005,1.1777573333333334e-06,0.2500000000000005,-0.004565896
23,0.2750000000000005,1.2366406666666667e-06,0.2750000000000005,-0.004071307333333334
24,0.30000000000000054,1.2956506666666667e-06,0.30000000000000054,-0.003607699333333334
25,0.32500000000000057,1.3581906666666666e-06,0.32500000000000057,-0.0031738213333333334
26,0.3500000000000006,1.423676e-06,0.3500000000000006,-0.0027768213333333332
27,0.3750000000000006,1.4919473333333332e-06,0.3750000000000006,-0.0024111186666666666
28,0.40000000000000063,1.564434e-06,0.40000000000000063,-0.0020797313333333336
29,0.42500000000000066,1.6485053333333332e-06,0.42500000000000066,-0.001779222
30,0.4500000000000007,1.747470666666667e-06,0.4500000000000007,-0.0015118500000000001
31,0.4750000000000007,1.8720680000000002e-06,0.4750000000000007,-0.0012736773333333336
32,0.5000000000000007,2.045676666666667e-06,0.5000000000000007,-0.001065378
33,0.5250000000000008,2.283966e-06,0.5250000000000008,-0.0008841573333333334
34,0.5500000000000007,2.6790133333333334e-06,0.5500000000000007,-0.0007261253333333334
35,0.5750000000000008,3.2887373333333335e-06,0.5750000000000008,-0.0006785806666666667
36,0.6000000000000008,4.285486666666667e-06,0.6000000000000008,-0.0004967081333333333
37,0.6250000000000009,5.933131333333334e-06,0.6250000000000009,-0.0003869860666666667
38,0.6500000000000008,7.852513333333333e-06,0.6500000000000008,-0.0002912278
39,0.6750000000000009,1.3138773333333333e-05,0.6750000000000009,-0.00019976760000000001
40,0.7000000000000008,2.0796026666666666e-05,0.7000000000000008,-0.00010956280000000001
41,0.7250000000000008,3.3010880000000005e-05,0.7250000000000008,-3.5684846666666666e-05
42,0.7500000000000009,5.227983333333334e-05,0.7500000000000009,5.315779333333333e-05
43,0.775000000000001,8.15588e-05,0.775000000000001,0.00020134160000000002
44,0.8000000000000009,0.00013002920000000003,0.8000000000000009,0.0003739269333333334
45,0.8250000000000008,0.0001979308,0.8250000000000008,0.0005905586666666667
46,0.850000000000001,0.00029392806666666665,0.850000000000001,0.0008445579999999999
47,0.8750000000000011,0.00042386720000000004,0.8750000000000011,0.001190074
48,0.900000000000001,0.0005907824,0.900000000000001,0.0016004493333333335
49,0.9250000000000009,0.0008022733333333334,0.9250000000000009,0.0020813113333333333
50,0.9500000000000011,0.0010393753333333333,0.9500000000000011,0.0026313
51,0.9750000000000012,0.001298956,0.9750000000000012,0.003243582
52,1.000000000000001,0.0015757133333333334,1.000000000000001,0.003910374
53,1.025000000000001,0.0018623553333333332,1.025000000000001,0.004623032666666667
54,1.0500000000000012,0.0021532680000000003,1.0500000000000012,0.005376092666666666
55,1.0750000000000013,0.002444396,1.0750000000000013,0.0061643846666666665
56,1.1000000000000012,0.002731827333333333,1.1000000000000012,0.007098120000000001
57,1.125000000000001,0.0030178053333333337,1.125000000000001,0.007962266666666667
58,1.1500000000000012,0.003298698666666667,1.1500000000000012,0.008851486666666667
59,1.1750000000000014,0.003574308,1.1750000000000014,0.009767433333333334
60,1.2000000000000013,0.003843248666666667,1.2000000000000013,0.010709393333333334
61,1.2250000000000012,0.004110226666666667,1.2250000000000012,0.01167668
62,1.2500000000000013,0.004370470666666667,1.2500000000000013,0.01266754
63,1.2750000000000015,0.0046258766666666664,1.2750000000000015,0.013680866666666668
