,T4_1R_V_D,T4_1R_J_D,T4_1R_V_L,T4_1R_J_L
0,1.3,0.006326362,1.3,0.01212118
1,1.2750000000000001,0.0061137506666666674,1.2750000000000001,0.01094432
2,1.2500000000000002,0.005560690666666666,1.2500000000000002,0.00981392
3,1.2250000000000003,0.0049196759999999996,1.2250000000000003,0.008710626666666667
4,1.2000000000000004,0.004253323333333334,1.2000000000000004,0.007635686666666667
5,1.1750000000000005,0.0035948079999999997,1.1750000000000005,0.00667124
6,1.1500000000000006,0.0029654026666666665,1.1500000000000006,0.00562799
7,1.1250000000000007,0.0023856726666666665,1.1250000000000007,0.004684370666666667
8,1.1000000000000008,0.0018695753333333334,1.1000000000000008,0.0038190066666666665
9,1.0750000000000008,0.0014258813333333333,1.0750000000000008,0.0030328986666666668
10,1.050000000000001,0.0010612166666666666,1.050000000000001,0.0023310373333333334
11,1.025000000000001,0.0007720940000000001,1.025000000000001,0.0017098493333333334
12,1.000000000000001,0.0005137696000000001,1.000000000000001,0.0011600906666666667
13,0.9750000000000012,0.0003834841333333333,0.9750000000000012,0.000672308
14,0.9500000000000013,0.0002702824666666667,0.9500000000000013,0.0005162824666666666
15,0.9250000000000014,0.00018802206666666666,0.9250000000000014,-0.00010267733333333333
16,0.9000000000000015,0.00012978259999999999,0.9000000000000015,-0.0005527420666666667
17,0.8750000000000016,8.8768e-05,0.8750000000000016,-0.0006998313333333333
18,0.8500000000000016,5.580734e-05,0.8500000000000016,-0.0008970933333333333
19,0.8250000000000017,4.0157533333333336e-05,0.8250000000000017,-0.0015477553333333332
20,0.8000000000000018,2.6761233333333337e-05,0.8000000000000018,-0.0020115186666666666
21,0.7750000000000019,1.750052e-05,0.7750000000000019,-0.002435044666666667
22,0.750000000000002,1.1161966666666667e-05,0.750000000000002,-0.0028427013333333336
23,0.7250000000000021,6.8239866666666665e-06,0.7250000000000021,-0.003237996
24,0.7000000000000022,5.5278240000000005e-06,0.7000000000000022,-0.0036328560000000003
25,0.6750000000000023,2.3404113333333333e-06,0.6750000000000023,-0.004025364666666667
26,0.6500000000000024,7.259666666666667e-07,0.6500000000000024,-0.004409716666666667
27,0.6250000000000024,-3.114236666666667e-07,0.6250000000000024,-0.004782860666666667
28,0.6000000000000025,-1.004204e-06,0.6000000000000025,-0.005152937333333334
29,0.5750000000000026,-1.468762e-06,0.5750000000000026,-0.00550742
30,0.5500000000000027,-1.77698e-06,0.5500000000000027,-0.005872326000000001
31,0.5250000000000028,-1.975938e-06,0.5250000000000028,-0.006191772
32,0.5000000000000029,-2.0981533333333334e-06,0.5000000000000029,-0.006510550000000001
33,0.475000000000003,-2.1673713333333336e-06,0.475000000000003,-0.0068254000000000006
34,0.45000000000000306,-2.194692666666667e-06,0.45000000000000306,-0.0069987
35,0.42500000000000315,-2.1996073333333336e-06,0.42500000000000315,-0.0069987
36,0.40000000000000324,-2.182144666666667e-06,0.40000000000000324,-0.007075526666666667
37,0.37500000000000333,-2.146452e-06,0.37500000000000333,-0.007570680000000001
38,0.3500000000000034,-2.107036e-06,0.3500000000000034,-0.007924380000000002
39,0.3250000000000035,-2.05952e-06,0.3250000000000035,-0.008219746666666666
40,0.3000000000000036,-2.001271333333333e-06,0.3000000000000036,-0.008484933333333335
41,0.2750000000000037,-1.952604666666667e-06,0.2750000000000037,-0.008755193333333335
42,0.2500000000000038,-1.8989266666666665e-06,0.2500000000000038,-0.008965560000000001
43,0.22500000000000386,-1.643698e-06,0.22500000000000386,-0.00912522
44,0.20000000000000395,-1.785714666666667e-06,0.20000000000000395,-0.00937208
45,0.17500000000000404,-1.7461306666666666e-06,0.17500000000000404,-0.009563693333333333
46,0.15000000000000413,-1.7069373333333334e-06,0.15000000000000413,-0.009755213333333334
47,0.12500000000000422,-1.6702046666666667e-06,0.12500000000000422,-0.009925113333333334
48,0.10000000000000431,-1.6360046666666669e-06,0.10000000000000431,-0.01009222
49,0.0750000000000044,-1.6068820000000002e-06,0.0750000000000044,-0.010260013333333333
50,0.050000000000004485,-1.5820686666666667e-06,0.050000000000004485,-0.010424746666666668
51,0.025000000000004574,-1.5577766666666668e-06,0.025000000000004574,-0.01058066
52,4.6629367034256575e-15,-1.5342360000000002e-06,4.6629367034256575e-15,-0.010733973333333334
53,-0.024999999999995248,-1.5248613333333333e-06,-0.024999999999995248,-0.010881706666666666
54,-0.04999999999999516,-1.5127673333333334e-06,-0.04999999999999516,-0.011052073333333334
55,-0.07499999999999507,-1.5056933333333334e-06,-0.07499999999999507,-0.011173353333333334
56,-0.09999999999999498,-1.50232e-06,-0.09999999999999498,-0.011318333333333335
57,-0.12499999999999489,-1.5022266666666668e-06,-0.12499999999999489,-0.01145706
58,-0.1499999999999948,-1.5142633333333334e-06,-0.1499999999999948,-0.011619866666666668
59,-0.17499999999999472,-1.532142e-06,-0.17499999999999472,-0.01173886
60,-0.19999999999999463,-1.517934e-06,-0.19999999999999463,-0.011856740000000001
61,-0.22499999999999454,-1.5997933333333335e-06,-0.22499999999999454,-0.01199678
62,-0.24999999999999445,-1.6608853333333334e-06,-0.24999999999999445,-0.012138166666666667
63,-0.27499999999999436,-1.7440386666666666e-06,-0.27499999999999436,-0.012272333333333333
