,T4_1F_V_D,T4_1F_J_D,T4_1F_V_L,T4_1F_J_L
0,-0.3,-1.1121686666666666e-06,-0.3,-0.019187366666666667
1,-0.27499999999999997,-1.5999933333333334e-07,-0.27499999999999997,-0.01822932666666667
2,-0.24999999999999994,1.4040433333333333e-07,-0.24999999999999994,-0.017310233333333334
3,-0.22499999999999992,3.1286673333333333e-07,-0.22499999999999992,-0.01643816
4,-0.1999999999999999,3.4542006666666666e-07,-0.1999999999999999,-0.015638846666666668
5,-0.17499999999999988,5.035021333333334e-07,-0.17499999999999988,-0.014865213333333334
6,-0.14999999999999986,5.69125e-07,-0.14999999999999986,-0.014143993333333334
7,-0.12499999999999983,6.211435333333333e-07,-0.12499999999999983,-0.013447559999999999
8,-0.09999999999999981,6.633031333333334e-07,-0.09999999999999981,-0.01276406
9,-0.07499999999999979,6.983246666666668e-07,-0.07499999999999979,-0.012115673333333334
10,-0.04999999999999977,7.288653333333334e-07,-0.04999999999999977,-0.011463333333333334
11,-0.024999999999999745,7.564646666666667e-07,-0.024999999999999745,-0.010819086666666667
12,2.7755575615628914e-16,7.236666666666668e-07,2.7755575615628914e-16,-0.010174253333333334
13,0.0250000000000003,8.051966666666668e-07,0.0250000000000003,-0.009548593333333334
14,0.05000000000000032,8.361053333333334e-07,0.05000000000000032,-0.008927413333333334
15,0.07500000000000034,8.691806666666666e-07,0.07500000000000034,-0.00831258
16,0.10000000000000037,9.04492e-07,0.10000000000000037,-0.0077099533333333335
17,0.1250000000000004,9.432273333333333e-07,0.1250000000000004,-0.007117060000000001
18,0.1500000000000004,9.853826666666667e-07,0.1500000000000004,-0.007305413333333334
19,0.17500000000000043,1.0291886666666668e-06,0.17500000000000043,-0.006732706666666668
20,0.20000000000000046,1.0785733333333334e-06,0.20000000000000046,-0.005685123333333333
21,0.22500000000000048,1.1065086666666668e-06,0.22500000000000048,-0.005058528666666667
22,0.2500000000000005,1.1803140000000001e-06,0.2500000000000005,-0.004505834
23,0.2750000000000005,1.2392946666666667e-06,0.2750000000000005,-0.004011417333333334
24,0.30000000000000054,1.2960106666666667e-06,0.30000000000000054,-0.003548084666666667
25,0.32500000000000057,1.3602553333333333e-06,0.32500000000000057,-0.0031211573333333334
26,0.3500000000000006,1.4244333333333335e-06,0.3500000000000006,-0.0027252613333333337
27,0.3750000000000006,1.4907466666666667e-06,0.3750000000000006,-0.0023621433333333333
28,0.40000000000000063,1.5658066666666667e-06,0.40000000000000063,-0.0020343506666666666
29,0.42500000000000066,1.6484793333333332e-06,0.42500000000000066,-0.0017398226666666666
30,0.4500000000000007,1.7463593333333334e-06,0.4500000000000007,-0.0014743753333333334
31,0.4750000000000007,1.8737520000000001e-06,0.4750000000000007,-0.001241396
32,0.5000000000000007,2.046172e-06,0.5000000000000007,-0.0010374553333333334
33,0.5250000000000008,2.2972893333333335e-06,0.5250000000000008,-0.0008598926666666668
34,0.5500000000000007,2.683028e-06,0.5500000000000007,-0.000706674
35,0.5750000000000008,3.292492e-06,0.5750000000000008,-0.0006611952666666667
36,0.6000000000000008,4.284679333333334e-06,0.6000000000000008,-0.00048445080000000004
37,0.6250000000000009,5.927724666666667e-06,0.6250000000000009,-0.00037746826666666667
38,0.6500000000000008,7.848086666666668e-06,0.6500000000000008,-0.0002839276
39,0.6750000000000009,1.3108633333333335e-05,0.6750000000000009,-0.00019564693333333334
40,0.7000000000000008,2.0734920000000002e-05,0.7000000000000008,-0.00010752060000000002
41,0.7250000000000008,3.2893566666666666e-05,0.7250000000000008,-3.394964e-05
42,0.7500000000000009,5.211248e-05,0.7500000000000009,5.462334666666666e-05
43,0.775000000000001,8.158026666666667e-05,0.775000000000001,0.00020191166666666668
44,0.8000000000000009,0.00012998906666666669,0.8000000000000009,0.00037460346666666667
45,0.8250000000000008,0.00019863413333333333,0.8250000000000008,0.0005916338
46,0.850000000000001,0.0002949796,0.850000000000001,0.0008482740000000001
47,0.8750000000000011,0.00042616919999999997,0.8750000000000011,0.0011971346666666668
48,0.900000000000001,0.0005950247333333334,0.900000000000001,0.0016131373333333333
49,0.9250000000000009,0.0008102406666666667,0.9250000000000009,0.0021017220000000003
50,0.9500000000000011,0.00105019,0.9500000000000011,0.0026622013333333335
51,0.9750000000000012,0.0013133840000000001,0.9750000000000012,0.0032874560000000002
52,1.000000000000001,0.0015936546666666667,1.000000000000001,0.003969098000000001
53,1.025000000000001,0.0018839566666666667,1.025000000000001,0.004698654666666667
54,1.0500000000000012,0.0021783366666666667,1.0500000000000012,0.0054699860000000005
55,1.0750000000000013,0.002472936666666667,1.0750000000000013,0.006278206666666667
56,1.1000000000000012,0.0027639966666666667,1.1000000000000012,0.007234366666666667
57,1.125000000000001,0.0030515626666666666,1.125000000000001,0.008119913333333334
58,1.1500000000000012,0.003334479333333333,1.1500000000000012,0.009031280000000001
59,1.1750000000000014,0.0036118906666666667,1.1750000000000014,0.009969666666666667
60,1.2000000000000013,0.003884204666666667,1.2000000000000013,0.010934026666666668
61,1.2250000000000012,0.004151161333333334,1.2250000000000012,0.011922893333333334
62,1.2500000000000013,0.004412061333333334,1.2500000000000013,0.012935573333333334
63,1.2750000000000015,0.004667650666666667,1.2750000000000015,0.013970593333333335
