,T4_1F_V_D,T4_1F_J_D,T4_1F_V_L,T4_1F_J_L
0,-0.3,-8.57796e-07,-0.3,-0.020167193333333333
1,-0.27499999999999997,4.7934633333333337e-08,-0.27499999999999997,-0.018633513333333334
2,-0.24999999999999994,3.002060666666667e-07,-0.24999999999999994,-0.017286653333333336
3,-0.22499999999999992,4.5296073333333337e-07,-0.22499999999999992,-0.016173053333333336
4,-0.1999999999999999,4.4148833333333336e-07,-0.1999999999999999,-0.015241646666666667
5,-0.17499999999999988,6.453998666666666e-07,-0.17499999999999988,-0.014414786666666667
6,-0.14999999999999986,7.218673333333334e-07,-0.14999999999999986,-0.013683640000000002
7,-0.12499999999999983,7.8604e-07,-0.12499999999999983,-0.013005966666666667
8,-0.09999999999999981,8.421806666666667e-07,-0.09999999999999981,-0.012364173333333334
9,-0.07499999999999979,8.905206666666667e-07,-0.07499999999999979,-0.011774106666666668
10,-0.04999999999999977,9.392560000000001e-07,-0.04999999999999977,-0.011191286666666666
11,-0.024999999999999745,9.838326666666667e-07,-0.024999999999999745,-0.0106288
12,2.7755575615628914e-16,1.0069373333333334e-06,2.7755575615628914e-16,-0.01007584
13,0.0250000000000003,1.072042e-06,0.0250000000000003,-0.009546993333333333
14,0.05000000000000032,1.120282e-06,0.05000000000000032,-0.009029513333333334
15,0.07500000000000034,1.1700053333333333e-06,0.07500000000000034,-0.008518293333333333
16,0.10000000000000037,1.2270586666666669e-06,0.10000000000000037,-0.008020966666666667
17,0.1250000000000004,1.2844193333333334e-06,0.1250000000000004,-0.007532700000000001
18,0.1500000000000004,1.3440206666666668e-06,0.1500000000000004,-0.007059006666666667
19,0.17500000000000043,1.404622e-06,0.17500000000000043,-0.007494300000000001
20,0.20000000000000046,1.466048e-06,0.20000000000000046,-0.00698086
21,0.22500000000000048,1.49276e-06,0.22500000000000048,-0.006036752
22,0.2500000000000005,1.5859946666666667e-06,0.2500000000000005,-0.005448184
23,0.2750000000000005,1.6512566666666665e-06,0.2750000000000005,-0.004961534
24,0.30000000000000054,1.7184599999999999e-06,0.30000000000000054,-0.004519356
25,0.32500000000000057,1.7915206666666667e-06,0.32500000000000057,-0.004097894
26,0.3500000000000006,1.8636593333333335e-06,0.3500000000000006,-0.0036995813333333336
27,0.3750000000000006,1.945674e-06,0.3750000000000006,-0.0033232340000000004
28,0.40000000000000063,2.0303320000000003e-06,0.40000000000000063,-0.0029695340000000002
29,0.42500000000000066,2.1207533333333334e-06,0.42500000000000066,-0.0026302913333333335
30,0.4500000000000007,2.2254626666666666e-06,0.4500000000000007,-0.0023131533333333332
31,0.4750000000000007,2.3438886666666665e-06,0.4750000000000007,-0.002015226666666667
32,0.5000000000000007,2.49396e-06,0.5000000000000007,-0.0017374133333333335
33,0.5250000000000008,2.7001293333333335e-06,0.5250000000000008,-0.0014813253333333335
34,0.5500000000000007,3.0079993333333336e-06,0.5500000000000007,-0.0012400653333333334
35,0.5750000000000008,3.5005686666666666e-06,0.5750000000000008,-0.0010148273333333334
36,0.6000000000000008,4.317778e-06,0.6000000000000008,-0.0008169726666666668
37,0.6250000000000009,5.698530666666666e-06,0.6250000000000009,-0.0010101420000000001
38,0.6500000000000008,6.999426666666668e-06,0.6500000000000008,-0.0009091333333333334
39,0.6750000000000009,9.826280000000001e-06,0.6750000000000009,-0.0006588674666666666
40,0.7000000000000008,1.7232266666666668e-05,0.7000000000000008,-0.0003412328
41,0.7250000000000008,2.7878100000000003e-05,0.7250000000000008,-0.0001222194
42,0.7500000000000009,4.493196666666667e-05,0.7500000000000009,7.664033333333333e-05
43,0.775000000000001,6.999526666666668e-05,0.775000000000001,0.0002776602666666667
44,0.8000000000000009,9.908233333333333e-05,0.8000000000000009,0.0004988924666666667
45,0.8250000000000008,0.0001602412,0.8250000000000008,0.0006999613333333334
46,0.850000000000001,0.0002460968,0.850000000000001,0.0009100913333333333
47,0.8750000000000011,0.00036572493333333336,0.8750000000000011,0.0013509193333333333
48,0.900000000000001,0.0005245415333333333,0.900000000000001,0.0018383359999999999
49,0.9250000000000009,0.0006425371333333333,0.9250000000000009,0.0024184006666666666
50,0.9500000000000011,0.0008950053333333334,0.9500000000000011,0.003104196666666667
51,0.9750000000000012,0.0011901426666666667,0.9750000000000012,0.003900336
52,1.000000000000001,0.0015223300000000001,1.000000000000001,0.004801390666666666
53,1.025000000000001,0.0018839473333333333,1.025000000000001,0.005799299333333334
54,1.0500000000000012,0.002267298,1.0500000000000012,0.006880666666666667
55,1.0750000000000013,0.002663344,1.0750000000000013,0.008088306666666668
56,1.1000000000000012,0.0030681373333333335,1.1000000000000012,0.009336206666666666
57,1.125000000000001,0.0034748393333333336,1.125000000000001,0.010628166666666666
58,1.1500000000000012,0.0038783873333333332,1.1500000000000012,0.011959826666666668
59,1.1750000000000014,0.0042745813333333335,1.1750000000000014,0.013324286666666667
60,1.2000000000000013,0.004667286666666667,1.2000000000000013,0.014715353333333334
61,1.2250000000000012,0.005047800666666667,1.2250000000000012,0.01612542
62,1.2500000000000013,0.0054178180000000005,1.2500000000000013,0.017546293333333334
63,1.2750000000000015,0.005776824666666667,1.2750000000000015,0.01897658
