,T4_1R_V_D,T4_1R_J_D,T4_1R_V_L,T4_1R_J_L
0,1.3,0.0093465,1.3,0.0195328
1,1.2750000000000001,0.008624793333333334,1.2750000000000001,0.018754733333333336
2,1.2500000000000002,0.007818233333333334,1.2500000000000002,0.0177418
3,1.2250000000000003,0.007036393333333333,1.2250000000000003,0.016598553333333335
4,1.2000000000000004,0.006059530666666667,1.2000000000000004,0.015359353333333334
5,1.1750000000000005,0.005441766666666667,1.1750000000000005,0.014046840000000001
6,1.1500000000000006,0.004781929333333334,1.1500000000000006,0.012675413333333335
7,1.1250000000000007,0.004126782666666666,1.1250000000000007,0.01126478
8,1.1000000000000008,0.003484896,1.1000000000000008,0.009837846666666667
9,1.0750000000000008,0.0028564093333333334,1.0750000000000008,0.008412586666666668
10,1.050000000000001,0.002254912,1.050000000000001,0.007018760000000001
11,1.025000000000001,0.0016988146666666666,1.025000000000001,0.005688144666666666
12,1.000000000000001,0.001212666,1.000000000000001,0.004435321333333334
13,0.9750000000000012,0.00081605,0.9750000000000012,0.0033269566666666666
14,0.9500000000000013,0.0005095784666666667,0.9500000000000013,0.0023746713333333337
15,0.9250000000000014,0.0003099593333333333,0.9250000000000014,0.0015829406666666667
16,0.9000000000000015,0.0001811228666666667,0.9000000000000015,0.0009322733333333334
17,0.8750000000000016,0.00010341746666666667,0.8750000000000016,0.0005070082666666667
18,0.8500000000000016,5.805420666666667e-05,0.8500000000000016,-6.67512e-05
19,0.8250000000000017,3.2229146666666665e-05,0.8250000000000017,-0.0005721789333333334
20,0.8000000000000018,1.7743200000000003e-05,0.8000000000000018,-0.0007793373333333333
21,0.7750000000000019,9.47634e-06,0.7750000000000019,-0.0014369640000000002
22,0.750000000000002,5.703726e-06,0.750000000000002,-0.002046094666666667
23,0.7250000000000021,2.2494973333333335e-06,0.7250000000000021,-0.002662114666666667
24,0.7000000000000022,4.284215333333333e-07,0.7000000000000022,-0.003283058666666667
25,0.6750000000000023,-6.8036e-07,0.6750000000000023,-0.003924317333333333
26,0.6500000000000024,-1.3787013333333334e-06,0.6500000000000024,-0.004568834
27,0.6250000000000024,-1.8349833333333335e-06,0.6250000000000024,-0.005212754
28,0.6000000000000025,-2.1426473333333334e-06,0.6000000000000025,-0.0058519546666666675
29,0.5750000000000026,-2.3525673333333334e-06,0.5750000000000026,-0.006484132666666666
30,0.5500000000000027,-2.4988146666666668e-06,0.5500000000000027,-0.006997473333333333
31,0.5250000000000028,-2.5975200000000002e-06,0.5250000000000028,-0.0068417
32,0.5000000000000029,-2.6592580000000002e-06,0.5000000000000029,-0.007703593333333333
33,0.475000000000003,-2.6962820000000003e-06,0.475000000000003,-0.008391846666666668
34,0.45000000000000306,-2.7117933333333336e-06,0.45000000000000306,-0.009010766666666668
35,0.42500000000000315,-2.7073293333333336e-06,0.42500000000000315,-0.009581406666666667
36,0.40000000000000324,-2.694254e-06,0.40000000000000324,-0.010110113333333334
37,0.37500000000000333,-2.6690646666666665e-06,0.37500000000000333,-0.01060468
38,0.3500000000000034,-2.635386666666667e-06,0.3500000000000034,-0.011083373333333334
39,0.3250000000000035,-2.5973206666666665e-06,0.3250000000000035,-0.011504566666666667
40,0.3000000000000036,-2.551028666666667e-06,0.3000000000000036,-0.011899593333333333
41,0.2750000000000037,-2.5083913333333335e-06,0.2750000000000037,-0.012286213333333334
42,0.2500000000000038,-2.460546666666667e-06,0.2500000000000038,-0.012661953333333333
43,0.22500000000000386,-2.287672e-06,0.22500000000000386,-0.01294096
44,0.20000000000000395,-2.3490693333333334e-06,0.20000000000000395,-0.013278706666666668
45,0.17500000000000404,-2.3110913333333333e-06,0.17500000000000404,-0.013577760000000001
46,0.15000000000000413,-2.2699173333333335e-06,0.15000000000000413,-0.0138558
47,0.12500000000000422,-2.2350960000000003e-06,0.12500000000000422,-0.014113146666666666
48,0.10000000000000431,-2.2032306666666666e-06,0.10000000000000431,-0.01435178
49,0.0750000000000044,-2.1760833333333335e-06,0.0750000000000044,-0.014578166666666668
50,0.050000000000004485,-2.158518666666667e-06,0.050000000000004485,-0.014786153333333335
51,0.025000000000004574,-2.1453066666666665e-06,0.025000000000004574,-0.014996533333333333
52,4.6629367034256575e-15,-2.112632666666667e-06,4.6629367034256575e-15,-0.015164853333333336
53,-0.024999999999995248,-2.129164e-06,-0.024999999999995248,-0.0153313
54,-0.04999999999999516,-2.1317533333333334e-06,-0.04999999999999516,-0.015484286666666668
55,-0.07499999999999507,-2.136866e-06,-0.07499999999999507,-0.015650246666666666
56,-0.09999999999999498,-2.1461306666666668e-06,-0.09999999999999498,-0.015780833333333334
57,-0.12499999999999489,-2.1592246666666665e-06,-0.12499999999999489,-0.015909946666666668
58,-0.1499999999999948,-2.179148e-06,-0.1499999999999948,-0.016033006666666665
59,-0.17499999999999472,-2.2096453333333333e-06,-0.17499999999999472,-0.016151040000000002
60,-0.19999999999999463,-2.2160953333333335e-06,-0.19999999999999463,-0.016245546666666666
61,-0.22499999999999454,-2.3214373333333334e-06,-0.22499999999999454,-0.016360906666666668
62,-0.24999999999999445,-2.437076e-06,-0.24999999999999445,-0.016461293333333335
63,-0.27499999999999436,-2.6193733333333333e-06,-0.27499999999999436,-0.016560926666666666
