,T4_1R_V_D,T4_1R_J_D,T4_1R_V_L,T4_1R_J_L
0,1.3,0.009595926666666666,1.3,0.019781986666666668
1,1.2750000000000001,0.008781593333333334,1.2750000000000001,0.01895312
2,1.2500000000000002,0.0079123,1.2500000000000002,0.0178585
3,1.2250000000000003,0.007078386666666668,1.2250000000000003,0.01663618
4,1.2000000000000004,0.006068062666666666,1.2000000000000004,0.015326026666666668
5,1.1750000000000005,0.0054077326666666665,1.1750000000000005,0.013950046666666667
6,1.1500000000000006,0.004707154666666666,1.1500000000000006,0.012522233333333334
7,1.1250000000000007,0.004015248000000001,1.1250000000000007,0.011064580000000001
8,1.1000000000000008,0.0033401413333333336,1.1000000000000008,0.009600140000000002
9,1.0750000000000008,0.002686875333333333,1.0750000000000008,0.008149546666666667
10,1.050000000000001,0.002075834,1.050000000000001,0.006743793333333333
11,1.025000000000001,0.0015259613333333335,1.025000000000001,0.005439115333333334
12,1.000000000000001,0.00106024,1.000000000000001,0.004189265333333333
13,0.9750000000000012,0.0006942646666666666,0.9750000000000012,0.003106946666666667
14,0.9500000000000013,0.0004268806000000001,0.9500000000000013,0.0021891926666666667
15,0.9250000000000014,0.0002526874,0.9250000000000014,0.0014340213333333333
16,0.9000000000000015,0.00014442866666666666,0.9000000000000015,0.0008168040000000001
17,0.8750000000000016,8.098193333333334e-05,0.8750000000000016,0.0004484412
18,0.8500000000000016,4.5701426666666667e-05,0.8500000000000016,-0.00011969753333333335
19,0.8250000000000017,2.49072e-05,0.8250000000000017,-0.0006021164666666667
20,0.8000000000000018,1.3564966666666666e-05,0.8000000000000018,-0.0007580113333333333
21,0.7750000000000019,7.1206266666666675e-06,0.7750000000000019,-0.0014012886666666668
22,0.750000000000002,4.642921333333333e-06,0.750000000000002,-0.001970682
23,0.7250000000000021,1.5364280000000002e-06,0.7250000000000021,-0.0025398306666666666
24,0.7000000000000022,-2.580806666666667e-08,0.7000000000000022,-0.00310872
25,0.6750000000000023,-9.688020000000002e-07,0.6750000000000023,-0.0036939900000000003
26,0.6500000000000024,-1.5897193333333332e-06,0.6500000000000024,-0.004281925333333334
27,0.6250000000000024,-2.0089766666666666e-06,0.6250000000000024,-0.004868930666666667
28,0.6000000000000025,-2.300414e-06,0.6000000000000025,-0.0054487500000000005
29,0.5750000000000026,-2.5077426666666667e-06,0.5750000000000026,-0.0060182766666666675
30,0.5500000000000027,-2.6442333333333334e-06,0.5500000000000027,-0.006581796
31,0.5250000000000028,-2.7378673333333334e-06,0.5250000000000028,-0.006998706666666667
32,0.5000000000000029,-2.805842e-06,0.5000000000000029,-0.006794646666666666
33,0.475000000000003,-2.830084e-06,0.475000000000003,-0.00758882
34,0.45000000000000306,-2.8393173333333335e-06,0.45000000000000306,-0.008209546666666666
35,0.42500000000000315,-2.8294533333333335e-06,0.42500000000000315,-0.008757440000000002
36,0.40000000000000324,-2.8029646666666666e-06,0.40000000000000324,-0.009255286666666668
37,0.37500000000000333,-2.774729333333333e-06,0.37500000000000333,-0.009724766666666667
38,0.3500000000000034,-2.733306e-06,0.3500000000000034,-0.010180493333333334
39,0.3250000000000035,-2.6852479999999998e-06,0.3250000000000035,-0.0105767
40,0.3000000000000036,-2.6374313333333333e-06,0.3000000000000036,-0.010958306666666667
41,0.2750000000000037,-2.585230666666667e-06,0.2750000000000037,-0.011326346666666667
42,0.2500000000000038,-2.53264e-06,0.2500000000000038,-0.01168684
43,0.22500000000000386,-2.3351653333333338e-06,0.22500000000000386,-0.011953086666666668
44,0.20000000000000395,-2.404224e-06,0.20000000000000395,-0.012275733333333334
45,0.17500000000000404,-2.36064e-06,0.17500000000000404,-0.012573866666666668
46,0.15000000000000413,-2.313234666666667e-06,0.15000000000000413,-0.012839853333333335
47,0.12500000000000422,-2.266082666666667e-06,0.12500000000000422,-0.013098493333333332
48,0.10000000000000431,-2.2280193333333335e-06,0.10000000000000431,-0.01333892
49,0.0750000000000044,-2.194288e-06,0.0750000000000044,-0.013570253333333334
50,0.050000000000004485,-2.167834666666667e-06,0.050000000000004485,-0.013781360000000001
51,0.025000000000004574,-2.1481926666666665e-06,0.025000000000004574,-0.013992326666666666
52,4.6629367034256575e-15,-2.1075113333333334e-06,4.6629367034256575e-15,-0.014166373333333333
53,-0.024999999999995248,-2.1222846666666667e-06,-0.024999999999995248,-0.014331073333333335
54,-0.04999999999999516,-2.12129e-06,-0.04999999999999516,-0.014501753333333336
55,-0.07499999999999507,-2.125756e-06,-0.07499999999999507,-0.014670226666666668
56,-0.09999999999999498,-2.137734e-06,-0.09999999999999498,-0.014799766666666667
57,-0.12499999999999489,-2.158887333333333e-06,-0.12499999999999489,-0.014937800000000001
58,-0.1499999999999948,-2.193128666666667e-06,-0.1499999999999948,-0.015073053333333334
59,-0.17499999999999472,-2.251268e-06,-0.17499999999999472,-0.01519872
60,-0.19999999999999463,-2.304460666666667e-06,-0.19999999999999463,-0.01530226
61,-0.22499999999999454,-2.493094666666667e-06,-0.22499999999999454,-0.015428280000000003
62,-0.24999999999999445,-2.7372533333333338e-06,-0.24999999999999445,-0.015540753333333334
63,-0.27499999999999436,-3.1109446666666668e-06,-0.27499999999999436,-0.015651153333333334
