,T4_1R_V_D,T4_1R_J_D,T4_1R_V_L,T4_1R_J_L
0,1.3,0.008799266666666666,1.3,0.01895702
1,1.2750000000000001,0.00816844,1.2750000000000001,0.018152133333333334
2,1.2500000000000002,0.007462553333333334,1.2500000000000002,0.017172293333333335
3,1.2250000000000003,0.006761833333333334,1.2250000000000003,0.016091433333333332
4,1.2000000000000004,0.0058676019999999995,1.2000000000000004,0.014935513333333332
5,1.1750000000000005,0.0053131106666666665,1.1750000000000005,0.013720800000000002
6,1.1500000000000006,0.0047243273333333335,1.1500000000000006,0.01245858
7,1.1250000000000007,0.004141474,1.1250000000000007,0.011163746666666668
8,1.1000000000000008,0.0035671653333333338,1.1000000000000008,0.009853273333333332
9,1.0750000000000008,0.003002362666666667,1.0750000000000008,0.008539106666666667
10,1.050000000000001,0.0024540593333333333,1.050000000000001,0.007244173333333334
11,1.025000000000001,0.0019288946666666668,1.025000000000001,0.005983723333333333
12,1.000000000000001,0.0014496433333333334,1.000000000000001,0.0047950480000000005
13,0.9750000000000012,0.0010335033333333334,0.9750000000000012,0.003712246666666667
14,0.9500000000000013,0.0006968306666666667,0.9500000000000013,0.0027555626666666668
15,0.9250000000000014,0.00043566013333333335,0.9250000000000014,0.0019414553333333333
16,0.9000000000000015,0.0002669546,0.9000000000000015,0.0012666233333333333
17,0.8750000000000016,0.0001572908,0.8750000000000016,0.0007077526666666667
18,0.8500000000000016,9.022786666666667e-05,0.8500000000000016,0.0003203578
19,0.8250000000000017,5.042890666666667e-05,0.8250000000000017,-0.00018374753333333334
20,0.8000000000000018,2.7641853333333335e-05,0.8000000000000018,-0.0006481926666666667
21,0.7750000000000019,1.4918113333333334e-05,0.7750000000000019,-0.0008758893333333334
22,0.750000000000002,7.67948e-06,0.750000000000002,-0.0014826426666666667
23,0.7250000000000021,4.395562e-06,0.7250000000000021,-0.0020632753333333334
24,0.7000000000000022,1.479948e-06,0.7000000000000022,-0.002651338666666667
25,0.6750000000000023,-3.0334580000000005e-08,0.6750000000000023,-0.003263636666666667
26,0.6500000000000024,-9.182013333333333e-07,0.6500000000000024,-0.003890481333333334
27,0.6250000000000024,-1.4660206666666666e-06,0.6250000000000024,-0.004527056666666667
28,0.6000000000000025,-1.818364e-06,0.6000000000000025,-0.0051678973333333334
29,0.5750000000000026,-2.0530813333333335e-06,0.5750000000000026,-0.005811765333333333
30,0.5500000000000027,-2.217249333333333e-06,0.5500000000000027,-0.006448465333333334
31,0.5250000000000028,-2.32076e-06,0.5250000000000028,-0.0069964400000000005
32,0.5000000000000029,-2.4135486666666666e-06,0.5000000000000029,-0.0069155733333333335
33,0.475000000000003,-2.4705113333333335e-06,0.475000000000003,-0.007750946666666667
34,0.45000000000000306,-2.50727e-06,0.45000000000000306,-0.008455046666666667
35,0.42500000000000315,-2.528864666666667e-06,0.42500000000000315,-0.00908568
36,0.40000000000000324,-2.5344853333333334e-06,0.40000000000000324,-0.009679626666666667
37,0.37500000000000333,-2.527522666666667e-06,0.37500000000000333,-0.010239073333333333
38,0.3500000000000034,-2.511676666666667e-06,0.3500000000000034,-0.010778546666666666
39,0.3250000000000035,-2.4863333333333336e-06,0.3250000000000035,-0.0112642
40,0.3000000000000036,-2.4497353333333335e-06,0.3000000000000036,-0.01172138
41,0.2750000000000037,-2.4142333333333335e-06,0.2750000000000037,-0.0121607
42,0.2500000000000038,-2.3716446666666665e-06,0.2500000000000038,-0.012587866666666666
43,0.22500000000000386,-2.212984e-06,0.22500000000000386,-0.012920073333333334
44,0.20000000000000395,-2.2587246666666666e-06,0.20000000000000395,-0.013305346666666667
45,0.17500000000000404,-2.217276e-06,0.17500000000000404,-0.013647533333333333
46,0.15000000000000413,-2.170834e-06,0.15000000000000413,-0.013967440000000001
47,0.12500000000000422,-2.122752e-06,0.12500000000000422,-0.01426254
48,0.10000000000000431,-2.0793360000000003e-06,0.10000000000000431,-0.014536626666666667
49,0.0750000000000044,-2.038804666666667e-06,0.0750000000000044,-0.014795906666666666
50,0.050000000000004485,-2.0024520000000003e-06,0.050000000000004485,-0.015033713333333334
51,0.025000000000004574,-1.974724e-06,0.025000000000004574,-0.01527072
52,4.6629367034256575e-15,-1.946784e-06,4.6629367034256575e-15,-0.015464440000000001
53,-0.024999999999995248,-1.9325013333333335e-06,-0.024999999999995248,-0.015654053333333334
54,-0.04999999999999516,-1.9179486666666666e-06,-0.04999999999999516,-0.015826700000000003
55,-0.07499999999999507,-1.910488666666667e-06,-0.07499999999999507,-0.016011420000000002
56,-0.09999999999999498,-1.9050606666666668e-06,-0.09999999999999498,-0.016155966666666667
57,-0.12499999999999489,-1.9012793333333333e-06,-0.12499999999999489,-0.0162966
58,-0.1499999999999948,-1.903574e-06,-0.1499999999999948,-0.016431173333333333
59,-0.17499999999999472,-1.8877540000000002e-06,-0.17499999999999472,-0.01655574
60,-0.19999999999999463,-1.8847733333333332e-06,-0.19999999999999463,-0.016655793333333332
61,-0.22499999999999454,-1.935504e-06,-0.22499999999999454,-0.016776533333333336
62,-0.24999999999999445,-1.9767900000000004e-06,-0.24999999999999445,-0.016882693333333334
63,-0.27499999999999436,-2.042906e-06,-0.27499999999999436,-0.01698078
