,T4_1R_V_D,T4_1R_J_D,T4_1R_V_L,T4_1R_J_L
0,1.3,0.008396906666666667,1.3,0.0154575
1,1.2750000000000001,0.007634,1.2750000000000001,0.01419094
2,1.2500000000000002,0.00676588,1.2500000000000002,0.01286028
3,1.2250000000000003,0.00583656,1.2250000000000003,0.01151974
4,1.2000000000000004,0.0050110606666666675,1.2000000000000004,0.010190266666666668
5,1.1750000000000005,0.004170567333333334,1.1750000000000005,0.008876293333333334
6,1.1500000000000006,0.0033718773333333333,1.1500000000000006,0.007597486666666667
7,1.1250000000000007,0.002638154,1.1250000000000007,0.006483214
8,1.1000000000000008,0.00199057,1.1000000000000008,0.005249432666666667
9,1.0750000000000008,0.0014423586666666667,1.0750000000000008,0.004174559333333334
10,1.050000000000001,0.0010039126666666668,1.050000000000001,0.0032201106666666667
11,1.025000000000001,0.0006734506666666667,1.025000000000001,0.0023912980000000005
12,1.000000000000001,0.000439675,1.000000000000001,0.0016979846666666666
13,0.9750000000000012,0.0002808276666666667,0.9750000000000012,0.0011077853333333334
14,0.9500000000000013,0.0001790964,0.9500000000000013,0.0009343546666666667
15,0.9250000000000014,0.00011524153333333334,0.9250000000000014,0.00047259886666666667
16,0.9000000000000015,7.539093333333333e-05,0.9000000000000015,-0.00014687093333333334
17,0.8750000000000016,4.926584e-05,0.8750000000000016,-0.0006146448666666667
18,0.8500000000000016,3.3597880000000004e-05,0.8500000000000016,-0.0005554287333333334
19,0.8250000000000017,2.2744326666666666e-05,0.8250000000000017,-0.0012510726666666667
20,0.8000000000000018,1.534446666666667e-05,0.8000000000000018,-0.001750246
21,0.7750000000000019,1.0195393333333333e-05,0.7750000000000019,-0.002219539333333333
22,0.750000000000002,8.760466666666667e-06,0.750000000000002,-0.0026867233333333334
23,0.7250000000000021,6.113132e-06,0.7250000000000021,-0.0031585500000000004
24,0.7000000000000022,2.8390126666666664e-06,0.7000000000000022,-0.003597850666666667
25,0.6750000000000023,1.3397833333333334e-06,0.6750000000000023,-0.004047732666666667
26,0.6500000000000024,9.854433333333334e-08,0.6500000000000024,-0.004503056666666667
27,0.6250000000000024,-7.040160000000001e-07,0.6250000000000024,-0.004960389333333334
28,0.6000000000000025,-1.284202e-06,0.6000000000000025,-0.00538366
29,0.5750000000000026,-1.7052086666666667e-06,0.5750000000000026,-0.005800885333333334
30,0.5500000000000027,-2.009663333333333e-06,0.5500000000000027,-0.006210212666666667
31,0.5250000000000028,-2.225956666666667e-06,0.5250000000000028,-0.006607141333333333
32,0.5000000000000029,-2.3708453333333336e-06,0.5000000000000029,-0.006950906666666667
33,0.475000000000003,-2.471872e-06,0.475000000000003,-0.006998706666666667
34,0.45000000000000306,-2.533568666666667e-06,0.45000000000000306,-0.007040053333333333
35,0.42500000000000315,-2.563830666666667e-06,0.42500000000000315,-0.0076465866666666675
36,0.40000000000000324,-2.5718893333333334e-06,0.40000000000000324,-0.00808762
37,0.37500000000000333,-2.558933333333333e-06,0.37500000000000333,-0.0084593
38,0.3500000000000034,-2.5363526666666666e-06,0.3500000000000034,-0.008806300000000001
39,0.3250000000000035,-2.379432e-06,0.3250000000000035,-0.009129826666666667
40,0.3000000000000036,-2.4536773333333335e-06,0.3000000000000036,-0.009427566666666666
41,0.2750000000000037,-2.4180073333333335e-06,0.2750000000000037,-0.009710233333333334
42,0.2500000000000038,-2.3709726666666666e-06,0.2500000000000038,-0.009980973333333334
43,0.22500000000000386,-2.1198406666666665e-06,0.22500000000000386,-0.010189733333333333
44,0.20000000000000395,-2.150541333333333e-06,0.20000000000000395,-0.010468646666666668
45,0.17500000000000404,-2.2219093333333334e-06,0.17500000000000404,-0.010703913333333334
46,0.15000000000000413,-2.187020666666667e-06,0.15000000000000413,-0.010928926666666668
47,0.12500000000000422,-2.151414666666667e-06,0.12500000000000422,-0.011160793333333334
48,0.10000000000000431,-2.1149226666666667e-06,0.10000000000000431,-0.01133898
49,0.0750000000000044,-2.0876680000000003e-06,0.0750000000000044,-0.011538493333333334
50,0.050000000000004485,-2.0617473333333335e-06,0.050000000000004485,-0.01172422
51,0.025000000000004574,-2.0390046666666667e-06,0.025000000000004574,-0.01192612
52,4.6629367034256575e-15,-2.017788e-06,4.6629367034256575e-15,-0.012087666666666667
53,-0.024999999999995248,-2.014310666666667e-06,-0.024999999999995248,-0.012238993333333335
54,-0.04999999999999516,-2.0097286666666666e-06,-0.04999999999999516,-0.012406813333333334
55,-0.07499999999999507,-2.018126e-06,-0.07499999999999507,-0.012561106666666667
56,-0.09999999999999498,-2.035544666666667e-06,-0.09999999999999498,-0.012717726666666667
57,-0.12499999999999489,-2.0672673333333334e-06,-0.12499999999999489,-0.012860566666666668
58,-0.1499999999999948,-2.125866666666667e-06,-0.1499999999999948,-0.013004753333333334
59,-0.17499999999999472,-2.2150993333333335e-06,-0.17499999999999472,-0.013153753333333336
60,-0.19999999999999463,-2.302372666666667e-06,-0.19999999999999463,-0.013291326666666665
61,-0.22499999999999454,-2.547814e-06,-0.22499999999999454,-0.013433226666666668
62,-0.24999999999999445,-2.8458073333333335e-06,-0.24999999999999445,-0.013566766666666666
63,-0.27499999999999436,-3.2803900000000005e-06,-0.27499999999999436,-0.013701226666666667
