,T4_1F_V_D,T4_1F_J_D,T4_1F_V_L,T4_1F_J_L
0,-0.3,-1.127422e-06,-0.3,-0.01975292
1,-0.27499999999999997,-1.4611820000000002e-07,-0.27499999999999997,-0.018797286666666666
2,-0.24999999999999994,1.5857000000000002e-07,-0.24999999999999994,-0.017840326666666666
3,-0.22499999999999992,3.275125333333334e-07,-0.22499999999999992,-0.016936033333333333
4,-0.1999999999999999,3.526996666666667e-07,-0.1999999999999999,-0.016110366666666667
5,-0.17499999999999988,5.139836000000001e-07,-0.17499999999999988,-0.015318286666666668
6,-0.14999999999999986,5.793003333333333e-07,-0.14999999999999986,-0.014588326666666668
7,-0.12499999999999983,6.311190666666667e-07,-0.12499999999999983,-0.013885473333333334
8,-0.09999999999999981,6.739186666666667e-07,-0.09999999999999981,-0.013198046666666666
9,-0.07499999999999979,7.085506666666668e-07,-0.07499999999999979,-0.012552466666666668
10,-0.04999999999999977,6.919846666666667e-07,-0.04999999999999977,-0.011899846666666668
11,-0.024999999999999745,7.662320000000001e-07,-0.024999999999999745,-0.011258686666666667
12,2.7755575615628914e-16,7.809286666666667e-07,2.7755575615628914e-16,-0.010616546666666667
13,0.0250000000000003,8.235240000000001e-07,0.0250000000000003,-0.009994393333333334
14,0.05000000000000032,8.542153333333333e-07,0.05000000000000032,-0.009377213333333334
15,0.07500000000000034,8.90056e-07,0.07500000000000034,-0.008761060000000001
16,0.10000000000000037,9.2815e-07,0.10000000000000037,-0.008159006666666666
17,0.1250000000000004,9.67804e-07,0.1250000000000004,-0.007562093333333334
18,0.1500000000000004,1.0138466666666666e-06,0.1500000000000004,-0.006984473333333334
19,0.17500000000000043,1.0609233333333334e-06,0.17500000000000043,-0.0069672733333333335
20,0.20000000000000046,1.1102026666666667e-06,0.20000000000000046,-0.006028260666666667
21,0.22500000000000048,1.1402753333333334e-06,0.22500000000000048,-0.005420829333333333
22,0.2500000000000005,1.21744e-06,0.2500000000000005,-0.004877320666666667
23,0.2750000000000005,1.2789640000000002e-06,0.2750000000000005,-0.004367874666666667
24,0.30000000000000054,1.338496e-06,0.30000000000000054,-0.0038954913333333336
25,0.32500000000000057,1.4068440000000002e-06,0.32500000000000057,-0.0034496946666666673
26,0.3500000000000006,1.4741653333333334e-06,0.3500000000000006,-0.0030356420000000003
27,0.3750000000000006,1.5453413333333335e-06,0.3750000000000006,-0.0026534246666666665
28,0.40000000000000063,1.6207853333333334e-06,0.40000000000000063,-0.002298884
29,0.42500000000000066,1.6519740000000002e-06,0.42500000000000066,-0.001976404
30,0.4500000000000007,1.7969526666666667e-06,0.4500000000000007,-0.0016862286666666669
31,0.4750000000000007,1.9275453333333335e-06,0.4750000000000007,-0.0014267486666666666
32,0.5000000000000007,2.101700666666667e-06,0.5000000000000007,-0.0011938453333333334
33,0.5250000000000008,2.3544113333333335e-06,0.5250000000000008,-0.0009869106666666667
34,0.5500000000000007,2.747568666666667e-06,0.5500000000000007,-0.0008114740000000001
35,0.5750000000000008,3.376334666666667e-06,0.5750000000000008,-0.0008598193333333333
36,0.6000000000000008,4.408746666666667e-06,0.6000000000000008,-0.0006817893333333334
37,0.6250000000000009,6.139999333333333e-06,0.6250000000000009,-0.0004801586
38,0.6500000000000008,8.072386666666667e-06,0.6500000000000008,-0.0003511136
39,0.6750000000000009,1.3634993333333335e-05,0.6750000000000009,-0.0002340852
40,0.7000000000000008,2.1704233333333335e-05,0.7000000000000008,-0.0001258024
41,0.7250000000000008,3.460648e-05,0.7250000000000008,-4.2292140000000004e-05
42,0.7500000000000009,5.497511333333334e-05,0.7500000000000009,5.4320633333333336e-05
43,0.775000000000001,8.496466666666668e-05,0.775000000000001,0.00022214920000000003
44,0.8000000000000009,0.00013583766666666668,0.8000000000000009,0.0004122399333333333
45,0.8250000000000008,0.00020693186666666667,0.8250000000000008,0.0006464588666666667
46,0.850000000000001,0.0003077516666666667,0.850000000000001,0.0009173786666666667
47,0.8750000000000011,0.0004439298666666667,0.8750000000000011,0.0012951406666666667
48,0.900000000000001,0.0006196739333333334,0.900000000000001,0.001743848
49,0.9250000000000009,0.0008377093333333334,0.9250000000000009,0.002275535333333333
50,0.9500000000000011,0.0010875846666666667,0.9500000000000011,0.0028859393333333333
51,0.9750000000000012,0.001361556,0.9750000000000012,0.0035688433333333335
52,1.000000000000001,0.0016532340000000002,1.000000000000001,0.004314463333333333
53,1.025000000000001,0.001954533333333333,1.025000000000001,0.005113546
54,1.0500000000000012,0.002258772666666667,1.0500000000000012,0.005957072
55,1.0750000000000013,0.0025613840000000003,1.0750000000000013,0.006839253333333333
56,1.1000000000000012,0.002858770666666667,1.1000000000000012,0.007876866666666668
57,1.125000000000001,0.0031502986666666665,1.125000000000001,0.00883922
58,1.1500000000000012,0.003435384,1.1500000000000012,0.009826606666666668
59,1.1750000000000014,0.0037131273333333333,1.1750000000000014,0.01083972
60,1.2000000000000013,0.003983681333333333,1.2000000000000013,0.011877926666666667
61,1.2250000000000012,0.004245454666666667,1.2250000000000012,0.012939986666666667
62,1.2500000000000013,0.00450441,1.2500000000000013,0.01402352
63,1.2750000000000015,0.004755296,1.2750000000000015,0.015127873333333333
