,T4_1R_V_D,T4_1R_J_D,T4_1R_V_L,T4_1R_J_L
0,1.3,0.006375565333333334,1.3,0.015773520000000003
1,1.2750000000000001,0.006514352000000001,1.2750000000000001,0.014905513333333335
2,1.2500000000000002,0.006229198666666667,1.2500000000000002,0.013970459999999999
3,1.2250000000000003,0.0058187080000000006,1.2250000000000003,0.012991846666666668
4,1.2000000000000004,0.005361102,1.2000000000000004,0.01198942
5,1.1750000000000005,0.0048891686666666665,1.1750000000000005,0.010971786666666667
6,1.1500000000000006,0.0044152413333333335,1.1500000000000006,0.009947033333333334
7,1.1250000000000007,0.003944946666666667,1.1250000000000007,0.008923733333333333
8,1.1000000000000008,0.0034832820000000003,1.1000000000000008,0.007912
9,1.0750000000000008,0.003030726,1.0750000000000008,0.006915993333333334
10,1.050000000000001,0.002590594666666667,1.050000000000001,0.005959725333333333
11,1.025000000000001,0.0021668313333333333,1.025000000000001,0.005025801333333333
12,1.000000000000001,0.0017667860000000002,1.000000000000001,0.004147388666666667
13,0.9750000000000012,0.0013974606666666669,0.9750000000000012,0.0033354326666666665
14,0.9500000000000013,0.0010679446666666667,0.9500000000000013,0.0026051186666666668
15,0.9250000000000014,0.0007858453333333333,0.9250000000000014,0.001967886
16,0.9000000000000015,0.0005543523333333333,0.9000000000000015,0.0014323066666666667
17,0.8750000000000016,0.0003751914,0.8750000000000016,0.0009930806666666667
18,0.8500000000000016,0.0002460782,0.8500000000000016,0.0006444853333333334
19,0.8250000000000017,0.00015594680000000002,0.8250000000000017,0.0003551420666666667
20,0.8000000000000018,9.555100000000001e-05,0.8000000000000018,0.00012513813333333334
21,0.7750000000000019,5.870778666666667e-05,0.7750000000000019,-7.585306666666667e-05
22,0.750000000000002,3.3163626666666666e-05,0.750000000000002,-0.00026694360000000005
23,0.7250000000000021,1.89054e-05,0.7250000000000021,-0.0004698872
24,0.7000000000000022,1.0532713333333334e-05,0.7000000000000022,-0.0006876826666666668
25,0.6750000000000023,6.202534000000001e-06,0.6750000000000023,-0.0009563373333333334
26,0.6500000000000024,2.870512666666667e-06,0.6500000000000024,-0.001276284
27,0.6250000000000024,1.157626e-06,0.6250000000000024,-0.0016367153333333333
28,0.6000000000000025,1.5213133333333334e-07,0.6000000000000025,-0.0020366393333333334
29,0.5750000000000026,-4.600356666666667e-07,0.5750000000000026,-0.002481371333333333
30,0.5500000000000027,-8.479506666666667e-07,0.5500000000000027,-0.0029646386666666667
31,0.5250000000000028,-1.1084293333333333e-06,0.5250000000000028,-0.0034666273333333335
32,0.5000000000000029,-1.2914966666666668e-06,0.5000000000000029,-0.004005101333333334
33,0.475000000000003,-1.428796e-06,0.475000000000003,-0.004571032
34,0.45000000000000306,-1.53761e-06,0.45000000000000306,-0.005160027333333334
35,0.42500000000000315,-1.6265013333333334e-06,0.42500000000000315,-0.005747055333333333
36,0.40000000000000324,-1.699932e-06,0.40000000000000324,-0.006351787333333333
37,0.37500000000000333,-1.7650733333333335e-06,0.37500000000000333,-0.006954466666666667
38,0.3500000000000034,-1.8195473333333333e-06,0.3500000000000034,-0.007349040000000001
39,0.3250000000000035,-1.865572e-06,0.3250000000000035,-0.007967593333333333
40,0.3000000000000036,-1.9039160000000001e-06,0.3000000000000036,-0.008618206666666668
41,0.2750000000000037,-1.936972666666667e-06,0.2750000000000037,-0.009251606666666667
42,0.2500000000000038,-1.9493500000000002e-06,0.2500000000000038,-0.00984088
43,0.22500000000000386,-1.899394e-06,0.22500000000000386,-0.010391693333333334
44,0.20000000000000395,-1.978652e-06,0.20000000000000395,-0.010972846666666666
45,0.17500000000000404,-1.989128e-06,0.17500000000000404,-0.011514153333333332
46,0.15000000000000413,-1.991558666666667e-06,0.15000000000000413,-0.012032020000000001
47,0.12500000000000422,-1.987944666666667e-06,0.12500000000000422,-0.01252456
48,0.10000000000000431,-1.9781706666666667e-06,0.10000000000000431,-0.012990073333333334
49,0.0750000000000044,-1.961822666666667e-06,0.0750000000000044,-0.013437033333333334
50,0.050000000000004485,-1.9431446666666667e-06,0.050000000000004485,-0.01388098
51,0.025000000000004574,-1.9197653333333335e-06,0.025000000000004574,-0.014269506666666668
52,4.6629367034256575e-15,-1.8742460000000002e-06,4.6629367034256575e-15,-0.014650486666666667
53,-0.024999999999995248,-1.8572326666666667e-06,-0.024999999999995248,-0.015003280000000003
54,-0.04999999999999516,-1.8296913333333333e-06,-0.04999999999999516,-0.015348126666666666
55,-0.07499999999999507,-1.7996120000000002e-06,-0.07499999999999507,-0.01564298
56,-0.09999999999999498,-1.7683413333333333e-06,-0.09999999999999498,-0.01593182
57,-0.12499999999999489,-1.7384506666666667e-06,-0.12499999999999489,-0.016200973333333337
58,-0.1499999999999948,-1.7087153333333334e-06,-0.1499999999999948,-0.016457353333333334
59,-0.17499999999999472,-1.6793786666666669e-06,-0.17499999999999472,-0.01669578
60,-0.19999999999999463,-1.6215606666666667e-06,-0.19999999999999463,-0.016901
61,-0.22499999999999454,-1.606538e-06,-0.22499999999999454,-0.01711246666666667
62,-0.24999999999999445,-1.595096e-06,-0.24999999999999445,-0.017309913333333336
63,-0.27499999999999436,-1.5730386666666667e-06,-0.27499999999999436,-0.017501553333333333
