,T4_1R_V_D,T4_1R_J_D,T4_1R_V_L,T4_1R_J_L
0,1.3,0.00849392,1.3,0.015537153333333333
1,1.2750000000000001,0.007711233333333334,1.2750000000000001,0.014193500000000001
2,1.2500000000000002,0.006825613333333334,1.2500000000000002,0.01281668
3,1.2250000000000003,0.005884716666666667,1.2250000000000003,0.011445780000000001
4,1.2000000000000004,0.005043582666666667,1.2000000000000004,0.010096886666666667
5,1.1750000000000005,0.004191892666666667,1.1750000000000005,0.008773366666666668
6,1.1500000000000006,0.003384246666666667,1.1500000000000006,0.007492753333333334
7,1.1250000000000007,0.002644866,1.1250000000000007,0.006389393333333333
8,1.1000000000000008,0.0019949093333333336,1.1000000000000008,0.005159924666666667
9,1.0750000000000008,0.0014464626666666667,1.0750000000000008,0.004099367333333334
10,1.050000000000001,0.0010089313333333334,1.050000000000001,0.0031609913333333333
11,1.025000000000001,0.0006792446666666667,1.025000000000001,0.00234565
12,1.000000000000001,0.00044318386666666664,1.000000000000001,0.001662702
13,0.9750000000000012,0.0002857104666666667,0.9750000000000012,0.0010804226666666667
14,0.9500000000000013,0.00018335600000000002,0.9500000000000013,0.0009246066666666668
15,0.9250000000000014,0.00011852573333333334,0.9250000000000014,0.00046463006666666666
16,0.9000000000000015,7.76386e-05,0.9000000000000015,-0.0001642272
17,0.8750000000000016,5.0173820000000005e-05,0.8750000000000016,-0.0006314216
18,0.8500000000000016,3.431424666666667e-05,0.8500000000000016,-0.0005618298000000001
19,0.8250000000000017,2.304718666666667e-05,0.8250000000000017,-0.0012663673333333334
20,0.8000000000000018,1.536956e-05,0.8000000000000018,-0.001769394
21,0.7750000000000019,1.0055773333333334e-05,0.7750000000000019,-0.002231174
22,0.750000000000002,8.471626666666666e-06,0.750000000000002,-0.002693158
23,0.7250000000000021,5.8133126666666665e-06,0.7250000000000021,-0.003161524666666667
24,0.7000000000000022,2.568636666666667e-06,0.7000000000000022,-0.0035925026666666668
25,0.6750000000000023,1.0631486666666666e-06,0.6750000000000023,-0.004038697333333334
26,0.6500000000000024,-1.3355133333333332e-07,0.6500000000000024,-0.004489631333333333
27,0.6250000000000024,-9.008346666666667e-07,0.6250000000000024,-0.004937909333333333
28,0.6000000000000025,-1.4533266666666667e-06,0.6000000000000025,-0.005346424000000001
29,0.5750000000000026,-1.8456173333333333e-06,0.5750000000000026,-0.00576124
30,0.5500000000000027,-2.1202533333333336e-06,0.5500000000000027,-0.006169876666666667
31,0.5250000000000028,-2.3151053333333336e-06,0.5250000000000028,-0.006557666
32,0.5000000000000029,-2.4408173333333334e-06,0.5000000000000029,-0.006914366666666668
33,0.475000000000003,-2.521878e-06,0.475000000000003,-0.0069987
34,0.45000000000000306,-2.5654900000000004e-06,0.45000000000000306,-0.0069661666666666665
35,0.42500000000000315,-2.5811633333333335e-06,0.42500000000000315,-0.0075720733333333335
36,0.40000000000000324,-2.5766613333333334e-06,0.40000000000000324,-0.008004346666666667
37,0.37500000000000333,-2.5555133333333336e-06,0.37500000000000333,-0.008372473333333333
38,0.3500000000000034,-2.5211093333333335e-06,0.3500000000000034,-0.008711860000000002
39,0.3250000000000035,-2.366722e-06,0.3250000000000035,-0.009026726666666667
40,0.3000000000000036,-2.4251553333333335e-06,0.3000000000000036,-0.009317166666666668
41,0.2750000000000037,-2.382354e-06,0.2750000000000037,-0.009591220000000001
42,0.2500000000000038,-2.330188666666667e-06,0.2500000000000038,-0.009861593333333333
43,0.22500000000000386,-2.0855313333333335e-06,0.22500000000000386,-0.010064626666666666
44,0.20000000000000395,-2.218356666666667e-06,0.20000000000000395,-0.010334046666666668
45,0.17500000000000404,-2.178414e-06,0.17500000000000404,-0.010562353333333333
46,0.15000000000000413,-2.136750666666667e-06,0.15000000000000413,-0.010789266666666667
47,0.12500000000000422,-2.093138666666667e-06,0.12500000000000422,-0.010978973333333334
48,0.10000000000000431,-2.05869e-06,0.10000000000000431,-0.01119292
49,0.0750000000000044,-2.0248413333333337e-06,0.0750000000000044,-0.011376653333333334
50,0.050000000000004485,-1.9921073333333335e-06,0.050000000000004485,-0.011567913333333334
51,0.025000000000004574,-1.969356666666667e-06,0.025000000000004574,-0.011747446666666666
52,4.6629367034256575e-15,-1.91682e-06,4.6629367034256575e-15,-0.011924773333333335
53,-0.024999999999995248,-1.927212666666667e-06,-0.024999999999995248,-0.01208144
54,-0.04999999999999516,-1.920614666666667e-06,-0.04999999999999516,-0.012236620000000002
55,-0.07499999999999507,-1.9193966666666668e-06,-0.07499999999999507,-0.012395906666666666
56,-0.09999999999999498,-1.9275486666666665e-06,-0.09999999999999498,-0.012572126666666667
57,-0.12499999999999489,-1.9469920000000004e-06,-0.12499999999999489,-0.01270436
58,-0.1499999999999948,-1.9887653333333336e-06,-0.1499999999999948,-0.012846846666666667
59,-0.17499999999999472,-2.0532593333333334e-06,-0.17499999999999472,-0.012994826666666667
60,-0.19999999999999463,-2.105602666666667e-06,-0.19999999999999463,-0.013101566666666668
61,-0.22499999999999454,-2.2995213333333333e-06,-0.22499999999999454,-0.013263053333333333
62,-0.24999999999999445,-2.524272666666667e-06,-0.24999999999999445,-0.013401406666666667
63,-0.27499999999999436,-2.851030666666667e-06,-0.27499999999999436,-0.013541200000000001
