,T4_1F_V_D,T4_1F_J_D,T4_1F_V_L,T4_1F_J_L
0,-0.3,-7.732546666666668e-07,-0.3,-0.020339926666666668
1,-0.27499999999999997,5.667966e-08,-0.27499999999999997,-0.019038799999999998
2,-0.24999999999999994,2.8470846666666666e-07,-0.24999999999999994,-0.01781668
3,-0.22499999999999992,4.232138e-07,-0.22499999999999992,-0.016758186666666668
4,-0.1999999999999999,4.205849333333333e-07,-0.1999999999999999,-0.015860373333333334
5,-0.17499999999999988,5.992915333333333e-07,-0.17499999999999988,-0.01503986
6,-0.14999999999999986,6.699886666666666e-07,-0.14999999999999986,-0.0143023
7,-0.12499999999999983,7.29678e-07,-0.12499999999999983,-0.013611473333333332
8,-0.09999999999999981,7.816026666666667e-07,-0.09999999999999981,-0.012957306666666666
9,-0.07499999999999979,8.292e-07,-0.07499999999999979,-0.012330933333333334
10,-0.04999999999999977,8.72024e-07,-0.04999999999999977,-0.011723753333333335
11,-0.024999999999999745,9.121513333333334e-07,-0.024999999999999745,-0.011130353333333334
12,2.7755575615628914e-16,9.332933333333334e-07,2.7755575615628914e-16,-0.010559026666666667
13,0.0250000000000003,9.885473333333333e-07,0.0250000000000003,-0.009978373333333334
14,0.05000000000000032,1.0261660000000001e-06,0.05000000000000032,-0.009421153333333333
15,0.07500000000000034,1.0797546666666667e-06,0.07500000000000034,-0.008868453333333333
16,0.10000000000000037,1.129272e-06,0.10000000000000037,-0.008317553333333333
17,0.1250000000000004,1.1846446666666667e-06,0.1250000000000004,-0.007794853333333334
18,0.1500000000000004,1.240794e-06,0.1500000000000004,-0.0072816600000000006
19,0.17500000000000043,1.2962226666666666e-06,0.17500000000000043,-0.006772513333333334
20,0.20000000000000046,1.3564986666666667e-06,0.20000000000000046,-0.006897353333333334
21,0.22500000000000048,1.3837893333333332e-06,0.22500000000000048,-0.00600489
22,0.2500000000000005,1.472914e-06,0.2500000000000005,-0.005437379333333333
23,0.2750000000000005,1.5394213333333335e-06,0.2750000000000005,-0.004938805333333333
24,0.30000000000000054,1.6007666666666666e-06,0.30000000000000054,-0.004477224666666667
25,0.32500000000000057,1.676248e-06,0.32500000000000057,-0.004043081333333334
26,0.3500000000000006,1.7500346666666668e-06,0.3500000000000006,-0.003625840666666667
27,0.3750000000000006,1.82617e-06,0.3750000000000006,-0.0032349586666666668
28,0.40000000000000063,1.911252666666667e-06,0.40000000000000063,-0.002858990666666667
29,0.42500000000000066,2.000784e-06,0.42500000000000066,-0.002519542666666667
30,0.4500000000000007,2.0996106666666667e-06,0.4500000000000007,-0.0021978193333333338
31,0.4750000000000007,2.220924666666667e-06,0.4750000000000007,-0.0018950213333333334
32,0.5000000000000007,2.378438e-06,0.5000000000000007,-0.0016124946666666669
33,0.5250000000000008,2.6007280000000003e-06,0.5250000000000008,-0.001363014
34,0.5500000000000007,2.949714666666667e-06,0.5500000000000007,-0.0011313626666666667
35,0.5750000000000008,3.5121093333333334e-06,0.5750000000000008,-0.0009203693333333334
36,0.6000000000000008,4.45474e-06,0.6000000000000008,-0.0007283273333333333
37,0.6250000000000009,6.063838666666667e-06,0.6250000000000009,-0.0008630513333333334
38,0.6500000000000008,7.124520000000001e-06,0.6500000000000008,-0.0006572092
39,0.6750000000000009,1.2548106666666667e-05,0.6750000000000009,-0.00038228460000000003
40,0.7000000000000008,2.014618e-05,0.7000000000000008,-0.00019123713333333333
41,0.7250000000000008,3.249831333333334e-05,0.7250000000000008,-0.00020072273333333334
42,0.7500000000000009,5.234790666666666e-05,0.7500000000000009,-1.4021893333333333e-05
43,0.775000000000001,7.505506666666666e-05,0.775000000000001,0.000148491
44,0.8000000000000009,0.00012368853333333333,0.8000000000000009,0.0004388526666666667
45,0.8250000000000008,0.0001922438,0.8250000000000008,0.000699962
46,0.850000000000001,0.0002909322,0.850000000000001,0.00095816
47,0.8750000000000011,0.00042718186666666666,0.8750000000000011,0.0014148233333333333
48,0.900000000000001,0.0006067234,0.900000000000001,0.001937614
49,0.9250000000000009,0.000785168,0.9250000000000009,0.0025640086666666667
50,0.9500000000000011,0.0010637126666666666,0.9500000000000011,0.00330786
51,0.9750000000000012,0.0013827873333333333,0.9750000000000012,0.004169058666666667
52,1.000000000000001,0.0017365006666666667,1.000000000000001,0.0051363726666666665
53,1.025000000000001,0.00211609,1.025000000000001,0.006202031333333333
54,1.0500000000000012,0.002512062666666667,1.0500000000000012,0.007393933333333334
55,1.0750000000000013,0.0029163073333333335,1.0750000000000013,0.008643820000000002
56,1.1000000000000012,0.003320592666666667,1.1000000000000012,0.009938693333333335
57,1.125000000000001,0.0037224046666666667,1.125000000000001,0.01128318
58,1.1500000000000012,0.0041172019999999995,1.1500000000000012,0.012665000000000001
59,1.1750000000000014,0.0045006026666666666,1.1750000000000014,0.014076493333333334
60,1.2000000000000013,0.004871597333333333,1.2000000000000013,0.015512386666666666
61,1.2250000000000012,0.005235538666666667,1.2250000000000012,0.01696556
62,1.2500000000000013,0.005586162,1.2500000000000013,0.018426286666666666
63,1.2750000000000015,0.005922121333333334,1.2750000000000015,0.019893653333333334
