,T4_1F_V_D,T4_1F_J_D,T4_1F_V_L,T4_1F_J_L
0,-0.3,-1.0899246666666669e-06,-0.3,-0.018649773333333335
1,-0.27499999999999997,-1.752666e-07,-0.27499999999999997,-0.017682706666666666
2,-0.24999999999999994,1.1893093333333334e-07,-0.24999999999999994,-0.016794040000000003
3,-0.22499999999999992,2.8824773333333334e-07,-0.22499999999999992,-0.015951446666666667
4,-0.1999999999999999,3.2234833333333336e-07,-0.1999999999999999,-0.015194740000000002
5,-0.17499999999999988,4.828175333333333e-07,-0.17499999999999988,-0.014443506666666668
6,-0.14999999999999986,5.481101333333333e-07,-0.14999999999999986,-0.013739020000000001
7,-0.12499999999999983,6.009383333333334e-07,-0.12499999999999983,-0.013051946666666666
8,-0.09999999999999981,6.444727999999999e-07,-0.09999999999999981,-0.0123884
9,-0.07499999999999979,6.78832e-07,-0.07499999999999979,-0.011738753333333334
10,-0.04999999999999977,7.11102e-07,-0.04999999999999977,-0.011087533333333335
11,-0.024999999999999745,7.388673333333333e-07,-0.024999999999999745,-0.010447726666666667
12,2.7755575615628914e-16,7.088466666666667e-07,2.7755575615628914e-16,-0.009822053333333334
13,0.0250000000000003,7.879426666666667e-07,0.0250000000000003,-0.0091836
14,0.05000000000000032,8.177766666666668e-07,0.05000000000000032,-0.008566693333333333
15,0.07500000000000034,8.471520000000001e-07,0.07500000000000034,-0.007952840000000001
16,0.10000000000000037,8.818053333333333e-07,0.10000000000000037,-0.00734412
17,0.1250000000000004,9.184860000000001e-07,0.1250000000000004,-0.0067661200000000005
18,0.1500000000000004,9.57222e-07,0.1500000000000004,-0.0068292000000000005
19,0.17500000000000043,9.728346666666666e-07,0.17500000000000043,-0.005789333333333333
20,0.20000000000000046,1.044624e-06,0.20000000000000046,-0.005183956666666667
21,0.22500000000000048,1.071552e-06,0.22500000000000048,-0.0046472553333333335
22,0.2500000000000005,1.1417466666666667e-06,0.2500000000000005,-0.004154264666666667
23,0.2750000000000005,1.1964266666666667e-06,0.2750000000000005,-0.0036855913333333334
24,0.30000000000000054,1.2515040000000001e-06,0.30000000000000054,-0.0032481913333333333
25,0.32500000000000057,1.3106140000000002e-06,0.32500000000000057,-0.002852648666666667
26,0.3500000000000006,1.3694293333333335e-06,0.3500000000000006,-0.0024848686666666666
27,0.3750000000000006,1.4345773333333335e-06,0.3750000000000006,-0.0021465900000000003
28,0.40000000000000063,1.5044666666666668e-06,0.40000000000000063,-0.0018380940000000002
29,0.42500000000000066,1.5827966666666667e-06,0.42500000000000066,-0.0015711713333333333
30,0.4500000000000007,1.679112666666667e-06,0.4500000000000007,-0.0013294793333333335
31,0.4750000000000007,1.8004526666666666e-06,0.4750000000000007,-0.001117354
32,0.5000000000000007,1.964633333333333e-06,0.5000000000000007,-0.0009330866666666667
33,0.5250000000000008,2.2039433333333335e-06,0.5250000000000008,-0.0007742346666666667
34,0.5500000000000007,2.564314666666667e-06,0.5500000000000007,-0.0008140333333333334
35,0.5750000000000008,3.1288153333333333e-06,0.5750000000000008,-0.0006521826666666667
36,0.6000000000000008,4.0457119999999996e-06,0.6000000000000008,-0.0004744378666666666
37,0.6250000000000009,5.551634666666667e-06,0.6250000000000009,-0.00037384260000000003
38,0.6500000000000008,7.346220000000001e-06,0.6500000000000008,-0.0002867920666666667
39,0.6750000000000009,1.2187546666666667e-05,0.6750000000000009,-0.00020450533333333336
40,0.7000000000000008,1.9198540000000002e-05,0.7000000000000008,-0.00012224046666666668
41,0.7250000000000008,3.041176e-05,0.7250000000000008,-5.145956e-05
42,0.7500000000000009,4.820216e-05,0.7500000000000009,6.259840666666666e-05
43,0.775000000000001,7.630966666666667e-05,0.775000000000001,0.00017122093333333334
44,0.8000000000000009,0.00012197953333333334,0.8000000000000009,0.0003404450666666667
45,0.8250000000000008,0.00018686573333333336,0.8250000000000008,0.0005475875333333333
46,0.850000000000001,0.00027960666666666665,0.850000000000001,0.000798734
47,0.8750000000000011,0.00040689560000000004,0.8750000000000011,0.00113711
48,0.900000000000001,0.000572213,0.900000000000001,0.0015425766666666667
49,0.9250000000000009,0.00078795,0.9250000000000009,0.0020239600000000004
50,0.9500000000000011,0.0010270906666666668,0.9500000000000011,0.0025783573333333335
51,0.9750000000000012,0.0012909966666666667,0.9750000000000012,0.003200492666666667
52,1.000000000000001,0.001573736,1.000000000000001,0.003882254
53,1.025000000000001,0.0018677613333333335,1.025000000000001,0.004615632
54,1.0500000000000012,0.0021671873333333333,1.0500000000000012,0.005393569333333333
55,1.0750000000000013,0.002467889333333333,1.0750000000000013,0.006210839333333334
56,1.1000000000000012,0.0027657013333333333,1.1000000000000012,0.007176733333333333
57,1.125000000000001,0.0030628306666666666,1.125000000000001,0.00807342
58,1.1500000000000012,0.003355684666666667,1.1500000000000012,0.008997873333333333
59,1.1750000000000014,0.003643308,1.1750000000000014,0.009950326666666667
60,1.2000000000000013,0.003925313333333333,1.2000000000000013,0.010930333333333334
61,1.2250000000000012,0.004205534,1.2250000000000012,0.011936586666666667
62,1.2500000000000013,0.0044787433333333335,1.2500000000000013,0.012966486666666667
63,1.2750000000000015,0.0047482493333333336,1.2750000000000015,0.014019353333333335
