,T4_1F_V_D,T4_1F_J_D,T4_1F_V_L,T4_1F_J_L
0,-0.3,-7.29256e-07,-0.3,-0.020237053333333335
1,-0.27499999999999997,1.1185693333333334e-07,-0.27499999999999997,-0.018797933333333336
2,-0.24999999999999994,3.3372986666666665e-07,-0.24999999999999994,-0.017492586666666667
3,-0.22499999999999992,4.6843040000000004e-07,-0.22499999999999992,-0.016390293333333333
4,-0.1999999999999999,4.6095026666666667e-07,-0.1999999999999999,-0.015460306666666666
5,-0.17499999999999988,6.318822666666667e-07,-0.17499999999999988,-0.01462734
6,-0.14999999999999986,6.958273333333333e-07,-0.14999999999999986,-0.0138894
7,-0.12499999999999983,7.52118e-07,-0.12499999999999983,-0.013202366666666668
8,-0.09999999999999981,8.002960000000001e-07,-0.09999999999999981,-0.01254784
9,-0.07499999999999979,8.415933333333334e-07,-0.07499999999999979,-0.011940373333333334
10,-0.04999999999999977,8.833986666666667e-07,-0.04999999999999977,-0.011350953333333334
11,-0.024999999999999745,9.196046666666667e-07,-0.024999999999999745,-0.010769013333333334
12,2.7755575615628914e-16,8.823886666666667e-07,2.7755575615628914e-16,-0.01019502
13,0.0250000000000003,9.911713333333333e-07,0.0250000000000003,-0.00964652
14,0.05000000000000032,1.034876e-06,0.05000000000000032,-0.00910728
15,0.07500000000000034,1.0791573333333334e-06,0.07500000000000034,-0.008573166666666666
16,0.10000000000000037,1.130934e-06,0.10000000000000037,-0.008056240000000001
17,0.1250000000000004,1.1839733333333335e-06,0.1250000000000004,-0.007541646666666666
18,0.1500000000000004,1.2370680000000002e-06,0.1500000000000004,-0.007045246666666667
19,0.17500000000000043,1.2958946666666669e-06,0.17500000000000043,-0.00743406
20,0.20000000000000046,1.354232e-06,0.20000000000000046,-0.006910773333333333
21,0.22500000000000048,1.3788546666666667e-06,0.22500000000000048,-0.005948448
22,0.2500000000000005,1.46811e-06,0.2500000000000005,-0.005345226666666667
23,0.2750000000000005,1.5359140000000002e-06,0.2750000000000005,-0.0048426146666666675
24,0.30000000000000054,1.600574e-06,0.30000000000000054,-0.004382870666666667
25,0.32500000000000057,1.6710193333333336e-06,0.32500000000000057,-0.003947592666666667
26,0.3500000000000006,1.746916e-06,0.3500000000000006,-0.003540652666666667
27,0.3750000000000006,1.8242120000000002e-06,0.3750000000000006,-0.003156188666666667
28,0.40000000000000063,1.910102e-06,0.40000000000000063,-0.0027975773333333335
29,0.42500000000000066,2.001040666666667e-06,0.42500000000000066,-0.00245737
30,0.4500000000000007,2.1023046666666666e-06,0.4500000000000007,-0.0021426133333333334
31,0.4750000000000007,2.223444666666667e-06,0.4750000000000007,-0.001850226666666667
32,0.5000000000000007,2.381292e-06,0.5000000000000007,-0.0015818306666666667
33,0.5250000000000008,2.6027893333333333e-06,0.5250000000000008,-0.0013355026666666667
34,0.5500000000000007,2.9513113333333337e-06,0.5500000000000007,-0.0011060806666666667
35,0.5750000000000008,3.5140213333333332e-06,0.5750000000000008,-0.0008969126666666667
36,0.6000000000000008,4.457281333333333e-06,0.6000000000000008,-0.0007122486666666667
37,0.6250000000000009,6.069166000000001e-06,0.6250000000000009,-0.0008411886666666667
38,0.6500000000000008,7.0816333333333335e-06,0.6500000000000008,-0.0006403331333333334
39,0.6750000000000009,1.2549366666666667e-05,0.6750000000000009,-0.0003715144666666667
40,0.7000000000000008,2.0157800000000002e-05,0.7000000000000008,-0.00018388113333333333
41,0.7250000000000008,3.251913333333333e-05,0.7250000000000008,-0.00019147733333333333
42,0.7500000000000009,5.235102e-05,0.7500000000000009,-7.4384133333333335e-06
43,0.775000000000001,7.454566666666667e-05,0.775000000000001,0.0001541812
44,0.8000000000000009,0.0001224606,0.8000000000000009,0.0004392709333333333
45,0.8250000000000008,0.00019123973333333335,0.8250000000000008,0.0006999626666666667
46,0.850000000000001,0.0002884316666666667,0.850000000000001,0.00095714
47,0.8750000000000011,0.0004226682666666667,0.8750000000000011,0.0014087773333333335
48,0.900000000000001,0.0005986542000000001,0.900000000000001,0.0019224986666666667
49,0.9250000000000009,0.0007693273333333334,0.9250000000000009,0.002537524666666667
50,0.9500000000000011,0.0010403793333333333,0.9500000000000011,0.003262691333333334
51,0.9750000000000012,0.0013498106666666669,0.9750000000000012,0.004097175333333334
52,1.000000000000001,0.001692478,1.000000000000001,0.005034314666666667
53,1.025000000000001,0.0020598373333333333,1.025000000000001,0.00606146
54,1.0500000000000012,0.0024427953333333334,1.0500000000000012,0.007214966666666666
55,1.0750000000000013,0.0028350386666666665,1.0750000000000013,0.008415046666666667
56,1.1000000000000012,0.0032275340000000002,1.1000000000000012,0.009657346666666667
57,1.125000000000001,0.003619214666666667,1.125000000000001,0.010946740000000002
58,1.1500000000000012,0.0040048060000000005,1.1500000000000012,0.01227262
59,1.1750000000000014,0.004382948666666667,1.1750000000000014,0.01362784
60,1.2000000000000013,0.00475125,1.2000000000000013,0.015007326666666666
61,1.2250000000000012,0.005109552666666667,1.2250000000000012,0.01640426
62,1.2500000000000013,0.005457872,1.2500000000000013,0.017815813333333336
63,1.2750000000000015,0.005794858,1.2750000000000015,0.01923536
