,T4_1F_V_D,T4_1F_J_D,T4_1F_V_L,T4_1F_J_L
0,-0.3,-7.237966666666666e-07,-0.3,-0.020370453333333333
1,-0.27499999999999997,6.326226e-08,-0.27499999999999997,-0.019277166666666668
2,-0.24999999999999994,2.809466e-07,-0.24999999999999994,-0.018148826666666666
3,-0.22499999999999992,4.133468666666667e-07,-0.22499999999999992,-0.0171273
4,-0.1999999999999999,4.125428e-07,-0.1999999999999999,-0.01622422
5,-0.17499999999999988,5.790284e-07,-0.17499999999999988,-0.015392959999999999
6,-0.14999999999999986,6.466223333333334e-07,-0.14999999999999986,-0.014640086666666668
7,-0.12499999999999983,7.0339e-07,-0.12499999999999983,-0.013928440000000002
8,-0.09999999999999981,7.530560000000001e-07,-0.09999999999999981,-0.013244426666666666
9,-0.07499999999999979,7.974053333333332e-07,-0.07499999999999979,-0.012601486666666667
10,-0.04999999999999977,8.374020000000001e-07,-0.04999999999999977,-0.01197142
11,-0.024999999999999745,8.741266666666667e-07,-0.024999999999999745,-0.01134916
12,2.7755575615628914e-16,8.929733333333334e-07,2.7755575615628914e-16,-0.010732320000000002
13,0.0250000000000003,9.467966666666668e-07,0.0250000000000003,-0.010140326666666668
14,0.05000000000000032,9.864280000000001e-07,0.05000000000000032,-0.009555713333333334
15,0.07500000000000034,1.0334113333333334e-06,0.07500000000000034,-0.008977
16,0.10000000000000037,1.0830040000000002e-06,0.10000000000000037,-0.008411626666666666
17,0.1250000000000004,1.1340866666666668e-06,0.1250000000000004,-0.007854666666666666
18,0.1500000000000004,1.1903406666666666e-06,0.1500000000000004,-0.007312826666666667
19,0.17500000000000043,1.2004413333333334e-06,0.17500000000000043,-0.006777653333333334
20,0.20000000000000046,1.3002293333333334e-06,0.20000000000000046,-0.006822066666666666
21,0.22500000000000048,1.3327686666666668e-06,0.22500000000000048,-0.005977846666666667
22,0.2500000000000005,1.4237066666666669e-06,0.2500000000000005,-0.005391330000000001
23,0.2750000000000005,1.4929513333333334e-06,0.2750000000000005,-0.0048726713333333335
24,0.30000000000000054,1.56028e-06,0.30000000000000054,-0.004398588666666667
25,0.32500000000000057,1.6361013333333333e-06,0.32500000000000057,-0.003947196666666666
26,0.3500000000000006,1.7126686666666668e-06,0.3500000000000006,-0.003526184
27,0.3750000000000006,1.7920033333333334e-06,0.3750000000000006,-0.003128446
28,0.40000000000000063,1.8789119999999998e-06,0.40000000000000063,-0.00275361
29,0.42500000000000066,1.972542e-06,0.42500000000000066,-0.002399590666666667
30,0.4500000000000007,2.078594e-06,0.4500000000000007,-0.002082811333333333
31,0.4750000000000007,2.2128446666666664e-06,0.4750000000000007,-0.0017872440000000001
32,0.5000000000000007,2.3939866666666666e-06,0.5000000000000007,-0.001516072
33,0.5250000000000008,2.6554113333333332e-06,0.5250000000000008,-0.001265994
34,0.5500000000000007,3.0718953333333334e-06,0.5500000000000007,-0.0010474446666666668
35,0.5750000000000008,3.7452693333333333e-06,0.5750000000000008,-0.0008492966666666667
36,0.6000000000000008,4.867457333333333e-06,0.6000000000000008,-0.0006692660000000001
37,0.6250000000000009,6.746826666666667e-06,0.6250000000000009,-0.0006288513333333334
38,0.6500000000000008,8.352300000000001e-06,0.6500000000000008,-0.0004131304
39,0.6750000000000009,1.4485800000000001e-05,0.6750000000000009,-0.0002536602666666667
40,0.7000000000000008,2.3321673333333337e-05,0.7000000000000008,-0.00010808766666666667
41,0.7250000000000008,3.7546093333333334e-05,0.7250000000000008,-3.316778666666667e-05
42,0.7500000000000009,6.009978000000001e-05,0.7500000000000009,6.913406666666667e-05
43,0.775000000000001,8.823553333333335e-05,0.775000000000001,0.00028982806666666666
44,0.8000000000000009,0.00014237180000000002,0.8000000000000009,0.0005185086666666667
45,0.8250000000000008,0.00021825366666666668,0.8250000000000008,0.0007052693333333334
46,0.850000000000001,0.00032478000000000004,0.850000000000001,0.0010601906666666669
47,0.8750000000000011,0.0004687466,0.8750000000000011,0.0014745686666666669
48,0.900000000000001,0.0006537525333333334,0.900000000000001,0.001972510666666667
49,0.9250000000000009,0.0008554113333333334,0.9250000000000009,0.0025646293333333337
50,0.9500000000000011,0.0011198780000000001,0.9500000000000011,0.0032513293333333334
51,0.9750000000000012,0.0014145086666666668,0.9750000000000012,0.0040275066666666665
52,1.000000000000001,0.001731534,1.000000000000001,0.0048814846666666665
53,1.025000000000001,0.002062005333333333,1.025000000000001,0.005803989333333334
54,1.0500000000000012,0.0023978633333333337,1.0500000000000012,0.006784186666666667
55,1.0750000000000013,0.0027338773333333336,1.0750000000000013,0.007919313333333334
56,1.1000000000000012,0.0030639240000000004,1.1000000000000012,0.009011806666666667
57,1.125000000000001,0.0033903886666666666,1.125000000000001,0.01014294
58,1.1500000000000012,0.003708106666666667,1.1500000000000012,0.01130532
59,1.1750000000000014,0.004017276,1.1750000000000014,0.012497793333333333
60,1.2000000000000013,0.004315251333333333,1.2000000000000013,0.013716926666666669
61,1.2250000000000012,0.004608822,1.2250000000000012,0.014959480000000002
62,1.2500000000000013,0.0048917146666666664,1.2500000000000013,0.01622252
63,1.2750000000000015,0.0051674193333333335,1.2750000000000015,0.017498886666666668
