,T4_1R_V_D,T4_1R_J_D,T4_1R_V_L,T4_1R_J_L
0,1.3,0.0050917693333333335,1.3,0.008561573333333334
1,1.2750000000000001,0.005443731333333333,1.2750000000000001,0.008369806666666667
2,1.2500000000000002,0.005173689333333334,1.2500000000000002,0.007909086666666667
3,1.2250000000000003,0.004758501333333333,1.2250000000000003,0.007327406666666667
4,1.2000000000000004,0.004270275333333334,1.2000000000000004,0.00669024
5,1.1750000000000005,0.003782025333333333,1.1750000000000005,0.005999146
6,1.1500000000000006,0.003311778,1.1500000000000006,0.005407826
7,1.1250000000000007,0.0028580946666666666,1.1250000000000007,0.0047942
8,1.1000000000000008,0.0024470933333333336,1.1000000000000008,0.004199058666666667
9,1.0750000000000008,0.002043716,1.0750000000000008,0.0036373886666666673
10,1.050000000000001,0.0016995020000000003,1.050000000000001,0.003103862666666667
11,1.025000000000001,0.0014239946666666668,1.025000000000001,0.002606488666666667
12,1.000000000000001,0.0011634873333333333,1.000000000000001,0.0021647726666666665
13,0.9750000000000012,0.0009894580000000001,0.9750000000000012,0.0017541453333333335
14,0.9500000000000013,0.000866642,0.9500000000000013,0.0013633293333333333
15,0.9250000000000014,0.0006723133333333334,0.9250000000000014,0.0010061306666666668
16,0.9000000000000015,0.0005364769999999999,0.9000000000000015,0.000673524
17,0.8750000000000016,0.0011761646666666667,0.8750000000000016,0.0004985858666666667
18,0.8500000000000016,0.000753534,0.8500000000000016,0.00011320766666666667
19,0.8250000000000017,0.0002609498,0.8250000000000017,-0.00021527246666666665
20,0.8000000000000018,0.00018786513333333334,0.8000000000000018,-0.0005147021333333333
21,0.7750000000000019,0.00018568713333333333,0.7750000000000019,-0.00069983
22,0.750000000000002,0.00015834720000000002,0.750000000000002,-0.000829058
23,0.7250000000000021,0.00013485206666666668,0.7250000000000021,-0.001247316
24,0.7000000000000022,0.00011625573333333334,0.7000000000000022,-0.0015866153333333334
25,0.6750000000000023,9.145046666666667e-05,0.6750000000000023,-0.001908524666666667
26,0.6500000000000024,8.001553333333335e-05,0.6500000000000024,-0.002221762
27,0.6250000000000024,7.106853333333334e-05,0.6250000000000024,-0.0025241
28,0.6000000000000025,6.305407333333334e-05,0.6000000000000025,-0.002827946
29,0.5750000000000026,5.601901333333334e-05,0.5750000000000026,-0.003129996
30,0.5500000000000027,4.971868e-05,0.5500000000000027,-0.003436665333333334
31,0.5250000000000028,4.4657113333333335e-05,0.5250000000000028,-0.003723982
32,0.5000000000000029,4.009886666666667e-05,0.5000000000000029,-0.004018486
33,0.475000000000003,3.602712666666667e-05,0.475000000000003,-0.004315166
34,0.45000000000000306,3.2403213333333334e-05,0.45000000000000306,-0.0046080566666666664
35,0.42500000000000315,2.9055873333333337e-05,0.42500000000000315,-0.004873881333333334
36,0.40000000000000324,2.6098900000000002e-05,0.40000000000000324,-0.005145178666666667
37,0.37500000000000333,2.318794e-05,0.37500000000000333,-0.0054143433333333334
38,0.3500000000000034,2.0449106666666666e-05,0.3500000000000034,-0.005676856666666667
39,0.3250000000000035,1.786856666666667e-05,0.3250000000000035,-0.0059332406666666665
40,0.3000000000000036,1.570894e-05,0.3000000000000036,-0.006171518666666667
41,0.2750000000000037,1.3501013333333334e-05,0.2750000000000037,-0.00641877
42,0.2500000000000038,1.1590926666666667e-05,0.2500000000000038,-0.006654670666666668
43,0.22500000000000386,9.812106666666668e-06,0.22500000000000386,-0.006848046666666667
44,0.20000000000000395,7.8634e-06,0.20000000000000395,-0.00699716
45,0.17500000000000404,6.825140000000001e-06,0.17500000000000404,-0.006998653333333334
46,0.15000000000000413,4.4573353333333335e-06,0.15000000000000413,-0.00693066
47,0.12500000000000422,2.7442440000000003e-06,0.12500000000000422,-0.007324606666666666
48,0.10000000000000431,1.2183813333333335e-06,0.10000000000000431,-0.007622533333333334
49,0.0750000000000044,1.4221453333333333e-07,0.0750000000000044,-0.007869406666666667
50,0.050000000000004485,-7.186066666666667e-07,0.050000000000004485,-0.008094606666666667
51,0.025000000000004574,-1.5260913333333334e-06,0.025000000000004574,-0.008302286666666667
52,4.6629367034256575e-15,-2.293578e-06,4.6629367034256575e-15,-0.008498453333333333
53,-0.024999999999995248,-3.1653813333333335e-06,-0.024999999999995248,-0.008683453333333334
54,-0.04999999999999516,-4.060792666666667e-06,-0.04999999999999516,-0.008884186666666667
55,-0.07499999999999507,-5.085254e-06,-0.07499999999999507,-0.009048
56,-0.09999999999999498,-6.2615473333333335e-06,-0.09999999999999498,-0.009215193333333333
57,-0.12499999999999489,-7.00068e-06,-0.12499999999999489,-0.009383133333333335
58,-0.1499999999999948,-8.463513333333333e-06,-0.1499999999999948,-0.009565746666666668
59,-0.17499999999999472,-1.0729853333333333e-05,-0.17499999999999472,-0.009703526666666667
60,-0.19999999999999463,-1.3045553333333334e-05,-0.19999999999999463,-0.009843473333333333
61,-0.22499999999999454,-1.540342e-05,-0.22499999999999454,-0.010016793333333333
62,-0.24999999999999445,-2.165544e-05,-0.24999999999999445,-0.010168933333333335
63,-0.27499999999999436,-3.3378493333333336e-05,-0.27499999999999436,-0.010319786666666667
