,T4_1F_V_D,T4_1F_J_D,T4_1F_V_L,T4_1F_J_L
0,-0.3,-7.663806666666666e-07,-0.3,-0.020361713333333333
1,-0.27499999999999997,1.942286e-08,-0.27499999999999997,-0.019323613333333333
2,-0.24999999999999994,2.448016666666667e-07,-0.24999999999999994,-0.018241953333333335
3,-0.22499999999999992,3.830612666666667e-07,-0.22499999999999992,-0.01724656
4,-0.1999999999999999,3.9590493333333334e-07,-0.1999999999999999,-0.016367693333333336
5,-0.17499999999999988,5.597802666666667e-07,-0.17499999999999988,-0.01554642
6,-0.14999999999999986,6.33107e-07,-0.14999999999999986,-0.014792693333333332
7,-0.12499999999999983,6.945813333333333e-07,-0.12499999999999983,-0.014084680000000002
8,-0.09999999999999981,7.475293333333334e-07,-0.09999999999999981,-0.013405646666666668
9,-0.07499999999999979,7.958500000000001e-07,-0.07499999999999979,-0.0127487
10,-0.04999999999999977,8.391133333333333e-07,-0.04999999999999977,-0.01211536
11,-0.024999999999999745,8.769653333333334e-07,-0.024999999999999745,-0.011488666666666668
12,2.7755575615628914e-16,8.3812e-07,2.7755575615628914e-16,-0.010884106666666667
13,0.0250000000000003,9.52186e-07,0.0250000000000003,-0.01027128
14,0.05000000000000032,9.967760000000001e-07,0.05000000000000032,-0.009678073333333334
15,0.07500000000000034,1.0466040000000002e-06,0.07500000000000034,-0.009093853333333334
16,0.10000000000000037,1.098714e-06,0.10000000000000037,-0.008511893333333334
17,0.1250000000000004,1.1523953333333334e-06,0.1250000000000004,-0.007959886666666667
18,0.1500000000000004,1.2095266666666668e-06,0.1500000000000004,-0.007410806666666666
19,0.17500000000000043,1.1980986666666669e-06,0.17500000000000043,-0.006875673333333334
20,0.20000000000000046,1.3217633333333334e-06,0.20000000000000046,-0.006896386666666667
21,0.22500000000000048,1.3575533333333335e-06,0.22500000000000048,-0.00608024
22,0.2500000000000005,1.4483653333333334e-06,0.2500000000000005,-0.0054886046666666665
23,0.2750000000000005,1.5186406666666667e-06,0.2750000000000005,-0.00496431
24,0.30000000000000054,1.5883493333333333e-06,0.30000000000000054,-0.004482362
25,0.32500000000000057,1.6646833333333332e-06,0.32500000000000057,-0.004030262
26,0.3500000000000006,1.7397666666666669e-06,0.3500000000000006,-0.0036012353333333335
27,0.3750000000000006,1.8230760000000001e-06,0.3750000000000006,-0.0031989426666666665
28,0.40000000000000063,1.90758e-06,0.40000000000000063,-0.0028163853333333334
29,0.42500000000000066,2.0011506666666666e-06,0.42500000000000066,-0.0024692313333333333
30,0.4500000000000007,2.1093280000000002e-06,0.4500000000000007,-0.002145464666666667
31,0.4750000000000007,2.243856666666667e-06,0.4750000000000007,-0.0018420280000000001
32,0.5000000000000007,2.425126666666667e-06,0.5000000000000007,-0.0015622713333333334
33,0.5250000000000008,2.6965373333333334e-06,0.5250000000000008,-0.0013163153333333334
34,0.5500000000000007,3.1183186666666666e-06,0.5500000000000007,-0.001089636
35,0.5750000000000008,3.803836e-06,0.5750000000000008,-0.000884568
36,0.6000000000000008,4.952342666666667e-06,0.6000000000000008,-0.0007008966666666666
37,0.6250000000000009,6.846546666666667e-06,0.6250000000000009,-0.0008044353333333334
38,0.6500000000000008,8.449040000000001e-06,0.6500000000000008,-0.0006140672666666668
39,0.6750000000000009,1.4609853333333333e-05,0.6750000000000009,-0.0003711382
40,0.7000000000000008,2.3490700000000002e-05,0.7000000000000008,-0.00019350126666666667
41,0.7250000000000008,3.774138666666667e-05,0.7250000000000008,-0.00017528280000000002
42,0.7500000000000009,6.024061333333333e-05,0.7500000000000009,-0.00010808933333333334
43,0.775000000000001,8.823846666666667e-05,0.775000000000001,0.00015962173333333333
44,0.8000000000000009,0.00014178120000000002,0.8000000000000009,0.0004039888666666667
45,0.8250000000000008,0.0002168854666666667,0.8250000000000008,0.0006779760000000001
46,0.850000000000001,0.0003217358666666667,0.850000000000001,0.0009325826666666667
47,0.8750000000000011,0.00046278540000000004,0.8750000000000011,0.0013607893333333332
48,0.900000000000001,0.000642824,0.900000000000001,0.0018582973333333332
49,0.9250000000000009,0.0008400580000000001,0.9250000000000009,0.002449052666666667
50,0.9500000000000011,0.0010936393333333334,0.9500000000000011,0.003136464666666667
51,0.9750000000000012,0.001375506,0.9750000000000012,0.003915478666666666
52,1.000000000000001,0.0016774126666666666,1.000000000000001,0.004777227333333333
53,1.025000000000001,0.0019910573333333332,1.025000000000001,0.0057105386666666666
54,1.0500000000000012,0.002309482,1.0500000000000012,0.006704160000000001
55,1.0750000000000013,0.002627814,1.0750000000000013,0.007846833333333334
56,1.1000000000000012,0.0029399653333333333,1.1000000000000012,0.008954413333333333
57,1.125000000000001,0.0032499666666666667,1.125000000000001,0.010102493333333334
58,1.1500000000000012,0.0035514006666666664,1.1500000000000012,0.011284233333333334
59,1.1750000000000014,0.003844907333333334,1.1750000000000014,0.012496153333333334
60,1.2000000000000013,0.0041328933333333335,1.2000000000000013,0.013735533333333334
61,1.2250000000000012,0.00441005,1.2250000000000012,0.014995446666666665
62,1.2500000000000013,0.00468099,1.2500000000000013,0.0162755
63,1.2750000000000015,0.0049448240000000004,1.2750000000000015,0.01757088
