,T4_1R_V_D,T4_1R_J_D,T4_1R_V_L,T4_1R_J_L
0,1.3,0.008222473333333334,1.3,0.014906806666666666
1,1.2750000000000001,0.0074760600000000005,1.2750000000000001,0.013614506666666668
2,1.2500000000000002,0.0065886673333333335,1.2500000000000002,0.012291866666666667
3,1.2250000000000003,0.005761968666666667,1.2250000000000003,0.010974806666666666
4,1.2000000000000004,0.00490126,1.2000000000000004,0.00967802
5,1.1750000000000005,0.004067594666666666,1.1750000000000005,0.008407220000000002
6,1.1500000000000006,0.0032820786666666667,1.1500000000000006,0.007178026666666667
7,1.1250000000000007,0.0025648393333333338,1.1250000000000007,0.006122873333333334
8,1.1000000000000008,0.0019360726666666666,1.1000000000000008,0.004943278
9,1.0750000000000008,0.0014066693333333335,1.0750000000000008,0.0039257960000000005
10,1.050000000000001,0.0009845726666666667,1.050000000000001,0.003027831333333333
11,1.025000000000001,0.0006667653333333333,1.025000000000001,0.002245902666666667
12,1.000000000000001,0.00043625933333333336,1.000000000000001,0.0015893766666666667
13,0.9750000000000012,0.0002855402,0.9750000000000012,0.001026078666666667
14,0.9500000000000013,0.00018565200000000002,0.9500000000000013,0.000882876
15,0.9250000000000014,0.00012175093333333334,0.9250000000000014,0.0004329374666666667
16,0.9000000000000015,8.087586666666667e-05,0.9000000000000015,-0.00019449433333333335
17,0.8750000000000016,5.262028000000001e-05,0.8750000000000016,-0.0006510162
18,0.8500000000000016,3.657180666666667e-05,0.8500000000000016,-0.0005833794
19,0.8250000000000017,2.48475e-05,0.8250000000000017,-0.0012830100000000002
20,0.8000000000000018,1.67667e-05,0.8000000000000018,-0.001781772
21,0.7750000000000019,1.112956e-05,0.7750000000000019,-0.0022395173333333335
22,0.750000000000002,7.143593333333334e-06,0.750000000000002,-0.0026977893333333335
23,0.7250000000000021,6.135674666666667e-06,0.7250000000000021,-0.0031614193333333335
24,0.7000000000000022,2.8153120000000003e-06,0.7000000000000022,-0.0035869039999999997
25,0.6750000000000023,1.1029626666666668e-06,0.6750000000000023,-0.004026953333333333
26,0.6500000000000024,-4.901656666666667e-08,0.6500000000000024,-0.0044706473333333335
27,0.6250000000000024,-8.595813333333333e-07,0.6250000000000024,-0.004915234666666667
28,0.6000000000000025,-1.4330400000000001e-06,0.6000000000000025,-0.005320083333333334
29,0.5750000000000026,-1.8486986666666668e-06,0.5750000000000026,-0.0057279213333333336
30,0.5500000000000027,-2.136758666666667e-06,0.5500000000000027,-0.0061307620000000005
31,0.5250000000000028,-2.3287526666666667e-06,0.5250000000000028,-0.006521696
32,0.5000000000000029,-2.4636293333333333e-06,0.5000000000000029,-0.00688162
33,0.475000000000003,-2.5427893333333335e-06,0.475000000000003,-0.0069987
34,0.45000000000000306,-2.585878666666667e-06,0.45000000000000306,-0.006920106666666666
35,0.42500000000000315,-2.5998520000000002e-06,0.42500000000000315,-0.00751934
36,0.40000000000000324,-2.5904480000000003e-06,0.40000000000000324,-0.007950406666666666
37,0.37500000000000333,-2.569896e-06,0.37500000000000333,-0.008313333333333334
38,0.3500000000000034,-2.533972e-06,0.3500000000000034,-0.008652426666666666
39,0.3250000000000035,-2.4118099999999998e-06,0.3250000000000035,-0.00896608
40,0.3000000000000036,-2.4297380000000004e-06,0.3000000000000036,-0.009255160000000002
41,0.2750000000000037,-2.3831726666666667e-06,0.2750000000000037,-0.00952684
42,0.2500000000000038,-2.3315026666666668e-06,0.2500000000000038,-0.009796580000000001
43,0.22500000000000386,-2.0695600000000002e-06,0.22500000000000386,-0.009996106666666667
44,0.20000000000000395,-2.2114040000000002e-06,0.20000000000000395,-0.0102691
45,0.17500000000000404,-2.1684366666666667e-06,0.17500000000000404,-0.010491886666666667
46,0.15000000000000413,-2.1215260000000002e-06,0.15000000000000413,-0.010718093333333335
47,0.12500000000000422,-2.081494e-06,0.12500000000000422,-0.010944206666666666
48,0.10000000000000431,-2.0428753333333335e-06,0.10000000000000431,-0.01112598
49,0.0750000000000044,-2.00712e-06,0.0750000000000044,-0.0113047
50,0.050000000000004485,-1.9763473333333334e-06,0.050000000000004485,-0.011494220000000001
51,0.025000000000004574,-1.948534666666667e-06,0.025000000000004574,-0.011664813333333334
52,4.6629367034256575e-15,-1.9206546666666668e-06,4.6629367034256575e-15,-0.011845746666666667
53,-0.024999999999995248,-1.9107320000000002e-06,-0.024999999999995248,-0.011997686666666667
54,-0.04999999999999516,-1.8995786666666667e-06,-0.04999999999999516,-0.012163340000000002
55,-0.07499999999999507,-1.898984e-06,-0.07499999999999507,-0.012316573333333334
56,-0.09999999999999498,-1.909562666666667e-06,-0.09999999999999498,-0.01247178
57,-0.12499999999999489,-1.9321393333333337e-06,-0.12499999999999489,-0.012614326666666668
58,-0.1499999999999948,-1.972714e-06,-0.1499999999999948,-0.01276536
59,-0.17499999999999472,-2.039562666666667e-06,-0.17499999999999472,-0.012908566666666668
60,-0.19999999999999463,-2.0959453333333334e-06,-0.19999999999999463,-0.013044313333333335
61,-0.22499999999999454,-2.2897846666666667e-06,-0.22499999999999454,-0.013186046666666668
62,-0.24999999999999445,-2.514088666666667e-06,-0.24999999999999445,-0.013317113333333333
63,-0.27499999999999436,-2.8426133333333334e-06,-0.27499999999999436,-0.013457106666666666
