,T4_1R_V_D,T4_1R_J_D,T4_1R_V_L,T4_1R_J_L
0,1.3,0.008856486666666667,1.3,0.01893664
1,1.2750000000000001,0.00821942,1.2750000000000001,0.0181228
2,1.2500000000000002,0.007503493333333333,1.2500000000000002,0.017139393333333336
3,1.2250000000000003,0.006808146666666667,1.2250000000000003,0.016059993333333335
4,1.2000000000000004,0.005915634,1.2000000000000004,0.014909146666666666
5,1.1750000000000005,0.005360810666666667,1.1750000000000005,0.0137039
6,1.1500000000000006,0.004770502,1.1500000000000006,0.012452473333333334
7,1.1250000000000007,0.004186925333333333,1.1250000000000007,0.011169726666666668
8,1.1000000000000008,0.0036124700000000004,1.1000000000000008,0.009871426666666667
9,1.0750000000000008,0.003046130666666667,1.0750000000000008,0.008569066666666666
10,1.050000000000001,0.0024949353333333334,1.050000000000001,0.007284433333333334
11,1.025000000000001,0.0019685953333333337,1.025000000000001,0.006032322
12,1.000000000000001,0.0014843726666666666,1.000000000000001,0.004849160000000001
13,0.9750000000000012,0.0010624966666666668,0.9750000000000012,0.00376807
14,0.9500000000000013,0.000718502,0.9500000000000013,0.0028092993333333335
15,0.9250000000000014,0.0004504192,0.9250000000000014,0.0019907113333333336
16,0.9000000000000015,0.0002760370666666667,0.9000000000000015,0.0013114133333333334
17,0.8750000000000016,0.00016231986666666667,0.8750000000000016,0.0007506053333333334
18,0.8500000000000016,9.285686666666666e-05,0.8500000000000016,0.0003606236
19,0.8250000000000017,5.1715593333333334e-05,0.8250000000000017,-0.00013377946666666668
20,0.8000000000000018,2.824134e-05,0.8000000000000018,-0.0005883552666666668
21,0.7750000000000019,1.518948e-05,0.7750000000000019,-0.000807278
22,0.750000000000002,7.79756e-06,0.750000000000002,-0.00139984
23,0.7250000000000021,4.451982000000001e-06,0.7250000000000021,-0.001962058
24,0.7000000000000022,1.4958813333333334e-06,0.7000000000000022,-0.002534632666666667
25,0.6750000000000023,-2.9988540000000004e-08,0.6750000000000023,-0.0031301780000000004
26,0.6500000000000024,-9.260200000000001e-07,0.6500000000000024,-0.003741840666666667
27,0.6250000000000024,-1.4777046666666669e-06,0.6250000000000024,-0.0043652533333333335
28,0.6000000000000025,-1.8327859999999999e-06,0.6000000000000025,-0.004994015333333333
29,0.5750000000000026,-2.0684633333333338e-06,0.5750000000000026,-0.005619998666666667
30,0.5500000000000027,-2.2340806666666665e-06,0.5500000000000027,-0.006249666
31,0.5250000000000028,-2.3519833333333334e-06,0.5250000000000028,-0.006879166666666667
32,0.5000000000000029,-2.4342346666666667e-06,0.5000000000000029,-0.00668916
33,0.475000000000003,-2.493078e-06,0.475000000000003,-0.007525973333333333
34,0.45000000000000306,-2.5310646666666668e-06,0.45000000000000306,-0.00822634
35,0.42500000000000315,-2.549104666666667e-06,0.42500000000000315,-0.008861953333333334
36,0.40000000000000324,-2.556316e-06,0.40000000000000324,-0.00944792
37,0.37500000000000333,-2.5492440000000005e-06,0.37500000000000333,-0.010007153333333333
38,0.3500000000000034,-2.5300626666666666e-06,0.3500000000000034,-0.010547026666666667
39,0.3250000000000035,-2.5037933333333332e-06,0.3250000000000035,-0.011031306666666667
40,0.3000000000000036,-2.4661740000000003e-06,0.3000000000000036,-0.011493013333333333
41,0.2750000000000037,-2.4253e-06,0.2750000000000037,-0.011935213333333333
42,0.2500000000000038,-2.381022e-06,0.2500000000000038,-0.012365500000000001
43,0.22500000000000386,-2.2158440000000004e-06,0.22500000000000386,-0.012701086666666668
44,0.20000000000000395,-2.259488666666667e-06,0.20000000000000395,-0.013089833333333335
45,0.17500000000000404,-2.2142900000000003e-06,0.17500000000000404,-0.01343664
46,0.15000000000000413,-2.161452e-06,0.15000000000000413,-0.013760546666666668
47,0.12500000000000422,-2.1108853333333333e-06,0.12500000000000422,-0.014064233333333334
48,0.10000000000000431,-2.060842e-06,0.10000000000000431,-0.014345400000000001
49,0.0750000000000044,-2.0126106666666665e-06,0.0750000000000044,-0.014605786666666667
50,0.050000000000004485,-1.9728140000000004e-06,0.050000000000004485,-0.0148435
51,0.025000000000004574,-1.9372520000000004e-06,0.025000000000004574,-0.015090146666666667
52,4.6629367034256575e-15,-1.9038700000000001e-06,4.6629367034256575e-15,-0.01529026
53,-0.024999999999995248,-1.8848113333333334e-06,-0.024999999999995248,-0.01548128
54,-0.04999999999999516,-1.8659740000000001e-06,-0.04999999999999516,-0.015657686666666667
55,-0.07499999999999507,-1.8542526666666666e-06,-0.07499999999999507,-0.015844546666666667
56,-0.09999999999999498,-1.8449213333333334e-06,-0.09999999999999498,-0.01598680666666667
57,-0.12499999999999489,-1.8377926666666669e-06,-0.12499999999999489,-0.01613414
58,-0.1499999999999948,-1.8371526666666668e-06,-0.1499999999999948,-0.016271533333333334
59,-0.17499999999999472,-1.8410566666666668e-06,-0.17499999999999472,-0.01639234666666667
60,-0.19999999999999463,-1.8163919999999999e-06,-0.19999999999999463,-0.016499720000000002
61,-0.22499999999999454,-1.8666326666666668e-06,-0.22499999999999454,-0.016621546666666667
62,-0.24999999999999445,-1.9104793333333334e-06,-0.24999999999999445,-0.016724986666666667
63,-0.27499999999999436,-1.9837200000000003e-06,-0.27499999999999436,-0.01682784
