,T4_1R_V_D,T4_1R_J_D,T4_1R_V_L,T4_1R_J_L
0,1.3,0.009612706666666667,1.3,0.02007242
1,1.2750000000000001,0.008819166666666668,1.2750000000000001,0.01923654
2,1.2500000000000002,0.007969506666666668,1.2500000000000002,0.018138606666666668
3,1.2250000000000003,0.007144526666666667,1.2250000000000003,0.016914553333333335
4,1.2000000000000004,0.006132785333333333,1.2000000000000004,0.015603486666666668
5,1.1750000000000005,0.005481740666666667,1.1750000000000005,0.01422612
6,1.1500000000000006,0.004791708,1.1500000000000006,0.01279768
7,1.1250000000000007,0.004109832000000001,1.1250000000000007,0.01133816
8,1.1000000000000008,0.0034421400000000002,1.1000000000000008,0.009871086666666666
9,1.0750000000000008,0.002795702,1.0750000000000008,0.008412553333333335
10,1.050000000000001,0.002184970666666667,1.050000000000001,0.006995933333333334
11,1.025000000000001,0.0016269820000000001,1.025000000000001,0.005666108666666667
12,1.000000000000001,0.0011472926666666666,1.000000000000001,0.004400322
13,0.9750000000000012,0.0007628646666666668,0.9750000000000012,0.003292285333333334
14,0.9500000000000013,0.00047408973333333337,0.9500000000000013,0.0023478566666666665
15,0.9250000000000014,0.0002842268,0.9250000000000014,0.0015667933333333333
16,0.9000000000000015,0.00016375386666666667,0.9000000000000015,0.0009298546666666667
17,0.8750000000000016,9.213853333333334e-05,0.8750000000000016,0.0005343828666666667
18,0.8500000000000016,5.158453333333334e-05,0.8500000000000016,0.00019187420000000001
19,0.8250000000000017,2.8062213333333332e-05,0.8250000000000017,-0.00040214460000000005
20,0.8000000000000018,1.5164586666666668e-05,0.8000000000000018,-0.0005853503333333334
21,0.7750000000000019,7.891306666666668e-06,0.7750000000000019,-0.0012463426666666669
22,0.750000000000002,4.894126000000001e-06,0.750000000000002,-0.0018273380000000002
23,0.7250000000000021,1.6554500000000002e-06,0.7250000000000021,-0.00240259
24,0.7000000000000022,1.7771440000000002e-08,0.7000000000000022,-0.002996589333333333
25,0.6750000000000023,-9.773786666666667e-07,0.6750000000000023,-0.0035808853333333334
26,0.6500000000000024,-1.6112113333333334e-06,0.6500000000000024,-0.004177772000000001
27,0.6250000000000024,-2.0274173333333332e-06,0.6250000000000024,-0.004782046
28,0.6000000000000025,-2.308968e-06,0.6000000000000025,-0.005369831333333333
29,0.5750000000000026,-2.5023593333333334e-06,0.5750000000000026,-0.0059647960000000005
30,0.5500000000000027,-2.6319286666666668e-06,0.5500000000000027,-0.006534293333333334
31,0.5250000000000028,-2.719438e-06,0.5250000000000028,-0.0069958
32,0.5000000000000029,-2.7717266666666666e-06,0.5000000000000029,-0.006791266666666667
33,0.475000000000003,-2.794415333333333e-06,0.475000000000003,-0.007605560000000001
34,0.45000000000000306,-2.8018633333333334e-06,0.45000000000000306,-0.008238173333333333
35,0.42500000000000315,-2.7904093333333336e-06,0.42500000000000315,-0.008805440000000001
36,0.40000000000000324,-2.7651973333333335e-06,0.40000000000000324,-0.0093232
37,0.37500000000000333,-2.7341086666666667e-06,0.37500000000000333,-0.009804873333333334
38,0.3500000000000034,-2.692526666666667e-06,0.3500000000000034,-0.0102538
39,0.3250000000000035,-2.6459166666666666e-06,0.3250000000000035,-0.01068028
40,0.3000000000000036,-2.595026666666667e-06,0.3000000000000036,-0.01107632
41,0.2750000000000037,-2.544724666666667e-06,0.2750000000000037,-0.011451833333333333
42,0.2500000000000038,-2.490904e-06,0.2500000000000038,-0.011802406666666668
43,0.22500000000000386,-2.2898700000000003e-06,0.22500000000000386,-0.012097720000000001
44,0.20000000000000395,-2.359656e-06,0.20000000000000395,-0.012456360000000001
45,0.17500000000000404,-2.313148e-06,0.17500000000000404,-0.012744553333333334
46,0.15000000000000413,-2.261742e-06,0.15000000000000413,-0.01301358
47,0.12500000000000422,-2.2155413333333334e-06,0.12500000000000422,-0.013277200000000001
48,0.10000000000000431,-2.1723373333333335e-06,0.10000000000000431,-0.013518066666666667
49,0.0750000000000044,-2.1336873333333334e-06,0.0750000000000044,-0.013754993333333335
50,0.050000000000004485,-2.1050786666666665e-06,0.050000000000004485,-0.013971500000000001
51,0.025000000000004574,-2.0826506666666666e-06,0.025000000000004574,-0.014172373333333335
52,4.6629367034256575e-15,-2.04223e-06,4.6629367034256575e-15,-0.014360180000000002
53,-0.024999999999995248,-2.0510120000000003e-06,-0.024999999999995248,-0.01453424
54,-0.04999999999999516,-2.048968e-06,-0.04999999999999516,-0.01469944
55,-0.07499999999999507,-2.0510113333333336e-06,-0.07499999999999507,-0.014854113333333334
56,-0.09999999999999498,-2.058286e-06,-0.09999999999999498,-0.014999086666666666
57,-0.12499999999999489,-2.072024e-06,-0.12499999999999489,-0.0151517
58,-0.1499999999999948,-2.0979173333333332e-06,-0.1499999999999948,-0.015266460000000003
59,-0.17499999999999472,-2.1410780000000004e-06,-0.17499999999999472,-0.015391766666666667
60,-0.19999999999999463,-2.171895333333333e-06,-0.19999999999999463,-0.01549402
61,-0.22499999999999454,-2.3232586666666666e-06,-0.22499999999999454,-0.0156186
62,-0.24999999999999445,-2.513227333333333e-06,-0.24999999999999445,-0.01572688666666667
63,-0.27499999999999436,-2.8087833333333334e-06,-0.27499999999999436,-0.01583124
