,T4_1F_V_D,T4_1F_J_D,T4_1F_V_L,T4_1F_J_L
0,-0.3,-8.129373333333334e-07,-0.3,-0.01887594
1,-0.27499999999999997,3.377576666666667e-08,-0.27499999999999997,-0.016527046666666666
2,-0.24999999999999994,2.7877813333333337e-07,-0.24999999999999994,-0.014974740000000002
3,-0.22499999999999992,4.3708826666666667e-07,-0.22499999999999992,-0.013843180000000002
4,-0.1999999999999999,4.243473333333333e-07,-0.1999999999999999,-0.01299164
5,-0.17499999999999988,6.268726e-07,-0.17499999999999988,-0.01225564
6,-0.14999999999999986,6.949066666666666e-07,-0.14999999999999986,-0.011634486666666667
7,-0.12499999999999983,7.492066666666667e-07,-0.12499999999999983,-0.01108718
8,-0.09999999999999981,7.970460000000001e-07,-0.09999999999999981,-0.010585546666666668
9,-0.07499999999999979,8.376306666666666e-07,-0.07499999999999979,-0.010120246666666667
10,-0.04999999999999977,8.745093333333334e-07,-0.04999999999999977,-0.009687306666666668
11,-0.024999999999999745,9.09582e-07,-0.024999999999999745,-0.00926458
12,2.7755575615628914e-16,9.221853333333334e-07,2.7755575615628914e-16,-0.008872673333333334
13,0.0250000000000003,9.805393333333333e-07,0.0250000000000003,-0.008468880000000002
14,0.05000000000000032,1.017304e-06,0.05000000000000032,-0.00808756
15,0.07500000000000034,1.059466e-06,0.07500000000000034,-0.007711273333333334
16,0.10000000000000037,1.1034040000000002e-06,0.10000000000000037,-0.007331366666666668
17,0.1250000000000004,1.1493380000000002e-06,0.1250000000000004,-0.006984233333333334
18,0.1500000000000004,1.1495553333333333e-06,0.1500000000000004,-0.0075597266666666664
19,0.17500000000000043,1.2416526666666667e-06,0.17500000000000043,-0.0069986733333333336
20,0.20000000000000046,1.2938153333333333e-06,0.20000000000000046,-0.006160339333333334
21,0.22500000000000048,1.3062053333333334e-06,0.22500000000000048,-0.005696288000000001
22,0.2500000000000005,1.39346e-06,0.2500000000000005,-0.005318176000000001
23,0.2750000000000005,1.4488840000000002e-06,0.2750000000000005,-0.0049685580000000005
24,0.30000000000000054,1.502392e-06,0.30000000000000054,-0.004629989333333333
25,0.32500000000000057,1.5608706666666667e-06,0.32500000000000057,-0.004305110666666666
26,0.3500000000000006,1.6219653333333333e-06,0.3500000000000006,-0.003977324000000001
27,0.3750000000000006,1.6859446666666669e-06,0.3750000000000006,-0.003679605333333333
28,0.40000000000000063,1.7515333333333335e-06,0.40000000000000063,-0.003381796666666667
29,0.42500000000000066,1.8281473333333335e-06,0.42500000000000066,-0.003084411333333333
30,0.4500000000000007,1.910103333333333e-06,0.4500000000000007,-0.0027917460000000003
31,0.4750000000000007,1.999118e-06,0.4750000000000007,-0.0025269566666666667
32,0.5000000000000007,2.108738e-06,0.5000000000000007,-0.0022627366666666668
33,0.5250000000000008,2.234170666666667e-06,0.5250000000000008,-0.002000468
34,0.5500000000000007,2.385414e-06,0.5500000000000007,-0.0017504480000000002
35,0.5750000000000008,2.5849733333333337e-06,0.5750000000000008,-0.0015133120000000002
36,0.6000000000000008,2.8460993333333335e-06,0.6000000000000008,-0.001285356
37,0.6250000000000009,3.2134333333333334e-06,0.6250000000000009,-0.0010707026666666667
38,0.6500000000000008,3.7579293333333333e-06,0.6500000000000008,-0.0008588160000000001
39,0.6750000000000009,4.598268666666667e-06,0.6750000000000009,-0.0011211473333333334
40,0.7000000000000008,5.958932666666667e-06,0.7000000000000008,-0.0009948413333333334
41,0.7250000000000008,6.999413333333334e-06,0.7250000000000008,-0.0008255073333333334
42,0.7500000000000009,9.5794e-06,0.7500000000000009,-0.0005621104
43,0.775000000000001,1.6835713333333334e-05,0.775000000000001,-0.00017747673333333333
44,0.8000000000000009,2.67814e-05,0.8000000000000009,-0.0002181524666666667
45,0.8250000000000008,4.278692e-05,0.8250000000000008,0.00017181506666666667
46,0.850000000000001,6.81634e-05,0.850000000000001,0.0004368762
47,0.8750000000000011,9.361686666666667e-05,0.8750000000000011,0.0006855093333333333
48,0.900000000000001,0.00015304693333333333,0.900000000000001,0.0007731893333333333
49,0.9250000000000009,0.00023547906666666668,0.9250000000000009,0.0012199913333333333
50,0.9500000000000011,0.0003482594,0.9500000000000011,0.0016321226666666665
51,0.9750000000000012,0.0004958957333333333,0.9750000000000012,0.0021005746666666668
52,1.000000000000001,0.0006819046666666666,1.000000000000001,0.002645774
53,1.025000000000001,0.0008679706666666668,1.025000000000001,0.0032791073333333334
54,1.0500000000000012,0.0011605746666666667,1.0500000000000012,0.004004556
55,1.0750000000000013,0.0014961479999999999,1.0750000000000013,0.004822814666666667
56,1.1000000000000012,0.0018755706666666668,1.1000000000000012,0.0057182353333333335
57,1.125000000000001,0.0023009320000000003,1.125000000000001,0.006698286666666667
58,1.1500000000000012,0.002770072,1.1500000000000012,0.0078186
59,1.1750000000000014,0.0032792533333333334,1.1750000000000014,0.009013673333333333
60,1.2000000000000013,0.003824122,1.2000000000000013,0.01023696
61,1.2250000000000012,0.004407152,1.2250000000000012,0.01151246
62,1.2500000000000013,0.005017756,1.2500000000000013,0.01283684
63,1.2750000000000015,0.005653643333333334,1.2750000000000015,0.014208313333333335
