,T4_1R_V_D,T4_1R_J_D,T4_1R_V_L,T4_1R_J_L
0,1.3,0.0062832186666666665,1.3,0.015760326666666668
1,1.2750000000000001,0.006446265333333334,1.2750000000000001,0.014897286666666667
2,1.2500000000000002,0.006176684666666666,1.2500000000000002,0.013967940000000002
3,1.2250000000000003,0.005776672,1.2250000000000003,0.012997393333333333
4,1.2000000000000004,0.005328036,1.2000000000000004,0.0120009
5,1.1750000000000005,0.004863251333333334,1.1750000000000005,0.010988346666666668
6,1.1500000000000006,0.004396502,1.1500000000000006,0.009968086666666667
7,1.1250000000000007,0.003932387333333334,1.1250000000000007,0.008948613333333333
8,1.1000000000000008,0.003476173333333333,1.1000000000000008,0.007940213333333335
9,1.0750000000000008,0.0030275939999999998,1.0750000000000008,0.006946173333333334
10,1.050000000000001,0.002591592666666667,1.050000000000001,0.005991126
11,1.025000000000001,0.002171406,1.025000000000001,0.005057937333333333
12,1.000000000000001,0.001773492,1.000000000000001,0.004177809333333333
13,0.9750000000000012,0.0014053540000000002,0.9750000000000012,0.0033639133333333337
14,0.9500000000000013,0.0010760773333333333,0.9500000000000013,0.002631082666666667
15,0.9250000000000014,0.0007934786666666667,0.9250000000000014,0.0019910633333333335
16,0.9000000000000015,0.0005605990666666667,0.9000000000000015,0.001450846
17,0.8750000000000016,0.0003803948666666667,0.8750000000000016,0.0010084486666666669
18,0.8500000000000016,0.0002500648,0.8500000000000016,0.0006570779333333334
19,0.8250000000000017,0.00015868946666666668,0.8250000000000017,0.00036643620000000005
20,0.8000000000000018,9.73538e-05,0.8000000000000018,0.00013438140000000001
21,0.7750000000000019,5.9806446666666676e-05,0.7750000000000019,-6.667166666666668e-05
22,0.750000000000002,3.3817753333333335e-05,0.750000000000002,-0.00025767540000000004
23,0.7250000000000021,1.9279913333333334e-05,0.7250000000000021,-0.00045531633333333336
24,0.7000000000000022,1.074034e-05,0.7000000000000022,-0.0006767226666666667
25,0.6750000000000023,6.309390666666667e-06,0.6750000000000023,-0.0009429373333333333
26,0.6500000000000024,2.929862666666667e-06,0.6500000000000024,-0.001261804
27,0.6250000000000024,1.190516e-06,0.6250000000000024,-0.0016236126666666667
28,0.6000000000000025,1.6959913333333334e-07,0.6000000000000025,-0.002026214666666667
29,0.5750000000000026,-4.5036546666666664e-07,0.5750000000000026,-0.002468582
30,0.5500000000000027,-8.426533333333333e-07,0.5500000000000027,-0.002950588666666667
31,0.5250000000000028,-1.1055113333333333e-06,0.5250000000000028,-0.0034727946666666667
32,0.5000000000000029,-1.2905093333333333e-06,0.5000000000000029,-0.004008144
33,0.475000000000003,-1.393744e-06,0.475000000000003,-0.004574629333333333
34,0.45000000000000306,-1.5323926666666668e-06,0.45000000000000306,-0.005162869333333334
35,0.42500000000000315,-1.6243993333333334e-06,0.42500000000000315,-0.005771953333333334
36,0.40000000000000324,-1.7006693333333336e-06,0.40000000000000324,-0.006371493333333334
37,0.37500000000000333,-1.7651073333333334e-06,0.37500000000000333,-0.00696802
38,0.3500000000000034,-1.8193906666666665e-06,0.3500000000000034,-0.0073705666666666675
39,0.3250000000000035,-1.8677793333333333e-06,0.3250000000000035,-0.007996773333333334
40,0.3000000000000036,-1.9050993333333335e-06,0.3000000000000036,-0.008650566666666666
41,0.2750000000000037,-1.937228e-06,0.2750000000000037,-0.009277686666666668
42,0.2500000000000038,-1.9628853333333337e-06,0.2500000000000038,-0.00989314
43,0.22500000000000386,-1.9040533333333336e-06,0.22500000000000386,-0.01043738
44,0.20000000000000395,-1.9799253333333335e-06,0.20000000000000395,-0.011015773333333333
45,0.17500000000000404,-1.9901533333333333e-06,0.17500000000000404,-0.011564513333333333
46,0.15000000000000413,-1.9909366666666667e-06,0.15000000000000413,-0.012082373333333334
47,0.12500000000000422,-1.9857940000000004e-06,0.12500000000000422,-0.012580366666666667
48,0.10000000000000431,-1.9736166666666667e-06,0.10000000000000431,-0.01305138
49,0.0750000000000044,-1.958024666666667e-06,0.0750000000000044,-0.013499599999999999
50,0.050000000000004485,-1.9373573333333333e-06,0.050000000000004485,-0.013926653333333334
51,0.025000000000004574,-1.911710666666667e-06,0.025000000000004574,-0.014327746666666667
52,4.6629367034256575e-15,-1.8797453333333333e-06,4.6629367034256575e-15,-0.014705619999999999
53,-0.024999999999995248,-1.8537513333333334e-06,-0.024999999999995248,-0.015052746666666667
54,-0.04999999999999516,-1.8223920000000001e-06,-0.04999999999999516,-0.015387506666666668
55,-0.07499999999999507,-1.789488666666667e-06,-0.07499999999999507,-0.015710000000000002
56,-0.09999999999999498,-1.758592e-06,-0.09999999999999498,-0.015982660000000003
57,-0.12499999999999489,-1.7268059999999999e-06,-0.12499999999999489,-0.01625264666666667
58,-0.1499999999999948,-1.6948586666666669e-06,-0.1499999999999948,-0.016507466666666668
59,-0.17499999999999472,-1.6667173333333332e-06,-0.17499999999999472,-0.01673262
60,-0.19999999999999463,-1.6088673333333335e-06,-0.19999999999999463,-0.01694282
61,-0.22499999999999454,-1.6049853333333334e-06,-0.22499999999999454,-0.017157086666666668
62,-0.24999999999999445,-1.5814326666666667e-06,-0.24999999999999445,-0.017347106666666667
63,-0.27499999999999436,-1.5594073333333334e-06,-0.27499999999999436,-0.017525653333333335
