,T4_1F_V_D,T4_1F_J_D,T4_1F_V_L,T4_1F_J_L
0,-0.3,-1.1034466666666668e-06,-0.3,-0.019207346666666666
1,-0.27499999999999997,-1.548282e-07,-0.27499999999999997,-0.018241753333333336
2,-0.24999999999999994,1.4481733333333333e-07,-0.24999999999999994,-0.01731824666666667
3,-0.22499999999999992,3.136604666666667e-07,-0.22499999999999992,-0.016445213333333333
4,-0.1999999999999999,3.49427e-07,-0.1999999999999999,-0.015648
5,-0.17499999999999988,5.04148e-07,-0.17499999999999988,-0.0148748
6,-0.14999999999999986,5.691243333333334e-07,-0.14999999999999986,-0.014156253333333334
7,-0.12499999999999983,6.181836666666667e-07,-0.12499999999999983,-0.013462153333333334
8,-0.09999999999999981,6.615778666666666e-07,-0.09999999999999981,-0.012779113333333335
9,-0.07499999999999979,6.965493333333333e-07,-0.07499999999999979,-0.01213388
10,-0.04999999999999977,7.255606666666667e-07,-0.04999999999999977,-0.011482820000000001
11,-0.024999999999999745,7.5358e-07,-0.024999999999999745,-0.010840273333333334
12,2.7755575615628914e-16,7.654966666666667e-07,2.7755575615628914e-16,-0.01019692
13,0.0250000000000003,8.05748e-07,0.0250000000000003,-0.009571353333333334
14,0.05000000000000032,8.349886666666666e-07,0.05000000000000032,-0.008952680000000001
15,0.07500000000000034,8.664333333333335e-07,0.07500000000000034,-0.008338313333333333
16,0.10000000000000037,9.012453333333334e-07,0.10000000000000037,-0.0077361466666666665
17,0.1250000000000004,9.396486666666667e-07,0.1250000000000004,-0.007144546666666667
18,0.1500000000000004,9.812213333333335e-07,0.1500000000000004,-0.007329553333333333
19,0.17500000000000043,9.968840000000001e-07,0.17500000000000043,-0.00676182
20,0.20000000000000046,1.0714746666666668e-06,0.20000000000000046,-0.005712976
21,0.22500000000000048,1.1008466666666666e-06,0.22500000000000048,-0.005086056
22,0.2500000000000005,1.17458e-06,0.2500000000000005,-0.004533324
23,0.2750000000000005,1.2333886666666667e-06,0.2750000000000005,-0.004039350000000001
24,0.30000000000000054,1.2898746666666667e-06,0.30000000000000054,-0.003575444666666667
25,0.32500000000000057,1.3547746666666667e-06,0.32500000000000057,-0.003143624666666667
26,0.3500000000000006,1.4188206666666667e-06,0.3500000000000006,-0.002748168666666667
27,0.3750000000000006,1.4851986666666668e-06,0.3750000000000006,-0.0023846153333333332
28,0.40000000000000063,1.559862e-06,0.40000000000000063,-0.002055546
29,0.42500000000000066,1.6427606666666666e-06,0.42500000000000066,-0.0017566906666666667
30,0.4500000000000007,1.7396366666666667e-06,0.4500000000000007,-0.0014907286666666667
31,0.4750000000000007,1.8666580000000002e-06,0.4750000000000007,-0.00125537
32,0.5000000000000007,2.0388806666666666e-06,0.5000000000000007,-0.0010496033333333332
33,0.5250000000000008,2.2823640000000002e-06,0.5250000000000008,-0.0008695506666666667
34,0.5500000000000007,2.670684e-06,0.5500000000000007,-0.0007150226666666667
35,0.5750000000000008,3.2779753333333337e-06,0.5750000000000008,-0.0006682873333333334
36,0.6000000000000008,4.266746666666667e-06,0.6000000000000008,-0.0004889508000000001
37,0.6250000000000009,5.9031146666666665e-06,0.6250000000000009,-0.0003809634666666667
38,0.6500000000000008,7.813313333333334e-06,0.6500000000000008,-0.0002863508
39,0.6750000000000009,1.3064313333333335e-05,0.6750000000000009,-0.0001970338
40,0.7000000000000008,2.0671340000000003e-05,0.7000000000000008,-0.00010802686666666668
41,0.7250000000000008,3.280430666666667e-05,0.7250000000000008,-3.428980666666667e-05
42,0.7500000000000009,5.194728666666667e-05,0.7500000000000009,5.430558e-05
43,0.775000000000001,8.117513333333334e-05,0.775000000000001,0.00020163173333333334
44,0.8000000000000009,0.0001293314,0.8000000000000009,0.0003739554666666667
45,0.8250000000000008,0.00019715093333333336,0.8250000000000008,0.0005900082
46,0.850000000000001,0.00029282646666666667,0.850000000000001,0.0008440980000000002
47,0.8750000000000011,0.00042284859999999996,0.8750000000000011,0.0011896813333333333
48,0.900000000000001,0.0005896079333333334,0.900000000000001,0.0016001186666666667
49,0.9250000000000009,0.0008016126666666667,0.9250000000000009,0.0020813606666666667
50,0.9500000000000011,0.0010387086666666667,0.9500000000000011,0.002631786
51,0.9750000000000012,0.0012985146666666667,0.9750000000000012,0.0032448840000000004
52,1.000000000000001,0.0015754166666666668,1.000000000000001,0.003912442
53,1.025000000000001,0.0018621893333333334,1.025000000000001,0.004625983333333333
54,1.0500000000000012,0.002153080666666667,1.0500000000000012,0.005379682
55,1.0750000000000013,0.0024442360000000002,1.0750000000000013,0.00616879
56,1.1000000000000012,0.002731592,1.1000000000000012,0.00710192
57,1.125000000000001,0.003017382666666667,1.125000000000001,0.00796618
58,1.1500000000000012,0.0032981413333333337,1.1500000000000012,0.008855186666666667
59,1.1750000000000014,0.0035734,1.1750000000000014,0.0097708
60,1.2000000000000013,0.0038420019999999997,1.2000000000000013,0.010711913333333333
61,1.2250000000000012,0.004108514666666667,1.2250000000000012,0.0116781
62,1.2500000000000013,0.004368366666666667,1.2500000000000013,0.012667506666666667
63,1.2750000000000015,0.004623481333333334,1.2750000000000015,0.013679206666666669
