,4pac_control_A_012324_1R_V_D,4pac_control_A_012324_1R_J_D,4pac_control_A_012324_1R_V_L,4pac_control_A_012324_1R_J_L
0,1.25,0.07411766666666667,1.25,0.07650040000000001
1,1.225,0.06617160666666667,1.225,0.062465726666666666
2,1.2000000000000002,0.05453915333333333,1.2000000000000002,0.049914113333333336
3,1.1750000000000003,0.04368358,1.1750000000000003,0.038184253333333334
4,1.1500000000000004,0.03376908666666667,1.1500000000000004,0.02725634
5,1.1250000000000004,0.02502822,1.1250000000000004,0.017286286666666668
6,1.1000000000000005,0.017599033333333333,1.1000000000000005,0.008372280000000001
7,1.0750000000000006,0.01168798,1.0750000000000006,0.0011731893333333334
8,1.0500000000000007,0.007281920000000001,1.0500000000000007,-0.005393821333333333
9,1.0250000000000008,0.004414922666666667,1.0250000000000008,-0.009807986666666667
10,1.0000000000000009,0.002400282,1.0000000000000009,-0.013696826666666667
11,0.975000000000001,0.0012752513333333334,0.975000000000001,-0.01620822666666667
12,0.9500000000000011,0.0007216726666666667,0.9500000000000011,-0.017812866666666666
13,0.9250000000000012,0.00036467346666666666,0.9250000000000012,-0.01880192
14,0.9000000000000012,0.00016240726666666666,0.9000000000000012,-0.01941224
15,0.8750000000000013,8.298813333333333e-05,0.8750000000000013,-0.01980026
16,0.8500000000000014,2.600879333333333e-05,0.8500000000000014,-0.02005892
17,0.8250000000000015,-9.969393333333334e-06,0.8250000000000015,-0.02025112
18,0.8000000000000016,-2.7515560000000002e-05,0.8000000000000016,-0.020379693333333334
19,0.7750000000000017,-3.7422113333333334e-05,0.7750000000000017,-0.02047986
20,0.7500000000000018,-4.339768666666667e-05,0.7500000000000018,-0.020562053333333333
21,0.7250000000000019,-4.7229466666666666e-05,0.7250000000000019,-0.02063806
22,0.700000000000002,-4.984168666666667e-05,0.700000000000002,-0.020682593333333336
23,0.675000000000002,-5.172609333333333e-05,0.675000000000002,-0.02073186
24,0.6500000000000021,-5.3127579999999995e-05,0.6500000000000021,-0.02077252
25,0.6250000000000022,-5.421198666666667e-05,0.6250000000000022,-0.020810553333333332
26,0.6000000000000023,-5.505386000000001e-05,0.6000000000000023,-0.02084294
27,0.5750000000000024,-5.5732793333333333e-05,0.5750000000000024,-0.020877186666666665
28,0.5500000000000025,-5.627246e-05,0.5500000000000025,-0.02090294666666667
29,0.5250000000000026,-5.670223333333334e-05,0.5250000000000026,-0.020935153333333335
30,0.5000000000000027,-5.704972666666667e-05,0.5000000000000027,-0.020964153333333336
31,0.47500000000000275,-5.7339933333333336e-05,0.47500000000000275,-0.02099304
32,0.45000000000000284,-5.758941333333333e-05,0.45000000000000284,-0.021020646666666667
33,0.42500000000000293,-5.780725333333333e-05,0.42500000000000293,-0.02104972
34,0.400000000000003,-5.8002500000000006e-05,0.400000000000003,-0.021080966666666666
35,0.3750000000000031,-5.818430666666667e-05,0.3750000000000031,-0.021097733333333334
36,0.3500000000000032,-5.8354773333333335e-05,0.3500000000000032,-0.02112590666666667
37,0.3250000000000033,-5.851866e-05,0.3250000000000033,-0.021149753333333333
38,0.3000000000000034,-5.867353333333333e-05,0.3000000000000034,-0.021173933333333332
39,0.27500000000000346,-5.882163333333334e-05,0.27500000000000346,-0.021203546666666667
40,0.25000000000000355,-5.896519333333333e-05,0.25000000000000355,-0.021227526666666666
41,0.22500000000000364,-5.9032139999999996e-05,0.22500000000000364,-0.02123888666666667
42,0.20000000000000373,-5.924376000000001e-05,0.20000000000000373,-0.021276606666666666
43,0.17500000000000382,-5.938431333333333e-05,0.17500000000000382,-0.021301226666666666
44,0.1500000000000039,-5.9521586666666664e-05,0.1500000000000039,-0.021322813333333333
45,0.125000000000004,-5.965650666666667e-05,0.125000000000004,-0.021346940000000002
46,0.10000000000000409,-5.978574666666667e-05,0.10000000000000409,-0.021371893333333336
47,0.07500000000000417,-5.9913633333333335e-05,0.07500000000000417,-0.021400100000000002
48,0.05000000000000426,-6.004075333333334e-05,0.05000000000000426,-0.021415140000000003
49,0.025000000000004352,-6.016272e-05,0.025000000000004352,-0.021437013333333334
50,4.440892098500626e-15,-6.028776666666666e-05,4.440892098500626e-15,-0.02146200666666667
51,-0.02499999999999547,-6.041738e-05,-0.02499999999999547,-0.021479833333333337
52,-0.04999999999999538,-6.054120666666667e-05,-0.04999999999999538,-0.02150594
53,-0.07499999999999529,-6.063835333333333e-05,-0.07499999999999529,-0.021525206666666668
54,-0.0999999999999952,-6.0777953333333334e-05,-0.0999999999999952,-0.021545626666666668
55,-0.12499999999999512,-6.089049333333334e-05,-0.12499999999999512,-0.021567933333333334
56,-0.14999999999999503,-6.100356e-05,-0.14999999999999503,-0.02158808
57,-0.17499999999999494,-6.111676e-05,-0.17499999999999494,-0.021607286666666666
58,-0.19999999999999485,-6.118896666666667e-05,-0.19999999999999485,-0.021619973333333334
59,-0.22499999999999476,-6.132929333333334e-05,-0.22499999999999476,-0.021645513333333335
