,O1_1F_V_D,O1_1F_J_D,O1_1F_V_L,O1_1F_J_L
0,-0.3,-8.160960000000001e-05,-0.3,-0.01889666666666667
1,-0.27499999999999997,-6.79584e-05,-0.27499999999999997,-0.017708286666666666
2,-0.24999999999999994,-6.146755333333334e-05,-0.24999999999999994,-0.016981700000000002
3,-0.22499999999999992,-5.617846666666667e-05,-0.22499999999999992,-0.016456793333333334
4,-0.1999999999999999,-5.200548e-05,-0.1999999999999999,-0.016047386666666667
5,-0.17499999999999988,-4.801211333333333e-05,-0.17499999999999988,-0.015681333333333335
6,-0.14999999999999986,-4.455004e-05,-0.14999999999999986,-0.015365853333333332
7,-0.12499999999999983,-4.1364753333333335e-05,-0.12499999999999983,-0.015066846666666666
8,-0.09999999999999981,-3.8330933333333336e-05,-0.09999999999999981,-0.014777673333333335
9,-0.07499999999999979,-3.5619153333333334e-05,-0.07499999999999979,-0.014513759999999999
10,-0.04999999999999977,-3.2899553333333334e-05,-0.04999999999999977,-0.014245473333333335
11,-0.024999999999999745,-3.0246886666666668e-05,-0.024999999999999745,-0.013981273333333334
12,2.7755575615628914e-16,-2.768148666666667e-05,2.7755575615628914e-16,-0.013699640000000003
13,0.0250000000000003,-2.4678513333333333e-05,0.0250000000000003,-0.013426513333333334
14,0.05000000000000032,-2.1606206666666666e-05,0.05000000000000032,-0.013145733333333335
15,0.07500000000000034,-1.8156806666666668e-05,0.07500000000000034,-0.012861046666666667
16,0.10000000000000037,-1.4153486666666666e-05,0.10000000000000037,-0.01256052
17,0.1250000000000004,-9.609033333333332e-06,0.1250000000000004,-0.012243333333333333
18,0.1500000000000004,-6.351851333333333e-06,0.1500000000000004,-0.011924433333333335
19,0.17500000000000043,1.51248e-06,0.17500000000000043,-0.011582793333333334
20,0.20000000000000046,7.27476e-06,0.20000000000000046,-0.011230426666666666
21,0.22500000000000048,1.7900953333333335e-05,0.22500000000000048,-0.010855926666666668
22,0.2500000000000005,2.8572413333333336e-05,0.2500000000000005,-0.010479206666666668
23,0.2750000000000005,4.1167720000000004e-05,0.2750000000000005,-0.01007778
24,0.30000000000000054,5.612439333333334e-05,0.30000000000000054,-0.009653973333333335
25,0.32500000000000057,7.463873333333333e-05,0.32500000000000057,-0.009198540000000002
26,0.3500000000000006,9.664326666666667e-05,0.3500000000000006,-0.008746233333333334
27,0.3750000000000006,0.00012125266666666667,0.3750000000000006,-0.00826226
28,0.40000000000000063,0.00014977633333333333,0.40000000000000063,-0.007762526666666668
29,0.42500000000000066,0.00018345726666666668,0.42500000000000066,-0.007231
30,0.4500000000000007,0.00022292320000000002,0.4500000000000007,-0.007472073333333333
31,0.4750000000000007,0.0002697144666666667,0.4750000000000007,-0.0068709
32,0.5000000000000007,0.0003237952,0.5000000000000007,-0.005802909333333333
33,0.5250000000000008,0.00038707873333333336,0.5250000000000008,-0.005019596666666667
34,0.5500000000000007,0.0004593914,0.5500000000000007,-0.004321729333333334
35,0.5750000000000008,0.0005438340666666666,0.5750000000000008,-0.0035805579999999997
36,0.6000000000000008,0.0006423562,0.6000000000000008,-0.002859204666666667
37,0.6250000000000009,0.00077161,0.6250000000000009,-0.0021156246666666667
38,0.6500000000000008,0.0008892513333333333,0.6500000000000008,-0.0013358293333333333
39,0.6750000000000009,0.001026776,0.6750000000000009,-0.0009202073333333334
40,0.7000000000000008,0.0011865113333333335,0.7000000000000008,-0.00019805213333333333
41,0.7250000000000008,0.001370316,0.7250000000000008,0.0006999646666666667
42,0.7500000000000009,0.0015767280000000001,0.7500000000000009,0.0011713933333333333
43,0.775000000000001,0.001807752666666667,0.775000000000001,0.0020229706666666666
44,0.8000000000000009,0.0020651366666666667,0.8000000000000009,0.0028120120000000005
45,0.8250000000000008,0.0023454906666666667,0.8250000000000008,0.0035701013333333336
46,0.850000000000001,0.0026526293333333337,0.850000000000001,0.004326446
47,0.8750000000000011,0.0029818726666666667,0.8750000000000011,0.005021060666666667
48,0.900000000000001,0.003341752666666667,0.900000000000001,0.005727729333333333
49,0.9250000000000009,0.0037285586666666666,0.9250000000000009,0.006490716666666667
50,0.9500000000000011,0.004142651333333334,0.9500000000000011,0.007177020000000001
51,0.9750000000000012,0.004583436000000001,0.9750000000000012,0.0079627
52,1.000000000000001,0.005057567333333334,1.000000000000001,0.008743806666666668
53,1.025000000000001,0.005565098,1.025000000000001,0.009542466666666667
54,1.0500000000000012,0.00610767,1.0500000000000012,0.010368313333333334
55,1.0750000000000013,0.006686606666666667,1.0750000000000013,0.011244220000000001
56,1.1000000000000012,0.007413013333333334,1.1000000000000012,0.012174353333333334
57,1.125000000000001,0.00802254,1.125000000000001,0.013082953333333333
58,1.1500000000000012,0.008711253333333334,1.1500000000000012,0.014120006666666667
59,1.1750000000000014,0.009454666666666669,1.1750000000000014,0.015130746666666667
60,1.2000000000000013,0.010248060000000002,1.2000000000000013,0.01616218666666667
61,1.2250000000000012,0.011066686666666667,1.2250000000000012,0.01725826
62,1.2500000000000013,0.011950953333333333,1.2500000000000013,0.0183758
63,1.2750000000000015,0.012907406666666666,1.2750000000000015,0.0195619
