,O5_4R_V_D,O5_4R_J_D,O5_4R_V_L,O5_4R_J_L
0,1.3,0.015113373333333333,1.3,0.026091473333333337
1,1.2750000000000001,0.015576306666666666,1.2750000000000001,0.025929266666666666
2,1.2500000000000002,0.015206046666666667,1.2500000000000002,0.02517652
3,1.2250000000000003,0.014613973333333335,1.2250000000000003,0.024248493333333333
4,1.2000000000000004,0.013826366666666668,1.2000000000000004,0.02300286
5,1.1750000000000005,0.012912706666666668,1.1750000000000005,0.021567826666666668
6,1.1500000000000006,0.012000413333333335,1.1500000000000006,0.02014158
7,1.1250000000000007,0.011543893333333334,1.1250000000000007,0.018763306666666667
8,1.1000000000000008,0.0101547,1.1000000000000008,0.017392706666666667
9,1.0750000000000008,0.009251106666666668,1.0750000000000008,0.01604022
10,1.050000000000001,0.00839884,1.050000000000001,0.014699613333333335
11,1.025000000000001,0.007583613333333334,1.025000000000001,0.013408353333333334
12,1.000000000000001,0.006903253333333334,1.000000000000001,0.012152026666666666
13,0.9750000000000012,0.005807883333333334,0.9750000000000012,0.011244806666666668
14,0.9500000000000013,0.005329987333333334,0.9500000000000013,0.0097908
15,0.9250000000000014,0.0047773013333333334,0.9250000000000014,0.00867236
16,0.9000000000000015,0.004251950000000001,0.9000000000000015,0.007609126666666666
17,0.8750000000000016,0.003891246,0.8750000000000016,0.006782546666666668
18,0.8500000000000016,0.0034162326666666667,0.8500000000000016,0.0057004486666666675
19,0.8250000000000017,0.003251266,0.8250000000000017,0.004710517333333333
20,0.8000000000000018,0.0027815206666666667,0.8000000000000018,0.003836669333333333
21,0.7750000000000019,0.0023670493333333336,0.7750000000000019,0.002949960666666667
22,0.750000000000002,0.002114712,0.750000000000002,0.002155792
23,0.7250000000000021,0.002126570666666667,0.7250000000000021,0.001381564
24,0.7000000000000022,0.0016210066666666667,0.7000000000000022,0.0009669933333333335
25,0.6750000000000023,0.0016427306666666668,0.6750000000000023,0.00013338633333333333
26,0.6500000000000024,0.001744588,0.6500000000000024,-0.000699836
27,0.6250000000000024,0.0018763453333333333,0.6250000000000024,-0.0013840453333333334
28,0.6000000000000025,0.0019323526666666666,0.6000000000000025,-0.002337544
29,0.5750000000000026,0.003949363333333333,0.5750000000000026,-0.003125343333333333
30,0.5500000000000027,0.002888898,0.5500000000000027,-0.0038708560000000006
31,0.5250000000000028,0.0022644113333333336,0.5250000000000028,-0.004579402666666667
32,0.5000000000000029,0.003311813333333334,0.5000000000000029,-0.005257212666666667
33,0.475000000000003,0.0038763500000000006,0.475000000000003,-0.005914981333333334
34,0.45000000000000306,0.00349149,0.45000000000000306,-0.006561048
35,0.42500000000000315,0.003230558,0.42500000000000315,-0.00699872
36,0.40000000000000324,0.0030465586666666667,0.40000000000000324,-0.007339480000000001
37,0.37500000000000333,0.0028021833333333338,0.37500000000000333,-0.008022313333333335
38,0.3500000000000034,0.0023618153333333333,0.3500000000000034,-0.008643053333333333
39,0.3250000000000035,0.00223117,0.3250000000000035,-0.009216353333333335
40,0.3000000000000036,0.0019667353333333334,0.3000000000000036,-0.009763206666666666
41,0.2750000000000037,0.0018668139999999998,0.2750000000000037,-0.010285700000000002
42,0.2500000000000038,0.0015778446666666667,0.2500000000000038,-0.010801006666666666
43,0.22500000000000386,0.0013412953333333333,0.22500000000000386,-0.011271706666666667
44,0.20000000000000395,0.0011639026666666666,0.20000000000000395,-0.011755533333333333
45,0.17500000000000404,0.0009823393333333334,0.17500000000000404,-0.01220744
46,0.15000000000000413,0.0008463320000000001,0.15000000000000413,-0.0126429
47,0.12500000000000422,0.000644019,0.12500000000000422,-0.01306694
48,0.10000000000000431,0.0004719995333333333,0.10000000000000431,-0.01345754
49,0.0750000000000044,0.0003278453333333333,0.0750000000000044,-0.013835640000000001
50,0.050000000000004485,0.00015425413333333332,0.050000000000004485,-0.014195993333333335
51,0.025000000000004574,-8.571273333333333e-06,0.025000000000004574,-0.014542893333333333
52,4.6629367034256575e-15,-5.679226666666667e-05,4.6629367034256575e-15,-0.014872166666666667
53,-0.024999999999995248,-7.7898e-05,-0.024999999999995248,-0.01517534
54,-0.04999999999999516,-9.679446666666666e-05,-0.04999999999999516,-0.015464493333333332
55,-0.07499999999999507,-0.00012099086666666667,-0.07499999999999507,-0.015738473333333333
56,-0.09999999999999498,-0.0001416328,-0.09999999999999498,-0.01598964666666667
57,-0.12499999999999489,-0.0001610382,-0.12499999999999489,-0.01622758
58,-0.1499999999999948,-0.00018226673333333334,-0.1499999999999948,-0.016452413333333332
59,-0.17499999999999472,-0.00020781013333333334,-0.17499999999999472,-0.016663093333333334
60,-0.19999999999999463,-0.0002274204666666667,-0.19999999999999463,-0.016855666666666668
61,-0.22499999999999454,-0.0002421884,-0.22499999999999454,-0.017040120000000002
62,-0.24999999999999445,-0.0002732392666666667,-0.24999999999999445,-0.017214233333333336
63,-0.27499999999999436,-0.0003490023333333334,-0.27499999999999436,-0.01737642
