,N5_5R_V_D,N5_5R_J_D,N5_5R_V_L,N5_5R_J_L
0,1.3,0.0006999446666666667,1.3,0.000699948
1,1.2750000000000001,0.0006426398666666667,1.2750000000000001,0.0006244060000000001
2,1.2500000000000002,0.0005974362000000001,1.2500000000000002,0.0005711248000000001
3,1.2250000000000003,0.0005747966666666667,1.2250000000000003,0.0005379988666666666
4,1.2000000000000004,0.0005548734666666667,1.2000000000000004,0.0005105412000000001
5,1.1750000000000005,0.0005371357333333333,1.1750000000000005,0.0004874544
6,1.1500000000000006,0.0005166050000000001,1.1500000000000006,0.00046895173333333335
7,1.1250000000000007,0.0004996828666666667,1.1250000000000007,0.0004563762666666667
8,1.1000000000000008,0.00048540093333333334,1.1000000000000008,0.0004478988666666667
9,1.0750000000000008,0.0004729895333333334,1.0750000000000008,0.00043567126666666666
10,1.050000000000001,0.00046243660000000003,1.050000000000001,0.00043082659999999997
11,1.025000000000001,0.00045370366666666666,1.025000000000001,0.00042857053333333336
12,1.000000000000001,0.00044570733333333337,1.000000000000001,0.0004281224666666667
13,0.9750000000000012,0.0004432956,0.9750000000000012,0.0004267024666666666
14,0.9500000000000013,0.00043567720000000005,0.9500000000000013,0.00042614873333333335
15,0.9250000000000014,0.00043201293333333337,0.9250000000000014,0.0004226171333333334
16,0.9000000000000015,0.00042926173333333336,0.9000000000000015,0.00042066413333333337
17,0.8750000000000016,0.0004245103333333334,0.8750000000000016,0.000416079
18,0.8500000000000016,0.00042541553333333334,0.8500000000000016,0.0004140741333333333
19,0.8250000000000017,0.0004227292666666667,0.8250000000000017,0.0004102722666666667
20,0.8000000000000018,0.0004202873333333334,0.8000000000000018,0.000406189
21,0.7750000000000019,0.00041600180000000005,0.7750000000000019,0.00040470766666666667
22,0.750000000000002,0.0004104136,0.750000000000002,0.00039966333333333335
23,0.7250000000000021,0.00040715293333333334,0.7250000000000021,0.00039175786666666667
24,0.7000000000000022,0.0004035770666666667,0.7000000000000022,0.0003828864
25,0.6750000000000023,0.0004008240666666667,0.6750000000000023,0.00037392953333333334
26,0.6500000000000024,0.00039365313333333335,0.6500000000000024,0.00036350313333333335
27,0.6250000000000024,0.00038659873333333334,0.6250000000000024,0.00035259853333333336
28,0.6000000000000025,0.0003807068666666667,0.6000000000000025,0.00033989666666666665
29,0.5750000000000026,0.00037235753333333336,0.5750000000000026,0.00032706306666666665
30,0.5500000000000027,0.0003639036,0.5500000000000027,0.00031178660000000003
31,0.5250000000000028,0.00035263480000000005,0.5250000000000028,0.0002965218
32,0.5000000000000029,0.0003426336,0.5000000000000029,0.00027823733333333335
33,0.475000000000003,0.0003302220666666667,0.475000000000003,0.00026130893333333333
34,0.45000000000000306,0.0003171444,0.45000000000000306,0.00024154933333333335
35,0.42500000000000315,0.00030455500000000003,0.42500000000000315,0.00022030499999999999
36,0.40000000000000324,0.00028876793333333336,0.40000000000000324,0.00019896073333333333
37,0.37500000000000333,0.0002694860666666667,0.37500000000000333,0.00017478013333333334
38,0.3500000000000034,0.0002494734666666667,0.3500000000000034,0.0001494706
39,0.3250000000000035,0.00022891573333333332,0.3250000000000035,0.00012246913333333336
40,0.3000000000000036,0.00020717686666666668,0.3000000000000036,9.460573333333334e-05
41,0.2750000000000037,0.00018447926666666667,0.2750000000000037,8.058326666666666e-05
42,0.2500000000000038,0.00016006493333333335,0.2500000000000038,5.023272e-05
43,0.22500000000000386,0.00013426646666666667,0.22500000000000386,1.0603933333333334e-05
44,0.20000000000000395,0.00010378613333333333,0.20000000000000395,-2.9204913333333334e-05
45,0.17500000000000404,7.111006666666667e-05,0.17500000000000404,-6.962493333333335e-05
46,0.15000000000000413,4.967943333333334e-05,0.15000000000000413,-8.782426666666667e-05
47,0.12500000000000422,2.4192453333333334e-05,0.12500000000000422,-0.00012314666666666667
48,0.10000000000000431,7.334806666666667e-06,0.10000000000000431,-0.0001482492
49,0.0750000000000044,3.7866079999999997e-06,0.0750000000000044,-0.00016775073333333333
50,0.050000000000004485,-6.99756e-06,0.050000000000004485,-0.00018586566666666668
51,0.025000000000004574,-1.1472866666666668e-05,0.025000000000004574,-0.00020363273333333335
52,4.6629367034256575e-15,-2.4771446666666667e-05,4.6629367034256575e-15,-0.00022147386666666665
53,-0.024999999999995248,-3.488148666666667e-05,-0.024999999999995248,-0.0002391552
54,-0.04999999999999516,-4.4309566666666673e-05,-0.04999999999999516,-0.00025571273333333336
55,-0.07499999999999507,-5.381873333333334e-05,-0.07499999999999507,-0.0002725604
56,-0.09999999999999498,-6.366170666666667e-05,-0.09999999999999498,-0.00028946473333333337
57,-0.12499999999999489,-7.000753333333334e-05,-0.12499999999999489,-0.0003066456666666667
58,-0.1499999999999948,-7.137860000000001e-05,-0.1499999999999948,-0.00032273020000000004
59,-0.17499999999999472,-8.50724e-05,-0.17499999999999472,-0.000339121
60,-0.19999999999999463,-9.483339999999999e-05,-0.19999999999999463,-0.00035518973333333335
61,-0.22499999999999454,-0.00010424040000000002,-0.22499999999999454,-0.00037164653333333333
62,-0.24999999999999445,-0.00011371526666666667,-0.24999999999999445,-0.0003880032
63,-0.27499999999999436,-0.00012292053333333336,-0.27499999999999436,-0.00040390613333333335
