,N5_5F_V_D,N5_5F_J_D,N5_5F_V_L,N5_5F_J_L
0,-0.3,-0.00011996626666666666,-0.3,-0.01418804
1,-0.27499999999999997,-9.881046666666667e-05,-0.27499999999999997,-0.013644166666666666
2,-0.24999999999999994,-8.811486666666667e-05,-0.24999999999999994,-0.01319854
3,-0.22499999999999992,-7.816686666666668e-05,-0.22499999999999992,-0.012790086666666667
4,-0.1999999999999999,-6.888706666666667e-05,-0.1999999999999999,-0.012397233333333334
5,-0.17499999999999988,-6.060786e-05,-0.17499999999999988,-0.0120097
6,-0.14999999999999986,-5.045092666666667e-05,-0.14999999999999986,-0.011629120000000001
7,-0.12499999999999983,-4.123181333333333e-05,-0.12499999999999983,-0.011256326666666667
8,-0.09999999999999981,-3.2147873333333334e-05,-0.09999999999999981,-0.010887113333333334
9,-0.07499999999999979,-2.3149366666666666e-05,-0.07499999999999979,-0.010521326666666667
10,-0.04999999999999977,-1.4093046666666666e-05,-0.04999999999999977,-0.010159673333333334
11,-0.024999999999999745,-6.435994e-06,-0.024999999999999745,-0.009800800000000002
12,2.7755575615628914e-16,3.6526819999999997e-06,2.7755575615628914e-16,-0.009449226666666668
13,0.0250000000000003,1.1286046666666667e-05,0.0250000000000003,-0.009095813333333334
14,0.05000000000000032,2.1523753333333333e-05,0.05000000000000032,-0.008746213333333334
15,0.07500000000000034,3.0880873333333334e-05,0.07500000000000034,-0.008399353333333333
16,0.10000000000000037,4.0302906666666666e-05,0.10000000000000037,-0.008055026666666666
17,0.1250000000000004,4.9771233333333336e-05,0.1250000000000004,-0.007710853333333334
18,0.1500000000000004,5.932776666666667e-05,0.1500000000000004,-0.00736714
19,0.17500000000000043,6.892313333333334e-05,0.17500000000000043,-0.007022060000000001
20,0.20000000000000046,7.598973333333334e-05,0.20000000000000046,-0.006684826666666667
21,0.22500000000000048,8.745826666666667e-05,0.22500000000000048,-0.006601229333333333
22,0.2500000000000005,9.757886666666668e-05,0.2500000000000005,-0.006110829333333334
23,0.2750000000000005,0.00010777539999999999,0.2750000000000005,-0.005742024
24,0.30000000000000054,0.00011800793333333333,0.30000000000000054,-0.005391920666666667
25,0.32500000000000057,0.000128318,0.32500000000000057,-0.0050491826666666665
26,0.3500000000000006,0.00013864166666666667,0.3500000000000006,-0.004711525333333333
27,0.3750000000000006,0.00014917180000000003,0.3750000000000006,-0.004380058666666667
28,0.40000000000000063,0.00015971033333333335,0.40000000000000063,-0.004057852000000001
29,0.42500000000000066,0.00017032933333333334,0.42500000000000066,-0.003737126
30,0.4500000000000007,0.00018112960000000002,0.4500000000000007,-0.0034233600000000003
31,0.4750000000000007,0.00019207133333333333,0.4750000000000007,-0.0031138773333333333
32,0.5000000000000007,0.0002033154,0.5000000000000007,-0.002815877333333333
33,0.5250000000000008,0.00021503713333333334,0.5250000000000008,-0.002522276
34,0.5500000000000007,0.0002260512,0.5500000000000007,-0.0022405420000000003
35,0.5750000000000008,0.0002381638,0.5750000000000008,-0.001965678
36,0.6000000000000008,0.0002504592,0.6000000000000008,-0.0017006013333333333
37,0.6250000000000009,0.0002629164666666667,0.6250000000000009,-0.0014509073333333334
38,0.6500000000000008,0.00027558513333333337,0.6500000000000008,-0.0012134433333333334
39,0.6750000000000009,0.0002884861333333333,0.6750000000000009,-0.0009922753333333333
40,0.7000000000000008,0.000301641,0.7000000000000008,-0.000787682
41,0.7250000000000008,0.00031560973333333336,0.7250000000000008,-0.0006662054666666667
42,0.7500000000000009,0.00032972273333333336,0.7500000000000009,-0.00046152333333333335
43,0.775000000000001,0.0003442384666666667,0.775000000000001,-0.0002900370666666667
44,0.8000000000000009,0.0003596414666666667,0.8000000000000009,-0.00014163866666666667
45,0.8250000000000008,0.0003753276,0.8250000000000008,-0.00010553893333333334
46,0.850000000000001,0.00039123373333333335,0.850000000000001,1.03836e-05
47,0.8750000000000011,0.00040830646666666667,0.8750000000000011,9.706806666666668e-05
48,0.900000000000001,0.00042561693333333333,0.900000000000001,0.000231534
49,0.9250000000000009,0.0004434618,0.9250000000000009,0.00034276980000000004
50,0.9500000000000011,0.0004623216666666667,0.9500000000000011,0.000441686
51,0.9750000000000012,0.0004821701333333334,0.9750000000000012,0.0005362708
52,1.000000000000001,0.0005032756,1.000000000000001,0.0006238352000000001
53,1.025000000000001,0.0005262244000000001,1.025000000000001,0.0006921500000000001
54,1.0500000000000012,0.0005513238666666666,1.0500000000000012,0.0007913766666666667
55,1.0750000000000013,0.0005784803333333334,1.0750000000000013,0.0008921840000000001
56,1.1000000000000012,0.0006097316666666667,1.1000000000000012,0.0010045886666666668
57,1.125000000000001,0.0006458336666666667,1.125000000000001,0.0011247860000000002
58,1.1500000000000012,0.000686652,1.1500000000000012,0.0012644313333333335
59,1.1750000000000014,0.0007659833333333334,1.1750000000000014,0.0014204366666666667
60,1.2000000000000013,0.0008267426666666666,1.2000000000000013,0.0015988733333333334
61,1.2250000000000012,0.0008975126666666667,1.2250000000000012,0.0018078233333333334
62,1.2500000000000013,0.000980324,1.2500000000000013,0.002043962666666667
63,1.2750000000000015,0.0010862053333333334,1.2750000000000015,0.0023160033333333332
