,N5_5R_V_D,N5_5R_J_D,N5_5R_V_L,N5_5R_J_L
0,1.3,0.0010497406666666667,1.3,0.0022850346666666668
1,1.2750000000000001,0.0010964733333333333,1.2750000000000001,0.0021834853333333334
2,1.2500000000000002,0.001103918,1.2500000000000002,0.0020290113333333334
3,1.2250000000000003,0.0010836053333333334,1.2250000000000003,0.0018562433333333336
4,1.2000000000000004,0.0010435613333333333,1.2000000000000004,0.0016765873333333334
5,1.1750000000000005,0.0009921180000000002,1.1750000000000005,0.0014966526666666668
6,1.1500000000000006,0.0009319646666666666,1.1500000000000006,0.0013189533333333335
7,1.1250000000000007,0.0008695533333333334,1.1250000000000007,0.001144798
8,1.1000000000000008,0.0008043273333333333,1.1000000000000008,0.0009736713333333333
9,1.0750000000000008,0.0007407000000000001,1.0750000000000008,0.000802036
10,1.050000000000001,0.0006805946666666667,1.050000000000001,0.0006197615333333334
11,1.025000000000001,0.0006231206666666667,1.025000000000001,0.00043978400000000003
12,1.000000000000001,0.0005728862000000001,1.000000000000001,0.0002533010666666667
13,0.9750000000000012,0.0005285952,0.9750000000000012,5.926266000000001e-05
14,0.9500000000000013,0.0004893195333333333,0.9500000000000013,-0.00016429860000000002
15,0.9250000000000014,0.00045600926666666667,0.9250000000000014,-0.00040508620000000005
16,0.9000000000000015,0.0004286330666666667,0.9000000000000015,-0.0006570768666666667
17,0.8750000000000016,0.00040279433333333337,0.8750000000000016,-0.000913808
18,0.8500000000000016,0.0003804199333333333,0.8500000000000016,-0.0012077166666666667
19,0.8250000000000017,0.0003606308666666667,0.8250000000000017,-0.0015131913333333333
20,0.8000000000000018,0.0003421791333333334,0.8000000000000018,-0.0018312453333333334
21,0.7750000000000019,0.00032542173333333335,0.7750000000000019,-0.002162262
22,0.750000000000002,0.00030895620000000006,0.750000000000002,-0.002505732
23,0.7250000000000021,0.0002950729333333333,0.7250000000000021,-0.002860884666666667
24,0.7000000000000022,0.00028093646666666665,0.7000000000000022,-0.0032226466666666668
25,0.6750000000000023,0.0002669658,0.6750000000000023,-0.003594788666666667
26,0.6500000000000024,0.0002536020666666667,0.6500000000000024,-0.003968398666666667
27,0.6250000000000024,0.00024064566666666667,0.6250000000000024,-0.0043487406666666666
28,0.6000000000000025,0.00022879773333333333,0.6000000000000025,-0.0047332093333333335
29,0.5750000000000026,0.00021691360000000002,0.5750000000000026,-0.005120612666666667
30,0.5500000000000027,0.00020590879999999998,0.5500000000000027,-0.005501949333333333
31,0.5250000000000028,0.00019581993333333335,0.5250000000000028,-0.005885126
32,0.5000000000000029,0.00018487146666666668,0.5000000000000029,-0.006266462
33,0.475000000000003,0.00017442293333333334,0.475000000000003,-0.006643999333333333
34,0.45000000000000306,0.00016330440000000002,0.45000000000000306,-0.0069986733333333336
35,0.42500000000000315,0.00015304346666666669,0.42500000000000315,-0.007333686666666666
36,0.40000000000000324,0.0001425784,0.40000000000000324,-0.007662953333333333
37,0.37500000000000333,0.00013178673333333332,0.37500000000000333,-0.00803448
38,0.3500000000000034,0.00012150700000000001,0.3500000000000034,-0.008398253333333335
39,0.3250000000000035,0.00011097153333333334,0.3250000000000035,-0.008752493333333333
40,0.3000000000000036,0.00010008960000000001,0.3000000000000036,-0.0091003
41,0.2750000000000037,8.957593333333333e-05,0.2750000000000037,-0.009441186666666667
42,0.2500000000000038,7.92176e-05,0.2500000000000038,-0.009772540000000001
43,0.22500000000000386,6.887053333333333e-05,0.22500000000000386,-0.01008836
44,0.20000000000000395,6.018596666666667e-05,0.20000000000000395,-0.010407246666666668
45,0.17500000000000404,4.79562e-05,0.17500000000000404,-0.010716026666666666
46,0.15000000000000413,3.675712666666667e-05,0.15000000000000413,-0.011010566666666666
47,0.12500000000000422,2.704166666666667e-05,0.12500000000000422,-0.011295673333333334
48,0.10000000000000431,1.7758613333333335e-05,0.10000000000000431,-0.011572786666666666
49,0.0750000000000044,8.605159999999999e-06,0.0750000000000044,-0.011837053333333333
50,0.050000000000004485,1.8507686666666668e-06,0.050000000000004485,-0.01209186
51,0.025000000000004574,-5.462992000000001e-06,0.025000000000004574,-0.012335966666666667
52,4.6629367034256575e-15,-1.6021353333333333e-05,4.6629367034256575e-15,-0.012569273333333334
53,-0.024999999999995248,-2.5434940000000002e-05,-0.024999999999995248,-0.012791633333333333
54,-0.04999999999999516,-3.470974e-05,-0.04999999999999516,-0.013004246666666667
55,-0.07499999999999507,-4.392806666666667e-05,-0.07499999999999507,-0.013205486666666667
56,-0.09999999999999498,-5.31104e-05,-0.09999999999999498,-0.01339808
57,-0.12499999999999489,-6.215738000000001e-05,-0.12499999999999489,-0.013580586666666667
58,-0.1499999999999948,-6.912826666666667e-05,-0.1499999999999948,-0.013756093333333334
59,-0.17499999999999472,-7.967853333333334e-05,-0.17499999999999472,-0.013917
60,-0.19999999999999463,-8.914753333333334e-05,-0.19999999999999463,-0.014067139999999999
61,-0.22499999999999454,-9.87568e-05,-0.22499999999999454,-0.01421326
62,-0.24999999999999445,-0.000108335,-0.24999999999999445,-0.014351146666666667
63,-0.27499999999999436,-0.00011795880000000001,-0.27499999999999436,-0.014481320000000002
