,N5_5F_V_D,N5_5F_J_D,N5_5F_V_L,N5_5F_J_L
0,-0.3,-0.00014715306666666667,-0.3,-0.018381893333333333
1,-0.27499999999999997,-0.00013289746666666667,-0.27499999999999997,-0.018089106666666667
2,-0.24999999999999994,-0.00011946333333333334,-0.24999999999999994,-0.017830513333333336
3,-0.22499999999999992,-0.00010700513333333334,-0.22499999999999992,-0.01758306
4,-0.1999999999999999,-9.407126666666667e-05,-0.1999999999999999,-0.017336586666666667
5,-0.17499999999999988,-8.143026666666668e-05,-0.17499999999999988,-0.017082413333333334
6,-0.14999999999999986,-6.932793333333333e-05,-0.14999999999999986,-0.016825393333333334
7,-0.12499999999999983,-5.7441026666666665e-05,-0.12499999999999983,-0.01656088
8,-0.09999999999999981,-4.529859333333333e-05,-0.09999999999999981,-0.016292393333333335
9,-0.07499999999999979,-3.317449333333333e-05,-0.07499999999999979,-0.016017
10,-0.04999999999999977,-2.1255053333333334e-05,-0.04999999999999977,-0.015733673333333337
11,-0.024999999999999745,-9.337933333333333e-06,-0.024999999999999745,-0.01544414
12,2.7755575615628914e-16,2.338788e-06,2.7755575615628914e-16,-0.015149020000000001
13,0.0250000000000003,1.4173033333333333e-05,0.0250000000000003,-0.014840753333333335
14,0.05000000000000032,2.6506533333333334e-05,0.05000000000000032,-0.014529073333333333
15,0.07500000000000034,3.8582013333333336e-05,0.07500000000000034,-0.0142078
16,0.10000000000000037,5.077106666666667e-05,0.10000000000000037,-0.013874646666666667
17,0.1250000000000004,6.299492666666666e-05,0.1250000000000004,-0.013543220000000002
18,0.1500000000000004,7.44016e-05,0.1500000000000004,-0.013197780000000001
19,0.17500000000000043,8.706313333333334e-05,0.17500000000000043,-0.01284888
20,0.20000000000000046,0.00010405426666666667,0.20000000000000046,-0.012488233333333335
21,0.22500000000000048,0.00011523213333333333,0.22500000000000048,-0.01212706
22,0.2500000000000005,0.00012730326666666666,0.2500000000000005,-0.011761993333333333
23,0.2750000000000005,0.00013945633333333334,0.2750000000000005,-0.011384280000000002
24,0.30000000000000054,0.0001522956,0.30000000000000054,-0.011003126666666667
25,0.32500000000000057,0.00016597173333333335,0.32500000000000057,-0.010614533333333334
26,0.3500000000000006,0.000179195,0.3500000000000006,-0.010219780000000001
27,0.3750000000000006,0.00019277493333333333,0.3750000000000006,-0.009819593333333333
28,0.40000000000000063,0.00020661120000000003,0.40000000000000063,-0.009413573333333333
29,0.42500000000000066,0.00022143940000000003,0.42500000000000066,-0.008994986666666666
30,0.4500000000000007,0.00023573266666666667,0.4500000000000007,-0.008578893333333334
31,0.4750000000000007,0.00025312746666666664,0.4750000000000007,-0.008142120000000001
32,0.5000000000000007,0.00026601293333333335,0.5000000000000007,-0.0077071733333333335
33,0.5250000000000008,0.0002788486,0.5250000000000008,-0.007262206666666667
34,0.5500000000000007,0.0003102540666666667,0.5500000000000007,-0.006817886666666667
35,0.5750000000000008,0.0003348482,0.5750000000000008,-0.006646674666666667
36,0.6000000000000008,0.0003491974,0.6000000000000008,-0.0060402346666666665
37,0.6250000000000009,0.00037458773333333336,0.6250000000000009,-0.005531143333333334
38,0.6500000000000008,0.0003917897333333334,0.6500000000000008,-0.005041533333333333
39,0.6750000000000009,0.0004046074666666667,0.6750000000000009,-0.004550487333333334
40,0.7000000000000008,0.0004205665333333333,0.7000000000000008,-0.004065768
41,0.7250000000000008,0.0004636734666666667,0.7250000000000008,-0.003580266
42,0.7500000000000009,0.00048288126666666667,0.7500000000000009,-0.003101906
43,0.775000000000001,0.0005148850666666666,0.775000000000001,-0.002630654666666667
44,0.8000000000000009,0.0005456545333333334,0.8000000000000009,-0.002171758666666667
45,0.8250000000000008,0.0005846150666666667,0.8250000000000008,-0.001719814
46,0.850000000000001,0.0006297198,0.850000000000001,-0.0012868920000000002
47,0.8750000000000011,0.0006875166666666666,0.8750000000000011,-0.0008772753333333333
48,0.900000000000001,0.0006952893333333334,0.900000000000001,-0.0006035731333333334
49,0.9250000000000009,0.0007288453333333334,0.9250000000000009,-0.0001938586
50,0.9500000000000011,0.0007829913333333334,0.9500000000000011,0.0001728516
51,0.9750000000000012,0.000834474,0.9750000000000012,0.0005120531333333334
52,1.000000000000001,0.0008945773333333333,1.000000000000001,0.0007168233333333334
53,1.025000000000001,0.0009610266666666667,1.025000000000001,0.0010369486666666667
54,1.0500000000000012,0.0010528926666666667,1.0500000000000012,0.0013749046666666667
55,1.0750000000000013,0.0011416473333333333,1.0750000000000013,0.0017206480000000002
56,1.1000000000000012,0.0012479766666666668,1.1000000000000012,0.002072552
57,1.125000000000001,0.0014015073333333333,1.125000000000001,0.002435604
58,1.1500000000000012,0.0015229706666666665,1.1500000000000012,0.0028363373333333336
59,1.1750000000000014,0.0016792966666666668,1.1750000000000014,0.0032408373333333335
60,1.2000000000000013,0.0018704733333333335,1.2000000000000013,0.003707074
61,1.2250000000000012,0.0020851606666666667,1.2250000000000012,0.004193828
62,1.2500000000000013,0.0023184000000000004,1.2500000000000013,0.0047613460000000005
63,1.2750000000000015,0.0026219193333333335,1.2750000000000015,0.005351956000000001
