,N5_5R_V_D,N5_5R_J_D,N5_5R_V_L,N5_5R_J_L
0,1.3,0.0020380206666666665,1.3,0.0052801693333333335
1,1.2750000000000001,0.002252374,1.2750000000000001,0.004863684666666666
2,1.2500000000000002,0.0023317173333333337,1.2500000000000002,0.0043604153333333335
3,1.2250000000000003,0.002293888,1.2250000000000003,0.0038388533333333337
4,1.2000000000000004,0.0021799413333333335,1.2000000000000004,0.0033146300000000003
5,1.1750000000000005,0.0020241533333333335,1.1750000000000005,0.002795820666666667
6,1.1500000000000006,0.0018400146666666666,1.1500000000000006,0.0022826993333333336
7,1.1250000000000007,0.0016443106666666667,1.1250000000000007,0.0017773253333333333
8,1.1000000000000008,0.0014439560000000001,1.1000000000000008,0.0012831513333333333
9,1.0750000000000008,0.0012674346666666668,1.0750000000000008,0.00078808
10,1.050000000000001,0.001101568,1.050000000000001,0.0002626104
11,1.025000000000001,0.0009690933333333335,1.025000000000001,-0.00024443593333333335
12,1.000000000000001,0.000852332,1.000000000000001,-0.0007782373333333334
13,0.9750000000000012,0.0007542366666666667,0.9750000000000012,-0.001306832
14,0.9500000000000013,0.0006796106666666667,0.9500000000000013,-0.001826142666666667
15,0.9250000000000014,0.0006228372666666666,0.9250000000000014,-0.0023489953333333336
16,0.9000000000000015,0.0005722887333333334,0.9000000000000015,-0.002880638666666667
17,0.8750000000000016,0.0005389665333333333,0.8750000000000016,-0.0034115446666666666
18,0.8500000000000016,0.0005051812,0.8500000000000016,-0.003943361333333333
19,0.8250000000000017,0.0004752233333333333,0.8250000000000017,-0.004478594666666667
20,0.8000000000000018,0.0004558736,0.8000000000000018,-0.0050012599999999996
21,0.7750000000000019,0.0004366000666666667,0.7750000000000019,-0.005535252
22,0.750000000000002,0.00041726846666666667,0.750000000000002,-0.006062547333333333
23,0.7250000000000021,0.00040032006666666667,0.7250000000000021,-0.006583611333333334
24,0.7000000000000022,0.0003827182,0.7000000000000022,-0.007078340000000001
25,0.6750000000000023,0.00036510713333333335,0.6750000000000023,-0.007556206666666667
26,0.6500000000000024,0.0003483852,0.6500000000000024,-0.008063826666666666
27,0.6250000000000024,0.00033254933333333334,0.6250000000000024,-0.008557073333333333
28,0.6000000000000025,0.0003163086666666667,0.6000000000000025,-0.009037946666666666
29,0.5750000000000026,0.00030073100000000005,0.5750000000000026,-0.009507033333333335
30,0.5500000000000027,0.0002847660666666667,0.5500000000000027,-0.009954493333333335
31,0.5250000000000028,0.00026776333333333334,0.5250000000000028,-0.010395853333333333
32,0.5000000000000029,0.0002531338,0.5000000000000029,-0.010823966666666667
33,0.475000000000003,0.00023864600000000002,0.475000000000003,-0.011227053333333334
34,0.45000000000000306,0.00022543133333333335,0.45000000000000306,-0.011621533333333333
35,0.42500000000000315,0.00020606906666666668,0.42500000000000315,-0.012001346666666668
36,0.40000000000000324,0.000194405,0.40000000000000324,-0.012366753333333334
37,0.37500000000000333,0.00017655633333333334,0.37500000000000333,-0.012718213333333334
38,0.3500000000000034,0.00016660306666666668,0.3500000000000034,-0.013054759999999999
39,0.3250000000000035,0.00015133626666666668,0.3250000000000035,-0.013379973333333335
40,0.3000000000000036,0.00013185613333333335,0.3000000000000036,-0.013693060000000002
41,0.2750000000000037,0.00011920166666666667,0.2750000000000037,-0.013993806666666667
42,0.2500000000000038,0.00010682713333333333,0.2500000000000038,-0.014281946666666668
43,0.22500000000000386,9.406e-05,0.22500000000000386,-0.014552133333333333
44,0.20000000000000395,8.135553333333333e-05,0.20000000000000395,-0.014821533333333334
45,0.17500000000000404,6.861560000000001e-05,0.17500000000000404,-0.015079726666666668
46,0.15000000000000413,5.7403053333333334e-05,0.15000000000000413,-0.015320813333333334
47,0.12500000000000422,4.478861333333334e-05,0.12500000000000422,-0.01555256
48,0.10000000000000431,3.2807760000000005e-05,0.10000000000000431,-0.015775
49,0.0750000000000044,2.0841153333333334e-05,0.0750000000000044,-0.015984746666666667
50,0.050000000000004485,8.938866666666667e-06,0.050000000000004485,-0.01618602
51,0.025000000000004574,-2.0342013333333337e-06,0.025000000000004574,-0.0163757
52,4.6629367034256575e-15,-1.3177953333333334e-05,4.6629367034256575e-15,-0.016555486666666668
53,-0.024999999999995248,-2.5261766666666666e-05,-0.024999999999995248,-0.01672602
54,-0.04999999999999516,-3.679013333333334e-05,-0.04999999999999516,-0.016887140000000002
55,-0.07499999999999507,-4.837689333333334e-05,-0.07499999999999507,-0.017037893333333335
56,-0.09999999999999498,-5.991046e-05,-0.09999999999999498,-0.01717944
57,-0.12499999999999489,-6.968453333333333e-05,-0.12499999999999489,-0.017312573333333334
58,-0.1499999999999948,-8.135586666666666e-05,-0.1499999999999948,-0.0174408
59,-0.17499999999999472,-9.328906666666666e-05,-0.17499999999999472,-0.017555780000000003
60,-0.19999999999999463,-0.00010490326666666668,-0.19999999999999463,-0.01766178
61,-0.22499999999999454,-0.00011684340000000001,-0.22499999999999454,-0.01776758
62,-0.24999999999999445,-0.00012779093333333336,-0.24999999999999445,-0.017861453333333336
63,-0.27499999999999436,-0.000139137,-0.27499999999999436,-0.017954846666666666
