,N5_5R_V_D,N5_5R_J_D,N5_5R_V_L,N5_5R_J_L
0,1.3,0.0035181553333333334,1.3,0.007510426666666667
1,1.2750000000000001,0.003979557333333334,1.2750000000000001,0.006892153333333333
2,1.2500000000000002,0.004109158000000001,1.2500000000000002,0.006213794000000001
3,1.2250000000000003,0.003986914,1.2250000000000003,0.005502468666666666
4,1.2000000000000004,0.003747047333333333,1.2000000000000004,0.0047577773333333335
5,1.1750000000000005,0.0034370293333333335,1.1750000000000005,0.004029251333333333
6,1.1500000000000006,0.003086868,1.1500000000000006,0.0033183800000000005
7,1.1250000000000007,0.002735544,1.1250000000000007,0.0026182893333333334
8,1.1000000000000008,0.0023977660000000004,1.1000000000000008,0.001947772
9,1.0750000000000008,0.002096338,1.0750000000000008,0.001266446
10,1.050000000000001,0.0018269266666666667,1.050000000000001,0.0005715009333333334
11,1.025000000000001,0.001598294,1.025000000000001,-0.0001098716
12,1.000000000000001,0.001409604,1.000000000000001,-0.000809964
13,0.9750000000000012,0.0012521593333333335,0.9750000000000012,-0.0014854253333333334
14,0.9500000000000013,0.0011335433333333333,0.9500000000000013,-0.0021806853333333335
15,0.9250000000000014,0.0010400346666666668,0.9250000000000014,-0.002862959333333333
16,0.9000000000000015,0.0009552320000000001,0.9000000000000015,-0.0035451493333333336
17,0.8750000000000016,0.0008974146666666668,0.8750000000000016,-0.0042281466666666675
18,0.8500000000000016,0.000847056,0.8500000000000016,-0.00489681
19,0.8250000000000017,0.0007965513333333333,0.8250000000000017,-0.005561144666666667
20,0.8000000000000018,0.000759246,0.8000000000000018,-0.0062118526666666675
21,0.7750000000000019,0.0007205646666666667,0.7750000000000019,-0.006837573333333333
22,0.750000000000002,0.0006904246666666668,0.750000000000002,-0.007462666666666667
23,0.7250000000000021,0.0006525640666666667,0.7250000000000021,-0.008046906666666668
24,0.7000000000000022,0.0006249556,0.7000000000000022,-0.008650693333333334
25,0.6750000000000023,0.0005929627333333333,0.6750000000000023,-0.00922102
26,0.6500000000000024,0.0005622698000000001,0.6500000000000024,-0.00977866
27,0.6250000000000024,0.0005351412666666668,0.6250000000000024,-0.010322920000000001
28,0.6000000000000025,0.0005087658,0.6000000000000025,-0.010839333333333334
29,0.5750000000000026,0.0004825287333333334,0.5750000000000026,-0.011327086666666666
30,0.5500000000000027,0.000457882,0.5500000000000027,-0.011788293333333333
31,0.5250000000000028,0.00043292426666666667,0.5250000000000028,-0.012236753333333334
32,0.5000000000000029,0.00040818373333333335,0.5000000000000029,-0.01266214
33,0.475000000000003,0.00038094226666666667,0.475000000000003,-0.013070833333333335
34,0.45000000000000306,0.000358301,0.45000000000000306,-0.01344552
35,0.42500000000000315,0.0003399264,0.42500000000000315,-0.013814766666666667
36,0.40000000000000324,0.0003180247333333334,0.40000000000000324,-0.014160366666666669
37,0.37500000000000333,0.0002944762,0.37500000000000333,-0.0144893
38,0.3500000000000034,0.0002728512666666667,0.3500000000000034,-0.014800440000000002
39,0.3250000000000035,0.0002491830666666667,0.3250000000000035,-0.015096186666666669
40,0.3000000000000036,0.00022838833333333334,0.3000000000000036,-0.015374153333333335
41,0.2750000000000037,0.00020639753333333337,0.2750000000000037,-0.015639406666666668
42,0.2500000000000038,0.0001845572,0.2500000000000038,-0.015897393333333336
43,0.22500000000000386,0.0001637680666666667,0.22500000000000386,-0.016125113333333333
44,0.20000000000000395,0.0001433574,0.20000000000000395,-0.016350746666666666
45,0.17500000000000404,0.0001237418,0.17500000000000404,-0.016561106666666665
46,0.15000000000000413,0.00010262986666666666,0.15000000000000413,-0.016758226666666667
47,0.12500000000000422,8.182566666666666e-05,0.12500000000000422,-0.01694742
48,0.10000000000000431,6.204616666666667e-05,0.10000000000000431,-0.017125733333333334
49,0.0750000000000044,4.0833453333333336e-05,0.0750000000000044,-0.017292626666666665
50,0.050000000000004485,2.0854520000000003e-05,0.050000000000004485,-0.017451226666666667
51,0.025000000000004574,1.2827233333333334e-06,0.025000000000004574,-0.017600726666666667
52,4.6629367034256575e-15,-1.8511393333333334e-05,4.6629367034256575e-15,-0.01774274
53,-0.024999999999995248,-3.889899333333334e-05,-0.024999999999995248,-0.017874533333333335
54,-0.04999999999999516,-5.887766e-05,-0.04999999999999516,-0.018001220000000002
55,-0.07499999999999507,-7.79104e-05,-0.07499999999999507,-0.01812286
56,-0.09999999999999498,-9.788740000000001e-05,-0.09999999999999498,-0.01823366666666667
57,-0.12499999999999489,-0.00011816953333333333,-0.12499999999999489,-0.018341533333333333
58,-0.1499999999999948,-0.00013922473333333334,-0.1499999999999948,-0.01844404666666667
59,-0.17499999999999472,-0.00015922060000000003,-0.17499999999999472,-0.018542373333333334
60,-0.19999999999999463,-0.0001785526,-0.19999999999999463,-0.01862740666666667
61,-0.22499999999999454,-0.0002002362,-0.22499999999999454,-0.01871444666666667
62,-0.24999999999999445,-0.0002195614666666667,-0.24999999999999445,-0.01879964666666667
63,-0.27499999999999436,-0.00023884953333333332,-0.27499999999999436,-0.018876386666666665
