,N5_5R_V_D,N5_5R_J_D,N5_5R_V_L,N5_5R_J_L
0,1.3,0.005556925333333334,1.3,0.01127498
1,1.2750000000000001,0.006335122666666667,1.2750000000000001,0.010268866666666666
2,1.2500000000000002,0.006423660666666667,1.2500000000000002,0.009206500000000001
3,1.2250000000000003,0.006195854000000001,1.2250000000000003,0.00815128
4,1.2000000000000004,0.005773343333333333,1.2000000000000004,0.007116313333333334
5,1.1750000000000005,0.005266626,1.1750000000000005,0.006079642
6,1.1500000000000006,0.004714376,1.1500000000000006,0.005104440666666666
7,1.1250000000000007,0.004175022666666667,1.1250000000000007,0.004154276
8,1.1000000000000008,0.0036803733333333334,1.1000000000000008,0.003252448666666667
9,1.0750000000000008,0.00323813,1.0750000000000008,0.002373224
10,1.050000000000001,0.0028459333333333333,1.050000000000001,0.0014937146666666667
11,1.025000000000001,0.0025414620000000004,1.025000000000001,0.0006372010666666667
12,1.000000000000001,0.002275988666666667,1.000000000000001,-0.00024120146666666665
13,0.9750000000000012,0.0020562906666666664,0.9750000000000012,-0.0010906806666666667
14,0.9500000000000013,0.001873350666666667,0.9500000000000013,-0.0019557326666666667
15,0.9250000000000014,0.0017396073333333332,0.9250000000000014,-0.0027974326666666666
16,0.9000000000000015,0.0016355373333333337,0.9000000000000015,-0.003614674666666667
17,0.8750000000000016,0.001533138,0.8750000000000016,-0.004426867333333333
18,0.8500000000000016,0.0014598886666666669,0.8500000000000016,-0.005217194666666667
19,0.8250000000000017,0.0013900133333333334,0.8250000000000017,-0.005992247333333334
20,0.8000000000000018,0.0013327106666666667,0.8000000000000018,-0.006742686666666667
21,0.7750000000000019,0.0012765853333333334,0.7750000000000019,-0.007439480000000001
22,0.750000000000002,0.0012098900000000001,0.750000000000002,-0.008147426666666667
23,0.7250000000000021,0.001165884,0.7250000000000021,-0.008837460000000002
24,0.7000000000000022,0.0011121406666666667,0.7000000000000022,-0.009495633333333335
25,0.6750000000000023,0.001058904,0.6750000000000023,-0.010126193333333334
26,0.6500000000000024,0.001010566,0.6500000000000024,-0.010717306666666667
27,0.6250000000000024,0.0009629406666666667,0.6250000000000024,-0.011292133333333334
28,0.6000000000000025,0.0009205186666666666,0.6000000000000025,-0.011820226666666666
29,0.5750000000000026,0.0008744086666666667,0.5750000000000026,-0.012329193333333334
30,0.5500000000000027,0.0008347946666666667,0.5500000000000027,-0.012799626666666668
31,0.5250000000000028,0.0007897693333333333,0.5250000000000028,-0.013247146666666666
32,0.5000000000000029,0.0007433846666666667,0.5000000000000029,-0.013670933333333333
33,0.475000000000003,0.0006951100000000001,0.475000000000003,-0.01406314
34,0.45000000000000306,0.0006574309333333334,0.45000000000000306,-0.014431726666666667
35,0.42500000000000315,0.0006084841333333334,0.42500000000000315,-0.014776793333333335
36,0.40000000000000324,0.0005678955333333333,0.40000000000000324,-0.015097573333333334
37,0.37500000000000333,0.0005296119333333334,0.37500000000000333,-0.015410453333333334
38,0.3500000000000034,0.0004881444,0.3500000000000034,-0.01568940666666667
39,0.3250000000000035,0.00044719713333333334,0.3250000000000035,-0.0159569
40,0.3000000000000036,0.0004084392,0.3000000000000036,-0.016203640000000002
41,0.2750000000000037,0.0003704322666666667,0.2750000000000037,-0.016436393333333334
42,0.2500000000000038,0.00033039293333333335,0.2500000000000038,-0.016663173333333333
43,0.22500000000000386,0.000292213,0.22500000000000386,-0.016861953333333336
44,0.20000000000000395,0.0002546246,0.20000000000000395,-0.01706388
45,0.17500000000000404,0.00021738373333333335,0.17500000000000404,-0.017251033333333332
46,0.15000000000000413,0.00018131306666666668,0.15000000000000413,-0.01743422
47,0.12500000000000422,0.00014518033333333334,0.12500000000000422,-0.017598580000000003
48,0.10000000000000431,0.000109337,0.10000000000000431,-0.0177536
49,0.0750000000000044,7.42806e-05,0.0750000000000044,-0.01789954666666667
50,0.050000000000004485,3.940408666666667e-05,0.050000000000004485,-0.018040326666666665
51,0.025000000000004574,4.688598000000001e-06,0.025000000000004574,-0.01817412666666667
52,4.6629367034256575e-15,-2.9623720000000004e-05,4.6629367034256575e-15,-0.0183005
53,-0.024999999999995248,-6.44904e-05,-0.024999999999995248,-0.01842224
54,-0.04999999999999516,-0.00010247306666666667,-0.04999999999999516,-0.01853772
55,-0.07499999999999507,-0.00012782793333333334,-0.07499999999999507,-0.01864934
56,-0.09999999999999498,-0.00016260773333333332,-0.09999999999999498,-0.018751953333333335
57,-0.12499999999999489,-0.00019414986666666667,-0.12499999999999489,-0.018851513333333333
58,-0.1499999999999948,-0.00022582413333333335,-0.1499999999999948,-0.018944766666666668
59,-0.17499999999999472,-0.00025773006666666667,-0.17499999999999472,-0.019025793333333336
60,-0.19999999999999463,-0.00028935246666666667,-0.19999999999999463,-0.019106366666666666
61,-0.22499999999999454,-0.0003180116666666667,-0.22499999999999454,-0.019188553333333334
62,-0.24999999999999445,-0.0003501515333333333,-0.24999999999999445,-0.01926492
63,-0.27499999999999436,-0.0003750448,-0.27499999999999436,-0.019340780000000002
