,N5_5R_V_D,N5_5R_J_D,N5_5R_V_L,N5_5R_J_L
0,1.3,0.002025358,1.3,0.005285672666666667
1,1.2750000000000001,0.002254766666666667,1.2750000000000001,0.004869104
2,1.2500000000000002,0.0023276426666666667,1.2500000000000002,0.004366183333333333
3,1.2250000000000003,0.002281822666666667,1.2250000000000003,0.003842023333333333
4,1.2000000000000004,0.0021688393333333333,1.2000000000000004,0.0033241953333333334
5,1.1750000000000005,0.0020067046666666665,1.1750000000000005,0.00279994
6,1.1500000000000006,0.0018136186666666669,1.1500000000000006,0.0022801606666666666
7,1.1250000000000007,0.0016181880000000002,1.1250000000000007,0.0017766633333333335
8,1.1000000000000008,0.0014168686666666667,1.1000000000000008,0.001270272
9,1.0750000000000008,0.0012316766666666667,1.0750000000000008,0.0007689713333333333
10,1.050000000000001,0.0010687539999999999,1.050000000000001,0.00024070093333333333
11,1.025000000000001,0.0009375873333333334,1.025000000000001,-0.00026920713333333335
12,1.000000000000001,0.0008139993333333334,1.000000000000001,-0.0007946226666666667
13,0.9750000000000012,0.0007295973333333333,0.9750000000000012,-0.001313408
14,0.9500000000000013,0.0006550776000000001,0.9500000000000013,-0.0018415506666666667
15,0.9250000000000014,0.0005873359333333334,0.9250000000000014,-0.002375136
16,0.9000000000000015,0.0005479226666666667,0.9000000000000015,-0.002912665333333333
17,0.8750000000000016,0.0005118984666666667,0.8750000000000016,-0.003449596666666667
18,0.8500000000000016,0.0004817895333333333,0.8500000000000016,-0.003984168000000001
19,0.8250000000000017,0.00045871020000000005,0.8250000000000017,-0.0045202846666666675
20,0.8000000000000018,0.00043308740000000005,0.8000000000000018,-0.00505569
21,0.7750000000000019,0.0004142588,0.7750000000000019,-0.005592446000000001
22,0.750000000000002,0.0003954496,0.750000000000002,-0.00611469
23,0.7250000000000021,0.0003779908666666667,0.7250000000000021,-0.0066397213333333335
24,0.7000000000000022,0.00036052833333333336,0.7000000000000022,-0.007131286666666667
25,0.6750000000000023,0.00034516086666666666,0.6750000000000023,-0.007612773333333334
26,0.6500000000000024,0.0003279741333333334,0.6500000000000024,-0.008119293333333333
27,0.6250000000000024,0.00031234406666666664,0.6250000000000024,-0.008612693333333334
28,0.6000000000000025,0.000296851,0.6000000000000025,-0.009094286666666666
29,0.5750000000000026,0.0002820347333333333,0.5750000000000026,-0.009559013333333333
30,0.5500000000000027,0.0002671834666666667,0.5500000000000027,-0.010011273333333334
31,0.5250000000000028,0.0002532132666666667,0.5250000000000028,-0.010448666666666667
32,0.5000000000000029,0.00023969046666666666,0.5000000000000029,-0.010875186666666667
33,0.475000000000003,0.00022352153333333332,0.475000000000003,-0.0112808
34,0.45000000000000306,0.00021038653333333332,0.45000000000000306,-0.011674033333333333
35,0.42500000000000315,0.00019693306666666667,0.42500000000000315,-0.012052793333333334
36,0.40000000000000324,0.0001841744,0.40000000000000324,-0.012414453333333334
37,0.37500000000000333,0.00017000306666666669,0.37500000000000333,-0.012767746666666666
38,0.3500000000000034,0.00015704746666666668,0.3500000000000034,-0.0131047
39,0.3250000000000035,0.0001441616,0.3250000000000035,-0.013429513333333334
40,0.3000000000000036,0.00013083213333333333,0.3000000000000036,-0.013741566666666667
41,0.2750000000000037,0.00011824873333333335,0.2750000000000037,-0.0140409
42,0.2500000000000038,0.00010549553333333333,0.2500000000000038,-0.014327693333333334
43,0.22500000000000386,9.336206666666667e-05,0.22500000000000386,-0.0145959
44,0.20000000000000395,8.09876e-05,0.20000000000000395,-0.014865300000000001
45,0.17500000000000404,6.833593333333334e-05,0.17500000000000404,-0.015121860000000003
46,0.15000000000000413,5.710129333333333e-05,0.15000000000000413,-0.015361646666666668
47,0.12500000000000422,4.4642373333333334e-05,0.12500000000000422,-0.01559284
48,0.10000000000000431,3.266156e-05,0.10000000000000431,-0.015812793333333335
49,0.0750000000000044,2.0686886666666668e-05,0.0750000000000044,-0.016021806666666666
50,0.050000000000004485,8.955126666666666e-06,0.050000000000004485,-0.016222993333333335
51,0.025000000000004574,-2.0185853333333334e-06,0.025000000000004574,-0.016411273333333334
52,4.6629367034256575e-15,-1.323328e-05,4.6629367034256575e-15,-0.01658926
53,-0.024999999999995248,-2.535466e-05,-0.024999999999995248,-0.01675856
54,-0.04999999999999516,-3.717330666666667e-05,-0.04999999999999516,-0.016916886666666665
55,-0.07499999999999507,-4.903439333333334e-05,-0.07499999999999507,-0.01706622
56,-0.09999999999999498,-6.0810026666666666e-05,-0.09999999999999498,-0.017207473333333334
57,-0.12499999999999489,-7.182646666666667e-05,-0.12499999999999489,-0.017338286666666668
58,-0.1499999999999948,-8.3866e-05,-0.1499999999999948,-0.017464446666666668
59,-0.17499999999999472,-9.57044e-05,-0.17499999999999472,-0.017579693333333334
60,-0.19999999999999463,-0.00010758840000000002,-0.19999999999999463,-0.017683046666666667
61,-0.22499999999999454,-0.00011885326666666666,-0.22499999999999454,-0.01778676666666667
62,-0.24999999999999445,-0.00013071333333333334,-0.24999999999999445,-0.017882433333333333
63,-0.27499999999999436,-0.00014303466666666667,-0.27499999999999436,-0.017973306666666668
