,N5_5R_V_D,N5_5R_J_D,N5_5R_V_L,N5_5R_J_L
0,1.3,0.002174738666666667,1.3,0.005098066666666667
1,1.2750000000000001,0.002379048666666667,1.2750000000000001,0.004702254666666667
2,1.2500000000000002,0.0024345966666666666,1.2500000000000002,0.004241304666666667
3,1.2250000000000003,0.00237842,1.2250000000000003,0.0037578733333333337
4,1.2000000000000004,0.002219183333333333,1.2000000000000004,0.0032722299999999997
5,1.1750000000000005,0.0020847233333333333,1.1750000000000005,0.0027869313333333335
6,1.1500000000000006,0.0018842033333333333,1.1500000000000006,0.0023167613333333337
7,1.1250000000000007,0.0016757513333333334,1.1250000000000007,0.00185065
8,1.1000000000000008,0.001477134,1.1000000000000008,0.0013846233333333336
9,1.0750000000000008,0.001294926,1.0750000000000008,0.000920816
10,1.050000000000001,0.001128946,1.050000000000001,0.00042117766666666665
11,1.025000000000001,0.0010020146666666668,1.025000000000001,-0.00013442106666666667
12,1.000000000000001,0.0008789106666666666,1.000000000000001,-0.0006457648666666667
13,0.9750000000000012,0.0007889673333333334,0.9750000000000012,-0.0011935153333333334
14,0.9500000000000013,0.0007150079999999999,0.9500000000000013,-0.0017195646666666668
15,0.9250000000000014,0.0006730986666666668,0.9250000000000014,-0.002261889333333333
16,0.9000000000000015,0.0006298864666666666,0.9000000000000015,-0.0028044273333333336
17,0.8750000000000016,0.0005900346666666667,0.8750000000000016,-0.003347712666666667
18,0.8500000000000016,0.0005528765333333333,0.8500000000000016,-0.0039035013333333334
19,0.8250000000000017,0.0005252683333333333,0.8250000000000017,-0.004462998
20,0.8000000000000018,0.0004985572,0.8000000000000018,-0.005025916
21,0.7750000000000019,0.00047549893333333334,0.7750000000000019,-0.005586737333333334
22,0.750000000000002,0.00045542620000000005,0.750000000000002,-0.00613166
23,0.7250000000000021,0.00043416933333333336,0.7250000000000021,-0.006681480000000001
24,0.7000000000000022,0.0004148200666666667,0.7000000000000022,-0.007208686666666667
25,0.6750000000000023,0.00039869680000000003,0.6750000000000023,-0.007714706666666667
26,0.6500000000000024,0.0003789757333333334,0.6500000000000024,-0.00824396
27,0.6250000000000024,0.00035767240000000004,0.6250000000000024,-0.008758786666666667
28,0.6000000000000025,0.00034368213333333335,0.6000000000000025,-0.009260993333333334
29,0.5750000000000026,0.0003257504,0.5750000000000026,-0.009749433333333333
30,0.5500000000000027,0.00030752613333333333,0.5500000000000027,-0.010218806666666667
31,0.5250000000000028,0.00028487646666666667,0.5250000000000028,-0.010675446666666668
32,0.5000000000000029,0.00027147553333333336,0.5000000000000029,-0.011110833333333334
33,0.475000000000003,0.0002560228,0.475000000000003,-0.01153262
34,0.45000000000000306,0.000240643,0.45000000000000306,-0.011938353333333334
35,0.42500000000000315,0.00022543593333333335,0.42500000000000315,-0.012324166666666667
36,0.40000000000000324,0.00020989100000000003,0.40000000000000324,-0.012700006666666666
37,0.37500000000000333,0.00019491033333333334,0.37500000000000333,-0.013061413333333334
38,0.3500000000000034,0.00018014013333333333,0.3500000000000034,-0.013404173333333335
39,0.3250000000000035,0.000165691,0.3250000000000035,-0.01373482
40,0.3000000000000036,0.0001512048,0.3000000000000036,-0.01405066
41,0.2750000000000037,0.0001370726,0.2750000000000037,-0.014353993333333334
42,0.2500000000000038,0.000122683,0.2500000000000038,-0.014646273333333334
43,0.22500000000000386,0.00010845446666666667,0.22500000000000386,-0.014920306666666668
44,0.20000000000000395,9.438086666666667e-05,0.20000000000000395,-0.015191913333333334
45,0.17500000000000404,8.022446666666666e-05,0.17500000000000404,-0.015447720000000002
46,0.15000000000000413,6.66854e-05,0.15000000000000413,-0.015696153333333334
47,0.12500000000000422,5.3505406666666674e-05,0.12500000000000422,-0.015927653333333333
48,0.10000000000000431,3.96779e-05,0.10000000000000431,-0.016150980000000002
49,0.0750000000000044,2.5874593333333335e-05,0.0750000000000044,-0.01636252666666667
50,0.050000000000004485,1.235472e-05,0.050000000000004485,-0.016565873333333335
51,0.025000000000004574,-5.797720666666666e-07,0.025000000000004574,-0.016753053333333334
52,4.6629367034256575e-15,-1.3507633333333334e-05,4.6629367034256575e-15,-0.016931933333333336
53,-0.024999999999995248,-2.709030666666667e-05,-0.024999999999995248,-0.017100006666666667
54,-0.04999999999999516,-4.048825333333334e-05,-0.04999999999999516,-0.017260313333333336
55,-0.07499999999999507,-5.3871366666666674e-05,-0.07499999999999507,-0.01741182
56,-0.09999999999999498,-6.73554e-05,-0.09999999999999498,-0.01755360666666667
57,-0.12499999999999489,-8.119686666666667e-05,-0.12499999999999489,-0.017686413333333335
58,-0.1499999999999948,-9.472733333333334e-05,-0.1499999999999948,-0.017809346666666667
59,-0.17499999999999472,-0.00010838633333333334,-0.17499999999999472,-0.017925453333333334
60,-0.19999999999999463,-0.00012141633333333332,-0.19999999999999463,-0.018030913333333336
61,-0.22499999999999454,-0.00013529080000000002,-0.22499999999999454,-0.018133853333333335
62,-0.24999999999999445,-0.00013581573333333333,-0.24999999999999445,-0.01822960666666667
63,-0.27499999999999436,-0.00014819093333333334,-0.27499999999999436,-0.0183222
