,N5_5R_V_D,N5_5R_J_D,N5_5R_V_L,N5_5R_J_L
0,1.3,0.0056852000000000005,1.3,0.012018533333333333
1,1.2750000000000001,0.007821646666666668,1.2750000000000001,0.010974086666666667
2,1.2500000000000002,0.007517693333333334,1.2500000000000002,0.00977632
3,1.2250000000000003,0.00696596,1.2250000000000003,0.008623200000000001
4,1.2000000000000004,0.006359841333333334,1.2000000000000004,0.007482360000000001
5,1.1750000000000005,0.005654816,1.1750000000000005,0.006329007333333333
6,1.1500000000000006,0.0049714,1.1500000000000006,0.005258010666666667
7,1.1250000000000007,0.00431186,1.1250000000000007,0.004253572666666667
8,1.1000000000000008,0.0037418253333333334,1.1000000000000008,0.003280614666666667
9,1.0750000000000008,0.00324127,1.0750000000000008,0.0023279320000000004
10,1.050000000000001,0.00280416,1.050000000000001,0.0013893613333333334
11,1.025000000000001,0.0024507206666666667,1.025000000000001,0.00046939020000000004
12,1.000000000000001,0.002156168,1.000000000000001,-0.00044625013333333334
13,0.9750000000000012,0.0019222759999999999,0.9750000000000012,-0.0013345553333333334
14,0.9500000000000013,0.001742046,0.9500000000000013,-0.0022428580000000004
15,0.9250000000000014,0.0016002640000000001,0.9250000000000014,-0.003111434
16,0.9000000000000015,0.0014938326666666668,0.9000000000000015,-0.003978436666666667
17,0.8750000000000016,0.001397374,0.8750000000000016,-0.004812314
18,0.8500000000000016,0.0013261026666666668,0.8500000000000016,-0.005626034
19,0.8250000000000017,0.001258374,0.8250000000000017,-0.00641663
20,0.8000000000000018,0.0011998573333333335,0.8000000000000018,-0.0071411600000000006
21,0.7750000000000019,0.001142044,0.7750000000000019,-0.007891566666666667
22,0.750000000000002,0.0010906033333333335,0.750000000000002,-0.008607406666666666
23,0.7250000000000021,0.0010494853333333333,0.7250000000000021,-0.009288620000000001
24,0.7000000000000022,0.000999064,0.7000000000000022,-0.009940246666666666
25,0.6750000000000023,0.0009519066666666667,0.6750000000000023,-0.010546673333333334
26,0.6500000000000024,0.000907464,0.6500000000000024,-0.011166506666666666
27,0.6250000000000024,0.0008582446666666667,0.6250000000000024,-0.01174034
28,0.6000000000000025,0.0008148386666666668,0.6000000000000025,-0.012245106666666668
29,0.5750000000000026,0.0007723160000000001,0.5750000000000026,-0.01273542
30,0.5500000000000027,0.00073147,0.5500000000000027,-0.013196313333333334
31,0.5250000000000028,0.000690806,0.5250000000000028,-0.013608713333333335
32,0.5000000000000029,0.0006472942666666667,0.5000000000000029,-0.014013360000000002
33,0.475000000000003,0.0006113843333333333,0.475000000000003,-0.014386966666666667
34,0.45000000000000306,0.0005714587333333334,0.45000000000000306,-0.014739253333333332
35,0.42500000000000315,0.0005354579333333334,0.42500000000000315,-0.015061340000000001
36,0.40000000000000324,0.0004958453333333333,0.40000000000000324,-0.015364813333333333
37,0.37500000000000333,0.0004580944666666667,0.37500000000000333,-0.01565144666666667
38,0.3500000000000034,0.00042554593333333335,0.3500000000000034,-0.01592066
39,0.3250000000000035,0.0003903952,0.3250000000000035,-0.016167220000000003
40,0.3000000000000036,0.00035695186666666665,0.3000000000000036,-0.016396900000000002
41,0.2750000000000037,0.00032197620000000004,0.2750000000000037,-0.01661404
42,0.2500000000000038,0.00029261646666666667,0.2500000000000038,-0.016816826666666666
43,0.22500000000000386,0.0002585184666666667,0.22500000000000386,-0.017006386666666668
44,0.20000000000000395,0.00022469573333333334,0.20000000000000395,-0.017188513333333332
45,0.17500000000000404,0.00019120953333333335,0.17500000000000404,-0.01735996
46,0.15000000000000413,0.00015812186666666668,0.15000000000000413,-0.017522799999999998
47,0.12500000000000422,0.0001257178,0.12500000000000422,-0.0176805
48,0.10000000000000431,9.511940000000001e-05,0.10000000000000431,-0.017823726666666668
49,0.0750000000000044,6.442332666666667e-05,0.0750000000000044,-0.017962906666666667
50,0.050000000000004485,3.374328666666667e-05,0.050000000000004485,-0.018096
51,0.025000000000004574,3.840269333333334e-06,0.025000000000004574,-0.018225633333333335
52,4.6629367034256575e-15,-2.59179e-05,4.6629367034256575e-15,-0.018342400000000002
53,-0.024999999999995248,-5.594647333333333e-05,-0.024999999999995248,-0.018453353333333335
54,-0.04999999999999516,-8.356973333333333e-05,-0.04999999999999516,-0.0185606
55,-0.07499999999999507,-0.00011186626666666668,-0.07499999999999507,-0.018660853333333335
56,-0.09999999999999498,-0.00014106726666666668,-0.09999999999999498,-0.018758533333333334
57,-0.12499999999999489,-0.00017095266666666668,-0.12499999999999489,-0.01884838
58,-0.1499999999999948,-0.00020091113333333335,-0.1499999999999948,-0.01893710666666667
59,-0.17499999999999472,-0.00023084513333333336,-0.17499999999999472,-0.019021866666666668
60,-0.19999999999999463,-0.0002609904666666667,-0.19999999999999463,-0.019101526666666667
61,-0.22499999999999454,-0.00029201620000000005,-0.22499999999999454,-0.01918122666666667
62,-0.24999999999999445,-0.00032413066666666664,-0.24999999999999445,-0.019252353333333336
63,-0.27499999999999436,-0.00035615133333333335,-0.27499999999999436,-0.01932086666666667
