,N5_5F_V_D,N5_5F_J_D,N5_5F_V_L,N5_5F_J_L
0,-0.3,-0.00016284333333333335,-0.3,-0.008777660000000001
1,-0.27499999999999997,-0.00010407846666666667,-0.27499999999999997,-0.008237893333333333
2,-0.24999999999999994,-8.816386666666667e-05,-0.24999999999999994,-0.007843606666666666
3,-0.22499999999999992,-7.605260000000001e-05,-0.22499999999999992,-0.0075082000000000005
4,-0.1999999999999999,-6.920433333333334e-05,-0.1999999999999999,-0.00720746
5,-0.17499999999999988,-5.613193333333333e-05,-0.17499999999999988,-0.006919733333333334
6,-0.14999999999999986,-4.591611333333334e-05,-0.14999999999999986,-0.006648657333333334
7,-0.12499999999999983,-3.608746666666666e-05,-0.12499999999999983,-0.0063501140000000005
8,-0.09999999999999981,-2.6744306666666667e-05,-0.09999999999999981,-0.00608899
9,-0.07499999999999979,-1.7431e-05,-0.07499999999999979,-0.0058423220000000005
10,-0.04999999999999977,-8.09506e-06,-0.04999999999999977,-0.005603597333333334
11,-0.024999999999999745,-3.85506e-06,-0.024999999999999745,-0.005365099333333334
12,2.7755575615628914e-16,6.9995e-06,2.7755575615628914e-16,-0.005135407333333334
13,0.0250000000000003,1.3689606666666668e-05,0.0250000000000003,-0.004907123333333334
14,0.05000000000000032,2.7684573333333335e-05,0.05000000000000032,-0.004679557333333333
15,0.07500000000000034,3.8612493333333334e-05,0.07500000000000034,-0.004452249333333334
16,0.10000000000000037,4.94158e-05,0.10000000000000037,-0.004232266
17,0.1250000000000004,6.0525333333333335e-05,0.1250000000000004,-0.004010142
18,0.1500000000000004,6.99148e-05,0.1500000000000004,-0.003789960666666667
19,0.17500000000000043,7.201513333333333e-05,0.17500000000000043,-0.003573488
20,0.20000000000000046,8.79832e-05,0.20000000000000046,-0.0033559453333333335
21,0.22500000000000048,0.0001015258,0.22500000000000048,-0.003142006
22,0.2500000000000005,0.0001127082,0.2500000000000005,-0.002931298
23,0.2750000000000005,0.00012453353333333333,0.2750000000000005,-0.0027227740000000003
24,0.30000000000000054,0.00013586326666666668,0.30000000000000054,-0.0025184306666666666
25,0.32500000000000057,0.00014717646666666666,0.32500000000000057,-0.0023187880000000004
26,0.3500000000000006,0.0001589112666666667,0.3500000000000006,-0.0021228426666666665
27,0.3750000000000006,0.0001697334,0.3750000000000006,-0.0019302866666666668
28,0.40000000000000063,0.00018082046666666667,0.40000000000000063,-0.0017422706666666665
29,0.42500000000000066,0.00019364513333333333,0.42500000000000066,-0.0015637113333333333
30,0.4500000000000007,0.00020510000000000003,0.4500000000000007,-0.0013890506666666667
31,0.4750000000000007,0.00021759653333333333,0.4750000000000007,-0.0012218426666666669
32,0.5000000000000007,0.00022975073333333332,0.5000000000000007,-0.0010601886666666666
33,0.5250000000000008,0.00024335040000000003,0.5250000000000008,-0.000909766
34,0.5500000000000007,0.00027893620000000004,0.5500000000000007,-0.0007667453333333334
35,0.5750000000000008,0.00031608186666666667,0.5750000000000008,-0.0007661806666666667
36,0.6000000000000008,0.0003236826666666667,0.6000000000000008,-0.0006376991333333333
37,0.6250000000000009,0.0003272742666666667,0.6250000000000009,-0.000477056
38,0.6500000000000008,0.0003363838,0.6500000000000008,-0.0003477476
39,0.6750000000000009,0.0003471078,0.6750000000000009,-0.0002334192
40,0.7000000000000008,0.0003490549333333333,0.7000000000000008,-0.00013425346666666668
41,0.7250000000000008,0.0003531254666666667,0.7250000000000008,-0.00012767813333333333
42,0.7500000000000009,0.0003670574666666667,0.7500000000000009,-5.269012666666667e-05
43,0.775000000000001,0.0003793608,0.775000000000001,8.816866666666667e-05
44,0.8000000000000009,0.0003891474666666667,0.8000000000000009,0.00018456926666666668
45,0.8250000000000008,0.000402196,0.8250000000000008,0.0002652896666666667
46,0.850000000000001,0.00042520233333333333,0.850000000000001,0.000334119
47,0.8750000000000011,0.0004635354666666667,0.8750000000000011,0.0003906428
48,0.900000000000001,0.00046082193333333335,0.900000000000001,0.0004409692
49,0.9250000000000009,0.0004914093333333333,0.9250000000000009,0.00047998320000000003
50,0.9500000000000011,0.0005070926666666668,0.9500000000000011,0.0005273992666666667
51,0.9750000000000012,0.0005478208666666667,0.9750000000000012,0.0005975374666666667
52,1.000000000000001,0.0006139724666666666,1.000000000000001,0.0006540885333333334
53,1.025000000000001,0.0006109966666666667,1.025000000000001,0.0007224266666666666
54,1.0500000000000012,0.0006378176,1.0500000000000012,0.000780904
55,1.0750000000000013,0.0006501355333333334,1.0750000000000013,0.0008553166666666666
56,1.1000000000000012,0.0007393246666666667,1.1000000000000012,0.00095845
57,1.125000000000001,0.0007743446666666667,1.125000000000001,0.0010273526666666666
58,1.1500000000000012,0.0008009313333333334,1.1500000000000012,0.00113348
59,1.1750000000000014,0.0008917160000000001,1.1750000000000014,0.001283078
60,1.2000000000000013,0.0009692653333333333,1.2000000000000013,0.0014413346666666668
61,1.2250000000000012,0.0010553646666666668,1.2250000000000012,0.001611526
62,1.2500000000000013,0.0011369793333333334,1.2500000000000013,0.0018103346666666666
63,1.2750000000000015,0.001257232,1.2750000000000015,0.0020303200000000004
