,N5_5F_V_D,N5_5F_J_D,N5_5F_V_L,N5_5F_J_L
0,-0.3,-0.0001240136,-0.3,-0.013884286666666667
1,-0.27499999999999997,-9.981060000000001e-05,-0.27499999999999997,-0.01332708
2,-0.24999999999999994,-8.865146666666667e-05,-0.24999999999999994,-0.012889753333333333
3,-0.22499999999999992,-7.864453333333334e-05,-0.22499999999999992,-0.012474633333333334
4,-0.1999999999999999,-6.910420000000001e-05,-0.1999999999999999,-0.01208532
5,-0.17499999999999988,-6.082046666666667e-05,-0.17499999999999988,-0.011703753333333334
6,-0.14999999999999986,-5.03897e-05,-0.14999999999999986,-0.011324306666666667
7,-0.12499999999999983,-4.1158306666666665e-05,-0.12499999999999983,-0.01096104
8,-0.09999999999999981,-3.1946993333333335e-05,-0.09999999999999981,-0.010600106666666668
9,-0.07499999999999979,-2.2874393333333336e-05,-0.07499999999999979,-0.010242653333333334
10,-0.04999999999999977,-1.3702580000000002e-05,-0.04999999999999977,-0.009889266666666667
11,-0.024999999999999745,-6.305805333333333e-06,-0.024999999999999745,-0.009538513333333333
12,2.7755575615628914e-16,3.945561333333333e-06,2.7755575615628914e-16,-0.009190666666666666
13,0.0250000000000003,1.149802e-05,0.0250000000000003,-0.00884648
14,0.05000000000000032,2.2086053333333333e-05,0.05000000000000032,-0.008503446666666668
15,0.07500000000000034,3.1630733333333335e-05,0.07500000000000034,-0.00816268
16,0.10000000000000037,4.110423333333333e-05,0.10000000000000037,-0.007823766666666666
17,0.1250000000000004,5.05999e-05,0.1250000000000004,-0.007488100000000001
18,0.1500000000000004,6.0440666666666665e-05,0.1500000000000004,-0.0071515066666666665
19,0.17500000000000043,6.992493333333334e-05,0.17500000000000043,-0.006814033333333333
20,0.20000000000000046,7.75574e-05,0.20000000000000046,-0.006743766666666667
21,0.22500000000000048,8.9532e-05,0.22500000000000048,-0.006248574
22,0.2500000000000005,9.9947e-05,0.2500000000000005,-0.005886292
23,0.2750000000000005,0.00011056926666666669,0.2750000000000005,-0.005543330000000001
24,0.30000000000000054,0.00012103560000000001,0.30000000000000054,-0.005208386666666667
25,0.32500000000000057,0.0001322024,0.32500000000000057,-0.004877685333333334
26,0.3500000000000006,0.00014308666666666667,0.3500000000000006,-0.004552647333333334
27,0.3750000000000006,0.0001539148,0.3750000000000006,-0.004229951333333333
28,0.40000000000000063,0.0001648126,0.40000000000000063,-0.003916468
29,0.42500000000000066,0.00017543353333333335,0.42500000000000066,-0.0036068706666666666
30,0.4500000000000007,0.00018737946666666668,0.4500000000000007,-0.003302412666666667
31,0.4750000000000007,0.00019914246666666668,0.4750000000000007,-0.003003159333333333
32,0.5000000000000007,0.00021119013333333335,0.5000000000000007,-0.0027152240000000005
33,0.5250000000000008,0.00022198793333333332,0.5250000000000008,-0.00243245
34,0.5500000000000007,0.0002350766,0.5500000000000007,-0.002158856666666667
35,0.5750000000000008,0.0002480190666666667,0.5750000000000008,-0.0018954353333333334
36,0.6000000000000008,0.0002623618,0.6000000000000008,-0.0016431346666666668
37,0.6250000000000009,0.00027452693333333334,0.6250000000000009,-0.0014034226666666668
38,0.6500000000000008,0.0002885816,0.6500000000000008,-0.0010900713333333333
39,0.6750000000000009,0.0003003370666666667,0.6750000000000009,-0.0008584753333333334
40,0.7000000000000008,0.00031509513333333335,0.7000000000000008,-0.0007168906666666667
41,0.7250000000000008,0.00033116600000000003,0.7250000000000008,-0.0006183148666666667
42,0.7500000000000009,0.0003456398666666667,0.7500000000000009,-0.0004278726
43,0.775000000000001,0.00036096546666666667,0.775000000000001,-0.000270544
44,0.8000000000000009,0.00037317013333333334,0.8000000000000009,-0.0001342802
45,0.8250000000000008,0.000389977,0.8250000000000008,-5.637358e-05
46,0.850000000000001,0.0004078854,0.850000000000001,9.44772e-06
47,0.8750000000000011,0.00042304506666666664,0.8750000000000011,0.00013687806666666668
48,0.900000000000001,0.00044297346666666667,0.900000000000001,0.00024236593333333334
49,0.9250000000000009,0.0004609205333333334,0.9250000000000009,0.00034637046666666666
50,0.9500000000000011,0.00048114533333333336,0.9500000000000011,0.00043581353333333334
51,0.9750000000000012,0.0005024294,0.9750000000000012,0.0005183455333333334
52,1.000000000000001,0.0005269966666666667,1.000000000000001,0.0006011393333333334
53,1.025000000000001,0.0005496762666666667,1.025000000000001,0.0006878606666666667
54,1.0500000000000012,0.0005765094666666667,1.0500000000000012,0.0007693153333333334
55,1.0750000000000013,0.0006067786,1.0750000000000013,0.0008719146666666668
56,1.1000000000000012,0.0006466916,1.1000000000000012,0.0009890153333333334
57,1.125000000000001,0.0007079753333333334,1.125000000000001,0.0011080906666666667
58,1.1500000000000012,0.0007517966666666666,1.1500000000000012,0.0012524180000000002
59,1.1750000000000014,0.000813812,1.1750000000000014,0.0014119173333333333
60,1.2000000000000013,0.0008822659999999999,1.2000000000000013,0.0015848140000000001
61,1.2250000000000012,0.0009616286666666666,1.2250000000000012,0.0017982473333333336
62,1.2500000000000013,0.0010530406666666668,1.2500000000000013,0.0020429186666666667
63,1.2750000000000015,0.0011633113333333334,1.2750000000000015,0.002316888
