,N5_5R_V_D,N5_5R_J_D,N5_5R_V_L,N5_5R_J_L
0,1.3,0.0006999453333333334,1.3,0.0006999466666666667
1,1.2750000000000001,0.0005897662,1.2750000000000001,0.0005730334666666667
2,1.2500000000000002,0.0005517683333333334,1.2500000000000002,0.0005348317333333333
3,1.2250000000000003,0.0005270693999999999,1.2250000000000003,0.0005085153333333333
4,1.2000000000000004,0.0005054492,1.2000000000000004,0.0004867612
5,1.1750000000000005,0.0004850631333333334,1.1750000000000005,0.0004697427333333334
6,1.1500000000000006,0.00046586386666666666,1.1500000000000006,0.0004567742666666667
7,1.1250000000000007,0.00045075460000000003,1.1250000000000007,0.0004473348666666666
8,1.1000000000000008,0.00043865500000000003,1.1000000000000008,0.00044231626666666667
9,1.0750000000000008,0.0004262481333333333,1.0750000000000008,0.00044433606666666664
10,1.050000000000001,0.0004193582666666667,1.050000000000001,0.000441217
11,1.025000000000001,0.0004118894666666667,1.025000000000001,0.00043789180000000004
12,1.000000000000001,0.0004063166666666667,1.000000000000001,0.0004350357333333333
13,0.9750000000000012,0.00039782946666666667,0.9750000000000012,0.0004308044
14,0.9500000000000013,0.0003918830666666667,0.9500000000000013,0.0004270722666666667
15,0.9250000000000014,0.00038567066666666665,0.9250000000000014,0.00042152826666666673
16,0.9000000000000015,0.0003838132666666667,0.9000000000000015,0.0004173659333333333
17,0.8750000000000016,0.0003767334666666667,0.8750000000000016,0.0004129305333333334
18,0.8500000000000016,0.00037626673333333334,0.8500000000000016,0.0004130500666666667
19,0.8250000000000017,0.00036753340000000005,0.8250000000000017,0.00041690106666666667
20,0.8000000000000018,0.0003654686666666667,0.8000000000000018,0.00041340340000000004
21,0.7750000000000019,0.00036181173333333337,0.7750000000000019,0.00041375720000000007
22,0.750000000000002,0.0003571134,0.750000000000002,0.0004107184
23,0.7250000000000021,0.0003552602666666667,0.7250000000000021,0.0004079311333333334
24,0.7000000000000022,0.00035120266666666664,0.7000000000000022,0.000405354
25,0.6750000000000023,0.0003470286666666667,0.6750000000000023,0.00040455426666666667
26,0.6500000000000024,0.00034084633333333333,0.6500000000000024,0.00040040193333333335
27,0.6250000000000024,0.0003377215333333333,0.6250000000000024,0.00039634373333333336
28,0.6000000000000025,0.00033266553333333334,0.6000000000000025,0.00038884793333333336
29,0.5750000000000026,0.0003266048666666667,0.5750000000000026,0.00038261593333333336
30,0.5500000000000027,0.00031768033333333336,0.5500000000000027,0.0003747592
31,0.5250000000000028,0.0003102688,0.5250000000000028,0.0003631739333333333
32,0.5000000000000029,0.0003019093333333334,0.5000000000000029,0.0003525604666666667
33,0.475000000000003,0.00029155200000000004,0.475000000000003,0.0003349612
34,0.45000000000000306,0.0002793575333333333,0.45000000000000306,0.00031706206666666666
35,0.42500000000000315,0.0002668220666666667,0.42500000000000315,0.00029670673333333334
36,0.40000000000000324,0.0002510176666666667,0.40000000000000324,0.00027465273333333336
37,0.37500000000000333,0.0002355764,0.37500000000000333,0.0002498642666666667
38,0.3500000000000034,0.00021791126666666666,0.3500000000000034,0.0002238542
39,0.3250000000000035,0.0001991518666666667,0.3250000000000035,0.00019523446666666668
40,0.3000000000000036,0.00018154753333333334,0.3000000000000036,0.00016691753333333335
41,0.2750000000000037,0.00016221186666666668,0.2750000000000037,0.00013697266666666666
42,0.2500000000000038,0.0001414838,0.2500000000000038,0.00010493426666666668
43,0.22500000000000386,0.00011987166666666666,0.22500000000000386,7.17152e-05
44,0.20000000000000395,9.383873333333334e-05,0.20000000000000395,3.458782666666667e-05
45,0.17500000000000404,7.52578e-05,0.17500000000000404,-9.171153333333334e-07
46,0.15000000000000413,5.118889333333334e-05,0.15000000000000413,-2.440988666666667e-05
47,0.12500000000000422,2.912156e-05,0.12500000000000422,-5.358964e-05
48,0.10000000000000431,1.448008e-05,0.10000000000000431,-6.998033333333334e-05
49,0.0750000000000044,1.0928660000000002e-05,0.0750000000000044,-8.065033333333334e-05
50,0.050000000000004485,2.298824e-06,0.050000000000004485,-9.826746666666667e-05
51,0.025000000000004574,-6.997566666666667e-06,0.025000000000004574,-0.000113355
52,4.6629367034256575e-15,-1.436926e-05,4.6629367034256575e-15,-0.00012802146666666668
53,-0.024999999999995248,-2.6069539999999998e-05,-0.024999999999995248,-0.0001422116
54,-0.04999999999999516,-3.551390666666667e-05,-0.04999999999999516,-0.00015651026666666667
55,-0.07499999999999507,-4.4631713333333334e-05,-0.07499999999999507,-0.00017052066666666668
56,-0.09999999999999498,-5.346256666666667e-05,-0.09999999999999498,-0.00018449086666666667
57,-0.12499999999999489,-6.279882000000001e-05,-0.12499999999999489,-0.00019832506666666666
58,-0.1499999999999948,-7.000746666666666e-05,-0.1499999999999948,-0.00021252026666666667
59,-0.17499999999999472,-7.347993333333334e-05,-0.17499999999999472,-0.00022585613333333333
60,-0.19999999999999463,-8.508193333333334e-05,-0.19999999999999463,-0.0002392730666666667
61,-0.22499999999999454,-9.443206666666666e-05,-0.22499999999999454,-0.00025309853333333333
62,-0.24999999999999445,-0.00010336846666666667,-0.24999999999999445,-0.00026715680000000006
63,-0.27499999999999436,-0.00011228193333333333,-0.27499999999999436,-0.0002802665333333334
