,N5_5R_V_D,N5_5R_J_D,N5_5R_V_L,N5_5R_J_L
0,1.3,0.0012286073333333334,1.3,0.00336075
1,1.2750000000000001,0.0013045533333333333,1.2750000000000001,0.0031685506666666668
2,1.2500000000000002,0.001331568,1.2500000000000002,0.0029018566666666667
3,1.2250000000000003,0.0013168153333333334,1.2250000000000003,0.0026164513333333333
4,1.2000000000000004,0.0012736273333333334,1.2000000000000004,0.002327006
5,1.1750000000000005,0.00121087,1.1750000000000005,0.002039690666666667
6,1.1500000000000006,0.001138176,1.1500000000000006,0.0017611900000000002
7,1.1250000000000007,0.0010518246666666666,1.1250000000000007,0.0014889926666666667
8,1.1000000000000008,0.000967152,1.1000000000000008,0.0012224646666666667
9,1.0750000000000008,0.000882238,1.0750000000000008,0.0009604093333333333
10,1.050000000000001,0.000800958,1.050000000000001,0.0006994680000000001
11,1.025000000000001,0.000726638,1.025000000000001,0.0004194524666666667
12,1.000000000000001,0.0006573018000000001,1.000000000000001,0.00014118933333333335
13,0.9750000000000012,0.0005999946666666667,0.9750000000000012,-0.0001488904
14,0.9500000000000013,0.0005515293333333334,0.9500000000000013,-0.0004485624666666667
15,0.9250000000000014,0.000510454,0.9250000000000014,-0.0007700613333333333
16,0.9000000000000015,0.0004763261333333333,0.9000000000000015,-0.0011164333333333334
17,0.8750000000000016,0.0004471575333333334,0.8750000000000016,-0.0014729973333333334
18,0.8500000000000016,0.0004228406666666667,0.8500000000000016,-0.0018431026666666669
19,0.8250000000000017,0.00040145593333333336,0.8250000000000017,-0.0022238406666666667
20,0.8000000000000018,0.00038207480000000004,0.8000000000000018,-0.00261914
21,0.7750000000000019,0.00036432420000000003,0.7750000000000019,-0.003025274666666667
22,0.750000000000002,0.0003483684,0.750000000000002,-0.003439568
23,0.7250000000000021,0.00033306486666666665,0.7250000000000021,-0.0038603266666666666
24,0.7000000000000022,0.00031732313333333336,0.7000000000000022,-0.0042846
25,0.6750000000000023,0.0003029046666666667,0.6750000000000023,-0.0047145753333333335
26,0.6500000000000024,0.0002888037333333333,0.6500000000000024,-0.005144568
27,0.6250000000000024,0.0002755945333333333,0.6250000000000024,-0.0055729433333333335
28,0.6000000000000025,0.00026251873333333334,0.6000000000000025,-0.006000316666666667
29,0.5750000000000026,0.0002496492666666667,0.5750000000000026,-0.006425719333333334
30,0.5500000000000027,0.00023689219999999998,0.5500000000000027,-0.006843106666666667
31,0.5250000000000028,0.0002240268,0.5250000000000028,-0.007220066666666666
32,0.5000000000000029,0.0002113684,0.5000000000000029,-0.007590393333333333
33,0.475000000000003,0.0001994340666666667,0.475000000000003,-0.0080003
34,0.45000000000000306,0.00018707079999999998,0.45000000000000306,-0.00839994
35,0.42500000000000315,0.00017469713333333336,0.42500000000000315,-0.00879066
36,0.40000000000000324,0.00016269753333333334,0.40000000000000324,-0.0091696
37,0.37500000000000333,0.00015064306666666668,0.37500000000000333,-0.009539446666666668
38,0.3500000000000034,0.00013878960000000002,0.3500000000000034,-0.00990208
39,0.3250000000000035,0.00012718333333333335,0.3250000000000035,-0.010248186666666667
40,0.3000000000000036,0.0001149538,0.3000000000000036,-0.010586953333333333
41,0.2750000000000037,0.00010265453333333333,0.2750000000000037,-0.01091812
42,0.2500000000000038,9.12898e-05,0.2500000000000038,-0.011242406666666666
43,0.22500000000000386,7.981466666666667e-05,0.22500000000000386,-0.011543593333333334
44,0.20000000000000395,6.816833333333334e-05,0.20000000000000395,-0.011846793333333333
45,0.17500000000000404,5.902330666666667e-05,0.17500000000000404,-0.012138813333333333
46,0.15000000000000413,4.6271093333333336e-05,0.15000000000000413,-0.012419286666666668
47,0.12500000000000422,3.4833320000000006e-05,0.12500000000000422,-0.01269044
48,0.10000000000000431,2.3940906666666666e-05,0.10000000000000431,-0.012950513333333333
49,0.0750000000000044,1.3199893333333334e-05,0.0750000000000044,-0.013200199999999999
50,0.050000000000004485,4.746842000000001e-06,0.050000000000004485,-0.013441106666666666
51,0.025000000000004574,-6.78532e-06,0.025000000000004574,-0.013671380000000002
52,4.6629367034256575e-15,-1.5236866666666666e-05,4.6629367034256575e-15,-0.013885813333333333
53,-0.024999999999995248,-2.6951093333333334e-05,-0.024999999999995248,-0.014090640000000001
54,-0.04999999999999516,-3.773770666666667e-05,-0.04999999999999516,-0.0142862
55,-0.07499999999999507,-4.8324353333333336e-05,-0.07499999999999507,-0.014473553333333335
56,-0.09999999999999498,-5.8795806666666666e-05,-0.09999999999999498,-0.014645640000000001
57,-0.12499999999999489,-6.447496e-05,-0.12499999999999489,-0.014812173333333335
58,-0.1499999999999948,-7.258846666666667e-05,-0.1499999999999948,-0.014969113333333332
59,-0.17499999999999472,-8.355753333333333e-05,-0.17499999999999472,-0.015116106666666667
60,-0.19999999999999463,-9.361846666666666e-05,-0.19999999999999463,-0.015252446666666666
61,-0.22499999999999454,-0.00010410473333333334,-0.22499999999999454,-0.015386140000000001
62,-0.24999999999999445,-0.00011404146666666667,-0.24999999999999445,-0.0155106
63,-0.27499999999999436,-0.00012420866666666667,-0.27499999999999436,-0.01562972
