,N5_5R_V_D,N5_5R_J_D,N5_5R_V_L,N5_5R_J_L
0,1.3,0.004474881333333333,1.3,0.009137406666666667
1,1.2750000000000001,0.005054718666666667,1.2750000000000001,0.00838768
2,1.2500000000000002,0.005167601333333333,1.2500000000000002,0.007497473333333333
3,1.2250000000000003,0.0049918413333333335,1.2250000000000003,0.006619669333333333
4,1.2000000000000004,0.004636627333333333,1.2000000000000004,0.005735426
5,1.1750000000000005,0.004185621333333334,1.1750000000000005,0.004820276666666666
6,1.1500000000000006,0.003716509333333334,1.1500000000000006,0.0039572
7,1.1250000000000007,0.0032473226666666667,1.1250000000000007,0.0031150653333333334
8,1.1000000000000008,0.002816560666666667,1.1000000000000008,0.0023023846666666665
9,1.0750000000000008,0.002428238666666667,1.0750000000000008,0.0015053906666666666
10,1.050000000000001,0.0021035986666666667,1.050000000000001,0.000731306
11,1.025000000000001,0.001832986,1.025000000000001,-0.00010891346666666667
12,1.000000000000001,0.0016033533333333334,1.000000000000001,-0.000910386
13,0.9750000000000012,0.0014186466666666667,0.9750000000000012,-0.0016939913333333333
14,0.9500000000000013,0.0012718826666666668,0.9500000000000013,-0.0024673113333333334
15,0.9250000000000014,0.0011609853333333334,0.9250000000000014,-0.003226264
16,0.9000000000000015,0.0010683433333333334,0.9000000000000015,-0.003978336666666667
17,0.8750000000000016,0.000994422,0.8750000000000016,-0.004713921333333333
18,0.8500000000000016,0.0009340426666666667,0.8500000000000016,-0.0054355340000000005
19,0.8250000000000017,0.0008848073333333334,0.8250000000000017,-0.006149332
20,0.8000000000000018,0.0008400233333333333,0.8000000000000018,-0.006845626666666668
21,0.7750000000000019,0.0007950593333333334,0.7750000000000019,-0.007512786666666667
22,0.750000000000002,0.0007512626666666667,0.750000000000002,-0.008158053333333333
23,0.7250000000000021,0.000718992,0.7250000000000021,-0.008811606666666668
24,0.7000000000000022,0.0006901573333333334,0.7000000000000022,-0.0094551
25,0.6750000000000023,0.0006550274000000001,0.6750000000000023,-0.010048746666666667
26,0.6500000000000024,0.0006248747333333334,0.6500000000000024,-0.010618066666666667
27,0.6250000000000024,0.0005944497333333333,0.6250000000000024,-0.01115594
28,0.6000000000000025,0.0005639028666666666,0.6000000000000025,-0.011677866666666667
29,0.5750000000000026,0.000537175,0.5750000000000026,-0.0121644
30,0.5500000000000027,0.0005077146,0.5500000000000027,-0.012631306666666666
31,0.5250000000000028,0.00047902640000000005,0.5250000000000028,-0.013091073333333333
32,0.5000000000000029,0.0004516174666666667,0.5000000000000029,-0.013512953333333333
33,0.475000000000003,0.000426163,0.475000000000003,-0.01389754
34,0.45000000000000306,0.0004001318,0.45000000000000306,-0.01427756
35,0.42500000000000315,0.00037611373333333337,0.42500000000000315,-0.014629793333333335
36,0.40000000000000324,0.00034505213333333335,0.40000000000000324,-0.014961086666666666
37,0.37500000000000333,0.0003212154666666667,0.37500000000000333,-0.01526518
38,0.3500000000000034,0.00029388166666666666,0.3500000000000034,-0.015556193333333334
39,0.3250000000000035,0.0002710018,0.3250000000000035,-0.015827126666666667
40,0.3000000000000036,0.0002479039333333333,0.3000000000000036,-0.01608098
41,0.2750000000000037,0.0002227416,0.2750000000000037,-0.016319933333333335
42,0.2500000000000038,0.00018235633333333335,0.2500000000000038,-0.01654684
43,0.22500000000000386,0.00016070733333333333,0.22500000000000386,-0.016752200000000002
44,0.20000000000000395,0.00014001986666666667,0.20000000000000395,-0.016952953333333336
45,0.17500000000000404,0.00011921253333333334,0.17500000000000404,-0.01714410666666667
46,0.15000000000000413,9.92208e-05,0.15000000000000413,-0.017315280000000002
47,0.12500000000000422,7.887466666666667e-05,0.12500000000000422,-0.0174797
48,0.10000000000000431,5.977250666666667e-05,0.10000000000000431,-0.017634406666666668
49,0.0750000000000044,3.994341333333333e-05,0.0750000000000044,-0.01777876
50,0.050000000000004485,2.043350666666667e-05,0.050000000000004485,-0.01791558
51,0.025000000000004574,1.4513253333333334e-06,0.025000000000004574,-0.01804273333333333
52,4.6629367034256575e-15,-1.7715693333333334e-05,4.6629367034256575e-15,-0.018165713333333333
53,-0.024999999999995248,-3.7803686666666667e-05,-0.024999999999995248,-0.01828114
54,-0.04999999999999516,-5.711486666666667e-05,-0.04999999999999516,-0.018388473333333336
55,-0.07499999999999507,-7.728133333333334e-05,-0.07499999999999507,-0.018491133333333337
56,-0.09999999999999498,-9.716533333333333e-05,-0.09999999999999498,-0.018586986666666666
57,-0.12499999999999489,-0.00011724200000000001,-0.12499999999999489,-0.01868084
58,-0.1499999999999948,-0.00013676373333333333,-0.1499999999999948,-0.018771286666666668
59,-0.17499999999999472,-0.00015611373333333334,-0.17499999999999472,-0.018852873333333336
60,-0.19999999999999463,-0.00017612660000000002,-0.19999999999999463,-0.018929146666666667
61,-0.22499999999999454,-0.00019609173333333334,-0.22499999999999454,-0.019005340000000003
62,-0.24999999999999445,-0.00021647020000000003,-0.24999999999999445,-0.01907776
63,-0.27499999999999436,-0.000237044,-0.27499999999999436,-0.019143046666666667
