,N5_5R_V_D,N5_5R_J_D,N5_5R_V_L,N5_5R_J_L
0,1.3,0.005031086666666667,1.3,0.01063754
1,1.2750000000000001,0.005711008,1.2750000000000001,0.00968476
2,1.2500000000000002,0.005823208000000001,1.2500000000000002,0.008682713333333333
3,1.2250000000000003,0.005663913333333334,1.2250000000000003,0.007665
4,1.2000000000000004,0.005280246,1.2000000000000004,0.006673113333333334
5,1.1750000000000005,0.004825615333333334,1.1750000000000005,0.0056627253333333336
6,1.1500000000000006,0.004320959333333333,1.1500000000000006,0.004734867333333333
7,1.1250000000000007,0.003817048,1.1250000000000007,0.0038384793333333333
8,1.1000000000000008,0.0033666953333333334,1.1000000000000008,0.002977392666666667
9,1.0750000000000008,0.002945468666666667,1.0750000000000008,0.0021193886666666666
10,1.050000000000001,0.002582922,1.050000000000001,0.0012802326666666668
11,1.025000000000001,0.002274152,1.025000000000001,0.0004573480666666667
12,1.000000000000001,0.002028586666666667,1.000000000000001,-0.0003968472
13,0.9750000000000012,0.0018307800000000002,0.9750000000000012,-0.0012322593333333335
14,0.9500000000000013,0.0016617433333333332,0.9500000000000013,-0.002073444666666667
15,0.9250000000000014,0.0015311253333333335,0.9250000000000014,-0.0028936493333333335
16,0.9000000000000015,0.0014271013333333334,0.9000000000000015,-0.003694707333333334
17,0.8750000000000016,0.0013426593333333333,0.8750000000000016,-0.004492477333333334
18,0.8500000000000016,0.0012799726666666666,0.8500000000000016,-0.0052818660000000005
19,0.8250000000000017,0.001215878,0.8250000000000017,-0.006043356000000001
20,0.8000000000000018,0.0011528453333333334,0.8000000000000018,-0.006789093333333333
21,0.7750000000000019,0.0011103106666666667,0.7750000000000019,-0.007474933333333333
22,0.750000000000002,0.0010474273333333335,0.750000000000002,-0.00817654
23,0.7250000000000021,0.001000484,0.7250000000000021,-0.008866413333333335
24,0.7000000000000022,0.0009539120000000001,0.7000000000000022,-0.009516906666666668
25,0.6750000000000023,0.0009088260000000001,0.6750000000000023,-0.010141113333333333
26,0.6500000000000024,0.0008626679999999999,0.6500000000000024,-0.010737466666666667
27,0.6250000000000024,0.0008217093333333334,0.6250000000000024,-0.01126864
28,0.6000000000000025,0.0007869353333333334,0.6000000000000025,-0.01180878
29,0.5750000000000026,0.0007373686666666667,0.5750000000000026,-0.01232184
30,0.5500000000000027,0.0006972180000000001,0.5500000000000027,-0.012799586666666666
31,0.5250000000000028,0.0006597229333333333,0.5250000000000028,-0.013244700000000002
32,0.5000000000000029,0.0006260301333333334,0.5000000000000029,-0.013666486666666668
33,0.475000000000003,0.0005820494666666666,0.475000000000003,-0.014054800000000001
34,0.45000000000000306,0.0005552488666666666,0.45000000000000306,-0.01443286
35,0.42500000000000315,0.0005174261333333334,0.42500000000000315,-0.014783706666666667
36,0.40000000000000324,0.00047553920000000004,0.40000000000000324,-0.015111833333333333
37,0.37500000000000333,0.0004429232,0.37500000000000333,-0.015417020000000002
38,0.3500000000000034,0.0004068438666666667,0.3500000000000034,-0.0157036
39,0.3250000000000035,0.0003755349333333334,0.3250000000000035,-0.015970146666666667
40,0.3000000000000036,0.00034194393333333335,0.3000000000000036,-0.016220320000000003
41,0.2750000000000037,0.0003073388,0.2750000000000037,-0.01645836666666667
42,0.2500000000000038,0.00027549566666666665,0.2500000000000038,-0.0166798
43,0.22500000000000386,0.00024362846666666667,0.22500000000000386,-0.016880933333333334
44,0.20000000000000395,0.00021170273333333332,0.20000000000000395,-0.017079933333333335
45,0.17500000000000404,0.0001809422,0.17500000000000404,-0.017264353333333333
46,0.15000000000000413,0.000150246,0.15000000000000413,-0.017438526666666666
47,0.12500000000000422,0.00012056706666666668,0.12500000000000422,-0.017602013333333336
48,0.10000000000000431,9.00808e-05,0.10000000000000431,-0.017757020000000002
49,0.0750000000000044,6.141769999999999e-05,0.0750000000000044,-0.017902380000000002
50,0.050000000000004485,3.198824e-05,0.050000000000004485,-0.018040253333333336
51,0.025000000000004574,3.5466573333333333e-06,0.025000000000004574,-0.018171800000000002
52,4.6629367034256575e-15,-2.4862206666666667e-05,4.6629367034256575e-15,-0.018296926666666668
53,-0.024999999999995248,-5.364632e-05,-0.024999999999995248,-0.018407820000000002
54,-0.04999999999999516,-8.158373333333334e-05,-0.04999999999999516,-0.018523186666666667
55,-0.07499999999999507,-0.00010930526666666667,-0.07499999999999507,-0.018629000000000003
56,-0.09999999999999498,-0.0001340932,-0.09999999999999498,-0.018722753333333335
57,-0.12499999999999489,-0.00016085526666666667,-0.12499999999999489,-0.018816606666666666
58,-0.1499999999999948,-0.000187902,-0.1499999999999948,-0.018904133333333333
59,-0.17499999999999472,-0.00021428026666666668,-0.17499999999999472,-0.018987993333333335
60,-0.19999999999999463,-0.00023602793333333334,-0.19999999999999463,-0.01906514
61,-0.22499999999999454,-0.0002602534666666667,-0.22499999999999454,-0.019133526666666668
62,-0.24999999999999445,-0.00028415220000000004,-0.24999999999999445,-0.019199880000000003
63,-0.27499999999999436,-0.00028953406666666664,-0.27499999999999436,-0.01926858
