,N5_5F_V_D,N5_5F_J_D,N5_5F_V_L,N5_5F_J_L
0,-0.3,-0.00015524386666666669,-0.3,-0.010544673333333334
1,-0.27499999999999997,-0.00010487153333333334,-0.27499999999999997,-0.00997202
2,-0.24999999999999994,-9.031013333333333e-05,-0.24999999999999994,-0.00954442
3,-0.22499999999999992,-7.931966666666667e-05,-0.22499999999999992,-0.009179353333333334
4,-0.1999999999999999,-6.960020000000001e-05,-0.1999999999999999,-0.008840593333333334
5,-0.17499999999999988,-6.194342e-05,-0.17499999999999988,-0.00851498
6,-0.14999999999999986,-4.901341333333334e-05,-0.14999999999999986,-0.008204626666666668
7,-0.12499999999999983,-3.884591333333334e-05,-0.12499999999999983,-0.00790346
8,-0.09999999999999981,-2.894652e-05,-0.09999999999999981,-0.007609706666666666
9,-0.07499999999999979,-1.9234486666666665e-05,-0.07499999999999979,-0.007321253333333333
10,-0.04999999999999977,-9.857786666666667e-06,-0.04999999999999977,-0.0070374266666666675
11,-0.024999999999999745,-4.701782e-06,-0.024999999999999745,-0.0067572533333333335
12,2.7755575615628914e-16,6.999493333333333e-06,2.7755575615628914e-16,-0.006721113333333333
13,0.0250000000000003,1.3336040000000002e-05,0.0250000000000003,-0.0062600446666666665
14,0.05000000000000032,2.6857966666666666e-05,0.05000000000000032,-0.005962418000000001
15,0.07500000000000034,3.77158e-05,0.07500000000000034,-0.005682918666666667
16,0.10000000000000037,4.847028e-05,0.10000000000000037,-0.005411142000000001
17,0.1250000000000004,5.925420666666667e-05,0.1250000000000004,-0.005145953333333333
18,0.1500000000000004,6.958566666666667e-05,0.1500000000000004,-0.00488695
19,0.17500000000000043,7.206673333333335e-05,0.17500000000000043,-0.004625081333333334
20,0.20000000000000046,8.769773333333333e-05,0.20000000000000046,-0.004368633333333333
21,0.22500000000000048,9.99806e-05,0.22500000000000048,-0.004111022
22,0.2500000000000005,0.0001114008,0.2500000000000005,-0.0038282493333333337
23,0.2750000000000005,0.00012260666666666668,0.2750000000000005,-0.0035721186666666667
24,0.30000000000000054,0.00013441026666666668,0.30000000000000054,-0.003338704666666667
25,0.32500000000000057,0.000145253,0.32500000000000057,-0.0030759113333333333
26,0.3500000000000006,0.00015693366666666666,0.3500000000000006,-0.0028313346666666668
27,0.3750000000000006,0.00016849526666666667,0.3750000000000006,-0.002593732
28,0.40000000000000063,0.00018097446666666666,0.40000000000000063,-0.0023580973333333336
29,0.42500000000000066,0.0001946840666666667,0.42500000000000066,-0.0021290926666666667
30,0.4500000000000007,0.00020519653333333333,0.4500000000000007,-0.001907214
31,0.4750000000000007,0.000223313,0.4750000000000007,-0.0017019180000000002
32,0.5000000000000007,0.0002371254,0.5000000000000007,-0.0014961686666666667
33,0.5250000000000008,0.00025016460000000003,0.5250000000000008,-0.0012859286666666667
34,0.5500000000000007,0.00026172546666666666,0.5500000000000007,-0.0010894560000000001
35,0.5750000000000008,0.0002854816,0.5750000000000008,-0.0009105726666666668
36,0.6000000000000008,0.0002929222666666667,0.6000000000000008,-0.000740702
37,0.6250000000000009,0.00030863140000000005,0.6250000000000009,-0.0006441796
38,0.6500000000000008,0.00032449860000000004,0.6500000000000008,-0.000471424
39,0.6750000000000009,0.0003473832,0.6750000000000009,-0.00032356673333333336
40,0.7000000000000008,0.00038099486666666666,0.7000000000000008,-0.00019189066666666668
41,0.7250000000000008,0.0004403518,0.7250000000000008,-0.0001858532
42,0.7500000000000009,0.0004481088,0.7500000000000009,-0.00013254180000000002
43,0.775000000000001,0.0005106526666666666,0.775000000000001,-2.8230553333333335e-05
44,0.8000000000000009,0.0005007397333333333,0.8000000000000009,7.870113333333334e-05
45,0.8250000000000008,0.000507046,0.8250000000000008,0.00020165206666666668
46,0.850000000000001,0.0005832954,0.850000000000001,0.00030196966666666666
47,0.8750000000000011,0.000605065,0.8750000000000011,0.0004045082666666667
48,0.900000000000001,0.0006415616,0.900000000000001,0.0004782089333333334
49,0.9250000000000009,0.0007539479999999999,0.9250000000000009,0.000572398
50,0.9500000000000011,0.0008236413333333333,0.9500000000000011,0.0006364684
51,0.9750000000000012,0.0008536866666666666,0.9750000000000012,0.000699966
52,1.000000000000001,0.0008597079999999999,1.000000000000001,0.0007682473333333334
53,1.025000000000001,0.001011776,1.025000000000001,0.000877656
54,1.0500000000000012,0.0009986893333333335,1.0500000000000012,0.000990838
55,1.0750000000000013,0.0011182573333333335,1.0750000000000013,0.00109259
56,1.1000000000000012,0.0011338393333333334,1.1000000000000012,0.001203764
57,1.125000000000001,0.0011876893333333334,1.125000000000001,0.0013755660000000002
58,1.1500000000000012,0.0013331646666666667,1.1500000000000012,0.0015344166666666666
59,1.1750000000000014,0.0013590233333333334,1.1750000000000014,0.0016835073333333335
60,1.2000000000000013,0.0014949053333333335,1.2000000000000013,0.0018879920000000002
61,1.2250000000000012,0.0016393440000000003,1.2250000000000012,0.002106998666666667
62,1.2500000000000013,0.0016580753333333333,1.2500000000000013,0.0023607113333333333
63,1.2750000000000015,0.001947510666666667,1.2750000000000015,0.0026670486666666667
