,N5_5R_V_D,N5_5R_J_D,N5_5R_V_L,N5_5R_J_L
0,1.3,0.00067962,1.3,0.000691606
1,1.2750000000000001,0.0006493749333333333,1.2750000000000001,0.0006475830000000001
2,1.2500000000000002,0.0006220602,1.2500000000000002,0.0006136749333333334
3,1.2250000000000003,0.0005973468666666667,1.2250000000000003,0.000584645
4,1.2000000000000004,0.0005759152,1.2000000000000004,0.0005570663333333334
5,1.1750000000000005,0.0005551308666666666,1.1750000000000005,0.0005320596000000001
6,1.1500000000000006,0.0005369926,1.1500000000000006,0.0005079103333333334
7,1.1250000000000007,0.0005233025333333333,1.1250000000000007,0.0004881520666666667
8,1.1000000000000008,0.0005121061333333333,1.1000000000000008,0.0004736340666666667
9,1.0750000000000008,0.0005010382,1.0750000000000008,0.00045849506666666666
10,1.050000000000001,0.0004904002666666667,1.050000000000001,0.0004478578000000001
11,1.025000000000001,0.00048375340000000004,1.025000000000001,0.0004375338666666667
12,1.000000000000001,0.0004742634000000001,1.000000000000001,0.00043212473333333333
13,0.9750000000000012,0.00046683719999999996,0.9750000000000012,0.00042186940000000004
14,0.9500000000000013,0.0004592006,0.9500000000000013,0.00041356333333333336
15,0.9250000000000014,0.0004525955333333333,0.9250000000000014,0.00040535720000000003
16,0.9000000000000015,0.0004468711333333334,0.9000000000000015,0.0003950592666666667
17,0.8750000000000016,0.00043967560000000004,0.8750000000000016,0.00038725433333333334
18,0.8500000000000016,0.0004352289333333334,0.8500000000000016,0.0003775320666666667
19,0.8250000000000017,0.0004317528666666667,0.8250000000000017,0.0003650306
20,0.8000000000000018,0.0004240956666666667,0.8000000000000018,0.00035431553333333335
21,0.7750000000000019,0.00041833893333333334,0.7750000000000019,0.00034314053333333336
22,0.750000000000002,0.0004138851333333334,0.750000000000002,0.0003321574666666667
23,0.7250000000000021,0.0004091790666666667,0.7250000000000021,0.000320842
24,0.7000000000000022,0.0004041742,0.7000000000000022,0.00030713873333333333
25,0.6750000000000023,0.0003984549333333333,0.6750000000000023,0.0002879088666666667
26,0.6500000000000024,0.00039204306666666667,0.6500000000000024,0.0002714752666666667
27,0.6250000000000024,0.00038788200000000004,0.6250000000000024,0.00024908620000000005
28,0.6000000000000025,0.00037926653333333335,0.6000000000000025,0.00022620880000000002
29,0.5750000000000026,0.00037013806666666665,0.5750000000000026,0.00020857760000000003
30,0.5500000000000027,0.0003612424,0.5500000000000027,0.00018260366666666668
31,0.5250000000000028,0.00035338346666666666,0.5250000000000028,0.00015371280000000002
32,0.5000000000000029,0.00033996060000000003,0.5000000000000029,0.0001242788
33,0.475000000000003,0.0003280076666666667,0.475000000000003,9.258973333333334e-05
34,0.45000000000000306,0.000314938,0.45000000000000306,0.00010255333333333335
35,0.42500000000000315,0.000297762,0.42500000000000315,8.70384e-05
36,0.40000000000000324,0.00028242766666666667,0.40000000000000324,5.0306206666666666e-05
37,0.37500000000000333,0.00026287306666666666,0.37500000000000333,2.4668093333333336e-05
38,0.3500000000000034,0.00024287913333333332,0.3500000000000034,-3.173831333333334e-05
39,0.3250000000000035,0.0002218948,0.3250000000000035,-6.998046666666667e-05
40,0.3000000000000036,0.00020069979999999999,0.3000000000000036,-0.00010973573333333334
41,0.2750000000000037,0.00017729066666666667,0.2750000000000037,-0.00016900773333333334
42,0.2500000000000038,0.0001538396,0.2500000000000038,-0.00022245653333333336
43,0.22500000000000386,0.00012915526666666666,0.22500000000000386,-0.00027349093333333335
44,0.20000000000000395,9.950826666666668e-05,0.20000000000000395,-0.0003301196
45,0.17500000000000404,6.747093333333334e-05,0.17500000000000404,-0.00038907680000000003
46,0.15000000000000413,4.942121333333334e-05,0.15000000000000413,-0.00044342573333333335
47,0.12500000000000422,2.1733206666666667e-05,0.12500000000000422,-0.00048703773333333335
48,0.10000000000000431,1.2997306666666666e-05,0.10000000000000431,-0.0005242916666666667
49,0.0750000000000044,3.7254453333333337e-06,0.0750000000000044,-0.0005582322
50,0.050000000000004485,-6.9975533333333335e-06,0.050000000000004485,-0.0005902334666666667
51,0.025000000000004574,-1.3542406666666669e-05,0.025000000000004574,-0.0006210582
52,4.6629367034256575e-15,-2.900404666666667e-05,4.6629367034256575e-15,-0.0006519528666666667
53,-0.024999999999995248,-3.970153333333333e-05,-0.024999999999995248,-0.0006829226666666667
54,-0.04999999999999516,-4.9910133333333335e-05,-0.04999999999999516,-0.000700068
55,-0.07499999999999507,-6.056016000000001e-05,-0.07499999999999507,-0.0006960880000000001
56,-0.09999999999999498,-6.930506666666667e-05,-0.09999999999999498,-0.0007435753333333334
57,-0.12499999999999489,-6.721993333333333e-05,-0.12499999999999489,-0.0007760586666666667
58,-0.1499999999999948,-8.283506666666667e-05,-0.1499999999999948,-0.0008076093333333333
59,-0.17499999999999472,-9.350573333333333e-05,-0.17499999999999472,-0.000837416
60,-0.19999999999999463,-0.00010352126666666668,-0.19999999999999463,-0.0008644826666666667
61,-0.22499999999999454,-0.00011347606666666668,-0.22499999999999454,-0.000894882
62,-0.24999999999999445,-0.00012307666666666668,-0.24999999999999445,-0.0009228086666666668
63,-0.27499999999999436,-0.00013304086666666667,-0.27499999999999436,-0.0009508980000000002
