,N5_5F_V_D,N5_5F_J_D,N5_5F_V_L,N5_5F_J_L
0,-0.3,-0.00011665353333333333,-0.3,-0.014668980000000002
1,-0.27499999999999997,-9.989826666666667e-05,-0.27499999999999997,-0.014157586666666668
2,-0.24999999999999994,-8.953766666666668e-05,-0.24999999999999994,-0.013731446666666668
3,-0.22499999999999992,-7.971673333333333e-05,-0.22499999999999992,-0.013335666666666668
4,-0.1999999999999999,-7.032513333333334e-05,-0.1999999999999999,-0.012953073333333334
5,-0.17499999999999988,-6.154206e-05,-0.17499999999999988,-0.01257222
6,-0.14999999999999986,-5.165330000000001e-05,-0.14999999999999986,-0.01219662
7,-0.12499999999999983,-4.242958e-05,-0.12499999999999983,-0.01182718
8,-0.09999999999999981,-3.3189300000000004e-05,-0.09999999999999981,-0.01145694
9,-0.07499999999999979,-2.4070780000000002e-05,-0.07499999999999979,-0.011087593333333333
10,-0.04999999999999977,-1.4991673333333335e-05,-0.04999999999999977,-0.010720720000000001
11,-0.024999999999999745,-6.761766666666668e-06,-0.024999999999999745,-0.010353820000000001
12,2.7755575615628914e-16,2.9241060000000003e-06,2.7755575615628914e-16,-0.009990926666666667
13,0.0250000000000003,1.1221566666666666e-05,0.0250000000000003,-0.009625626666666666
14,0.05000000000000032,2.109482e-05,0.05000000000000032,-0.00926288
15,0.07500000000000034,3.0396013333333337e-05,0.07500000000000034,-0.008901833333333333
16,0.10000000000000037,3.973263333333333e-05,0.10000000000000037,-0.008542953333333334
17,0.1250000000000004,4.910536e-05,0.1250000000000004,-0.008185413333333334
18,0.1500000000000004,5.8603460000000006e-05,0.1500000000000004,-0.007827686666666667
19,0.17500000000000043,6.814113333333333e-05,0.17500000000000043,-0.007467806666666668
20,0.20000000000000046,7.626966666666667e-05,0.20000000000000046,-0.007116620000000001
21,0.22500000000000048,8.693793333333333e-05,0.22500000000000048,-0.0067633066666666665
22,0.2500000000000005,9.682440000000001e-05,0.2500000000000005,-0.006658914000000001
23,0.2750000000000005,0.00010677193333333333,0.2750000000000005,-0.0061629346666666664
24,0.30000000000000054,0.00011697066666666667,0.30000000000000054,-0.005782324666666667
25,0.32500000000000057,0.00012708,0.32500000000000057,-0.005417572
26,0.3500000000000006,0.00013690433333333335,0.3500000000000006,-0.005061395333333334
27,0.3750000000000006,0.00014705646666666666,0.3750000000000006,-0.004709772
28,0.40000000000000063,0.00015734826666666667,0.40000000000000063,-0.004366940666666667
29,0.42500000000000066,0.00016752273333333332,0.42500000000000066,-0.00403054
30,0.4500000000000007,0.0001781158,0.4500000000000007,-0.0036966693333333337
31,0.4750000000000007,0.0001887958,0.4750000000000007,-0.003368092666666667
32,0.5000000000000007,0.00019944720000000002,0.5000000000000007,-0.003048634666666667
33,0.5250000000000008,0.00021024466666666667,0.5250000000000008,-0.0027359673333333333
34,0.5500000000000007,0.00022128440000000003,0.5500000000000007,-0.0024309633333333336
35,0.5750000000000008,0.000232799,0.5750000000000008,-0.002135315333333333
36,0.6000000000000008,0.00024416153333333334,0.6000000000000008,-0.0018492766666666667
37,0.6250000000000009,0.0002560792666666667,0.6250000000000009,-0.0015769926666666667
38,0.6500000000000008,0.0002683920666666667,0.6500000000000008,-0.0013167546666666668
39,0.6750000000000009,0.0002812422666666667,0.6750000000000009,-0.0010714933333333333
40,0.7000000000000008,0.0002940676,0.7000000000000008,-0.0008427826666666668
41,0.7250000000000008,0.00030769153333333335,0.7250000000000008,-0.0007780973333333333
42,0.7500000000000009,0.0003215448666666667,0.7500000000000009,-0.0005878736
43,0.775000000000001,0.00033630320000000005,0.775000000000001,-0.0003729594666666667
44,0.8000000000000009,0.0003512900666666667,0.8000000000000009,-0.0001909916
45,0.8250000000000008,0.000367562,0.8250000000000008,-0.00011727413333333334
46,0.850000000000001,0.0003841264,0.850000000000001,1.8102753333333333e-05
47,0.8750000000000011,0.00040008446666666667,0.8750000000000011,0.00012419786666666667
48,0.900000000000001,0.00041686693333333337,0.900000000000001,0.0002597294666666667
49,0.9250000000000009,0.00043384173333333337,0.9250000000000009,0.00037741913333333335
50,0.9500000000000011,0.00045152840000000006,0.9500000000000011,0.00048256806666666666
51,0.9750000000000012,0.0004701062,0.9750000000000012,0.0005794266666666667
52,1.000000000000001,0.0004897973333333333,1.000000000000001,0.0006703933333333333
53,1.025000000000001,0.0005103612,1.025000000000001,0.0007226200000000001
54,1.0500000000000012,0.0005321730666666667,1.0500000000000012,0.0008172973333333334
55,1.0750000000000013,0.0005559860666666667,1.0750000000000013,0.0009165773333333333
56,1.1000000000000012,0.0005817147333333333,1.1000000000000012,0.001022862
57,1.125000000000001,0.0006105203333333334,1.125000000000001,0.001140406
58,1.1500000000000012,0.000641632,1.1500000000000012,0.0012695413333333335
59,1.1750000000000014,0.0006757266666666667,1.1750000000000014,0.0014154593333333334
60,1.2000000000000013,0.0007477313333333333,1.2000000000000013,0.00157813
61,1.2250000000000012,0.0007959120000000001,1.2250000000000012,0.0017625639999999999
62,1.2500000000000013,0.000853564,1.2500000000000013,0.001970232
63,1.2750000000000015,0.0009178346666666668,1.2750000000000015,0.0022034973333333336
