,N5_5R_V_D,N5_5R_J_D,N5_5R_V_L,N5_5R_J_L
0,1.3,0.0049302393333333335,1.3,0.01011402
1,1.2750000000000001,0.005625468,1.2750000000000001,0.009286806666666666
2,1.2500000000000002,0.005700297333333333,1.2500000000000002,0.00833358
3,1.2250000000000003,0.0055092633333333335,1.2250000000000003,0.00735524
4,1.2000000000000004,0.005127748666666667,1.2000000000000004,0.006342719333333333
5,1.1750000000000005,0.004636710666666667,1.1750000000000005,0.00540211
6,1.1500000000000006,0.004115263333333333,1.1500000000000006,0.0044876813333333335
7,1.1250000000000007,0.0036128993333333333,1.1250000000000007,0.0035826693333333333
8,1.1000000000000008,0.003149184,1.1000000000000008,0.002729846
9,1.0750000000000008,0.0027344113333333336,1.0750000000000008,0.0018856746666666667
10,1.050000000000001,0.002369101333333334,1.050000000000001,0.00106055
11,1.025000000000001,0.002061652,1.025000000000001,0.0002323296666666667
12,1.000000000000001,0.0018124393333333335,1.000000000000001,-0.0005981171333333333
13,0.9750000000000012,0.0016088046666666667,0.9750000000000012,-0.0014302153333333332
14,0.9500000000000013,0.001447794,0.9500000000000013,-0.0022625466666666666
15,0.9250000000000014,0.0013195966666666669,0.9250000000000014,-0.003070324
16,0.9000000000000015,0.0012246506666666666,0.9000000000000015,-0.003873894
17,0.8750000000000016,0.0011445526666666666,0.8750000000000016,-0.004646188000000001
18,0.8500000000000016,0.0010784493333333334,0.8500000000000016,-0.005418602666666667
19,0.8250000000000017,0.0010213406666666667,0.8250000000000017,-0.006169052666666667
20,0.8000000000000018,0.0009759166666666667,0.8000000000000018,-0.006897493333333334
21,0.7750000000000019,0.000933274,0.7750000000000019,-0.007588146666666667
22,0.750000000000002,0.0008932866666666667,0.750000000000002,-0.008272373333333334
23,0.7250000000000021,0.0008477613333333333,0.7250000000000021,-0.00895014
24,0.7000000000000022,0.0008025006666666667,0.7000000000000022,-0.009588633333333334
25,0.6750000000000023,0.0007662340000000001,0.6750000000000023,-0.010203566666666667
26,0.6500000000000024,0.0007288660000000001,0.6500000000000024,-0.010787093333333334
27,0.6250000000000024,0.0006981826666666667,0.6250000000000024,-0.011349340000000001
28,0.6000000000000025,0.0006630191333333333,0.6000000000000025,-0.011895613333333334
29,0.5750000000000026,0.0006281748000000001,0.5750000000000026,-0.012400166666666667
30,0.5500000000000027,0.0005952868,0.5500000000000027,-0.012865573333333335
31,0.5250000000000028,0.0005615697333333333,0.5250000000000028,-0.013314093333333334
32,0.5000000000000029,0.0005282754666666667,0.5000000000000029,-0.013723293333333334
33,0.475000000000003,0.0004971999999999999,0.475000000000003,-0.014116866666666667
34,0.45000000000000306,0.0004661604,0.45000000000000306,-0.014486560000000002
35,0.42500000000000315,0.0004363248,0.42500000000000315,-0.01482876
36,0.40000000000000324,0.00040574513333333336,0.40000000000000324,-0.015153213333333335
37,0.37500000000000333,0.0003753374666666667,0.37500000000000333,-0.015458893333333334
38,0.3500000000000034,0.0003457668,0.3500000000000034,-0.015743946666666668
39,0.3250000000000035,0.0003166968,0.3250000000000035,-0.01600840666666667
40,0.3000000000000036,0.00028926773333333336,0.3000000000000036,-0.01625737333333333
41,0.2750000000000037,0.00026078053333333334,0.2750000000000037,-0.01648946
42,0.2500000000000038,0.00023337673333333333,0.2500000000000038,-0.016714346666666668
43,0.22500000000000386,0.00020647486666666668,0.22500000000000386,-0.016906826666666666
44,0.20000000000000395,0.00017999013333333335,0.20000000000000395,-0.0171036
45,0.17500000000000404,0.00015354926666666667,0.17500000000000404,-0.01728568
46,0.15000000000000413,0.0001276372,0.15000000000000413,-0.017456786666666665
47,0.12500000000000422,0.0001023484,0.12500000000000422,-0.01761622666666667
48,0.10000000000000431,7.708520000000001e-05,0.10000000000000431,-0.017766360000000002
49,0.0750000000000044,5.239616e-05,0.0750000000000044,-0.017909926666666666
50,0.050000000000004485,2.7076766666666668e-05,0.050000000000004485,-0.018044433333333335
51,0.025000000000004574,2.7254826666666666e-06,0.025000000000004574,-0.018172286666666666
52,4.6629367034256575e-15,-2.175516e-05,4.6629367034256575e-15,-0.018293946666666668
53,-0.024999999999995248,-4.6680640000000004e-05,-0.024999999999995248,-0.018405653333333334
54,-0.04999999999999516,-6.567091333333333e-05,-0.04999999999999516,-0.018514386666666667
55,-0.07499999999999507,-8.872906666666668e-05,-0.07499999999999507,-0.0186159
56,-0.09999999999999498,-0.00011156306666666668,-0.09999999999999498,-0.01870882
57,-0.12499999999999489,-0.00013305593333333334,-0.12499999999999489,-0.01879648
58,-0.1499999999999948,-0.0001538772,-0.1499999999999948,-0.01888074
59,-0.17499999999999472,-0.00017653506666666667,-0.17499999999999472,-0.01896038666666667
60,-0.19999999999999463,-0.00019876426666666668,-0.19999999999999463,-0.019033113333333334
61,-0.22499999999999454,-0.0002227132,-0.22499999999999454,-0.0191066
62,-0.24999999999999445,-0.00024518473333333336,-0.24999999999999445,-0.019174053333333333
63,-0.27499999999999436,-0.0002631158,-0.27499999999999436,-0.019238373333333336
