,N5_5F_V_D,N5_5F_J_D,N5_5F_V_L,N5_5F_J_L
0,-0.3,-0.0001418302,-0.3,-0.01827802
1,-0.27499999999999997,-0.00012811866666666668,-0.27499999999999997,-0.01796606666666667
2,-0.24999999999999994,-0.00011562026666666666,-0.24999999999999994,-0.017693573333333334
3,-0.22499999999999992,-0.0001037446,-0.22499999999999992,-0.017430166666666667
4,-0.1999999999999999,-9.148906666666667e-05,-0.1999999999999999,-0.017168813333333335
5,-0.17499999999999988,-7.965306666666667e-05,-0.17499999999999988,-0.01689842
6,-0.14999999999999986,-6.75702e-05,-0.14999999999999986,-0.016624946666666668
7,-0.12499999999999983,-5.607385333333333e-05,-0.12499999999999983,-0.016345273333333334
8,-0.09999999999999981,-4.4349073333333335e-05,-0.09999999999999981,-0.016060493333333335
9,-0.07499999999999979,-3.2496233333333336e-05,-0.07499999999999979,-0.01577034
10,-0.04999999999999977,-2.0799566666666666e-05,-0.04999999999999977,-0.015473373333333333
11,-0.024999999999999745,-9.1236e-06,-0.024999999999999745,-0.0151687
12,2.7755575615628914e-16,2.2888233333333336e-06,2.7755575615628914e-16,-0.014860066666666668
13,0.0250000000000003,1.390576e-05,0.0250000000000003,-0.01453892
14,0.05000000000000032,2.5851199999999997e-05,0.05000000000000032,-0.01421414
15,0.07500000000000034,3.7533106666666664e-05,0.07500000000000034,-0.013881786666666666
16,0.10000000000000037,4.9453293333333334e-05,0.10000000000000037,-0.01353912
17,0.1250000000000004,6.129431333333333e-05,0.1250000000000004,-0.0131957
18,0.1500000000000004,7.28256e-05,0.1500000000000004,-0.012846773333333334
19,0.17500000000000043,8.535146666666667e-05,0.17500000000000043,-0.01248784
20,0.20000000000000046,9.762033333333334e-05,0.20000000000000046,-0.012125933333333335
21,0.22500000000000048,0.0001102678,0.22500000000000048,-0.0117555
22,0.2500000000000005,0.00012298533333333334,0.2500000000000005,-0.011383566666666668
23,0.2750000000000005,0.0001354906,0.2750000000000005,-0.01100688
24,0.30000000000000054,0.00014796480000000002,0.30000000000000054,-0.010621106666666668
25,0.32500000000000057,0.00016114420000000001,0.32500000000000057,-0.010229426666666668
26,0.3500000000000006,0.00017434320000000002,0.3500000000000006,-0.009834246666666668
27,0.3750000000000006,0.00018752120000000002,0.3750000000000006,-0.009436093333333334
28,0.40000000000000063,0.00020083426666666666,0.40000000000000063,-0.00902918
29,0.42500000000000066,0.00021470600000000003,0.42500000000000066,-0.008613373333333334
30,0.4500000000000007,0.00022897793333333334,0.4500000000000007,-0.008199646666666666
31,0.4750000000000007,0.00024216126666666668,0.4750000000000007,-0.007777493333333334
32,0.5000000000000007,0.00025558193333333337,0.5000000000000007,-0.0073494066666666665
33,0.5250000000000008,0.00027126993333333334,0.5250000000000008,-0.0069168
34,0.5500000000000007,0.00028628666666666666,0.5500000000000007,-0.0067511866666666665
35,0.5750000000000008,0.00030098153333333336,0.5750000000000008,-0.006157662
36,0.6000000000000008,0.00031653413333333335,0.6000000000000008,-0.005673598
37,0.6250000000000009,0.0003354396666666667,0.6250000000000009,-0.005195708
38,0.6500000000000008,0.0003535064666666667,0.6500000000000008,-0.0047260213333333335
39,0.6750000000000009,0.00037321360000000005,0.6750000000000009,-0.004256447333333334
40,0.7000000000000008,0.0003928836,0.7000000000000008,-0.0037936926666666667
41,0.7250000000000008,0.00041520233333333336,0.7250000000000008,-0.0033302140000000006
42,0.7500000000000009,0.00043965080000000004,0.7500000000000009,-0.0028779553333333338
43,0.775000000000001,0.0004635226666666667,0.775000000000001,-0.0024357466666666667
44,0.8000000000000009,0.0004929666666666667,0.8000000000000009,-0.0019942460000000003
45,0.8250000000000008,0.0005293480666666667,0.8250000000000008,-0.001586642
46,0.850000000000001,0.0005645167333333333,0.850000000000001,-0.0011877933333333333
47,0.8750000000000011,0.0006029348666666667,0.8750000000000011,-0.0008168333333333335
48,0.900000000000001,0.0006411497333333334,0.900000000000001,-0.0005351724666666668
49,0.9250000000000009,0.0006847966666666666,0.9250000000000009,-0.00017390106666666667
50,0.9500000000000011,0.0007138006666666666,0.9500000000000011,0.00014928440000000002
51,0.9750000000000012,0.000758972,0.9750000000000012,0.0004517413333333334
52,1.000000000000001,0.0008087833333333334,1.000000000000001,0.0006999673333333334
53,1.025000000000001,0.0008979633333333333,1.025000000000001,0.0009678653333333334
54,1.0500000000000012,0.0009719413333333334,1.0500000000000012,0.0012724946666666666
55,1.0750000000000013,0.0010509353333333334,1.0750000000000013,0.0015567266666666666
56,1.1000000000000012,0.0011450473333333335,1.1000000000000012,0.0018618460000000001
57,1.125000000000001,0.0012335220000000001,1.125000000000001,0.0021833700000000004
58,1.1500000000000012,0.0013458580000000001,1.1500000000000012,0.002517324666666667
59,1.1750000000000014,0.0014819793333333334,1.1750000000000014,0.002898024
60,1.2000000000000013,0.001630442,1.2000000000000013,0.003291245333333333
61,1.2250000000000012,0.001808258,1.2250000000000012,0.0037619600000000004
62,1.2500000000000013,0.0020278866666666668,1.2500000000000013,0.004257100000000001
63,1.2750000000000015,0.002273258666666667,1.2750000000000015,0.004809674666666667
