,N5_5F_V_D,N5_5F_J_D,N5_5F_V_L,N5_5F_J_L
0,-0.3,-0.00017221786666666666,-0.3,-0.01894504
1,-0.27499999999999997,-0.0001550064,-0.27499999999999997,-0.018724133333333334
2,-0.24999999999999994,-0.00014004306666666667,-0.24999999999999994,-0.018528633333333336
3,-0.22499999999999992,-0.00012514846666666668,-0.22499999999999992,-0.01833946666666667
4,-0.1999999999999999,-0.00011087933333333333,-0.1999999999999999,-0.018151240000000003
5,-0.17499999999999988,-9.620553333333334e-05,-0.17499999999999988,-0.017953673333333336
6,-0.14999999999999986,-8.221966666666667e-05,-0.14999999999999986,-0.017754586666666666
7,-0.12499999999999983,-6.768906666666668e-05,-0.12499999999999983,-0.01754986
8,-0.09999999999999981,-5.366492000000001e-05,-0.09999999999999981,-0.017334693333333335
9,-0.07499999999999979,-3.939304666666667e-05,-0.07499999999999979,-0.01711626
10,-0.04999999999999977,-2.5205280000000003e-05,-0.04999999999999977,-0.016886913333333337
11,-0.024999999999999745,-1.1035053333333333e-05,-0.024999999999999745,-0.016651146666666665
12,2.7755575615628914e-16,2.7531806666666667e-06,2.7755575615628914e-16,-0.01640896666666667
13,0.0250000000000003,1.672724e-05,0.0250000000000003,-0.016151346666666667
14,0.05000000000000032,3.1173560000000007e-05,0.05000000000000032,-0.01588928666666667
15,0.07500000000000034,4.551986666666667e-05,0.07500000000000034,-0.015614320000000001
16,0.10000000000000037,5.984118e-05,0.10000000000000037,-0.015327846666666667
17,0.1250000000000004,7.358866666666667e-05,0.1250000000000004,-0.015037666666666668
18,0.1500000000000004,8.856066666666667e-05,0.1500000000000004,-0.014736206666666668
19,0.17500000000000043,0.00010346893333333334,0.17500000000000043,-0.014423200000000002
20,0.20000000000000046,0.0001181596,0.20000000000000046,-0.014095493333333334
21,0.22500000000000048,0.0001330064,0.22500000000000048,-0.013683286666666666
22,0.2500000000000005,0.00014842620000000002,0.2500000000000005,-0.013355226666666668
23,0.2750000000000005,0.00016372933333333334,0.2750000000000005,-0.012875633333333332
24,0.30000000000000054,0.0001802962,0.30000000000000054,-0.011684893333333333
25,0.32500000000000057,0.00019750220000000002,0.32500000000000057,-0.010665473333333333
26,0.3500000000000006,0.00021402073333333336,0.3500000000000006,-0.010458133333333335
27,0.3750000000000006,0.00022834920000000002,0.3750000000000006,-0.0093419
28,0.40000000000000063,0.00024348980000000003,0.40000000000000063,-0.008212606666666667
29,0.42500000000000066,0.00026052106666666665,0.42500000000000066,-0.006908880000000001
30,0.4500000000000007,0.00027765773333333335,0.4500000000000007,-0.009888306666666666
31,0.4750000000000007,0.0002953186666666667,0.4750000000000007,-0.00918108
32,0.5000000000000007,0.00031586186666666667,0.5000000000000007,-0.008617800000000002
33,0.5250000000000008,0.0003336646666666667,0.5250000000000008,-0.008980646666666666
34,0.5500000000000007,0.0003501020666666667,0.5500000000000007,-0.00848962
35,0.5750000000000008,0.00040731753333333337,0.5750000000000008,-0.00794378
36,0.6000000000000008,0.00042342486666666665,0.6000000000000008,-0.007404866666666668
37,0.6250000000000009,0.0004478901333333334,0.6250000000000009,-0.006861306666666667
38,0.6500000000000008,0.00047484813333333335,0.6500000000000008,-0.006657479333333333
39,0.6750000000000009,0.0005176592666666667,0.6750000000000009,-0.005930929333333334
40,0.7000000000000008,0.0005442571333333334,0.7000000000000008,-0.005360354666666667
41,0.7250000000000008,0.0005812417333333334,0.7250000000000008,-0.004839418000000001
42,0.7500000000000009,0.0006185416,0.7500000000000009,-0.004257996
43,0.775000000000001,0.0006521484666666668,0.775000000000001,-0.003699844
44,0.8000000000000009,0.0006948446666666667,0.8000000000000009,-0.003131492
45,0.8250000000000008,0.0007359493333333333,0.8250000000000008,-0.0025579053333333332
46,0.850000000000001,0.0007886953333333334,0.850000000000001,-0.002018166
47,0.8750000000000011,0.0008556319999999999,0.8750000000000011,-0.0014873913333333334
48,0.900000000000001,0.0009221513333333333,0.900000000000001,-0.000957954
49,0.9250000000000009,0.0009991453333333333,0.9250000000000009,-0.0005987172666666667
50,0.9500000000000011,0.0010810966666666667,0.9500000000000011,-6.85118e-05
51,0.9750000000000012,0.001157426,0.9750000000000012,0.0004078952
52,1.000000000000001,0.0012685720000000001,1.000000000000001,0.0009838193333333335
53,1.025000000000001,0.0013862520000000001,1.025000000000001,0.0014616386666666667
54,1.0500000000000012,0.0015288806666666668,1.0500000000000012,0.001963920666666667
55,1.0750000000000013,0.0016818313333333333,1.0750000000000013,0.0024799173333333335
56,1.1000000000000012,0.0018586079999999999,1.1000000000000012,0.0029908913333333335
57,1.125000000000001,0.002077279333333333,1.125000000000001,0.003567898666666667
58,1.1500000000000012,0.002324932,1.1500000000000012,0.00412506
59,1.1750000000000014,0.002628879333333334,1.1750000000000014,0.004768076
60,1.2000000000000013,0.002982026666666667,1.2000000000000013,0.005527690666666667
61,1.2250000000000012,0.003376871333333333,1.2250000000000012,0.006352162666666667
62,1.2500000000000013,0.003910314000000001,1.2500000000000013,0.007339946666666667
63,1.2750000000000015,0.004477706666666667,1.2750000000000015,0.008347493333333334
