,N5_5R_V_D,N5_5R_J_D,N5_5R_V_L,N5_5R_J_L
0,1.3,0.0010041386666666667,1.3,0.0017059319999999998
1,1.2750000000000001,0.0010272653333333335,1.2750000000000001,0.0016181993333333334
2,1.2500000000000002,0.0010279306666666668,1.2500000000000002,0.0015044513333333333
3,1.2250000000000003,0.0010073286666666666,1.2250000000000003,0.0013777946666666666
4,1.2000000000000004,0.00097348,1.2000000000000004,0.0012512746666666667
5,1.1750000000000005,0.0009280846666666667,1.1750000000000005,0.0011237333333333334
6,1.1500000000000006,0.0008780933333333334,1.1500000000000006,0.00100053
7,1.1250000000000007,0.000829438,1.1250000000000007,0.0008793806666666667
8,1.1000000000000008,0.0007812646666666667,1.1000000000000008,0.0007627126666666667
9,1.0750000000000008,0.000734978,1.0750000000000008,0.000653489
10,1.050000000000001,0.0006931820000000001,1.050000000000001,0.0005403444666666667
11,1.025000000000001,0.0006591204666666667,1.025000000000001,0.0004264794
12,1.000000000000001,0.0006245146666666667,1.000000000000001,0.0003096452
13,0.9750000000000012,0.0005977990000000001,0.9750000000000012,0.00019084360000000002
14,0.9500000000000013,0.0005722368,0.9500000000000013,6.752940000000001e-05
15,0.9250000000000014,0.0005471734666666668,0.9250000000000014,-3.5443833333333334e-05
16,0.9000000000000015,0.000526911,0.9000000000000015,-0.00014422306666666667
17,0.8750000000000016,0.0005117202666666667,0.8750000000000016,-0.0002962540666666667
18,0.8500000000000016,0.0004965262666666667,0.8500000000000016,-0.00044577859999999996
19,0.8250000000000017,0.0004931738666666667,0.8250000000000017,-0.0005993348
20,0.8000000000000018,0.0004961429333333333,0.8000000000000018,-0.0006968366666666667
21,0.7750000000000019,0.00048522,0.7750000000000019,-0.000875112
22,0.750000000000002,0.00046992813333333335,0.750000000000002,-0.0010541300000000001
23,0.7250000000000021,0.00045629493333333335,0.7250000000000021,-0.0012344666666666666
24,0.7000000000000022,0.0004449493333333334,0.7000000000000022,-0.0014178606666666667
25,0.6750000000000023,0.0004330465333333333,0.6750000000000023,-0.001608454
26,0.6500000000000024,0.00041780613333333336,0.6500000000000024,-0.0017955973333333333
27,0.6250000000000024,0.0004044404,0.6250000000000024,-0.0019862413333333337
28,0.6000000000000025,0.0003912498666666667,0.6000000000000025,-0.0021848286666666665
29,0.5750000000000026,0.0003748038,0.5750000000000026,-0.002383272666666667
30,0.5500000000000027,0.0003603730666666667,0.5500000000000027,-0.0025796686666666666
31,0.5250000000000028,0.0003453186666666667,0.5250000000000028,-0.0027761540000000003
32,0.5000000000000029,0.0003292942,0.5000000000000029,-0.0029750933333333334
33,0.475000000000003,0.0003135112666666667,0.475000000000003,-0.003173840666666667
34,0.45000000000000306,0.0002942576,0.45000000000000306,-0.0033706513333333337
35,0.42500000000000315,0.0002777378,0.42500000000000315,-0.0035656486666666666
36,0.40000000000000324,0.0002590952,0.40000000000000324,-0.0037613413333333337
37,0.37500000000000333,0.00023851766666666666,0.37500000000000333,-0.0039548280000000005
38,0.3500000000000034,0.00021717613333333333,0.3500000000000034,-0.004144690666666667
39,0.3250000000000035,0.00019672386666666668,0.3250000000000035,-0.004334821333333333
40,0.3000000000000036,0.0001743854,0.3000000000000036,-0.00451805
41,0.2750000000000037,0.0001520648666666667,0.2750000000000037,-0.0047029053333333334
42,0.2500000000000038,0.00012859433333333334,0.2500000000000038,-0.004886184
43,0.22500000000000386,0.00010698426666666669,0.22500000000000386,-0.005055218666666667
44,0.20000000000000395,7.99314e-05,0.20000000000000395,-0.005234345333333334
45,0.17500000000000404,5.9130480000000004e-05,0.17500000000000404,-0.00540861
46,0.15000000000000413,3.1932926666666665e-05,0.15000000000000413,-0.00558361
47,0.12500000000000422,1.126478e-05,0.12500000000000422,-0.005747683333333333
48,0.10000000000000431,4.579424e-06,0.10000000000000431,-0.005903541333333334
49,0.0750000000000044,-6.99756e-06,0.0750000000000044,-0.006053249333333333
50,0.050000000000004485,-1.2126806666666667e-05,0.050000000000004485,-0.00619648
51,0.025000000000004574,-2.9028033333333334e-05,0.025000000000004574,-0.0063352113333333335
52,4.6629367034256575e-15,-4.009623333333334e-05,4.6629367034256575e-15,-0.006467576000000001
53,-0.024999999999995248,-5.097377333333333e-05,-0.024999999999995248,-0.0065948586666666675
54,-0.04999999999999516,-6.187414000000001e-05,-0.04999999999999516,-0.00671684
55,-0.07499999999999507,-6.989106666666667e-05,-0.07499999999999507,-0.006835593333333333
56,-0.09999999999999498,-6.789973333333334e-05,-0.09999999999999498,-0.00694888
57,-0.12499999999999489,-8.563126666666667e-05,-0.12499999999999489,-0.007000466666666667
58,-0.1499999999999948,-9.680093333333333e-05,-0.1499999999999948,-0.006991306666666667
59,-0.17499999999999472,-0.00010762653333333332,-0.17499999999999472,-0.007152886666666668
60,-0.19999999999999463,-0.00011895153333333334,-0.19999999999999463,-0.007265186666666667
61,-0.22499999999999454,-0.00013076893333333335,-0.22499999999999454,-0.00737226
62,-0.24999999999999445,-0.0001412672,-0.24999999999999445,-0.00747008
63,-0.27499999999999436,-0.00015414246666666667,-0.27499999999999436,-0.0075603
