,N5_5R_V_D,N5_5R_J_D,N5_5R_V_L,N5_5R_J_L
0,1.3,0.0006838533333333334,1.3,0.000680478
1,1.2750000000000001,0.0006664941333333333,1.2750000000000001,0.0006372302666666666
2,1.2500000000000002,0.0006424973333333334,1.2500000000000002,0.0006050711333333333
3,1.2250000000000003,0.0006179730000000001,1.2250000000000003,0.0005749326666666666
4,1.2000000000000004,0.0006016441333333334,1.2000000000000004,0.0005470132666666668
5,1.1750000000000005,0.0005876901333333334,1.1750000000000005,0.0005213286666666667
6,1.1500000000000006,0.0005712374666666667,1.1500000000000006,0.0004995365333333333
7,1.1250000000000007,0.0005606511333333333,1.1250000000000007,0.00048241993333333335
8,1.1000000000000008,0.0005513625333333333,1.1000000000000008,0.0004678189333333333
9,1.0750000000000008,0.0005433840000000001,1.0750000000000008,0.0004538991333333334
10,1.050000000000001,0.0005341169333333334,1.050000000000001,0.0004424894666666667
11,1.025000000000001,0.0005255251333333333,1.025000000000001,0.00043014
12,1.000000000000001,0.0005223284,1.000000000000001,0.00042016106666666666
13,0.9750000000000012,0.0005210172000000001,0.9750000000000012,0.0004091744666666667
14,0.9500000000000013,0.0005127696,0.9500000000000013,0.0003984864
15,0.9250000000000014,0.0005095987333333333,0.9250000000000014,0.00038937633333333335
16,0.9000000000000015,0.0005030410666666667,0.9000000000000015,0.0003819950666666667
17,0.8750000000000016,0.0004989429333333334,0.8750000000000016,0.0003725389333333333
18,0.8500000000000016,0.0004967458,0.8500000000000016,0.00036539520000000003
19,0.8250000000000017,0.0004896877333333333,0.8250000000000017,0.00035376313333333335
20,0.8000000000000018,0.00048489953333333334,0.8000000000000018,0.0003428390666666667
21,0.7750000000000019,0.0004820523333333334,0.7750000000000019,0.0003339954
22,0.750000000000002,0.00047725486666666664,0.750000000000002,0.0003224564
23,0.7250000000000021,0.00047275266666666664,0.7250000000000021,0.00031278913333333336
24,0.7000000000000022,0.0004668238666666667,0.7000000000000022,0.0003020706666666667
25,0.6750000000000023,0.00045965340000000005,0.6750000000000023,0.00029468573333333334
26,0.6500000000000024,0.0004516972666666667,0.6500000000000024,0.00028132346666666667
27,0.6250000000000024,0.0004439174666666666,0.6250000000000024,0.0002639876
28,0.6000000000000025,0.00043526313333333333,0.6000000000000025,0.0002475648
29,0.5750000000000026,0.0004238957333333334,0.5750000000000026,0.00022673600000000003
30,0.5500000000000027,0.00040724846666666666,0.5500000000000027,0.000207934
31,0.5250000000000028,0.00039708526666666665,0.5250000000000028,0.00018484873333333334
32,0.5000000000000029,0.0003796014,0.5000000000000029,0.00015765933333333334
33,0.475000000000003,0.00036417933333333333,0.475000000000003,0.00013251500000000001
34,0.45000000000000306,0.00034810286666666664,0.45000000000000306,0.00010331346666666666
35,0.42500000000000315,0.0003297814,0.42500000000000315,7.147673333333334e-05
36,0.40000000000000324,0.00031034993333333333,0.40000000000000324,5.7802860000000006e-05
37,0.37500000000000333,0.0002894736666666667,0.37500000000000333,1.3103360000000001e-05
38,0.3500000000000034,0.0002687862,0.3500000000000034,-2.6754326666666666e-05
39,0.3250000000000035,0.00024542193333333337,0.3250000000000035,-6.727233333333334e-05
40,0.3000000000000036,0.00022050346666666667,0.3000000000000036,-8.22434e-05
41,0.2750000000000037,0.00019356973333333334,0.2750000000000037,-0.00013631580000000003
42,0.2500000000000038,0.00016744860000000001,0.2500000000000038,-0.00018459386666666667
43,0.22500000000000386,0.00013835033333333332,0.22500000000000386,-0.00023114246666666667
44,0.20000000000000395,0.00010379006666666666,0.20000000000000395,-0.00028324573333333335
45,0.17500000000000404,6.799733333333334e-05,0.17500000000000404,-0.00033830233333333334
46,0.15000000000000413,4.824770666666667e-05,0.15000000000000413,-0.0003903106666666667
47,0.12500000000000422,2.2412726666666667e-05,0.12500000000000422,-0.0004334968666666667
48,0.10000000000000431,1.348426e-05,0.10000000000000431,-0.0004709854666666667
49,0.0750000000000044,3.871307333333334e-06,0.0750000000000044,-0.0005015452666666667
50,0.050000000000004485,-6.997566666666667e-06,0.050000000000004485,-0.0005299309333333333
51,0.025000000000004574,-1.3254193333333333e-05,0.025000000000004574,-0.0005573656666666667
52,4.6629367034256575e-15,-2.8434880000000003e-05,4.6629367034256575e-15,-0.0005860476
53,-0.024999999999995248,-3.917233333333333e-05,-0.024999999999995248,-0.0006123212666666667
54,-0.04999999999999516,-4.930192e-05,-0.04999999999999516,-0.0006392809333333334
55,-0.07499999999999507,-5.9812806666666674e-05,-0.07499999999999507,-0.0006653472
56,-0.09999999999999498,-6.890626666666667e-05,-0.09999999999999498,-0.000691284
57,-0.12499999999999489,-6.667906666666667e-05,-0.12499999999999489,-0.000700068
58,-0.1499999999999948,-8.256186666666667e-05,-0.1499999999999948,-0.0007000926666666667
59,-0.17499999999999472,-9.341526666666668e-05,-0.17499999999999472,-0.000743582
60,-0.19999999999999463,-0.0001029124,-0.19999999999999463,-0.000771024
61,-0.22499999999999454,-0.0001129222,-0.22499999999999454,-0.0007985033333333334
62,-0.24999999999999445,-0.00012270393333333336,-0.24999999999999445,-0.0008249473333333333
63,-0.27499999999999436,-0.00013249173333333334,-0.27499999999999436,-0.0008501126666666667
