,N6_4R_V_D,N6_4R_J_D,N6_4R_V_L,N6_4R_J_L
0,1.3,0.008981633333333334,1.3,0.014028120000000002
1,1.2750000000000001,0.008966333333333333,1.2750000000000001,0.01265552
2,1.2500000000000002,0.008550473333333333,1.2500000000000002,0.011252999999999999
3,1.2250000000000003,0.007920053333333333,1.2250000000000003,0.009864573333333335
4,1.2000000000000004,0.007158546666666666,1.2000000000000004,0.008477246666666667
5,1.1750000000000005,0.006353794,1.1750000000000005,0.007103600000000001
6,1.1500000000000006,0.005492653333333333,1.1500000000000006,0.005657089333333334
7,1.1250000000000007,0.004618137333333334,1.1250000000000007,0.004310553333333334
8,1.1000000000000008,0.0037838906666666666,1.1000000000000008,0.0029822246666666666
9,1.0750000000000008,0.0030004560000000003,1.0750000000000008,0.0016774253333333333
10,1.050000000000001,0.0023017153333333333,1.050000000000001,0.0003560422
11,1.025000000000001,0.0016965826666666666,1.025000000000001,-0.0009847693333333335
12,1.000000000000001,0.001200972,1.000000000000001,-0.0022319960000000004
13,0.9750000000000012,0.0008201653333333335,0.9750000000000012,-0.0034377686666666666
14,0.9500000000000013,0.0005561686,0.9500000000000013,-0.004606681333333334
15,0.9250000000000014,0.00035552113333333333,0.9250000000000014,-0.005732416000000001
16,0.9000000000000015,0.00022847000000000004,0.9000000000000015,-0.006817713333333334
17,0.8750000000000016,0.00015532406666666669,0.8750000000000016,-0.007828606666666668
18,0.8500000000000016,0.00011539593333333334,0.8500000000000016,-0.008826806666666668
19,0.8250000000000017,8.668233333333333e-05,0.8250000000000017,-0.009766346666666667
20,0.8000000000000018,6.688706666666667e-05,0.8000000000000018,-0.01064022
21,0.7750000000000019,4.974137333333334e-05,0.7750000000000019,-0.011444473333333333
22,0.750000000000002,4.051434e-05,0.750000000000002,-0.012180266666666667
23,0.7250000000000021,3.537007333333334e-05,0.7250000000000021,-0.012849146666666667
24,0.7000000000000022,3.058008e-05,0.7000000000000022,-0.013452166666666668
25,0.6750000000000023,2.7643313333333335e-05,0.6750000000000023,-0.01398484
26,0.6500000000000024,2.5901840000000003e-05,0.6500000000000024,-0.014457526666666668
27,0.6250000000000024,2.3178753333333334e-05,0.6250000000000024,-0.014870486666666667
28,0.6000000000000025,2.0522640000000002e-05,0.6000000000000025,-0.015231740000000002
29,0.5750000000000026,1.918858e-05,0.5750000000000026,-0.015546813333333334
30,0.5500000000000027,1.6511273333333335e-05,0.5500000000000027,-0.015818726666666668
31,0.5250000000000028,1.4458746666666666e-05,0.5250000000000028,-0.016056420000000002
32,0.5000000000000029,1.3930046666666668e-05,0.5000000000000029,-0.016264193333333333
33,0.475000000000003,1.3358013333333334e-05,0.475000000000003,-0.0164477
34,0.45000000000000306,5.314738000000001e-06,0.45000000000000306,-0.0166128
35,0.42500000000000315,3.88595e-06,0.42500000000000315,-0.016759386666666667
36,0.40000000000000324,3.1105680000000003e-06,0.40000000000000324,-0.01689248
37,0.37500000000000333,2.3720773333333333e-06,0.37500000000000333,-0.01701444
38,0.3500000000000034,1.8652786666666669e-06,0.3500000000000034,-0.017123693333333332
39,0.3250000000000035,1.3123353333333334e-06,0.3250000000000035,-0.017225773333333336
40,0.3000000000000036,8.266140000000001e-07,0.3000000000000036,-0.017323786666666667
41,0.2750000000000037,3.861824e-07,0.2750000000000037,-0.017413593333333335
42,0.2500000000000038,-5.596242e-08,0.2500000000000038,-0.017497706666666668
43,0.22500000000000386,-3.449310666666667e-07,0.22500000000000386,-0.017573913333333333
44,0.20000000000000395,-8.698333333333334e-07,0.20000000000000395,-0.017652486666666665
45,0.17500000000000404,-1.2972306666666667e-06,0.17500000000000404,-0.01772430666666667
46,0.15000000000000413,-1.689152e-06,0.15000000000000413,-0.01779466
47,0.12500000000000422,-2.0930046666666665e-06,0.12500000000000422,-0.017859413333333334
48,0.10000000000000431,-2.5246760000000003e-06,0.10000000000000431,-0.01792162
49,0.0750000000000044,-2.9425320000000002e-06,0.0750000000000044,-0.017982293333333333
50,0.050000000000004485,-3.3350726666666672e-06,0.050000000000004485,-0.018039533333333333
51,0.025000000000004574,-3.7257373333333333e-06,0.025000000000004574,-0.01809358
52,4.6629367034256575e-15,-4.091473333333333e-06,4.6629367034256575e-15,-0.018145853333333333
53,-0.024999999999995248,-4.510142666666667e-06,-0.024999999999995248,-0.018196340000000002
54,-0.04999999999999516,-4.928683333333334e-06,-0.04999999999999516,-0.018245326666666666
55,-0.07499999999999507,-5.360203333333334e-06,-0.07499999999999507,-0.01829042666666667
56,-0.09999999999999498,-5.7556286666666675e-06,-0.09999999999999498,-0.018335166666666666
57,-0.12499999999999489,-6.24167e-06,-0.12499999999999489,-0.018377493333333335
58,-0.1499999999999948,-6.672473333333334e-06,-0.1499999999999948,-0.018418513333333334
59,-0.17499999999999472,-7.000700000000001e-06,-0.17499999999999472,-0.0184577
60,-0.19999999999999463,-6.260573333333333e-06,-0.19999999999999463,-0.01849384
61,-0.22499999999999454,-7.226173333333334e-06,-0.22499999999999454,-0.01852998
62,-0.24999999999999445,-7.762120000000001e-06,-0.24999999999999445,-0.018565
63,-0.27499999999999436,-8.387173333333334e-06,-0.27499999999999436,-0.018597786666666668
