,N6_4R_V_D,N6_4R_J_D,N6_4R_V_L,N6_4R_J_L
0,1.3,0.002407086,1.3,0.016644413333333337
1,1.2750000000000001,0.002462440666666667,1.2750000000000001,0.015358286666666667
2,1.2500000000000002,0.002622482,1.2500000000000002,0.014022073333333334
3,1.2250000000000003,0.002807966666666667,1.2250000000000003,0.01265256
4,1.2000000000000004,0.0029478293333333335,1.2000000000000004,0.011259406666666668
5,1.1750000000000005,0.0029973226666666665,1.1750000000000005,0.009855846666666666
6,1.1500000000000006,0.002933302,1.1500000000000006,0.008447726666666667
7,1.1250000000000007,0.002750626,1.1250000000000007,0.007045373333333334
8,1.1000000000000008,0.0024635533333333334,1.1000000000000008,0.0055081773333333335
9,1.0750000000000008,0.0020952013333333337,1.0750000000000008,0.004130454666666667
10,1.050000000000001,0.0016865073333333334,1.050000000000001,0.0027800286666666667
11,1.025000000000001,0.00128344,1.025000000000001,0.001456134
12,1.000000000000001,0.000927336,1.000000000000001,9.439226666666667e-05
13,0.9750000000000012,0.0006381155333333334,0.9750000000000012,-0.0012895500000000002
14,0.9500000000000013,0.0004219344,0.9500000000000013,-0.002527458
15,0.9250000000000014,0.0002712116666666667,0.9250000000000014,-0.003719937333333333
16,0.9000000000000015,0.0001710744,0.9000000000000015,-0.004869946666666667
17,0.8750000000000016,0.00010618066666666666,0.8750000000000016,-0.005977522666666667
18,0.8500000000000016,6.986073333333333e-05,0.8500000000000016,-0.006998693333333334
19,0.8250000000000017,4.51699e-05,0.8250000000000017,-0.007983833333333334
20,0.8000000000000018,2.6837993333333334e-05,0.8000000000000018,-0.008950273333333335
21,0.7750000000000019,1.7768266666666667e-05,0.7750000000000019,-0.00984444
22,0.750000000000002,1.1877806666666668e-05,0.750000000000002,-0.010670153333333333
23,0.7250000000000021,7.818840000000002e-06,0.7250000000000021,-0.011424613333333333
24,0.7000000000000022,8.123793333333334e-06,0.7000000000000022,-0.012109873333333333
25,0.6750000000000023,5.753450666666667e-06,0.6750000000000023,-0.01272024
26,0.6500000000000024,2.615896e-06,0.6500000000000024,-0.013266440000000001
27,0.6250000000000024,9.1821e-07,0.6250000000000024,-0.013748313333333335
28,0.6000000000000025,-3.13023e-07,0.6000000000000025,-0.014174433333333335
29,0.5750000000000026,-1.4249633333333333e-06,0.5750000000000026,-0.014546133333333334
30,0.5500000000000027,-2.3258713333333334e-06,0.5500000000000027,-0.014871160000000001
31,0.5250000000000028,-3.164524e-06,0.5250000000000028,-0.015155720000000001
32,0.5000000000000029,-3.71074e-06,0.5000000000000029,-0.015407480000000001
33,0.475000000000003,-4.203371333333333e-06,0.475000000000003,-0.01562972
34,0.45000000000000306,-4.528310666666667e-06,0.45000000000000306,-0.015828413333333333
35,0.42500000000000315,-4.7129e-06,0.42500000000000315,-0.016004880000000003
36,0.40000000000000324,-4.806748666666667e-06,0.40000000000000324,-0.01616796666666667
37,0.37500000000000333,-4.881176666666667e-06,0.37500000000000333,-0.01631536
38,0.3500000000000034,-4.9257046666666665e-06,0.3500000000000034,-0.016447553333333333
39,0.3250000000000035,-4.827998e-06,0.3250000000000035,-0.01657388666666667
40,0.3000000000000036,-4.81567e-06,0.3000000000000036,-0.01668822
41,0.2750000000000037,-4.7633486666666665e-06,0.2750000000000037,-0.01679622
42,0.2500000000000038,-4.7030106666666675e-06,0.2500000000000038,-0.016900933333333333
43,0.22500000000000386,-4.494970666666667e-06,0.22500000000000386,-0.016994006666666665
44,0.20000000000000395,-4.570972666666667e-06,0.20000000000000395,-0.017088600000000002
45,0.17500000000000404,-4.526478666666667e-06,0.17500000000000404,-0.017176693333333333
46,0.15000000000000413,-4.481180666666667e-06,0.15000000000000413,-0.017259860000000002
47,0.12500000000000422,-4.430156e-06,0.12500000000000422,-0.017339133333333333
48,0.10000000000000431,-4.382242e-06,0.10000000000000431,-0.017414913333333334
49,0.0750000000000044,-4.35284e-06,0.0750000000000044,-0.017487893333333334
50,0.050000000000004485,-4.311224666666667e-06,0.050000000000004485,-0.017559233333333334
51,0.025000000000004574,-4.2802366666666665e-06,0.025000000000004574,-0.017625873333333333
52,4.6629367034256575e-15,-4.219134e-06,4.6629367034256575e-15,-0.017689733333333332
53,-0.024999999999995248,-4.215427333333333e-06,-0.024999999999995248,-0.01775144666666667
54,-0.04999999999999516,-4.194739333333334e-06,-0.04999999999999516,-0.017808873333333333
55,-0.07499999999999507,-4.193250666666667e-06,-0.07499999999999507,-0.017866113333333333
56,-0.09999999999999498,-4.180923333333334e-06,-0.09999999999999498,-0.017922146666666666
57,-0.12499999999999489,-4.164698666666667e-06,-0.12499999999999489,-0.0179745
58,-0.1499999999999948,-4.1441593333333335e-06,-0.1499999999999948,-0.018024933333333333
59,-0.17499999999999472,-4.166790666666667e-06,-0.17499999999999472,-0.018073986666666667
60,-0.19999999999999463,-4.156464e-06,-0.19999999999999463,-0.018118993333333333
61,-0.22499999999999454,-4.191103333333333e-06,-0.22499999999999454,-0.018164093333333336
62,-0.24999999999999445,-4.190904e-06,-0.24999999999999445,-0.018207900000000003
63,-0.27499999999999436,-4.1955306666666666e-06,-0.27499999999999436,-0.018251713333333332
