,N6_4F_V_D,N6_4F_J_D,N6_4F_V_L,N6_4F_J_L
0,-0.3,-7.314246666666667e-06,-0.3,-0.005583164666666667
1,-0.27499999999999997,-3.655112666666667e-06,-0.27499999999999997,-0.005292163333333334
2,-0.24999999999999994,-1.4224533333333335e-06,-0.24999999999999994,-0.005058714000000001
3,-0.22499999999999992,-4.332999333333333e-07,-0.22499999999999992,-0.004848674666666667
4,-0.1999999999999999,1.9607466666666666e-08,-0.1999999999999999,-0.004653706666666667
5,-0.17499999999999988,8.21286e-07,-0.17499999999999988,-0.004466799333333334
6,-0.14999999999999986,1.2867593333333334e-06,-0.14999999999999986,-0.004288328
7,-0.12499999999999983,1.673178e-06,-0.12499999999999983,-0.004115416
8,-0.09999999999999981,2.008224e-06,-0.09999999999999981,-0.003948272
9,-0.07499999999999979,2.301258666666667e-06,-0.07499999999999979,-0.0037850546666666667
10,-0.04999999999999977,2.5650133333333333e-06,-0.04999999999999977,-0.0036257673333333334
11,-0.024999999999999745,2.8179273333333334e-06,-0.024999999999999745,-0.0034700566666666668
12,2.7755575615628914e-16,2.909272e-06,2.7755575615628914e-16,-0.003318322666666667
13,0.0250000000000003,3.299258666666667e-06,0.0250000000000003,-0.003169238
14,0.05000000000000032,3.575029333333334e-06,0.05000000000000032,-0.003023825333333333
15,0.07500000000000034,3.879183333333333e-06,0.07500000000000034,-0.0028815053333333335
16,0.10000000000000037,4.237796e-06,0.10000000000000037,-0.002742112
17,0.1250000000000004,4.6692473333333335e-06,0.1250000000000004,-0.0026058853333333337
18,0.1500000000000004,5.218926666666667e-06,0.1500000000000004,-0.0024725886666666667
19,0.17500000000000043,5.7812446666666664e-06,0.17500000000000043,-0.0023423573333333334
20,0.20000000000000046,6.4679926666666675e-06,0.20000000000000046,-0.002214100666666667
21,0.22500000000000048,6.968866666666667e-06,0.22500000000000048,-0.0020900753333333334
22,0.2500000000000005,6.9994e-06,0.2500000000000005,-0.0019687233333333335
23,0.2750000000000005,5.652512e-06,0.2750000000000005,-0.0018499746666666666
24,0.30000000000000054,7.952240000000001e-06,0.30000000000000054,-0.0017354879999999999
25,0.32500000000000057,9.191193333333335e-06,0.32500000000000057,-0.0016227886666666665
26,0.3500000000000006,1.0315346666666668e-05,0.3500000000000006,-0.0015136413333333334
27,0.3750000000000006,1.135142e-05,0.3750000000000006,-0.0014078473333333334
28,0.40000000000000063,1.2376126666666667e-05,0.40000000000000063,-0.0013055706666666668
29,0.42500000000000066,1.337812e-05,0.42500000000000066,-0.0012068086666666667
30,0.4500000000000007,1.4383146666666668e-05,0.4500000000000007,-0.001111756
31,0.4750000000000007,1.5447713333333333e-05,0.4750000000000007,-0.0010204246666666666
32,0.5000000000000007,1.6563373333333334e-05,0.5000000000000007,-0.0009324373333333333
33,0.5250000000000008,1.7746280000000002e-05,0.5250000000000008,-0.0008480633333333333
34,0.5500000000000007,1.8963306666666668e-05,0.5500000000000007,-0.0007682966666666668
35,0.5750000000000008,2.020214666666667e-05,0.5750000000000008,-0.0006923173333333334
36,0.6000000000000008,2.143994e-05,0.6000000000000008,-0.0006425027333333334
37,0.6250000000000009,2.274610666666667e-05,0.6250000000000009,-0.0005667610666666667
38,0.6500000000000008,2.4039640000000002e-05,0.6500000000000008,-0.0005002608666666667
39,0.6750000000000009,2.5300093333333336e-05,0.6750000000000009,-0.00043868946666666665
40,0.7000000000000008,2.660842e-05,0.7000000000000008,-0.0003821644
41,0.7250000000000008,2.7995940000000004e-05,0.7250000000000008,-0.00032938199999999997
42,0.7500000000000009,2.9473713333333334e-05,0.7500000000000009,-0.000281933
43,0.775000000000001,3.105792666666667e-05,0.775000000000001,-0.00023829913333333336
44,0.8000000000000009,3.275722e-05,0.8000000000000009,-0.00019887746666666665
45,0.8250000000000008,3.456824e-05,0.8250000000000008,-0.00016305673333333334
46,0.850000000000001,3.6515626666666664e-05,0.850000000000001,-0.0001315188
47,0.8750000000000011,3.856714666666667e-05,0.8750000000000011,-0.0001031804
48,0.900000000000001,4.074588e-05,0.900000000000001,-7.827586666666666e-05
49,0.9250000000000009,4.3983013333333334e-05,0.9250000000000009,-6.470827333333335e-05
50,0.9500000000000011,4.666497333333334e-05,0.9500000000000011,-4.206012e-05
51,0.9750000000000012,4.995502e-05,0.9750000000000012,-2.335414e-05
52,1.000000000000001,5.3992620000000003e-05,1.000000000000001,-6.701633333333335e-06
53,1.025000000000001,5.8438286666666674e-05,1.025000000000001,8.62668e-06
54,1.0500000000000012,6.368466e-05,1.0500000000000012,2.3264026666666667e-05
55,1.0750000000000013,6.969466666666667e-05,1.0750000000000013,3.825760666666667e-05
56,1.1000000000000012,7.69924e-05,1.1000000000000012,5.36207e-05
57,1.125000000000001,8.738873333333333e-05,1.125000000000001,6.999480000000001e-05
58,1.1500000000000012,9.97442e-05,1.1500000000000012,9.114226666666667e-05
59,1.1750000000000014,0.0001129908,1.1750000000000014,0.00011379873333333335
60,1.2000000000000013,0.00012749606666666668,1.2000000000000013,0.0001386488666666667
61,1.2250000000000012,0.000144779,1.2250000000000012,0.00016638573333333334
62,1.2500000000000013,0.0001638126666666667,1.2500000000000013,0.00019718266666666668
63,1.2750000000000015,0.0001870726,1.2750000000000015,0.00023131226666666668
