,N6_4R_V_D,N6_4R_J_D,N6_4R_V_L,N6_4R_J_L
0,1.3,0.0024146933333333335,1.3,0.01599078
1,1.2750000000000001,0.002489394666666667,1.2750000000000001,0.014724619999999999
2,1.2500000000000002,0.002661686,1.2500000000000002,0.013419966666666668
3,1.2250000000000003,0.002847096,1.2250000000000003,0.012085346666666668
4,1.2000000000000004,0.002979424,1.2000000000000004,0.01073548
5,1.1750000000000005,0.0030156653333333334,1.1750000000000005,0.00937842
6,1.1500000000000006,0.002935498,1.1500000000000006,0.008020893333333334
7,1.1250000000000007,0.002739388,1.1250000000000007,0.006669126666666667
8,1.1000000000000008,0.0024429200000000003,1.1000000000000008,0.005195485333333334
9,1.0750000000000008,0.0020737246666666666,1.0750000000000008,0.0038703400000000003
10,1.050000000000001,0.0016677433333333333,1.050000000000001,0.0025716833333333335
11,1.025000000000001,0.0012718966666666668,1.025000000000001,0.0012972600000000002
12,1.000000000000001,0.0009217526666666667,1.000000000000001,-1.6169593333333336e-05
13,0.9750000000000012,0.0006370446666666667,0.9750000000000012,-0.0013697933333333334
14,0.9500000000000013,0.00042271260000000004,0.9500000000000013,-0.002568456
15,0.9250000000000014,0.00027234273333333336,0.9250000000000014,-0.0037253026666666665
16,0.9000000000000015,0.00017302300000000001,0.9000000000000015,-0.004844295333333333
17,0.8750000000000016,0.00010905873333333335,0.8750000000000016,-0.00592433
18,0.8500000000000016,6.963666666666668e-05,0.8500000000000016,-0.006956413333333334
19,0.8250000000000017,5.0703280000000005e-05,0.8250000000000017,-0.007893966666666667
20,0.8000000000000018,3.124411333333333e-05,0.8000000000000018,-0.008843980000000001
21,0.7750000000000019,2.1940293333333335e-05,0.7750000000000019,-0.009729953333333334
22,0.750000000000002,1.5972006666666665e-05,0.750000000000002,-0.010549233333333333
23,0.7250000000000021,1.048476e-05,0.7250000000000021,-0.01130372
24,0.7000000000000022,7.221673333333333e-06,0.7000000000000022,-0.011991293333333333
25,0.6750000000000023,8.338566666666667e-06,0.6750000000000023,-0.012607513333333334
26,0.6500000000000024,7.730906666666667e-06,0.6500000000000024,-0.013160340000000001
27,0.6250000000000024,5.363108e-06,0.6250000000000024,-0.013652573333333334
28,0.6000000000000025,2.7725800000000002e-06,0.6000000000000025,-0.014085273333333335
29,0.5750000000000026,1.6707593333333334e-06,0.5750000000000026,-0.014468366666666666
30,0.5500000000000027,5.110687333333333e-07,0.5500000000000027,-0.014803060000000002
31,0.5250000000000028,-3.88572e-07,0.5250000000000028,-0.0150963
32,0.5000000000000029,-1.15277e-06,0.5000000000000029,-0.015357560000000001
33,0.475000000000003,-2.1825820000000004e-06,0.475000000000003,-0.015585653333333335
34,0.45000000000000306,-2.5007093333333332e-06,0.45000000000000306,-0.015789446666666665
35,0.42500000000000315,-2.8830853333333333e-06,0.42500000000000315,-0.01597228666666667
36,0.40000000000000324,-3.088374e-06,0.40000000000000324,-0.016139166666666666
37,0.37500000000000333,-3.2755593333333335e-06,0.37500000000000333,-0.01629428
38,0.3500000000000034,-3.4178660000000003e-06,0.3500000000000034,-0.01643056
39,0.3250000000000035,-3.5359500000000004e-06,0.3250000000000035,-0.016557733333333335
40,0.3000000000000036,-3.5940373333333338e-06,0.3000000000000036,-0.01667680666666667
41,0.2750000000000037,-3.6369166666666666e-06,0.2750000000000037,-0.016789360000000003
42,0.2500000000000038,-3.7416053333333334e-06,0.2500000000000038,-0.016891666666666666
43,0.22500000000000386,-3.608882666666667e-06,0.22500000000000386,-0.016986953333333332
44,0.20000000000000395,-3.7283900000000003e-06,0.20000000000000395,-0.01708198
45,0.17500000000000404,-3.7912433333333335e-06,0.17500000000000404,-0.0171712
46,0.15000000000000413,-3.833623333333334e-06,0.15000000000000413,-0.017255426666666667
47,0.12500000000000422,-3.883192666666667e-06,0.12500000000000422,-0.017335406666666667
48,0.10000000000000431,-3.870867333333333e-06,0.10000000000000431,-0.01741052666666667
49,0.0750000000000044,-3.9702846666666674e-06,0.0750000000000044,-0.017484386666666667
50,0.050000000000004485,-4.10034e-06,0.050000000000004485,-0.017556126666666668
51,0.025000000000004574,-4.102093333333334e-06,0.025000000000004574,-0.017621626666666668
52,4.6629367034256575e-15,-4.065984666666667e-06,4.6629367034256575e-15,-0.01768684666666667
53,-0.024999999999995248,-4.07976e-06,-0.024999999999995248,-0.017749033333333334
54,-0.04999999999999516,-3.993479333333334e-06,-0.04999999999999516,-0.017807486666666667
55,-0.07499999999999507,-3.959265333333334e-06,-0.07499999999999507,-0.017865146666666668
56,-0.09999999999999498,-3.941938666666667e-06,-0.09999999999999498,-0.017918840000000002
57,-0.12499999999999489,-3.923032e-06,-0.12499999999999489,-0.017971573333333334
58,-0.1499999999999948,-3.902380666666667e-06,-0.1499999999999948,-0.01802306
59,-0.17499999999999472,-3.892772e-06,-0.17499999999999472,-0.01807104
60,-0.19999999999999463,-3.867565333333333e-06,-0.19999999999999463,-0.018116606666666667
61,-0.22499999999999454,-3.878328666666667e-06,-0.22499999999999454,-0.01816254
62,-0.24999999999999445,-3.878917333333333e-06,-0.24999999999999445,-0.01820664666666667
63,-0.27499999999999436,-3.874330000000001e-06,-0.27499999999999436,-0.01824948666666667
