,N6_4F_V_D,N6_4F_J_D,N6_4F_V_L,N6_4F_J_L
0,-0.3,-2.1077126666666668e-06,-0.3,-0.01839516
1,-0.27499999999999997,-7.606733333333333e-07,-0.27499999999999997,-0.018308733333333334
2,-0.24999999999999994,-2.880667333333333e-07,-0.24999999999999994,-0.018231900000000002
3,-0.22499999999999992,4.613146e-08,-0.22499999999999992,-0.018156166666666668
4,-0.1999999999999999,1.4710000000000001e-07,-0.1999999999999999,-0.018078333333333335
5,-0.17499999999999988,5.477422e-07,-0.17499999999999988,-0.017993066666666665
6,-0.14999999999999986,7.678533333333334e-07,-0.14999999999999986,-0.017902453333333335
7,-0.12499999999999983,9.64976e-07,-0.12499999999999983,-0.017802293333333333
8,-0.09999999999999981,1.1566946666666668e-06,-0.09999999999999981,-0.01769220666666667
9,-0.07499999999999979,1.3408220000000001e-06,-0.07499999999999979,-0.01757176666666667
10,-0.04999999999999977,1.5176106666666666e-06,-0.04999999999999977,-0.01744418666666667
11,-0.024999999999999745,1.701794e-06,-0.024999999999999745,-0.01730368666666667
12,2.7755575615628914e-16,1.7483986666666667e-06,2.7755575615628914e-16,-0.0171631
13,0.0250000000000003,2.0771046666666668e-06,0.0250000000000003,-0.017011420000000003
14,0.05000000000000032,2.2992300000000003e-06,0.05000000000000032,-0.016851926666666666
15,0.07500000000000034,2.533156e-06,0.07500000000000034,-0.016681113333333334
16,0.10000000000000037,2.8037446666666666e-06,0.10000000000000037,-0.016510786666666666
17,0.1250000000000004,3.106286e-06,0.1250000000000004,-0.01632922
18,0.1500000000000004,3.347556e-06,0.1500000000000004,-0.01613798666666667
19,0.17500000000000043,3.849767333333334e-06,0.17500000000000043,-0.015935833333333337
20,0.20000000000000046,4.318454e-06,0.20000000000000046,-0.015721206666666668
21,0.22500000000000048,4.752522666666667e-06,0.22500000000000048,-0.01549338
22,0.2500000000000005,5.392236e-06,0.2500000000000005,-0.015255713333333334
23,0.2750000000000005,5.999107333333334e-06,0.2750000000000005,-0.01500262
24,0.30000000000000054,6.529251333333334e-06,0.30000000000000054,-0.014724293333333334
25,0.32500000000000057,6.957246666666666e-06,0.32500000000000057,-0.014431766666666667
26,0.3500000000000006,6.999373333333334e-06,0.3500000000000006,-0.014134440000000002
27,0.3750000000000006,6.999373333333334e-06,0.3750000000000006,-0.013802006666666668
28,0.40000000000000063,4.824972e-06,0.40000000000000063,-0.013449753333333335
29,0.42500000000000066,7.155806666666667e-06,0.42500000000000066,-0.013082346666666668
30,0.4500000000000007,8.37778e-06,0.4500000000000007,-0.012688433333333334
31,0.4750000000000007,9.513813333333334e-06,0.4750000000000007,-0.0122708
32,0.5000000000000007,1.0801160000000001e-05,0.5000000000000007,-0.011824126666666667
33,0.5250000000000008,1.2323520000000001e-05,0.5250000000000008,-0.01134782
34,0.5500000000000007,1.4235153333333333e-05,0.5500000000000007,-0.010854146666666668
35,0.5750000000000008,1.6827593333333335e-05,0.5750000000000008,-0.01033198
36,0.6000000000000008,2.0463253333333336e-05,0.6000000000000008,-0.009792766666666668
37,0.6250000000000009,2.5383e-05,0.6250000000000009,-0.009220593333333334
38,0.6500000000000008,3.207962666666667e-05,0.6500000000000008,-0.008629466666666667
39,0.6750000000000009,4.136108666666667e-05,0.6750000000000009,-0.008016806666666668
40,0.7000000000000008,5.396113333333334e-05,0.7000000000000008,-0.007386386666666667
41,0.7250000000000008,6.988113333333334e-05,0.7250000000000008,-0.006724160000000001
42,0.7500000000000009,4.9250193333333336e-05,0.7500000000000009,-0.0063941606666666675
43,0.775000000000001,7.485773333333334e-05,0.775000000000001,-0.005591250000000001
44,0.8000000000000009,0.00011162013333333334,0.8000000000000009,-0.004864106
45,0.8250000000000008,0.00016256906666666668,0.8250000000000008,-0.004108957333333333
46,0.850000000000001,0.0002295942666666667,0.850000000000001,-0.0033585726666666665
47,0.8750000000000011,0.0003130416,0.8750000000000011,-0.0025810106666666667
48,0.900000000000001,0.0004145162666666667,0.900000000000001,-0.0017987133333333333
49,0.9250000000000009,0.0005372825333333334,0.9250000000000009,-0.001001602
50,0.9500000000000011,0.000687476,0.9500000000000011,-0.00036753433333333336
51,0.9750000000000012,0.0008981673333333333,0.9750000000000012,0.0004663262666666667
52,1.000000000000001,0.001154696,1.000000000000001,0.0007841526666666667
53,1.025000000000001,0.0014564033333333334,1.025000000000001,0.0016812386666666666
54,1.0500000000000012,0.0018234753333333333,1.0500000000000012,0.002574924
55,1.0750000000000013,0.0022385346666666667,1.0750000000000013,0.0034843086666666665
56,1.1000000000000012,0.0027134313333333332,1.1000000000000012,0.004395968666666667
57,1.125000000000001,0.003275024666666667,1.125000000000001,0.005335123333333334
58,1.1500000000000012,0.003907109333333334,1.1500000000000012,0.0063019066666666675
59,1.1750000000000014,0.004614257333333333,1.1750000000000014,0.007053446666666668
60,1.2000000000000013,0.005403119333333334,1.2000000000000013,0.008095006666666666
61,1.2250000000000012,0.0062681993333333335,1.2250000000000012,0.009183433333333333
62,1.2500000000000013,0.007891266666666667,1.2500000000000013,0.010304213333333333
63,1.2750000000000015,0.008868013333333334,1.2750000000000015,0.01145342
