,N6_4F_V_D,N6_4F_J_D,N6_4F_V_L,N6_4F_J_L
0,-0.3,-5.238393333333334e-06,-0.3,-0.018168826666666665
1,-0.27499999999999997,-3.4320640000000004e-06,-0.27499999999999997,-0.0180784
2,-0.24999999999999994,-2.5407660000000002e-06,-0.24999999999999994,-0.017996153333333334
3,-0.22499999999999992,-1.8649053333333334e-06,-0.22499999999999992,-0.017915226666666666
4,-0.1999999999999999,-1.5008806666666667e-06,-0.1999999999999999,-0.01783182
5,-0.17499999999999988,-7.951366666666666e-07,-0.17499999999999988,-0.017741620000000003
6,-0.14999999999999986,-3.1004566666666665e-07,-0.14999999999999986,-0.01763808
7,-0.12499999999999983,1.3756013333333335e-07,-0.12499999999999983,-0.0175174
8,-0.09999999999999981,5.672008000000001e-07,-0.09999999999999981,-0.017375960000000003
9,-0.07499999999999979,9.770133333333334e-07,-0.07499999999999979,-0.01721208
10,-0.04999999999999977,1.383382e-06,-0.04999999999999977,-0.017027626666666667
11,-0.024999999999999745,1.805102e-06,-0.024999999999999745,-0.01681992
12,2.7755575615628914e-16,2.215432e-06,2.7755575615628914e-16,-0.016604913333333332
13,0.0250000000000003,2.7129633333333333e-06,0.0250000000000003,-0.016367673333333336
14,0.05000000000000032,3.218976e-06,0.05000000000000032,-0.016118726666666666
15,0.07500000000000034,3.756482e-06,0.07500000000000034,-0.015854793333333336
16,0.10000000000000037,4.3343726666666676e-06,0.10000000000000037,-0.0155919
17,0.1250000000000004,4.925462000000001e-06,0.1250000000000004,-0.015309433333333334
18,0.1500000000000004,5.424364e-06,0.1500000000000004,-0.01501344
19,0.17500000000000043,6.154505333333334e-06,0.17500000000000043,-0.014706700000000001
20,0.20000000000000046,6.7249533333333346e-06,0.20000000000000046,-0.01438328
21,0.22500000000000048,6.9991000000000005e-06,0.22500000000000048,-0.014044826666666666
22,0.2500000000000005,6.999373333333334e-06,0.2500000000000005,-0.013694960000000003
23,0.2750000000000005,4.731832e-06,0.2750000000000005,-0.013316346666666666
24,0.30000000000000054,6.782906666666667e-06,0.30000000000000054,-0.012914880000000002
25,0.32500000000000057,7.926726666666667e-06,0.32500000000000057,-0.01250918
26,0.3500000000000006,8.906553333333333e-06,0.3500000000000006,-0.012081473333333334
27,0.3750000000000006,1.002874e-05,0.3750000000000006,-0.011627533333333334
28,0.40000000000000063,1.1113073333333335e-05,0.40000000000000063,-0.011147093333333333
29,0.42500000000000066,1.223226e-05,0.42500000000000066,-0.010667013333333334
30,0.4500000000000007,1.3394266666666666e-05,0.4500000000000007,-0.010165426666666666
31,0.4750000000000007,1.4617313333333335e-05,0.4750000000000007,-0.009653866666666667
32,0.5000000000000007,1.600699333333333e-05,0.5000000000000007,-0.009119306666666667
33,0.5250000000000008,1.774146666666667e-05,0.5250000000000008,-0.008578353333333334
34,0.5500000000000007,2.0043493333333336e-05,0.5500000000000007,-0.00802898
35,0.5750000000000008,2.3314913333333335e-05,0.5750000000000008,-0.007474186666666668
36,0.6000000000000008,2.8151213333333334e-05,0.6000000000000008,-0.00690992
37,0.6250000000000009,3.5377293333333335e-05,0.6250000000000009,-0.007511493333333333
38,0.6500000000000008,4.624219333333333e-05,0.6500000000000008,-0.007517
39,0.6750000000000009,6.260764666666667e-05,0.6750000000000009,-0.007302713333333334
40,0.7000000000000008,5.2275993333333336e-05,0.7000000000000008,-0.006633053333333334
41,0.7250000000000008,7.615073333333334e-05,0.7250000000000008,-0.005688422666666667
42,0.7500000000000009,0.00011111620000000001,0.7500000000000009,-0.004819410666666667
43,0.775000000000001,0.0001590914666666667,0.775000000000001,-0.003972455333333334
44,0.8000000000000009,0.00022099266666666666,0.8000000000000009,-0.0031259033333333333
45,0.8250000000000008,0.00029463813333333337,0.8250000000000008,-0.0022709193333333333
46,0.850000000000001,0.00037736606666666667,0.850000000000001,-0.0014001693333333333
47,0.8750000000000011,0.0004638162,0.8750000000000011,-0.0012730353333333334
48,0.900000000000001,0.0005512007333333334,0.900000000000001,-0.0005108042666666667
49,0.9250000000000009,0.0006393298666666667,0.9250000000000009,0.0005116924
50,0.9500000000000011,0.0006764399999999999,0.9500000000000011,0.00110785
51,0.9750000000000012,0.0008005493333333333,0.9750000000000012,0.002174966
52,1.000000000000001,0.0009416173333333333,1.000000000000001,0.003234554
53,1.025000000000001,0.0011017046666666668,1.025000000000001,0.004298516666666667
54,1.0500000000000012,0.0012858886666666668,1.0500000000000012,0.005365956666666666
55,1.0750000000000013,0.0015022853333333333,1.0750000000000013,0.006439002
56,1.1000000000000012,0.001758756,1.1000000000000012,0.0070930666666666675
57,1.125000000000001,0.0020624146666666666,1.125000000000001,0.008202626666666667
58,1.1500000000000012,0.0024216353333333333,1.1500000000000012,0.009305546666666668
59,1.1750000000000014,0.002844674,1.1750000000000014,0.010403353333333334
60,1.2000000000000013,0.0033404600000000004,1.2000000000000013,0.011495593333333335
61,1.2250000000000012,0.003915174666666667,1.2250000000000012,0.01258156
62,1.2500000000000013,0.004574509333333333,1.2500000000000013,0.013660906666666667
63,1.2750000000000015,0.005337676,1.2750000000000015,0.014735080000000001
