,N6_4F_V_D,N6_4F_J_D,N6_4F_V_L,N6_4F_J_L
0,-0.3,-8.50704e-07,-0.3,-0.00288218
1,-0.27499999999999997,-4.149228666666667e-07,-0.27499999999999997,-0.0028143
2,-0.24999999999999994,-2.278292e-07,-0.24999999999999994,-0.00275275
3,-0.22499999999999992,-1.0679306666666667e-07,-0.22499999999999992,-0.0026926206666666665
4,-0.1999999999999999,-4.506337333333334e-08,-0.1999999999999999,-0.0026323279999999998
5,-0.17499999999999988,5.0733573333333335e-08,-0.17499999999999988,-0.002570744666666667
6,-0.14999999999999986,1.1023026666666668e-07,-0.14999999999999986,-0.0025078353333333335
7,-0.12499999999999983,1.60954e-07,-0.12499999999999983,-0.0024427566666666667
8,-0.09999999999999981,2.0581746666666667e-07,-0.09999999999999981,-0.0023754600000000002
9,-0.07499999999999979,2.457102666666667e-07,-0.07499999999999979,-0.0023055766666666665
10,-0.04999999999999977,2.841560666666667e-07,-0.04999999999999977,-0.0022331660000000004
11,-0.024999999999999745,3.201778666666667e-07,-0.024999999999999745,-0.0021582193333333334
12,2.7755575615628914e-16,3.380599333333333e-07,2.7755575615628914e-16,-0.002080856666666667
13,0.0250000000000003,3.905194e-07,0.0250000000000003,-0.002002138
14,0.05000000000000032,4.294818000000001e-07,0.05000000000000032,-0.0019219886666666667
15,0.07500000000000034,4.728871333333334e-07,0.07500000000000034,-0.001840958666666667
16,0.10000000000000037,5.216551333333334e-07,0.10000000000000037,-0.00175923
17,0.1250000000000004,5.781892666666668e-07,0.1250000000000004,-0.0016780866666666666
18,0.1500000000000004,6.459014666666667e-07,0.1500000000000004,-0.0015969240000000002
19,0.17500000000000043,7.264986666666667e-07,0.17500000000000043,-0.0015164560000000002
20,0.20000000000000046,8.215660000000001e-07,0.20000000000000046,-0.0014369040000000001
21,0.22500000000000048,9.24714e-07,0.22500000000000048,-0.00135847
22,0.2500000000000005,1.061886e-06,0.2500000000000005,-0.0012813293333333333
23,0.2750000000000005,1.2156386666666667e-06,0.2750000000000005,-0.0012054326666666667
24,0.30000000000000054,1.389172e-06,0.30000000000000054,-0.0011313793333333334
25,0.32500000000000057,1.58467e-06,0.32500000000000057,-0.0010588453333333333
26,0.3500000000000006,1.7997593333333332e-06,0.3500000000000006,-0.0009882340000000002
27,0.3750000000000006,2.0305206666666667e-06,0.3750000000000006,-0.0009196400000000001
28,0.40000000000000063,2.2731633333333333e-06,0.40000000000000063,-0.0008529926666666666
29,0.42500000000000066,2.5284446666666664e-06,0.42500000000000066,-0.0007882753333333333
30,0.4500000000000007,2.7915273333333335e-06,0.4500000000000007,-0.000726258
31,0.4750000000000007,3.06306e-06,0.4750000000000007,-0.000688458
32,0.5000000000000007,3.3448106666666667e-06,0.5000000000000007,-0.0006259123333333333
33,0.5250000000000008,3.634144666666667e-06,0.5250000000000008,-0.0005684802
34,0.5500000000000007,3.929918e-06,0.5500000000000007,-0.0005141211333333334
35,0.5750000000000008,4.237739333333334e-06,0.5750000000000008,-0.000462435
36,0.6000000000000008,4.564476e-06,0.6000000000000008,-0.000413444
37,0.6250000000000009,4.924185333333333e-06,0.6250000000000009,-0.0003669217333333334
38,0.6500000000000008,5.324898e-06,0.6500000000000008,-0.0003231958
39,0.6750000000000009,5.859091333333334e-06,0.6750000000000009,-0.0002820054
40,0.7000000000000008,6.5813299999999995e-06,0.7000000000000008,-0.0002433896666666667
41,0.7250000000000008,6.9994466666666665e-06,0.7250000000000008,-0.00020683200000000003
42,0.7500000000000009,7.25382e-06,0.7500000000000009,-0.00017291773333333335
43,0.775000000000001,9.81264e-06,0.775000000000001,-0.00014110146666666668
44,0.8000000000000009,1.2573486666666667e-05,0.8000000000000009,-0.0001113014
45,0.8250000000000008,1.6044840000000002e-05,0.8250000000000008,-8.3336e-05
46,0.850000000000001,2.0307433333333335e-05,0.850000000000001,-6.458009333333334e-05
47,0.8750000000000011,2.52688e-05,0.8750000000000011,-3.844848666666667e-05
48,0.900000000000001,3.071350666666667e-05,0.900000000000001,-1.4298320000000001e-05
49,0.9250000000000009,3.636249333333334e-05,0.9250000000000009,8.28506e-06
50,0.9500000000000011,4.193717333333333e-05,0.9500000000000011,2.950628e-05
51,0.9750000000000012,4.724858666666667e-05,0.9750000000000012,4.953116666666667e-05
52,1.000000000000001,5.221628e-05,1.000000000000001,6.85282e-05
53,1.025000000000001,5.6895179999999996e-05,1.025000000000001,7.981466666666667e-05
54,1.0500000000000012,6.144404e-05,1.0500000000000012,9.861926666666667e-05
55,1.0750000000000013,6.609198e-05,1.0750000000000013,0.00011673053333333335
56,1.1000000000000012,7.236180000000001e-05,1.1000000000000012,0.00013445166666666667
57,1.125000000000001,7.904706666666667e-05,1.125000000000001,0.00015212886666666667
58,1.1500000000000012,8.649213333333335e-05,1.1500000000000012,0.00016961086666666668
59,1.1750000000000014,9.478620000000001e-05,1.1750000000000014,0.00018716386666666667
60,1.2000000000000013,0.00010402226666666667,1.2000000000000013,0.00020473493333333334
61,1.2250000000000012,0.00011423200000000001,1.2250000000000012,0.00022249173333333333
62,1.2500000000000013,0.00012547146666666667,1.2500000000000013,0.00024047573333333333
63,1.2750000000000015,0.00013776513333333334,1.2750000000000015,0.00025857840000000006
