,N6_4F_V_D,N6_4F_J_D,N6_4F_V_L,N6_4F_J_L
0,-0.3,-9.976253333333334e-07,-0.3,-0.0029320753333333337
1,-0.27499999999999997,-5.735088666666667e-07,-0.27499999999999997,-0.0028676080000000002
2,-0.24999999999999994,-3.731421333333334e-07,-0.24999999999999994,-0.0028108413333333333
3,-0.22499999999999992,-2.3691493333333335e-07,-0.22499999999999992,-0.002756073333333333
4,-0.1999999999999999,-1.588248e-07,-0.1999999999999999,-0.0027017906666666667
5,-0.17499999999999988,-5.253958e-08,-0.17499999999999988,-0.0026458233333333334
6,-0.14999999999999986,1.9156966666666668e-08,-0.14999999999999986,-0.002588616
7,-0.12499999999999983,8.15252e-08,-0.12499999999999983,-0.002529012
8,-0.09999999999999981,1.388828e-07,-0.09999999999999981,-0.0024666173333333335
9,-0.07499999999999979,1.9174513333333333e-07,-0.07499999999999979,-0.002400846666666667
10,-0.04999999999999977,2.4221826666666667e-07,-0.04999999999999977,-0.0023317073333333333
11,-0.024999999999999745,2.9183813333333335e-07,-0.024999999999999745,-0.0022588073333333334
12,2.7755575615628914e-16,3.272e-07,2.7755575615628914e-16,-0.00218239
13,0.0250000000000003,3.9505493333333333e-07,0.0250000000000003,-0.002102468
14,0.05000000000000032,4.5668840000000007e-07,0.05000000000000032,-0.002020048
15,0.07500000000000034,5.274280000000001e-07,0.07500000000000034,-0.001935384
16,0.10000000000000037,6.101783333333334e-07,0.10000000000000037,-0.001849000666666667
17,0.1250000000000004,7.076386666666667e-07,0.1250000000000004,-0.0017620473333333335
18,0.1500000000000004,8.232660000000001e-07,0.1500000000000004,-0.001674474666666667
19,0.17500000000000043,9.595973333333334e-07,0.17500000000000043,-0.0015868420000000002
20,0.20000000000000046,1.118564e-06,0.20000000000000046,-0.0014993193333333334
21,0.22500000000000048,1.2925893333333334e-06,0.22500000000000048,-0.0014132406666666668
22,0.2500000000000005,1.5083946666666668e-06,0.2500000000000005,-0.0013281793333333335
23,0.2750000000000005,1.7441453333333335e-06,0.2750000000000005,-0.0012443439999999999
24,0.30000000000000054,2.0007860000000004e-06,0.30000000000000054,-0.0011625486666666668
25,0.32500000000000057,2.2771806666666665e-06,0.32500000000000057,-0.0010824666666666668
26,0.3500000000000006,2.5636306666666666e-06,0.3500000000000006,-0.0010046773333333334
27,0.3750000000000006,2.858650666666667e-06,0.3750000000000006,-0.0009290573333333334
28,0.40000000000000063,3.15843e-06,0.40000000000000063,-0.0008560193333333333
29,0.42500000000000066,3.4642206666666666e-06,0.42500000000000066,-0.000785698
30,0.4500000000000007,3.778918666666667e-06,0.4500000000000007,-0.0007181500000000001
31,0.4750000000000007,4.109633333333334e-06,0.4750000000000007,-0.0006784126666666667
32,0.5000000000000007,4.436564e-06,0.5000000000000007,-0.0006105303333333333
33,0.5250000000000008,4.77258e-06,0.5250000000000008,-0.0005492477999999999
34,0.5500000000000007,5.09819e-06,0.5500000000000007,-0.0004917718666666667
35,0.5750000000000008,5.431955333333333e-06,0.5750000000000008,-0.00043764000000000005
36,0.6000000000000008,5.783242000000001e-06,0.6000000000000008,-0.0003869664666666667
37,0.6250000000000009,6.180023333333334e-06,0.6250000000000009,-0.00033970180000000003
38,0.6500000000000008,6.657806666666666e-06,0.6500000000000008,-0.0002958116
39,0.6750000000000009,6.993826666666666e-06,0.6750000000000009,-0.0002552258
40,0.7000000000000008,6.9994333333333345e-06,0.7000000000000008,-0.00021804793333333333
41,0.7250000000000008,7.047726666666667e-06,0.7250000000000008,-0.00018339440000000003
42,0.7500000000000009,9.574973333333333e-06,0.7500000000000009,-0.0001517518
43,0.775000000000001,1.2162953333333333e-05,0.775000000000001,-0.00012212500000000003
44,0.8000000000000009,1.5505653333333334e-05,0.8000000000000009,-9.407433333333333e-05
45,0.8250000000000008,1.98837e-05,0.8250000000000008,-6.67148e-05
46,0.850000000000001,2.5427273333333336e-05,0.850000000000001,-4.742460666666667e-05
47,0.8750000000000011,3.205640000000001e-05,0.8750000000000011,-1.89058e-05
48,0.900000000000001,3.946215333333333e-05,0.900000000000001,9.054433333333334e-06
49,0.9250000000000009,4.7198646666666664e-05,0.9250000000000009,3.715420666666667e-05
50,0.9500000000000011,5.4778126666666674e-05,0.9500000000000011,6.546124e-05
51,0.9750000000000012,6.183287333333333e-05,0.9750000000000012,8.47762e-05
52,1.000000000000001,6.819253333333333e-05,1.000000000000001,0.00011476213333333334
53,1.025000000000001,7.128673333333333e-05,1.025000000000001,0.00014448753333333334
54,1.0500000000000012,7.683226666666667e-05,1.0500000000000012,0.0001742764
55,1.0750000000000013,8.26252e-05,1.0750000000000013,0.00020424380000000003
56,1.1000000000000012,8.883966666666668e-05,1.1000000000000012,0.0002343666
57,1.125000000000001,9.577926666666667e-05,1.125000000000001,0.0002648768
58,1.1500000000000012,0.00010375906666666666,1.1500000000000012,0.00029573386666666666
59,1.1750000000000014,0.00011299586666666667,1.1750000000000014,0.00032694280000000004
60,1.2000000000000013,0.00012373880000000003,1.2000000000000013,0.0003585542666666667
61,1.2250000000000012,0.00013617266666666666,1.2250000000000012,0.0003906421333333334
62,1.2500000000000013,0.0001504612,1.2500000000000013,0.0004230324666666667
63,1.2750000000000015,0.00016672600000000002,1.2750000000000015,0.0004558385333333333
