,N6_4R_V_D,N6_4R_J_D,N6_4R_V_L,N6_4R_J_L
0,1.3,0.0024009033333333334,1.3,0.01781432
1,1.2750000000000001,0.0023385773333333333,1.2750000000000001,0.01645634
2,1.2500000000000002,0.0024656106666666668,1.2500000000000002,0.015014433333333334
3,1.2250000000000003,0.0026859593333333335,1.2250000000000003,0.013511120000000001
4,1.2000000000000004,0.002899368666666667,1.2000000000000004,0.011965553333333333
5,1.1750000000000005,0.0030315733333333337,1.1750000000000005,0.010392726666666668
6,1.1500000000000006,0.0030296766666666666,1.1500000000000006,0.00880782
7,1.1250000000000007,0.0028654740000000002,1.1250000000000007,0.007224653333333333
8,1.1000000000000008,0.002553046,1.1000000000000008,0.005489096
9,1.0750000000000008,0.002140298666666667,1.0750000000000008,0.003950265333333333
10,1.050000000000001,0.0016949673333333333,1.050000000000001,0.002453452
11,1.025000000000001,0.0012766526666666668,1.025000000000001,0.0010018553333333334
12,1.000000000000001,0.0009206566666666667,1.000000000000001,-0.0004652107333333334
13,0.9750000000000012,0.0006362096666666667,0.9750000000000012,-0.0019445873333333334
14,0.9500000000000013,0.000422206,0.9500000000000013,-0.003260198666666667
15,0.9250000000000014,0.0002717881333333334,0.9250000000000014,-0.00451313
16,0.9000000000000015,0.00016959346666666668,0.9000000000000015,-0.005707577333333333
17,0.8750000000000016,0.00010408753333333334,0.8750000000000016,-0.00684184
18,0.8500000000000016,6.954626666666667e-05,0.8500000000000016,-0.007831566666666668
19,0.8250000000000017,3.900691333333333e-05,0.8250000000000017,-0.00884828
20,0.8000000000000018,2.385108e-05,0.8000000000000018,-0.009779786666666667
21,0.7750000000000019,1.4456066666666669e-05,0.7750000000000019,-0.010627339999999999
22,0.750000000000002,8.303326666666666e-06,0.750000000000002,-0.011390913333333334
23,0.7250000000000021,8.131526666666666e-06,0.7250000000000021,-0.012077653333333334
24,0.7000000000000022,5.070257333333333e-06,0.7000000000000022,-0.012689993333333333
25,0.6750000000000023,1.167576e-06,0.6750000000000023,-0.01322462
26,0.6500000000000024,-8.362860000000001e-07,0.6500000000000024,-0.01369884
27,0.6250000000000024,-2.3472373333333333e-06,0.6250000000000024,-0.014117293333333334
28,0.6000000000000025,-3.565828666666667e-06,0.6000000000000025,-0.014486339999999999
29,0.5750000000000026,-4.520540666666667e-06,0.5750000000000026,-0.014804833333333335
30,0.5500000000000027,-5.294917333333334e-06,0.5500000000000027,-0.015087126666666667
31,0.5250000000000028,-5.90599e-06,0.5250000000000028,-0.01533518
32,0.5000000000000029,-6.31166e-06,0.5000000000000029,-0.015557526666666667
33,0.475000000000003,-6.560261333333333e-06,0.475000000000003,-0.015755260000000004
34,0.45000000000000306,-6.653826e-06,0.45000000000000306,-0.01593352666666667
35,0.42500000000000315,-6.690186666666666e-06,0.42500000000000315,-0.016094486666666668
36,0.40000000000000324,-6.671993333333334e-06,0.40000000000000324,-0.016241913333333333
37,0.37500000000000333,-6.585606666666667e-06,0.37500000000000333,-0.016379873333333333
38,0.3500000000000034,-6.470821333333333e-06,0.3500000000000034,-0.01650455333333333
39,0.3250000000000035,-6.314194e-06,0.3250000000000035,-0.01661888
40,0.3000000000000036,-6.140023333333334e-06,0.3000000000000036,-0.016729180000000003
41,0.2750000000000037,-6.005708e-06,0.2750000000000037,-0.01683386
42,0.2500000000000038,-5.839908666666667e-06,0.2500000000000038,-0.016929353333333334
43,0.22500000000000386,-5.4684760000000004e-06,0.22500000000000386,-0.017016673333333333
44,0.20000000000000395,-5.486266666666667e-06,0.20000000000000395,-0.017107333333333336
45,0.17500000000000404,-5.367456666666667e-06,0.17500000000000404,-0.01718982
46,0.15000000000000413,-5.266843333333334e-06,0.15000000000000413,-0.017269273333333335
47,0.12500000000000422,-5.158578000000001e-06,0.12500000000000422,-0.01734484
48,0.10000000000000431,-5.060082e-06,0.10000000000000431,-0.0174185
49,0.0750000000000044,-4.972344666666667e-06,0.0750000000000044,-0.017487113333333335
50,0.050000000000004485,-4.882970666666667e-06,0.050000000000004485,-0.01755600666666667
51,0.025000000000004574,-4.801648666666667e-06,0.025000000000004574,-0.017618193333333334
52,4.6629367034256575e-15,-4.680689333333333e-06,4.6629367034256575e-15,-0.017679053333333333
53,-0.024999999999995248,-4.634182666666667e-06,-0.024999999999995248,-0.01773842
54,-0.04999999999999516,-4.575024e-06,-0.04999999999999516,-0.017796413333333334
55,-0.07499999999999507,-4.51997e-06,-0.07499999999999507,-0.017849433333333335
56,-0.09999999999999498,-4.464997333333333e-06,-0.09999999999999498,-0.01790222666666667
57,-0.12499999999999489,-4.424640666666667e-06,-0.12499999999999489,-0.017952140000000002
58,-0.1499999999999948,-4.385791333333334e-06,-0.1499999999999948,-0.018001173333333332
59,-0.17499999999999472,-4.350217333333333e-06,-0.17499999999999472,-0.01804638
60,-0.19999999999999463,-4.295490666666667e-06,-0.19999999999999463,-0.01808904
61,-0.22499999999999454,-4.304886666666666e-06,-0.22499999999999454,-0.01813334
62,-0.24999999999999445,-4.31173e-06,-0.24999999999999445,-0.018176233333333337
63,-0.27499999999999436,-4.333228666666667e-06,-0.27499999999999436,-0.01821572
