,N6_4F_V_D,N6_4F_J_D,N6_4F_V_L,N6_4F_J_L
0,-0.3,-9.468166666666667e-06,-0.3,-0.018223766666666665
1,-0.27499999999999997,-7.881540000000002e-06,-0.27499999999999997,-0.01808786
2,-0.24999999999999994,-6.897773333333333e-06,-0.24999999999999994,-0.017967333333333335
3,-0.22499999999999992,-6.256504666666667e-06,-0.22499999999999992,-0.017847473333333336
4,-0.1999999999999999,-5.1102773333333336e-06,-0.1999999999999999,-0.01772076666666667
5,-0.17499999999999988,-4.19089e-06,-0.17499999999999988,-0.017587966666666666
6,-0.14999999999999986,-3.3814713333333335e-06,-0.14999999999999986,-0.017449826666666668
7,-0.12499999999999983,-2.608104e-06,-0.12499999999999983,-0.017306066666666668
8,-0.09999999999999981,-1.8609586666666669e-06,-0.09999999999999981,-0.017157093333333335
9,-0.07499999999999979,-1.0952880000000002e-06,-0.07499999999999979,-0.017002993333333334
10,-0.04999999999999977,-3.786624666666667e-07,-0.04999999999999977,-0.01684198666666667
11,-0.024999999999999745,3.218544666666667e-07,-0.024999999999999745,-0.016675726666666668
12,2.7755575615628914e-16,1.0060933333333334e-06,2.7755575615628914e-16,-0.016503973333333335
13,0.0250000000000003,1.7544139999999998e-06,0.0250000000000003,-0.016325666666666665
14,0.05000000000000032,2.5091833333333338e-06,0.05000000000000032,-0.016139180000000003
15,0.07500000000000034,3.2507073333333336e-06,0.07500000000000034,-0.015944326666666668
16,0.10000000000000037,4.026689333333334e-06,0.10000000000000037,-0.0157478
17,0.1250000000000004,4.818201333333334e-06,0.1250000000000004,-0.01554052
18,0.1500000000000004,5.738339333333333e-06,0.1500000000000004,-0.015321913333333334
19,0.17500000000000043,6.664643333333333e-06,0.17500000000000043,-0.015089433333333334
20,0.20000000000000046,6.999246666666667e-06,0.20000000000000046,-0.014855653333333333
21,0.22500000000000048,6.9495e-06,0.22500000000000048,-0.014602893333333332
22,0.2500000000000005,8.986040000000001e-06,0.2500000000000005,-0.014346346666666667
23,0.2750000000000005,1.0111566666666666e-05,0.2750000000000005,-0.014068333333333335
24,0.30000000000000054,1.1246093333333335e-05,0.30000000000000054,-0.013781226666666669
25,0.32500000000000057,1.2341613333333334e-05,0.32500000000000057,-0.013477113333333336
26,0.3500000000000006,1.34457e-05,0.3500000000000006,-0.013159986666666667
27,0.3750000000000006,1.4706626666666666e-05,0.3750000000000006,-0.012828673333333334
28,0.40000000000000063,1.5936646666666668e-05,0.40000000000000063,-0.01246972
29,0.42500000000000066,1.8335180000000002e-05,0.42500000000000066,-0.0121083
30,0.4500000000000007,2.4652333333333335e-05,0.4500000000000007,-0.011728033333333334
31,0.4750000000000007,3.365436666666667e-05,0.4750000000000007,-0.011329013333333334
32,0.5000000000000007,3.760284666666667e-05,0.5000000000000007,-0.010914866666666667
33,0.5250000000000008,4.04202e-05,0.5250000000000008,-0.01047734
34,0.5500000000000007,4.7333873333333334e-05,0.5500000000000007,-0.010030366666666667
35,0.5750000000000008,4.9719313333333336e-05,0.5750000000000008,-0.009558706666666666
36,0.6000000000000008,5.7037466666666664e-05,0.6000000000000008,-0.009072940000000002
37,0.6250000000000009,5.808326666666667e-05,0.6250000000000009,-0.008556853333333333
38,0.6500000000000008,9.989233333333335e-05,0.6500000000000008,-0.008052433333333334
39,0.6750000000000009,0.00010330753333333334,0.6750000000000009,-0.007526446666666667
40,0.7000000000000008,0.00010560173333333333,0.7000000000000008,-0.0069900733333333335
41,0.7250000000000008,0.00012577039999999998,0.7250000000000008,-0.006674886666666667
42,0.7500000000000009,0.00014977766666666667,0.7500000000000009,-0.006021389333333333
43,0.775000000000001,0.00017639353333333334,0.775000000000001,-0.005422146
44,0.8000000000000009,0.00020617626666666667,0.8000000000000009,-0.004850359333333333
45,0.8250000000000008,0.0002496000666666667,0.8250000000000008,-0.004267622
46,0.850000000000001,0.00030225133333333334,0.850000000000001,-0.003680634
47,0.8750000000000011,0.00036031826666666666,0.8750000000000011,-0.00309971
48,0.900000000000001,0.00047853753333333335,0.900000000000001,-0.0025167093333333334
49,0.9250000000000009,0.000591301,0.9250000000000009,-0.0019075040000000002
50,0.9500000000000011,0.0007652720000000001,0.9500000000000011,-0.001323172
51,0.9750000000000012,0.0009524006666666667,0.9750000000000012,-0.0007439906666666667
52,1.000000000000001,0.0011791853333333335,1.000000000000001,-0.00025075013333333336
53,1.025000000000001,0.0014404973333333334,1.025000000000001,0.00035736873333333335
54,1.0500000000000012,0.0017434773333333334,1.0500000000000012,0.0008804333333333334
55,1.0750000000000013,0.00208501,1.0750000000000013,0.0015217106666666667
56,1.1000000000000012,0.002465186666666667,1.1000000000000012,0.0021613266666666666
57,1.125000000000001,0.0029446666666666666,1.125000000000001,0.002830992
58,1.1500000000000012,0.0034121453333333337,1.1500000000000012,0.003513293333333334
59,1.1750000000000014,0.003927936,1.1750000000000014,0.0042271800000000005
60,1.2000000000000013,0.004493354,1.2000000000000013,0.004966485333333334
61,1.2250000000000012,0.0051001273333333335,1.2250000000000012,0.005743035333333334
62,1.2500000000000013,0.005758755333333334,1.2500000000000013,0.006555180666666668
63,1.2750000000000015,0.006458535333333334,1.2750000000000015,0.007461786666666668
