,N6_4R_V_D,N6_4R_J_D,N6_4R_V_L,N6_4R_J_L
0,1.3,0.0021550433333333337,1.3,0.00733178
1,1.2750000000000001,0.002279812,1.2750000000000001,0.006508548
2,1.2500000000000002,0.002486232,1.2500000000000002,0.005766792666666667
3,1.2250000000000003,0.0026243200000000003,1.2250000000000003,0.0050310373333333335
4,1.2000000000000004,0.0026237173333333334,1.2000000000000004,0.004303669333333334
5,1.1750000000000005,0.002489854666666667,1.1750000000000005,0.0035851053333333335
6,1.1500000000000006,0.0022682753333333337,1.1500000000000006,0.0028745506666666668
7,1.1250000000000007,0.001995284,1.1250000000000007,0.0021707406666666667
8,1.1000000000000008,0.001704238,1.1000000000000008,0.0014732646666666667
9,1.0750000000000008,0.0014115693333333335,1.0750000000000008,0.0007752033333333334
10,1.050000000000001,0.0011363620000000001,1.050000000000001,-1.6596426666666667e-05
11,1.025000000000001,0.0008815593333333333,1.025000000000001,-0.0008080646666666667
12,1.000000000000001,0.0006595393333333334,1.000000000000001,-0.0015302173333333333
13,0.9750000000000012,0.0004669918666666667,0.9750000000000012,-0.0022579013333333332
14,0.9500000000000013,0.0003199454,0.9500000000000013,-0.0029937920000000003
15,0.9250000000000014,0.00021046186666666669,0.9250000000000014,-0.0037367893333333335
16,0.9000000000000015,0.0001353058,0.9000000000000015,-0.004483587333333334
17,0.8750000000000016,8.572046666666667e-05,0.8750000000000016,-0.0052313333333333335
18,0.8500000000000016,6.152286666666667e-05,0.8500000000000016,-0.005975514
19,0.8250000000000017,3.5630793333333335e-05,0.8250000000000017,-0.0067119066666666664
20,0.8000000000000018,2.3199673333333333e-05,0.8000000000000018,-0.007409693333333333
21,0.7750000000000019,1.5111940000000001e-05,0.7750000000000019,-0.0081251
22,0.750000000000002,9.34404e-06,0.750000000000002,-0.008821846666666668
23,0.7250000000000021,1.0550633333333334e-05,0.7250000000000021,-0.009492593333333334
24,0.7000000000000022,7.094013333333333e-06,0.7000000000000022,-0.010131313333333334
25,0.6750000000000023,4.446879333333334e-06,0.6750000000000023,-0.010741346666666667
26,0.6500000000000024,7.445713333333333e-07,0.6500000000000024,-0.01131654
27,0.6250000000000024,-8.792246666666666e-07,0.6250000000000024,-0.011858833333333334
28,0.6000000000000025,-2.122582666666667e-06,0.6000000000000025,-0.012367773333333335
29,0.5750000000000026,-3.0480893333333336e-06,0.5750000000000026,-0.012834406666666668
30,0.5500000000000027,-3.733780666666667e-06,0.5500000000000027,-0.01326846
31,0.5250000000000028,-4.053487333333334e-06,0.5250000000000028,-0.01366828
32,0.5000000000000029,-4.341405333333334e-06,0.5000000000000029,-0.01403272
33,0.475000000000003,-4.3601759999999995e-06,0.475000000000003,-0.014369853333333335
34,0.45000000000000306,-4.3673320000000006e-06,0.45000000000000306,-0.014675393333333333
35,0.42500000000000315,-4.3641820000000004e-06,0.42500000000000315,-0.014954173333333333
36,0.40000000000000324,-4.3408193333333335e-06,0.40000000000000324,-0.015207560000000002
37,0.37500000000000333,-4.253976666666667e-06,0.37500000000000333,-0.015439420000000002
38,0.3500000000000034,-4.210828666666667e-06,0.3500000000000034,-0.015650926666666665
39,0.3250000000000035,-4.203942e-06,0.3250000000000035,-0.015843313333333334
40,0.3000000000000036,-4.098551333333333e-06,0.3000000000000036,-0.01602018
41,0.2750000000000037,-4.154282666666666e-06,0.2750000000000037,-0.01618554666666667
42,0.2500000000000038,-4.2341380000000005e-06,0.2500000000000038,-0.016332206666666668
43,0.22500000000000386,-4.154168e-06,0.22500000000000386,-0.016462993333333332
44,0.20000000000000395,-4.333404666666667e-06,0.20000000000000395,-0.016596293333333335
45,0.17500000000000404,-4.4553746666666665e-06,0.17500000000000404,-0.016712706666666667
46,0.15000000000000413,-4.417974666666667e-06,0.15000000000000413,-0.016825353333333334
47,0.12500000000000422,-4.387093333333333e-06,0.12500000000000422,-0.016929046666666666
48,0.10000000000000431,-4.356450666666667e-06,0.10000000000000431,-0.017025733333333334
49,0.0750000000000044,-4.323867333333334e-06,0.0750000000000044,-0.017117466666666668
50,0.050000000000004485,-4.289970666666667e-06,0.050000000000004485,-0.01720392
51,0.025000000000004574,-4.252534666666667e-06,0.025000000000004574,-0.0172852
52,4.6629367034256575e-15,-4.17685e-06,4.6629367034256575e-15,-0.01736222
53,-0.024999999999995248,-4.1635866666666666e-06,-0.024999999999995248,-0.017435866666666668
54,-0.04999999999999516,-4.121258666666667e-06,-0.04999999999999516,-0.017507206666666667
55,-0.07499999999999507,-4.088482666666667e-06,-0.07499999999999507,-0.01757022
56,-0.09999999999999498,-4.057466e-06,-0.09999999999999498,-0.017633120000000002
57,-0.12499999999999489,-4.030222e-06,-0.12499999999999489,-0.01769434
58,-0.1499999999999948,-4.009632e-06,-0.1499999999999948,-0.017752393333333335
59,-0.17499999999999472,-3.997764666666667e-06,-0.17499999999999472,-0.017803093333333336
60,-0.19999999999999463,-3.971018666666667e-06,-0.19999999999999463,-0.01785196666666667
61,-0.22499999999999454,-3.989282666666667e-06,-0.22499999999999454,-0.017905113333333333
62,-0.24999999999999445,-4.0319426666666665e-06,-0.24999999999999445,-0.017950840000000003
63,-0.27499999999999436,-4.058696666666667e-06,-0.27499999999999436,-0.01799506
