,N6_4R_V_D,N6_4R_J_D,N6_4R_V_L,N6_4R_J_L
0,1.3,0.008066446666666666,1.3,0.008616326666666667
1,1.2750000000000001,0.007555806666666667,1.2750000000000001,0.007741653333333333
2,1.2500000000000002,0.006900640000000001,1.2500000000000002,0.00687436
3,1.2250000000000003,0.006269736666666667,1.2250000000000003,0.0059273266666666664
4,1.2000000000000004,0.005683714,1.2000000000000004,0.005047734000000001
5,1.1750000000000005,0.004999208000000001,1.1750000000000005,0.004207636
6,1.1500000000000006,0.004342431333333334,1.1500000000000006,0.003374430666666667
7,1.1250000000000007,0.003734352666666667,1.1250000000000007,0.002544996
8,1.1000000000000008,0.003156144666666667,1.1000000000000008,0.0018125813333333335
9,1.0750000000000008,0.0026562246666666667,1.0750000000000008,0.0010367606666666666
10,1.050000000000001,0.0022067000000000002,1.050000000000001,0.00027166360000000005
11,1.025000000000001,0.0018547553333333336,1.025000000000001,-0.0004933988666666667
12,1.000000000000001,0.001529344,1.000000000000001,-0.001220934
13,0.9750000000000012,0.0012567953333333334,0.9750000000000012,-0.0019761973333333334
14,0.9500000000000013,0.0010507446666666667,0.9500000000000013,-0.00270269
15,0.9250000000000014,0.0009016806666666666,0.9250000000000014,-0.003439673333333333
16,0.9000000000000015,0.0007887753333333334,0.9000000000000015,-0.004155168000000001
17,0.8750000000000016,0.000720316,0.8750000000000016,-0.004862397333333334
18,0.8500000000000016,0.000670904,0.8500000000000016,-0.005552795333333333
19,0.8250000000000017,0.0006031397333333334,0.8250000000000017,-0.006235651333333334
20,0.8000000000000018,0.0005563437333333333,0.8000000000000018,-0.006925173333333333
21,0.7750000000000019,0.0005469933333333333,0.7750000000000019,-0.007548580000000001
22,0.750000000000002,0.0005273301333333334,0.750000000000002,-0.008199533333333333
23,0.7250000000000021,0.0004923158000000001,0.7250000000000021,-0.00882164
24,0.7000000000000022,0.000451096,0.7000000000000022,-0.009425626666666667
25,0.6750000000000023,0.00044906800000000006,0.6750000000000023,-0.010015266666666668
26,0.6500000000000024,0.0004263906,0.6500000000000024,-0.01056522
27,0.6250000000000024,0.0004065774,0.6250000000000024,-0.011105433333333333
28,0.6000000000000025,0.0003767562,0.6000000000000025,-0.011604046666666666
29,0.5750000000000026,0.00033709800000000003,0.5750000000000026,-0.012079706666666667
30,0.5500000000000027,0.00034081493333333336,0.5500000000000027,-0.0125345
31,0.5250000000000028,0.00030912533333333337,0.5250000000000028,-0.01296482
32,0.5000000000000029,0.0003005202666666667,0.5000000000000029,-0.013373053333333334
33,0.475000000000003,0.0002713018,0.475000000000003,-0.013745453333333334
34,0.45000000000000306,0.0002592499333333334,0.45000000000000306,-0.01409534
35,0.42500000000000315,0.0002317064666666667,0.42500000000000315,-0.014435626666666668
36,0.40000000000000324,0.00021820766666666666,0.40000000000000324,-0.014746666666666667
37,0.37500000000000333,0.00020114586666666667,0.37500000000000333,-0.015036766666666668
38,0.3500000000000034,0.00018402913333333336,0.3500000000000034,-0.015305566666666668
39,0.3250000000000035,0.00016949946666666667,0.3250000000000035,-0.015552333333333335
40,0.3000000000000036,0.00015431006666666669,0.3000000000000036,-0.015784406666666667
41,0.2750000000000037,0.0001403678,0.2750000000000037,-0.016005933333333337
42,0.2500000000000038,0.00012521293333333334,0.2500000000000038,-0.016206893333333333
43,0.22500000000000386,0.00010888126666666666,0.22500000000000386,-0.016391913333333334
44,0.20000000000000395,9.492653333333334e-05,0.20000000000000395,-0.01657520666666667
45,0.17500000000000404,8.050526666666667e-05,0.17500000000000404,-0.016734673333333335
46,0.15000000000000413,5.2397119999999995e-05,0.15000000000000413,-0.016891086666666666
47,0.12500000000000422,4.0980873333333335e-05,0.12500000000000422,-0.017036826666666668
48,0.10000000000000431,3.0346993333333333e-05,0.10000000000000431,-0.017180246666666666
49,0.0750000000000044,2.0181046666666668e-05,0.0750000000000044,-0.017306713333333335
50,0.050000000000004485,9.215706666666667e-06,0.050000000000004485,-0.0174271
51,0.025000000000004574,-7.412113333333334e-09,0.025000000000004574,-0.017540833333333332
52,4.6629367034256575e-15,-8.876413333333334e-06,4.6629367034256575e-15,-0.017648853333333336
53,-0.024999999999995248,-1.78285e-05,-0.024999999999995248,-0.01774926666666667
54,-0.04999999999999516,-2.663874666666667e-05,-0.04999999999999516,-0.017847466666666666
55,-0.07499999999999507,-3.5483666666666674e-05,-0.07499999999999507,-0.01793346666666667
56,-0.09999999999999498,-4.417058666666667e-05,-0.09999999999999498,-0.018016593333333334
57,-0.12499999999999489,-5.312135333333333e-05,-0.12499999999999489,-0.01809634666666667
58,-0.1499999999999948,-6.0008080000000004e-05,-0.1499999999999948,-0.018173920000000003
59,-0.17499999999999472,-6.863786666666667e-05,-0.17499999999999472,-0.018242500000000002
60,-0.19999999999999463,-8.768e-05,-0.19999999999999463,-0.018309326666666667
61,-0.22499999999999454,-9.909193333333333e-05,-0.22499999999999454,-0.018373120000000003
62,-0.24999999999999445,-0.00010937893333333333,-0.24999999999999445,-0.018426713333333334
63,-0.27499999999999436,-0.00012327813333333333,-0.27499999999999436,-0.018483213333333335
