,N6_4R_V_D,N6_4R_J_D,N6_4R_V_L,N6_4R_J_L
0,1.3,0.005163796000000001,1.3,0.012595906666666667
1,1.2750000000000001,0.0060221906666666665,1.2750000000000001,0.011316586666666668
2,1.2500000000000002,0.006332792666666667,1.2500000000000002,0.010025220000000001
3,1.2250000000000003,0.006244656,1.2250000000000003,0.008733826666666668
4,1.2000000000000004,0.005889132666666667,1.2000000000000004,0.007442240000000001
5,1.1750000000000005,0.005339428,1.1750000000000005,0.006071328
6,1.1500000000000006,0.004686237333333333,1.1500000000000006,0.004803956
7,1.1250000000000007,0.003989905333333333,1.1250000000000007,0.003556912666666667
8,1.1000000000000008,0.0032953093333333333,1.1000000000000008,0.002331172666666667
9,1.0750000000000008,0.002630438666666667,1.0750000000000008,0.0011218673333333333
10,1.050000000000001,0.0020307666666666666,1.050000000000001,-0.00010084006666666667
11,1.025000000000001,0.0015186280000000002,1.025000000000001,-0.0013396006666666666
12,1.000000000000001,0.001084164,1.000000000000001,-0.0024910880000000002
13,0.9750000000000012,0.0007420720000000001,0.9750000000000012,-0.0036096053333333333
14,0.9500000000000013,0.0004988070666666666,0.9500000000000013,-0.00469742
15,0.9250000000000014,0.00030675853333333335,0.9250000000000014,-0.00575198
16,0.9000000000000015,0.00019463166666666668,0.9000000000000015,-0.006769813333333333
17,0.8750000000000016,0.000121812,0.8750000000000016,-0.007723013333333333
18,0.8500000000000016,7.858813333333333e-05,0.8500000000000016,-0.008672433333333333
19,0.8250000000000017,6.005462666666667e-05,0.8250000000000017,-0.00956852
20,0.8000000000000018,3.734545333333334e-05,0.8000000000000018,-0.010408673333333333
21,0.7750000000000019,2.623926e-05,0.7750000000000019,-0.011190446666666666
22,0.750000000000002,1.9561046666666667e-05,0.750000000000002,-0.011912
23,0.7250000000000021,1.475668e-05,0.7250000000000021,-0.012574253333333334
24,0.7000000000000022,1.1350126666666666e-05,0.7000000000000022,-0.01317714
25,0.6750000000000023,8.775773333333332e-06,0.6750000000000023,-0.013713666666666667
26,0.6500000000000024,1.038432e-05,0.6500000000000024,-0.014193633333333334
27,0.6250000000000024,6.740153333333333e-06,0.6250000000000024,-0.01461724
28,0.6000000000000025,8.74396e-06,0.6000000000000025,-0.014988766666666667
29,0.5750000000000026,7.906453333333332e-06,0.5750000000000026,-0.015318133333333334
30,0.5500000000000027,7.913433333333335e-06,0.5500000000000027,-0.015604193333333334
31,0.5250000000000028,6.664744000000001e-06,0.5250000000000028,-0.01585536
32,0.5000000000000029,4.424158666666667e-06,0.5000000000000029,-0.016075426666666667
33,0.475000000000003,3.1348453333333334e-06,0.475000000000003,-0.016268593333333334
34,0.45000000000000306,2.0526633333333334e-06,0.45000000000000306,-0.016443333333333334
35,0.42500000000000315,1.3479180000000001e-06,0.42500000000000315,-0.016598813333333334
36,0.40000000000000324,7.29874e-07,0.40000000000000324,-0.016739573333333334
37,0.37500000000000333,3.437564e-07,0.37500000000000333,-0.016868673333333334
38,0.3500000000000034,-3.1895093333333333e-07,0.3500000000000034,-0.01698352666666667
39,0.3250000000000035,-5.578474000000001e-07,0.3250000000000035,-0.017090766666666667
40,0.3000000000000036,-9.71378e-07,0.3000000000000036,-0.017189760000000002
41,0.2750000000000037,-1.2098273333333333e-06,0.2750000000000037,-0.01728384
42,0.2500000000000038,-1.7347340000000002e-06,0.2500000000000038,-0.017369833333333334
43,0.22500000000000386,-1.8911246666666667e-06,0.22500000000000386,-0.017445600000000002
44,0.20000000000000395,-2.2821946666666665e-06,0.20000000000000395,-0.01752542
45,0.17500000000000404,-2.5956473333333336e-06,0.17500000000000404,-0.017597440000000002
46,0.15000000000000413,-2.9192353333333334e-06,0.15000000000000413,-0.017665853333333335
47,0.12500000000000422,-3.0738546666666666e-06,0.12500000000000422,-0.01773134
48,0.10000000000000431,-3.30843e-06,0.10000000000000431,-0.01779352
49,0.0750000000000044,-3.4811120000000003e-06,0.0750000000000044,-0.017851586666666665
50,0.050000000000004485,-3.6907786666666672e-06,0.050000000000004485,-0.017910213333333334
51,0.025000000000004574,-3.859970666666667e-06,0.025000000000004574,-0.017965713333333334
52,4.6629367034256575e-15,-3.975131333333333e-06,4.6629367034256575e-15,-0.01801612666666667
53,-0.024999999999995248,-4.156551333333333e-06,-0.024999999999995248,-0.01806544
54,-0.04999999999999516,-4.375129333333334e-06,-0.04999999999999516,-0.018112286666666668
55,-0.07499999999999507,-4.63233e-06,-0.07499999999999507,-0.018162053333333334
56,-0.09999999999999498,-4.846541333333334e-06,-0.09999999999999498,-0.018207386666666665
57,-0.12499999999999489,-5.062767333333334e-06,-0.12499999999999489,-0.018250993333333333
58,-0.1499999999999948,-5.042762666666667e-06,-0.1499999999999948,-0.01829046
59,-0.17499999999999472,-5.365685333333334e-06,-0.17499999999999472,-0.01833202
60,-0.19999999999999463,-5.503959333333334e-06,-0.19999999999999463,-0.018369453333333334
61,-0.22499999999999454,-5.85029e-06,-0.22499999999999454,-0.0184054
62,-0.24999999999999445,-5.807554e-06,-0.24999999999999445,-0.01844142
63,-0.27499999999999436,-6.149662666666667e-06,-0.27499999999999436,-0.01847632
