,N6_4R_V_D,N6_4R_J_D,N6_4R_V_L,N6_4R_J_L
0,1.3,0.005610322,1.3,0.012927866666666668
1,1.2750000000000001,0.008121593333333335,1.2750000000000001,0.011624540000000001
2,1.2500000000000002,0.007912566666666667,1.2500000000000002,0.01030134
3,1.2250000000000003,0.007391933333333333,1.2250000000000003,0.008977886666666667
4,1.2000000000000004,0.00670406,1.2000000000000004,0.007651353333333333
5,1.1750000000000005,0.005974452666666667,1.1750000000000005,0.006254415333333333
6,1.1500000000000006,0.005164473333333333,1.1500000000000006,0.00495792
7,1.1250000000000007,0.0043498166666666675,1.1250000000000007,0.003685742
8,1.1000000000000008,0.003568196666666667,1.1000000000000008,0.0024323453333333334
9,1.0750000000000008,0.0028541246666666667,1.0750000000000008,0.001192446
10,1.050000000000001,0.002189872666666667,1.050000000000001,-0.00014653653333333334
11,1.025000000000001,0.0016265886666666667,1.025000000000001,-0.0014106926666666666
12,1.000000000000001,0.0011644653333333333,1.000000000000001,-0.0025870000000000003
13,0.9750000000000012,0.0008016573333333334,0.9750000000000012,-0.0037241106666666673
14,0.9500000000000013,0.0005502954,0.9500000000000013,-0.004830144
15,0.9250000000000014,0.0003542224,0.9250000000000014,-0.005899046000000001
16,0.9000000000000015,0.0002428026,0.9000000000000015,-0.006930693333333333
17,0.8750000000000016,0.0001670852,0.8750000000000016,-0.00789254
18,0.8500000000000016,0.00011364526666666667,0.8500000000000016,-0.008846433333333334
19,0.8250000000000017,8.741220000000001e-05,0.8250000000000017,-0.009748133333333334
20,0.8000000000000018,6.74358e-05,0.8000000000000018,-0.010590293333333334
21,0.7750000000000019,5.917837333333334e-05,0.7750000000000019,-0.01136998
22,0.750000000000002,5.136522e-05,0.750000000000002,-0.012091626666666667
23,0.7250000000000021,4.018992e-05,0.7250000000000021,-0.012751786666666667
24,0.7000000000000022,3.523173333333334e-05,0.7000000000000022,-0.01333962
25,0.6750000000000023,3.192379333333334e-05,0.6750000000000023,-0.013869900000000001
26,0.6500000000000024,3.370524666666667e-05,0.6500000000000024,-0.014339693333333334
27,0.6250000000000024,3.117193333333334e-05,0.6250000000000024,-0.014754206666666669
28,0.6000000000000025,3.0150093333333335e-05,0.6000000000000025,-0.015114573333333334
29,0.5750000000000026,2.4642053333333334e-05,0.5750000000000026,-0.01543104
30,0.5500000000000027,2.229178e-05,0.5500000000000027,-0.01570658
31,0.5250000000000028,2.0921333333333332e-05,0.5250000000000028,-0.01594834666666667
32,0.5000000000000029,1.8616913333333333e-05,0.5000000000000029,-0.016164493333333335
33,0.475000000000003,1.6712253333333334e-05,0.475000000000003,-0.01635176
34,0.45000000000000306,1.454912e-05,0.45000000000000306,-0.016519353333333334
35,0.42500000000000315,1.3253453333333334e-05,0.42500000000000315,-0.01667096666666667
36,0.40000000000000324,1.1786986666666667e-05,0.40000000000000324,-0.0168079
37,0.37500000000000333,1.0587193333333333e-05,0.37500000000000333,-0.016931386666666666
38,0.3500000000000034,9.017033333333334e-06,0.3500000000000034,-0.017044173333333336
39,0.3250000000000035,7.978633333333334e-06,0.3250000000000035,-0.017149793333333333
40,0.3000000000000036,7.015846666666668e-06,0.3000000000000036,-0.01724820666666667
41,0.2750000000000037,6.2146206666666666e-06,0.2750000000000037,-0.017336373333333335
42,0.2500000000000038,4.429441333333334e-06,0.2500000000000038,-0.017421786666666668
43,0.22500000000000386,3.462982e-06,0.22500000000000386,-0.017497493333333333
44,0.20000000000000395,2.3906306666666667e-06,0.20000000000000395,-0.01757366
45,0.17500000000000404,1.3485953333333333e-06,0.17500000000000404,-0.017645866666666666
46,0.15000000000000413,3.9189513333333333e-07,0.15000000000000413,-0.01771318666666667
47,0.12500000000000422,-4.707820666666667e-07,0.12500000000000422,-0.01777866
48,0.10000000000000431,-1.3125406666666667e-06,0.10000000000000431,-0.017839840000000003
49,0.0750000000000044,-2.2474993333333334e-06,0.0750000000000044,-0.01790018666666667
50,0.050000000000004485,-3.1269633333333335e-06,0.050000000000004485,-0.017955453333333336
51,0.025000000000004574,-4.0343600000000005e-06,0.025000000000004574,-0.01800884666666667
52,4.6629367034256575e-15,-4.902190666666667e-06,4.6629367034256575e-15,-0.018062333333333336
53,-0.024999999999995248,-5.8655686666666664e-06,-0.024999999999995248,-0.018112493333333337
54,-0.04999999999999516,-6.775940000000001e-06,-0.04999999999999516,-0.018158506666666668
55,-0.07499999999999507,-7.000726666666666e-06,-0.07499999999999507,-0.018206713333333336
56,-0.09999999999999498,-7.1097e-06,-0.09999999999999498,-0.0182513
57,-0.12499999999999489,-8.444133333333334e-06,-0.12499999999999489,-0.018295633333333335
58,-0.1499999999999948,-8.637313333333335e-06,-0.1499999999999948,-0.018335680000000004
59,-0.17499999999999472,-9.350386666666667e-06,-0.17499999999999472,-0.01837502666666667
60,-0.19999999999999463,-1.0134000000000002e-05,-0.19999999999999463,-0.01841184666666667
61,-0.22499999999999454,-1.083016e-05,-0.22499999999999454,-0.018448866666666668
62,-0.24999999999999445,-1.146934e-05,-0.24999999999999445,-0.018483893333333334
63,-0.27499999999999436,-1.1777646666666668e-05,-0.27499999999999436,-0.018517573333333336
