,N6_4R_V_D,N6_4R_J_D,N6_4R_V_L,N6_4R_J_L
0,1.3,0.008130366666666666,1.3,0.01255646
1,1.2750000000000001,0.007962973333333335,1.2750000000000001,0.011313513333333334
2,1.2500000000000002,0.0075216933333333335,1.2500000000000002,0.010074340000000001
3,1.2250000000000003,0.006935413333333334,1.2250000000000003,0.00884738
4,1.2000000000000004,0.006311255333333333,1.2000000000000004,0.007633560000000001
5,1.1750000000000005,0.00560124,1.1750000000000005,0.006368360666666667
6,1.1500000000000006,0.004851116,1.1500000000000006,0.005182268666666667
7,1.1250000000000007,0.004101735333333334,1.1250000000000007,0.00401561
8,1.1000000000000008,0.0033814333333333333,1.1000000000000008,0.0028712133333333332
9,1.0750000000000008,0.002704142666666667,1.0750000000000008,0.001734634
10,1.050000000000001,0.002089908666666667,1.050000000000001,0.0006001465333333333
11,1.025000000000001,0.0015525493333333334,1.025000000000001,-0.0005279028666666667
12,1.000000000000001,0.0011082926666666668,1.000000000000001,-0.0016593753333333334
13,0.9750000000000012,0.0007583846666666667,0.9750000000000012,-0.002746042
14,0.9500000000000013,0.0005136520666666667,0.9500000000000013,-0.003806588666666667
15,0.9250000000000014,0.0003329528666666667,0.9250000000000014,-0.004840768666666667
16,0.9000000000000015,0.00022271726666666668,0.9000000000000015,-0.00584753
17,0.8750000000000016,0.0001543258,0.8750000000000016,-0.006820086666666667
18,0.8500000000000016,0.00011324066666666667,0.8500000000000016,-0.007702853333333334
19,0.8250000000000017,8.826273333333334e-05,0.8250000000000017,-0.008617026666666668
20,0.8000000000000018,7.294073333333334e-05,0.8000000000000018,-0.0094753
21,0.7750000000000019,6.742413333333334e-05,0.7750000000000019,-0.01027864
22,0.750000000000002,5.721595333333334e-05,0.750000000000002,-0.011021526666666667
23,0.7250000000000021,5.0724666666666666e-05,0.7250000000000021,-0.011710913333333333
24,0.7000000000000022,4.5694660000000005e-05,0.7000000000000022,-0.012345593333333335
25,0.6750000000000023,4.3146293333333335e-05,0.6750000000000023,-0.01291954
26,0.6500000000000024,3.8316500000000005e-05,0.6500000000000024,-0.013440226666666666
27,0.6250000000000024,3.602733333333333e-05,0.6250000000000024,-0.013915353333333333
28,0.6000000000000025,3.328182666666667e-05,0.6000000000000025,-0.014339993333333332
29,0.5750000000000026,3.0409e-05,0.5750000000000026,-0.014712586666666668
30,0.5500000000000027,2.862246e-05,0.5500000000000027,-0.015050993333333334
31,0.5250000000000028,2.6102393333333337e-05,0.5250000000000028,-0.015351413333333334
32,0.5000000000000029,2.3312786666666666e-05,0.5000000000000029,-0.01561554
33,0.475000000000003,2.155704666666667e-05,0.475000000000003,-0.015855440000000002
34,0.45000000000000306,1.8541313333333334e-05,0.45000000000000306,-0.016070866666666666
35,0.42500000000000315,1.719106666666667e-05,0.42500000000000315,-0.016264413333333335
36,0.40000000000000324,1.6469853333333334e-05,0.40000000000000324,-0.016439566666666666
37,0.37500000000000333,1.542076e-05,0.37500000000000333,-0.016600446666666668
38,0.3500000000000034,1.3075406666666666e-05,0.3500000000000034,-0.016744960000000003
39,0.3250000000000035,1.1615293333333334e-05,0.3250000000000035,-0.01687998
40,0.3000000000000036,1.0694206666666668e-05,0.3000000000000036,-0.01700502666666667
41,0.2750000000000037,9.628813333333334e-06,0.2750000000000037,-0.017121420000000002
42,0.2500000000000038,7.93676e-06,0.2500000000000038,-0.017227946666666667
43,0.22500000000000386,6.8445466666666665e-06,0.22500000000000386,-0.017327473333333333
44,0.20000000000000395,6.405908666666667e-06,0.20000000000000395,-0.017425573333333333
45,0.17500000000000404,4.690864666666666e-06,0.17500000000000404,-0.01751496
46,0.15000000000000413,3.5598853333333334e-06,0.15000000000000413,-0.01760188
47,0.12500000000000422,1.4021073333333334e-06,0.12500000000000422,-0.017682833333333335
48,0.10000000000000431,4.7453360000000004e-07,0.10000000000000431,-0.017761606666666666
49,0.0750000000000044,-5.293935333333333e-07,0.0750000000000044,-0.017834533333333336
50,0.050000000000004485,-1.4890726666666666e-06,0.050000000000004485,-0.01790498
51,0.025000000000004574,-2.515464666666667e-06,0.025000000000004574,-0.017971466666666668
52,4.6629367034256575e-15,-3.3771506666666666e-06,4.6629367034256575e-15,-0.01803474
53,-0.024999999999995248,-4.236418e-06,-0.024999999999995248,-0.018095533333333334
54,-0.04999999999999516,-5.1317180000000004e-06,-0.04999999999999516,-0.018154973333333334
55,-0.07499999999999507,-5.961830666666667e-06,-0.07499999999999507,-0.01820888
56,-0.09999999999999498,-6.35524e-06,-0.09999999999999498,-0.01826228666666667
57,-0.12499999999999489,-7.000713333333334e-06,-0.12499999999999489,-0.01831184666666667
58,-0.1499999999999948,-7.130040000000001e-06,-0.1499999999999948,-0.018360286666666666
59,-0.17499999999999472,-8.319986666666666e-06,-0.17499999999999472,-0.01840406
60,-0.19999999999999463,-9.194046666666668e-06,-0.19999999999999463,-0.018445386666666667
61,-0.22499999999999454,-1.004248e-05,-0.22499999999999454,-0.01848742
62,-0.24999999999999445,-1.0941780000000001e-05,-0.24999999999999445,-0.0185254
63,-0.27499999999999436,-1.1936826666666668e-05,-0.27499999999999436,-0.018562946666666667
