,N6_4F_V_D,N6_4F_J_D,N6_4F_V_L,N6_4F_J_L
0,-0.3,-1.7691026666666667e-06,-0.3,-0.0028106313333333332
1,-0.27499999999999997,-8.9834e-07,-0.27499999999999997,-0.0027201093333333337
2,-0.24999999999999994,-5.171914e-07,-0.24999999999999994,-0.002639088
3,-0.22499999999999992,-2.555349333333333e-07,-0.22499999999999992,-0.0025607873333333333
4,-0.1999999999999999,-1.1183746666666666e-07,-0.1999999999999999,-0.0024836453333333336
5,-0.17499999999999988,9.607360000000001e-08,-0.17499999999999988,-0.0024062233333333335
6,-0.14999999999999986,2.2852533333333336e-07,-0.14999999999999986,-0.0023288273333333335
7,-0.12499999999999983,3.4026926666666665e-07,-0.12499999999999983,-0.002250934
8,-0.09999999999999981,4.3647213333333335e-07,-0.09999999999999981,-0.0021722773333333334
9,-0.07499999999999979,5.216318666666667e-07,-0.07499999999999979,-0.0020938753333333334
10,-0.04999999999999977,5.975921333333334e-07,-0.04999999999999977,-0.002015266
11,-0.024999999999999745,6.686226666666667e-07,-0.024999999999999745,-0.0019369473333333334
12,2.7755575615628914e-16,7.25616e-07,2.7755575615628914e-16,-0.0018589886666666668
13,0.0250000000000003,7.999420000000001e-07,0.0250000000000003,-0.0017824246666666667
14,0.05000000000000032,8.659386666666667e-07,0.05000000000000032,-0.0017068766666666667
15,0.07500000000000034,9.343693333333333e-07,0.07500000000000034,-0.0016322906666666667
16,0.10000000000000037,1.0067733333333335e-06,0.10000000000000037,-0.0015593733333333333
17,0.1250000000000004,1.0821046666666668e-06,0.1250000000000004,-0.0014874826666666668
18,0.1500000000000004,1.1588313333333334e-06,0.1500000000000004,-0.0014171826666666669
19,0.17500000000000043,1.2214413333333335e-06,0.17500000000000043,-0.001348294
20,0.20000000000000046,1.3273606666666666e-06,0.20000000000000046,-0.0012808140000000001
21,0.22500000000000048,1.4037513333333335e-06,0.22500000000000048,-0.0012149726666666667
22,0.2500000000000005,1.519584e-06,0.2500000000000005,-0.001150532
23,0.2750000000000005,1.6298006666666667e-06,0.2750000000000005,-0.0010872113333333334
24,0.30000000000000054,1.74666e-06,0.30000000000000054,-0.0010256386666666667
25,0.32500000000000057,1.8778800000000001e-06,0.32500000000000057,-0.000964984
26,0.3500000000000006,2.0199366666666668e-06,0.3500000000000006,-0.0009064366666666667
27,0.3750000000000006,2.1775313333333333e-06,0.3750000000000006,-0.0008492506666666667
28,0.40000000000000063,2.350534e-06,0.40000000000000063,-0.0007934146666666667
29,0.42500000000000066,2.5376106666666666e-06,0.42500000000000066,-0.0007389413333333334
30,0.4500000000000007,2.74445e-06,0.4500000000000007,-0.0006864006666666666
31,0.4750000000000007,2.965652666666667e-06,0.4750000000000007,-0.0006552114
32,0.5000000000000007,3.2087326666666666e-06,0.5000000000000007,-0.0006010034
33,0.5250000000000008,3.4579280000000003e-06,0.5250000000000008,-0.0005507206
34,0.5500000000000007,3.7515173333333334e-06,0.5500000000000007,-0.0005030269333333334
35,0.5750000000000008,4.0596226666666665e-06,0.5750000000000008,-0.0004573656666666667
36,0.6000000000000008,4.397282666666666e-06,0.6000000000000008,-0.00041357853333333334
37,0.6250000000000009,4.773264666666667e-06,0.6250000000000009,-0.00037152046666666665
38,0.6500000000000008,5.2006306666666665e-06,0.6500000000000008,-0.00033159706666666664
39,0.6750000000000009,5.706247333333334e-06,0.6750000000000009,-0.00029356186666666667
40,0.7000000000000008,6.3225266666666674e-06,0.7000000000000008,-0.0002576122666666667
41,0.7250000000000008,6.973860000000001e-06,0.7250000000000008,-0.00022349853333333334
42,0.7500000000000009,5.938680666666667e-06,0.7500000000000009,-0.00019134293333333333
43,0.775000000000001,7.2963133333333345e-06,0.775000000000001,-0.0001613034
44,0.8000000000000009,8.708820000000002e-06,0.8000000000000009,-0.00013341893333333334
45,0.8250000000000008,1.03641e-05,0.8250000000000008,-0.00010776033333333333
46,0.850000000000001,1.2343073333333333e-05,0.850000000000001,-8.448893333333334e-05
47,0.8750000000000011,1.4450793333333335e-05,0.8750000000000011,-7.712280000000001e-05
48,0.900000000000001,1.6726366666666666e-05,0.900000000000001,-5.999022000000001e-05
49,0.9250000000000009,1.91435e-05,0.9250000000000009,-4.085342666666667e-05
50,0.9500000000000011,2.1739606666666667e-05,0.9500000000000011,-2.4466993333333332e-05
51,0.9750000000000012,2.4511946666666667e-05,0.9750000000000012,-1.0431666666666667e-05
52,1.000000000000001,2.747428e-05,1.000000000000001,-4.820992e-07
53,1.025000000000001,3.064080666666667e-05,1.025000000000001,7.674346666666667e-06
54,1.0500000000000012,3.4010886666666665e-05,1.0500000000000012,1.7970826666666668e-05
55,1.0750000000000013,3.764736e-05,1.0750000000000013,2.700226e-05
56,1.1000000000000012,4.151127333333334e-05,1.1000000000000012,3.53136e-05
57,1.125000000000001,4.5679053333333336e-05,1.125000000000001,4.329282e-05
58,1.1500000000000012,5.014272666666667e-05,1.1500000000000012,5.115298666666667e-05
59,1.1750000000000014,5.5002146666666665e-05,1.1750000000000014,5.9086320000000005e-05
60,1.2000000000000013,6.0235140000000005e-05,1.2000000000000013,6.727186666666667e-05
61,1.2250000000000012,6.582612666666667e-05,1.2250000000000012,7.745520000000001e-05
62,1.2500000000000013,7.511546666666667e-05,1.2500000000000013,8.692606666666667e-05
63,1.2750000000000015,8.186273333333335e-05,1.2750000000000015,9.679993333333333e-05
