,N6_4R_V_D,N6_4R_J_D,N6_4R_V_L,N6_4R_J_L
0,1.3,0.00012563193333333333,1.3,0.00017605626666666668
1,1.2750000000000001,0.00011411506666666667,1.2750000000000001,0.00016385446666666666
2,1.2500000000000002,0.000116755,1.2500000000000002,0.00015280153333333335
3,1.2250000000000003,0.00011718520000000001,1.2250000000000003,0.00013962846666666667
4,1.2000000000000004,0.00011250926666666667,1.2000000000000004,0.0001245248
5,1.1750000000000005,0.00010722786666666666,1.1750000000000005,0.00010775686666666667
6,1.1500000000000006,9.642893333333334e-05,1.1500000000000006,9.217626666666667e-05
7,1.1250000000000007,8.880206666666666e-05,1.1250000000000007,7.443833333333334e-05
8,1.1000000000000008,8.031653333333333e-05,1.1000000000000008,6.158350666666667e-05
9,1.0750000000000008,7.160726666666667e-05,1.0750000000000008,3.9921746666666666e-05
10,1.050000000000001,6.471379333333334e-05,1.050000000000001,1.844630666666667e-05
11,1.025000000000001,5.5566500000000004e-05,1.025000000000001,-6.7072800000000004e-06
12,1.000000000000001,4.782328666666667e-05,1.000000000000001,-3.216458666666667e-05
13,0.9750000000000012,4.108717333333333e-05,0.9750000000000012,-6.275293333333333e-05
14,0.9500000000000013,3.4887960000000006e-05,0.9500000000000013,-8.803693333333334e-05
15,0.9250000000000014,2.9574986666666665e-05,0.9250000000000014,-0.0001235858
16,0.9000000000000015,2.5397886666666668e-05,0.9000000000000015,-0.00015834593333333334
17,0.8750000000000016,2.214634e-05,0.8750000000000016,-0.00020078033333333333
18,0.8500000000000016,1.9486953333333333e-05,0.8500000000000016,-0.0002406552
19,0.8250000000000017,1.7236506666666666e-05,0.8250000000000017,-0.00028633420000000003
20,0.8000000000000018,1.5490993333333335e-05,0.8000000000000018,-0.00033580313333333333
21,0.7750000000000019,1.5112613333333334e-05,0.7750000000000019,-0.00038733386666666667
22,0.750000000000002,1.5274353333333335e-05,0.750000000000002,-0.0004400631333333334
23,0.7250000000000021,1.6345593333333336e-05,0.7250000000000021,-0.000495246
24,0.7000000000000022,1.599498e-05,0.7000000000000022,-0.0005517334
25,0.6750000000000023,1.488262e-05,0.6750000000000023,-0.0006115732000000001
26,0.6500000000000024,1.4600140000000002e-05,0.6500000000000024,-0.000671162
27,0.6250000000000024,1.4507666666666667e-05,0.6250000000000024,-0.0007227140000000001
28,0.6000000000000025,1.416518e-05,0.6000000000000025,-0.000785222
29,0.5750000000000026,1.4140493333333334e-05,0.5750000000000026,-0.0008525073333333333
30,0.5500000000000027,1.429408e-05,0.5500000000000027,-0.0009200693333333333
31,0.5250000000000028,1.424474e-05,0.5250000000000028,-0.0009885540000000002
32,0.5000000000000029,1.2908206666666667e-05,0.5000000000000029,-0.001057916
33,0.475000000000003,1.2726246666666667e-05,0.475000000000003,-0.0011270586666666668
34,0.45000000000000306,1.1184400000000001e-05,0.45000000000000306,-0.001197472
35,0.42500000000000315,1.0287006666666668e-05,0.42500000000000315,-0.0012672813333333335
36,0.40000000000000324,9.468733333333335e-06,0.40000000000000324,-0.0013377433333333333
37,0.37500000000000333,7.942626666666667e-06,0.37500000000000333,-0.0014081973333333333
38,0.3500000000000034,6.942660000000001e-06,0.3500000000000034,-0.001478596
39,0.3250000000000035,8.143326666666668e-06,0.3250000000000035,-0.001549466
40,0.3000000000000036,6.75668e-06,0.3000000000000036,-0.0016203966666666668
41,0.2750000000000037,3.486488666666667e-06,0.2750000000000037,-0.0016903853333333336
42,0.2500000000000038,1.4162306666666665e-06,0.2500000000000038,-0.001760686
43,0.22500000000000386,-4.2220873333333333e-07,0.22500000000000386,-0.0018298446666666665
44,0.20000000000000395,-2.7758973333333332e-06,0.20000000000000395,-0.0019003326666666666
45,0.17500000000000404,-4.93409e-06,0.17500000000000404,-0.001970138666666667
46,0.15000000000000413,-6.68724e-06,0.15000000000000413,-0.0020392
47,0.12500000000000422,-6.997533333333334e-06,0.12500000000000422,-0.0021082653333333334
48,0.10000000000000431,-5.234752666666667e-06,0.10000000000000431,-0.0021770906666666668
49,0.0750000000000044,-6.836246666666666e-06,0.0750000000000044,-0.0022457366666666667
50,0.050000000000004485,-7.377366666666667e-06,0.050000000000004485,-0.002312198
51,0.025000000000004574,-7.753733333333335e-06,0.025000000000004574,-0.0023773793333333334
52,4.6629367034256575e-15,-8.057673333333335e-06,4.6629367034256575e-15,-0.0024420306666666667
53,-0.024999999999995248,-8.323600000000001e-06,-0.024999999999995248,-0.002506154
54,-0.04999999999999516,-8.545546666666667e-06,-0.04999999999999516,-0.002568584
55,-0.07499999999999507,-8.756953333333334e-06,-0.07499999999999507,-0.0026310973333333334
56,-0.09999999999999498,-8.957926666666667e-06,-0.09999999999999498,-0.002693102
57,-0.12499999999999489,-9.149500000000001e-06,-0.12499999999999489,-0.0027544406666666667
58,-0.1499999999999948,-9.34086e-06,-0.1499999999999948,-0.00281552
59,-0.17499999999999472,-9.53642e-06,-0.17499999999999472,-0.002875972666666667
60,-0.19999999999999463,-9.639193333333335e-06,-0.19999999999999463,-0.0029353213333333334
61,-0.22499999999999454,-9.895466666666667e-06,-0.22499999999999454,-0.0029954666666666668
62,-0.24999999999999445,-1.0087913333333334e-05,-0.24999999999999445,-0.003054910666666667
63,-0.27499999999999436,-1.0285706666666666e-05,-0.27499999999999436,-0.003114186
