,N6_4R_V_D,N6_4R_J_D,N6_4R_V_L,N6_4R_J_L
0,1.3,0.008571113333333335,1.3,0.012839080000000001
1,1.2750000000000001,0.008423733333333334,1.2750000000000001,0.011552866666666666
2,1.2500000000000002,0.007967866666666667,1.2500000000000002,0.010269766666666668
3,1.2250000000000003,0.0073487000000000005,1.2250000000000003,0.008995426666666667
4,1.2000000000000004,0.006686526666666667,1.2000000000000004,0.007731433333333333
5,1.1750000000000005,0.005914893333333333,1.1750000000000005,0.006412808666666667
6,1.1500000000000006,0.005107754,1.1500000000000006,0.005169600666666667
7,1.1250000000000007,0.004306083333333334,1.1250000000000007,0.003948302666666666
8,1.1000000000000008,0.003540182666666667,1.1000000000000008,0.0027474060000000004
9,1.0750000000000008,0.0028208133333333333,1.0750000000000008,0.0015611993333333335
10,1.050000000000001,0.0021765873333333334,1.050000000000001,0.00036683833333333335
11,1.025000000000001,0.0016144813333333335,1.025000000000001,-0.0008568760000000001
12,1.000000000000001,0.001153276,1.000000000000001,-0.0020086193333333337
13,0.9750000000000012,0.0007938646666666667,0.9750000000000012,-0.0031314393333333333
14,0.9500000000000013,0.0005406615333333334,0.9500000000000013,-0.004220332
15,0.9250000000000014,0.00035389760000000003,0.9250000000000014,-0.005283070666666667
16,0.9000000000000015,0.00024116146666666667,0.9000000000000015,-0.006311866666666667
17,0.8750000000000016,0.00017019466666666667,0.8750000000000016,-0.007266666666666667
18,0.8500000000000016,0.00012880166666666667,0.8500000000000016,-0.008233286666666667
19,0.8250000000000017,0.00010425666666666667,0.8250000000000017,-0.009143006666666668
20,0.8000000000000018,8.8552e-05,0.8000000000000018,-0.00999582
21,0.7750000000000019,7.705186666666667e-05,0.7750000000000019,-0.01079034
22,0.750000000000002,6.941926666666666e-05,0.750000000000002,-0.011525766666666668
23,0.7250000000000021,6.596677333333334e-05,0.7250000000000021,-0.012202706666666667
24,0.7000000000000022,5.952672000000001e-05,0.7000000000000022,-0.012819453333333335
25,0.6750000000000023,5.529600666666668e-05,0.6750000000000023,-0.013369753333333333
26,0.6500000000000024,5.129310666666667e-05,0.6500000000000024,-0.013868673333333335
27,0.6250000000000024,4.7718533333333334e-05,0.6250000000000024,-0.014311946666666665
28,0.6000000000000025,4.4554933333333336e-05,0.6000000000000025,-0.014709453333333334
29,0.5750000000000026,4.1576586666666666e-05,0.5750000000000026,-0.015055986666666667
30,0.5500000000000027,3.877422666666667e-05,0.5500000000000027,-0.015365046666666668
31,0.5250000000000028,3.609319333333334e-05,0.5250000000000028,-0.015639093333333333
32,0.5000000000000029,3.379332e-05,0.5000000000000029,-0.0158809
33,0.475000000000003,3.1321633333333335e-05,0.475000000000003,-0.016096153333333335
34,0.45000000000000306,2.8964840000000004e-05,0.45000000000000306,-0.016290393333333333
35,0.42500000000000315,2.639002666666667e-05,0.42500000000000315,-0.016465840000000002
36,0.40000000000000324,2.464392e-05,0.40000000000000324,-0.01662266
37,0.37500000000000333,2.2629306666666666e-05,0.37500000000000333,-0.016765753333333334
38,0.3500000000000034,2.0429473333333334e-05,0.3500000000000034,-0.016898486666666667
39,0.3250000000000035,1.848354e-05,0.3250000000000035,-0.017022333333333334
40,0.3000000000000036,1.6506080000000003e-05,0.3000000000000036,-0.01713302666666667
41,0.2750000000000037,1.474536e-05,0.2750000000000037,-0.01724096666666667
42,0.2500000000000038,1.2858859999999999e-05,0.2500000000000038,-0.017340026666666668
43,0.22500000000000386,1.0573773333333335e-05,0.22500000000000386,-0.017430353333333332
44,0.20000000000000395,7.790706666666667e-06,0.20000000000000395,-0.017520013333333334
45,0.17500000000000404,5.355568666666667e-06,0.17500000000000404,-0.01760262
46,0.15000000000000413,3.338514666666667e-06,0.15000000000000413,-0.017681953333333333
47,0.12500000000000422,1.5035606666666667e-06,0.12500000000000422,-0.01775756666666667
48,0.10000000000000431,-1.4230760000000002e-06,0.10000000000000431,-0.01782882666666667
49,0.0750000000000044,-1.9272513333333334e-06,0.0750000000000044,-0.01789632666666667
50,0.050000000000004485,-2.412784e-06,0.050000000000004485,-0.017961746666666667
51,0.025000000000004574,-2.894748e-06,0.025000000000004574,-0.018025080000000002
52,4.6629367034256575e-15,-3.364000666666667e-06,4.6629367034256575e-15,-0.018084633333333336
53,-0.024999999999995248,-3.857608666666667e-06,-0.024999999999995248,-0.018140493333333334
54,-0.04999999999999516,-4.3834959999999995e-06,-0.04999999999999516,-0.018195813333333335
55,-0.07499999999999507,-4.9141513333333336e-06,-0.07499999999999507,-0.01824844
56,-0.09999999999999498,-5.42014e-06,-0.09999999999999498,-0.01829736
57,-0.12499999999999489,-6.001576666666667e-06,-0.12499999999999489,-0.018343846666666667
58,-0.1499999999999948,-6.5833546666666675e-06,-0.1499999999999948,-0.018387926666666665
59,-0.17499999999999472,-7.0007066666666674e-06,-0.17499999999999472,-0.01842926
60,-0.19999999999999463,-6.876380000000001e-06,-0.19999999999999463,-0.018470633333333333
61,-0.22499999999999454,-7.869206666666667e-06,-0.22499999999999454,-0.018508933333333335
62,-0.24999999999999445,-8.600113333333333e-06,-0.24999999999999445,-0.01854404
63,-0.27499999999999436,-9.227973333333333e-06,-0.27499999999999436,-0.01858056
