,N6_4F_V_D,N6_4F_J_D,N6_4F_V_L,N6_4F_J_L
0,-0.3,-1.6379286666666666e-06,-0.3,-0.0028094766666666667
1,-0.27499999999999997,-8.336506666666667e-07,-0.27499999999999997,-0.002722430666666667
2,-0.24999999999999994,-4.807663333333334e-07,-0.24999999999999994,-0.002644294
3,-0.22499999999999992,-2.3840966666666669e-07,-0.22499999999999992,-0.002568604
4,-0.1999999999999999,-1.0864533333333333e-07,-0.1999999999999999,-0.0024942366666666667
5,-0.17499999999999988,8.598526666666668e-08,-0.17499999999999988,-0.002419046666666667
6,-0.14999999999999986,2.078748e-07,-0.14999999999999986,-0.0023435753333333332
7,-0.12499999999999983,3.1230013333333337e-07,-0.12499999999999983,-0.0022676433333333333
8,-0.09999999999999981,4.019902666666667e-07,-0.09999999999999981,-0.0021907506666666667
9,-0.07499999999999979,4.803946e-07,-0.07499999999999979,-0.002113394
10,-0.04999999999999977,5.229161333333334e-07,-0.04999999999999977,-0.0020358613333333335
11,-0.024999999999999745,6.166700666666667e-07,-0.024999999999999745,-0.001958316
12,2.7755575615628914e-16,6.72104e-07,2.7755575615628914e-16,-0.00188141
13,0.0250000000000003,7.418326666666668e-07,0.0250000000000003,-0.0018047473333333336
14,0.05000000000000032,8.033586666666667e-07,0.05000000000000032,-0.001729088666666667
15,0.07500000000000034,8.664833333333334e-07,0.07500000000000034,-0.0016546653333333334
16,0.10000000000000037,9.332213333333334e-07,0.10000000000000037,-0.0015810546666666667
17,0.1250000000000004,1.002108e-06,0.1250000000000004,-0.0015093733333333332
18,0.1500000000000004,1.0724613333333334e-06,0.1500000000000004,-0.0014387233333333334
19,0.17500000000000043,1.1480533333333334e-06,0.17500000000000043,-0.00136948
20,0.20000000000000046,1.229716e-06,0.20000000000000046,-0.0013012413333333334
21,0.22500000000000048,1.3015646666666667e-06,0.22500000000000048,-0.001235108
22,0.2500000000000005,1.411196e-06,0.2500000000000005,-0.0011701946666666666
23,0.2750000000000005,1.5189073333333333e-06,0.2750000000000005,-0.0011064093333333334
24,0.30000000000000054,1.636054e-06,0.30000000000000054,-0.0010442253333333333
25,0.32500000000000057,1.7655226666666667e-06,0.32500000000000057,-0.0009832286666666666
26,0.3500000000000006,1.9095933333333335e-06,0.3500000000000006,-0.0009237946666666667
27,0.3750000000000006,2.066350666666667e-06,0.3750000000000006,-0.0008658966666666668
28,0.40000000000000063,2.2365793333333335e-06,0.40000000000000063,-0.00080935
29,0.42500000000000066,2.4242100000000003e-06,0.42500000000000066,-0.000754118
30,0.4500000000000007,2.6269546666666667e-06,0.4500000000000007,-0.0007009713333333334
31,0.4750000000000007,2.8461893333333334e-06,0.4750000000000007,-0.000669642
32,0.5000000000000007,3.0836793333333334e-06,0.5000000000000007,-0.0006145084
33,0.5250000000000008,3.3388906666666663e-06,0.5250000000000008,-0.0005636592666666667
34,0.5500000000000007,3.6141700000000005e-06,0.5500000000000007,-0.0005151414
35,0.5750000000000008,3.9150059999999995e-06,0.5750000000000008,-0.00046860646666666673
36,0.6000000000000008,4.243843333333333e-06,0.6000000000000008,-0.0004239853333333333
37,0.6250000000000009,4.61092e-06,0.6250000000000009,-0.00038119840000000005
38,0.6500000000000008,5.029741333333334e-06,0.6500000000000008,-0.000340552
39,0.6750000000000009,5.525844000000001e-06,0.6750000000000009,-0.0003017211333333333
40,0.7000000000000008,6.137535333333334e-06,0.7000000000000008,-0.00026497920000000005
41,0.7250000000000008,6.886453333333334e-06,0.7250000000000008,-0.00022991653333333332
42,0.7500000000000009,5.81099e-06,0.7500000000000009,-0.00019706000000000001
43,0.775000000000001,7.210273333333334e-06,0.775000000000001,-0.0001662604
44,0.8000000000000009,8.697373333333333e-06,0.8000000000000009,-0.000137569
45,0.8250000000000008,1.0448153333333334e-05,0.8250000000000008,-0.00011116026666666667
46,0.850000000000001,1.2482546666666667e-05,0.850000000000001,-8.703233333333334e-05
47,0.8750000000000011,1.4776686666666668e-05,0.8750000000000011,-7.9793e-05
48,0.900000000000001,1.7291406666666668e-05,0.900000000000001,-6.192366e-05
49,0.9250000000000009,2.000508e-05,0.9250000000000009,-4.182076e-05
50,0.9500000000000011,2.2888126666666666e-05,0.9500000000000011,-2.447542e-05
51,0.9750000000000012,2.6001520000000003e-05,0.9750000000000012,-9.535446666666667e-06
52,1.000000000000001,2.9349853333333333e-05,1.000000000000001,1.000018e-06
53,1.025000000000001,3.288308e-05,1.025000000000001,9.724113333333333e-06
54,1.0500000000000012,3.662392666666667e-05,1.0500000000000012,2.0910633333333333e-05
55,1.0750000000000013,4.071008e-05,1.0750000000000013,3.078844e-05
56,1.1000000000000012,4.505012666666667e-05,1.1000000000000012,3.990339333333334e-05
57,1.125000000000001,4.970618e-05,1.125000000000001,4.8631186666666664e-05
58,1.1500000000000012,5.4720280000000004e-05,1.1500000000000012,5.720454666666667e-05
59,1.1750000000000014,6.0037320000000003e-05,1.1750000000000014,6.581772666666667e-05
60,1.2000000000000013,6.575464666666667e-05,1.2000000000000013,7.5254e-05
61,1.2250000000000012,7.480380000000001e-05,1.2250000000000012,8.4869e-05
62,1.2500000000000013,8.188193333333333e-05,1.2500000000000013,9.468846666666667e-05
63,1.2750000000000015,8.910953333333334e-05,1.2750000000000015,0.00010496586666666668
