,N6_4R_V_D,N6_4R_J_D,N6_4R_V_L,N6_4R_J_L
0,1.3,0.0024052706666666665,1.3,0.017027653333333333
1,1.2750000000000001,0.0024284646666666667,1.2750000000000001,0.015716446666666665
2,1.2500000000000002,0.0025811193333333334,1.2500000000000002,0.014345953333333335
3,1.2250000000000003,0.0027780826666666666,1.2250000000000003,0.01293418
4,1.2000000000000004,0.0029400533333333334,1.2000000000000004,0.011493206666666667
5,1.1750000000000005,0.0030137153333333333,1.1750000000000005,0.010034526666666667
6,1.1500000000000006,0.002967452666666667,1.1500000000000006,0.008568893333333334
7,1.1250000000000007,0.002791062,1.1250000000000007,0.0071063133333333335
8,1.1000000000000008,0.00249801,1.1000000000000008,0.005503332666666667
9,1.0750000000000008,0.00211565,1.0750000000000008,0.004071205333333334
10,1.050000000000001,0.00169264,1.050000000000001,0.002670084666666667
11,1.025000000000001,0.0012810206666666669,1.025000000000001,0.0013008113333333334
12,1.000000000000001,0.0009227573333333334,1.000000000000001,-0.00026101566666666666
13,0.9750000000000012,0.0006348755333333334,0.9750000000000012,-0.0016811866666666666
14,0.9500000000000013,0.00041959126666666664,0.9500000000000013,-0.0029458426666666665
15,0.9250000000000014,0.00026894653333333333,0.9250000000000014,-0.004159224
16,0.9000000000000015,0.00016854880000000003,0.9000000000000015,-0.0053259913333333336
17,0.8750000000000016,0.00010374186666666668,0.8750000000000016,-0.006438704666666667
18,0.8500000000000016,6.94672e-05,0.8500000000000016,-0.007439793333333334
19,0.8250000000000017,3.955776000000001e-05,0.8250000000000017,-0.008459746666666667
20,0.8000000000000018,2.461794666666667e-05,0.8000000000000018,-0.00940634
21,0.7750000000000019,1.5406373333333335e-05,0.7750000000000019,-0.0102766
22,0.750000000000002,9.429606666666668e-06,0.750000000000002,-0.011074713333333335
23,0.7250000000000021,8.881646666666667e-06,0.7250000000000021,-0.011801153333333335
24,0.7000000000000022,5.822598e-06,0.7000000000000022,-0.012444286666666667
25,0.6750000000000023,2.0621753333333334e-06,0.6750000000000023,-0.013021200000000002
26,0.6500000000000024,1.6588760000000001e-07,0.6500000000000024,-0.01353372
27,0.6250000000000024,-1.433404e-06,0.6250000000000024,-0.013987293333333334
28,0.6000000000000025,-2.6299573333333337e-06,0.6000000000000025,-0.014378173333333332
29,0.5750000000000026,-3.634458666666667e-06,0.5750000000000026,-0.014722586666666667
30,0.5500000000000027,-4.41518e-06,0.5500000000000027,-0.015022846666666667
31,0.5250000000000028,-5.029546000000001e-06,0.5250000000000028,-0.015288280000000001
32,0.5000000000000029,-5.486896e-06,0.5000000000000029,-0.015521586666666667
33,0.475000000000003,-5.849200666666667e-06,0.475000000000003,-0.01572814
34,0.45000000000000306,-6.0330920000000005e-06,0.45000000000000306,-0.015913046666666666
35,0.42500000000000315,-6.138262666666667e-06,0.42500000000000315,-0.01608090666666667
36,0.40000000000000324,-6.168836e-06,0.40000000000000324,-0.016233440000000002
37,0.37500000000000333,-6.1160533333333335e-06,0.37500000000000333,-0.016370913333333334
38,0.3500000000000034,-6.011104666666666e-06,0.3500000000000034,-0.01649902
39,0.3250000000000035,-5.880782666666667e-06,0.3250000000000035,-0.016618626666666667
40,0.3000000000000036,-5.605281333333334e-06,0.3000000000000036,-0.016730906666666667
41,0.2750000000000037,-5.554264e-06,0.2750000000000037,-0.016835326666666667
42,0.2500000000000038,-5.414994e-06,0.2500000000000038,-0.01693296
43,0.22500000000000386,-5.114368e-06,0.22500000000000386,-0.017023273333333335
44,0.20000000000000395,-5.107298666666667e-06,0.20000000000000395,-0.01711424666666667
45,0.17500000000000404,-5.00155e-06,0.17500000000000404,-0.017202933333333333
46,0.15000000000000413,-4.904715333333334e-06,0.15000000000000413,-0.017280260000000002
47,0.12500000000000422,-4.804610666666667e-06,0.12500000000000422,-0.01735822
48,0.10000000000000431,-4.719388666666667e-06,0.10000000000000431,-0.01743102666666667
49,0.0750000000000044,-4.638844e-06,0.0750000000000044,-0.0175019
50,0.050000000000004485,-4.560494e-06,0.050000000000004485,-0.01757060666666667
51,0.025000000000004574,-4.4887e-06,0.025000000000004574,-0.017634793333333332
52,4.6629367034256575e-15,-4.385158e-06,4.6629367034256575e-15,-0.017699086666666666
53,-0.024999999999995248,-4.350263333333334e-06,-0.024999999999995248,-0.01776050666666667
54,-0.04999999999999516,-4.304571333333334e-06,-0.04999999999999516,-0.017816193333333334
55,-0.07499999999999507,-4.256954666666667e-06,-0.07499999999999507,-0.017870820000000003
56,-0.09999999999999498,-4.213081333333334e-06,-0.09999999999999498,-0.017924926666666667
57,-0.12499999999999489,-4.1730740000000005e-06,-0.12499999999999489,-0.01797898666666667
58,-0.1499999999999948,-4.133981333333333e-06,-0.1499999999999948,-0.018027966666666666
59,-0.17499999999999472,-4.108988e-06,-0.17499999999999472,-0.018074366666666668
60,-0.19999999999999463,-4.054995333333333e-06,-0.19999999999999463,-0.01811874
61,-0.22499999999999454,-4.063772666666667e-06,-0.22499999999999454,-0.0181653
62,-0.24999999999999445,-4.0720546666666675e-06,-0.24999999999999445,-0.018209046666666666
63,-0.27499999999999436,-4.064628666666667e-06,-0.27499999999999436,-0.018250353333333337
