,N6_4R_V_D,N6_4R_J_D,N6_4R_V_L,N6_4R_J_L
0,1.3,0.007640833333333334,1.3,0.007425300000000001
1,1.2750000000000001,0.0072255800000000005,1.2750000000000001,0.00669902
2,1.2500000000000002,0.006701126666666667,1.2500000000000002,0.005904964666666667
3,1.2250000000000003,0.006101100666666667,1.2250000000000003,0.005095700666666667
4,1.2000000000000004,0.005476352,1.2000000000000004,0.004307776
5,1.1750000000000005,0.004836422,1.1750000000000005,0.00355446
6,1.1500000000000006,0.004237253333333333,1.1500000000000006,0.0028060613333333335
7,1.1250000000000007,0.0036538620000000003,1.1250000000000007,0.002066148666666667
8,1.1000000000000008,0.0031380746666666666,1.1000000000000008,0.0013445393333333332
9,1.0750000000000008,0.0026560393333333334,1.0750000000000008,0.0006064248666666666
10,1.050000000000001,0.0022711993333333334,1.050000000000001,-0.00010954153333333335
11,1.025000000000001,0.0018954946666666667,1.025000000000001,-0.0008165266666666667
12,1.000000000000001,0.0015831753333333334,1.000000000000001,-0.0015466873333333333
13,0.9750000000000012,0.001338942,0.9750000000000012,-0.002267462
14,0.9500000000000013,0.0011289166666666667,0.9500000000000013,-0.0029901386666666666
15,0.9250000000000014,0.0009681126666666667,0.9250000000000014,-0.003694814666666667
16,0.9000000000000015,0.0008672140000000002,0.9000000000000015,-0.004407046666666668
17,0.8750000000000016,0.0007841066666666667,0.8750000000000016,-0.0051155693333333335
18,0.8500000000000016,0.0006948700000000001,0.8500000000000016,-0.005805398666666667
19,0.8250000000000017,0.0006402496666666667,0.8250000000000017,-0.006487598666666667
20,0.8000000000000018,0.0005995621333333334,0.8000000000000018,-0.007140853333333333
21,0.7750000000000019,0.0005607952666666667,0.7750000000000019,-0.0077919933333333346
22,0.750000000000002,0.0005148515333333333,0.750000000000002,-0.008438766666666667
23,0.7250000000000021,0.0004937192666666666,0.7250000000000021,-0.009065513333333334
24,0.7000000000000022,0.0004928557333333333,0.7000000000000022,-0.00966208
25,0.6750000000000023,0.0004612722,0.6750000000000023,-0.01022776
26,0.6500000000000024,0.00043778240000000003,0.6500000000000024,-0.01077036
27,0.6250000000000024,0.00040999639999999996,0.6250000000000024,-0.01129
28,0.6000000000000025,0.0003740272666666667,0.6000000000000025,-0.011789046666666667
29,0.5750000000000026,0.0003405258,0.5750000000000026,-0.012269326666666667
30,0.5500000000000027,0.00032086660000000004,0.5500000000000027,-0.012696186666666666
31,0.5250000000000028,0.0002993666,0.5250000000000028,-0.013103720000000001
32,0.5000000000000029,0.0002964720666666667,0.5000000000000029,-0.01349144
33,0.475000000000003,0.0002848765333333334,0.475000000000003,-0.013835386666666668
34,0.45000000000000306,0.000257475,0.45000000000000306,-0.014183826666666668
35,0.42500000000000315,0.00023950793333333336,0.42500000000000315,-0.014493080000000002
36,0.40000000000000324,0.00021924620000000002,0.40000000000000324,-0.01479152
37,0.37500000000000333,0.000200729,0.37500000000000333,-0.015063666666666666
38,0.3500000000000034,0.00026180753333333336,0.3500000000000034,-0.015311960000000001
39,0.3250000000000035,0.00023480466666666667,0.3250000000000035,-0.015546273333333334
40,0.3000000000000036,0.00021378313333333336,0.3000000000000036,-0.01576742
41,0.2750000000000037,0.00021429746666666667,0.2750000000000037,-0.01596982
42,0.2500000000000038,0.00018197820000000003,0.2500000000000038,-0.016157673333333334
43,0.22500000000000386,0.00015394546666666666,0.22500000000000386,-0.016330186666666666
44,0.20000000000000395,0.0001285176,0.20000000000000395,-0.016499426666666667
45,0.17500000000000404,0.00010882693333333334,0.17500000000000404,-0.016658053333333336
46,0.15000000000000413,8.412673333333334e-05,0.15000000000000413,-0.016801533333333334
47,0.12500000000000422,6.614580666666666e-05,0.12500000000000422,-0.016938613333333335
48,0.10000000000000431,4.801231333333333e-05,0.10000000000000431,-0.01707274
49,0.0750000000000044,3.1655806666666665e-05,0.0750000000000044,-0.017192013333333332
50,0.050000000000004485,1.4551133333333334e-05,0.050000000000004485,-0.017309360000000003
51,0.025000000000004574,8.479880000000001e-07,0.025000000000004574,-0.017419760000000003
52,4.6629367034256575e-15,-1.3936173333333333e-05,4.6629367034256575e-15,-0.017523093333333333
53,-0.024999999999995248,-2.8697420000000002e-05,-0.024999999999995248,-0.017619513333333336
54,-0.04999999999999516,-4.261188e-05,-0.04999999999999516,-0.017712020000000002
55,-0.07499999999999507,-5.930338666666667e-05,-0.07499999999999507,-0.0177992
56,-0.09999999999999498,-6.065207333333333e-05,-0.09999999999999498,-0.017881846666666666
57,-0.12499999999999489,-7.282233333333334e-05,-0.12499999999999489,-0.017959440000000004
58,-0.1499999999999948,-8.527e-05,-0.1499999999999948,-0.01803646
59,-0.17499999999999472,-9.75196e-05,-0.17499999999999472,-0.01810602
60,-0.19999999999999463,-0.00011235380000000002,-0.19999999999999463,-0.018171506666666667
61,-0.22499999999999454,-0.00012658053333333333,-0.22499999999999454,-0.01823806
62,-0.24999999999999445,-0.00013938726666666668,-0.24999999999999445,-0.01830172
63,-0.27499999999999436,-0.000152721,-0.27499999999999436,-0.01835904
