,N6_4R_V_D,N6_4R_J_D,N6_4R_V_L,N6_4R_J_L
0,1.3,0.005645214,1.3,0.009290253333333333
1,1.2750000000000001,0.00599199,1.2750000000000001,0.00830728
2,1.2500000000000002,0.005875801333333333,1.2500000000000002,0.007345606666666667
3,1.2250000000000003,0.005533772,1.2250000000000003,0.0063599500000000005
4,1.2000000000000004,0.005068982,1.2000000000000004,0.005426672666666667
5,1.1750000000000005,0.004531136,1.1750000000000005,0.004506719333333334
6,1.1500000000000006,0.003977276,1.1500000000000006,0.003604468
7,1.1250000000000007,0.0033975853333333334,1.1250000000000007,0.0027170373333333334
8,1.1000000000000008,0.002849958,1.1000000000000008,0.001844746
9,1.0750000000000008,0.0023250573333333333,1.0750000000000008,0.0009724660000000001
10,1.050000000000001,0.0018454986666666669,1.050000000000001,9.005893333333333e-05
11,1.025000000000001,0.0014275186666666668,1.025000000000001,-0.0008172026666666668
12,1.000000000000001,0.0010750106666666667,1.000000000000001,-0.0016952373333333336
13,0.9750000000000012,0.0007952786666666667,0.9750000000000012,-0.0025568346666666668
14,0.9500000000000013,0.0005923975333333334,0.9500000000000013,-0.0034158793333333333
15,0.9250000000000014,0.00043700659999999997,0.9250000000000014,-0.004262256
16,0.9000000000000015,0.0003339242666666667,0.9000000000000015,-0.005099836
17,0.8750000000000016,0.00027667740000000005,0.8750000000000016,-0.0059192260000000005
18,0.8500000000000016,0.00023600800000000003,0.8500000000000016,-0.006726013333333334
19,0.8250000000000017,0.0002077554666666667,0.8250000000000017,-0.007481533333333334
20,0.8000000000000018,0.00018298660000000001,0.8000000000000018,-0.008247260000000001
21,0.7750000000000019,0.0001677508,0.7750000000000019,-0.008983473333333334
22,0.750000000000002,0.00015808913333333334,0.750000000000002,-0.009688206666666666
23,0.7250000000000021,0.00014998746666666665,0.7250000000000021,-0.010349440000000001
24,0.7000000000000022,0.00013828860000000002,0.7000000000000022,-0.010969973333333334
25,0.6750000000000023,0.00013148060000000002,0.6750000000000023,-0.011555486666666667
26,0.6500000000000024,0.00012488726666666668,0.6500000000000024,-0.012098873333333334
27,0.6250000000000024,0.00011799080000000002,0.6250000000000024,-0.012607046666666667
28,0.6000000000000025,0.00010744053333333332,0.6000000000000025,-0.013079453333333334
29,0.5750000000000026,0.00010541666666666668,0.5750000000000026,-0.013507573333333333
30,0.5500000000000027,9.903826666666668e-05,0.5500000000000027,-0.01390438666666667
31,0.5250000000000028,9.23424e-05,0.5250000000000028,-0.014266160000000002
32,0.5000000000000029,8.660813333333334e-05,0.5000000000000029,-0.014595040000000002
33,0.475000000000003,8.070459999999999e-05,0.475000000000003,-0.014898086666666668
34,0.45000000000000306,7.55386e-05,0.45000000000000306,-0.015175233333333333
35,0.42500000000000315,6.94554e-05,0.42500000000000315,-0.015424573333333335
36,0.40000000000000324,6.510045333333334e-05,0.40000000000000324,-0.01566032
37,0.37500000000000333,5.998432e-05,0.37500000000000333,-0.015873166666666667
38,0.3500000000000034,5.503815333333333e-05,0.3500000000000034,-0.016071706666666668
39,0.3250000000000035,5.0309806666666673e-05,0.3250000000000035,-0.016252006666666666
40,0.3000000000000036,4.467091333333334e-05,0.3000000000000036,-0.016416446666666668
41,0.2750000000000037,4.007427333333333e-05,0.2750000000000037,-0.016574280000000004
42,0.2500000000000038,3.5305106666666664e-05,0.2500000000000038,-0.01671852
43,0.22500000000000386,3.123517333333334e-05,0.22500000000000386,-0.016849053333333332
44,0.20000000000000395,2.6750106666666666e-05,0.20000000000000395,-0.016979773333333333
45,0.17500000000000404,2.182226e-05,0.17500000000000404,-0.01709886
46,0.15000000000000413,1.816482e-05,0.15000000000000413,-0.017210633333333333
47,0.12500000000000422,1.409996e-05,0.12500000000000422,-0.017319313333333336
48,0.10000000000000431,9.940686666666668e-06,0.10000000000000431,-0.017418333333333334
49,0.0750000000000044,6.683106666666667e-06,0.0750000000000044,-0.01751292
50,0.050000000000004485,2.334302e-06,0.050000000000004485,-0.017602873333333335
51,0.025000000000004574,-1.5734933333333334e-06,0.025000000000004574,-0.01768774
52,4.6629367034256575e-15,-5.4247553333333335e-06,4.6629367034256575e-15,-0.017769026666666667
53,-0.024999999999995248,-8.399346666666668e-06,-0.024999999999995248,-0.017846306666666666
54,-0.04999999999999516,-1.2651933333333333e-05,-0.04999999999999516,-0.017920659999999998
55,-0.07499999999999507,-1.6504693333333335e-05,-0.07499999999999507,-0.017988673333333337
56,-0.09999999999999498,-2.0424613333333336e-05,-0.09999999999999498,-0.01805372666666667
57,-0.12499999999999489,-2.4397453333333336e-05,-0.12499999999999489,-0.018116566666666667
58,-0.1499999999999948,-2.857036e-05,-0.1499999999999948,-0.018177020000000002
59,-0.17499999999999472,-3.2563239999999996e-05,-0.17499999999999472,-0.01823176666666667
60,-0.19999999999999463,-3.550116e-05,-0.19999999999999463,-0.018284786666666667
61,-0.22499999999999454,-3.883844666666667e-05,-0.22499999999999454,-0.018336846666666667
62,-0.24999999999999445,-4.436377333333333e-05,-0.24999999999999445,-0.018385146666666668
63,-0.27499999999999436,-4.660446666666667e-05,-0.27499999999999436,-0.018432733333333336
