,N6_4F_V_D,N6_4F_J_D,N6_4F_V_L,N6_4F_J_L
0,-0.3,-2.0912266666666665e-06,-0.3,-0.018404673333333333
1,-0.27499999999999997,-7.4236e-07,-0.27499999999999997,-0.018319306666666667
2,-0.24999999999999994,-2.71784e-07,-0.24999999999999994,-0.018245113333333337
3,-0.22499999999999992,6.233019333333334e-08,-0.22499999999999992,-0.018171593333333333
4,-0.1999999999999999,1.195772e-07,-0.1999999999999999,-0.018096153333333333
5,-0.17499999999999988,5.528339333333334e-07,-0.17499999999999988,-0.018016146666666667
6,-0.14999999999999986,7.762746666666667e-07,-0.14999999999999986,-0.017928326666666668
7,-0.12499999999999983,9.775153333333335e-07,-0.12499999999999983,-0.017832673333333333
8,-0.09999999999999981,1.1652926666666668e-06,-0.09999999999999981,-0.017725826666666666
9,-0.07499999999999979,1.3460933333333333e-06,-0.07499999999999979,-0.0176109
10,-0.04999999999999977,1.5260413333333335e-06,-0.04999999999999977,-0.0174876
11,-0.024999999999999745,1.7063353333333333e-06,-0.024999999999999745,-0.01735516
12,2.7755575615628914e-16,1.7507726666666668e-06,2.7755575615628914e-16,-0.01721832666666667
13,0.0250000000000003,2.0783726666666666e-06,0.0250000000000003,-0.01707000666666667
14,0.05000000000000032,2.2936293333333332e-06,0.05000000000000032,-0.016917126666666667
15,0.07500000000000034,2.5305240000000004e-06,0.07500000000000034,-0.01674976666666667
16,0.10000000000000037,2.798676e-06,0.10000000000000037,-0.01658268666666667
17,0.1250000000000004,3.098842e-06,0.1250000000000004,-0.016406146666666666
18,0.1500000000000004,3.459378e-06,0.1500000000000004,-0.016217733333333335
19,0.17500000000000043,3.861262000000001e-06,0.17500000000000043,-0.016019040000000002
20,0.20000000000000046,4.322126e-06,0.20000000000000046,-0.015808673333333335
21,0.22500000000000048,4.759917333333334e-06,0.22500000000000048,-0.0155841
22,0.2500000000000005,5.403501333333334e-06,0.2500000000000005,-0.015354946666666668
23,0.2750000000000005,6.0089900000000006e-06,0.2750000000000005,-0.015102280000000001
24,0.30000000000000054,6.550954666666667e-06,0.30000000000000054,-0.014829273333333334
25,0.32500000000000057,6.929053333333334e-06,0.32500000000000057,-0.01455166
26,0.3500000000000006,6.9993800000000006e-06,0.3500000000000006,-0.014250726666666666
27,0.3750000000000006,6.999373333333334e-06,0.3750000000000006,-0.01392556
28,0.40000000000000063,4.705727333333333e-06,0.40000000000000063,-0.013572206666666668
29,0.42500000000000066,7.056986666666667e-06,0.42500000000000066,-0.013210640000000001
30,0.4500000000000007,8.231706666666667e-06,0.4500000000000007,-0.012820040000000001
31,0.4750000000000007,9.415633333333334e-06,0.4750000000000007,-0.012405093333333334
32,0.5000000000000007,1.0672593333333332e-05,0.5000000000000007,-0.011964353333333334
33,0.5250000000000008,1.2211200000000001e-05,0.5250000000000008,-0.011496686666666667
34,0.5500000000000007,1.4144546666666667e-05,0.5500000000000007,-0.01100418
35,0.5750000000000008,1.6705286666666665e-05,0.5750000000000008,-0.01048584
36,0.6000000000000008,2.0247760000000003e-05,0.6000000000000008,-0.009941160000000001
37,0.6250000000000009,2.5104953333333332e-05,0.6250000000000009,-0.00937294
38,0.6500000000000008,3.180764666666667e-05,0.6500000000000008,-0.008784766666666666
39,0.6750000000000009,4.097014666666667e-05,0.6750000000000009,-0.008170793333333334
40,0.7000000000000008,5.363925333333333e-05,0.7000000000000008,-0.007536126666666666
41,0.7250000000000008,6.981026666666668e-05,0.7250000000000008,-0.00687202
42,0.7500000000000009,5.024483333333334e-05,0.7500000000000009,-0.006561928666666667
43,0.775000000000001,7.61476e-05,0.775000000000001,-0.005761406
44,0.8000000000000009,0.00011337346666666668,0.8000000000000009,-0.005010980666666666
45,0.8250000000000008,0.00016496913333333333,0.8250000000000008,-0.004254828
46,0.850000000000001,0.00023245733333333333,0.850000000000001,-0.0034912146666666666
47,0.8750000000000011,0.0003178972666666667,0.8750000000000011,-0.002714582
48,0.900000000000001,0.0004220308666666667,0.900000000000001,-0.0019286053333333333
49,0.9250000000000009,0.0005482285333333334,0.9250000000000009,-0.0011284046666666667
50,0.9500000000000011,0.00069996,0.9500000000000011,-0.0009999246666666669
51,0.9750000000000012,0.000889352,0.9750000000000012,-0.0003010308666666667
52,1.000000000000001,0.0011444480000000002,1.000000000000001,0.0006147362
53,1.025000000000001,0.0014551086666666666,1.025000000000001,0.0012041533333333335
54,1.0500000000000012,0.0018232593333333334,1.0500000000000012,0.0021581946666666667
55,1.0750000000000013,0.0022565886666666667,1.0750000000000013,0.003114134
56,1.1000000000000012,0.002756586666666667,1.1000000000000012,0.004077965333333333
57,1.125000000000001,0.003329841333333333,1.125000000000001,0.005063219333333334
58,1.1500000000000012,0.003976422,1.1500000000000012,0.006069891333333334
59,1.1750000000000014,0.004706292666666667,1.1750000000000014,0.006917873333333333
60,1.2000000000000013,0.005514038666666667,1.2000000000000013,0.008015706666666667
61,1.2250000000000012,0.0064019766666666665,1.2250000000000012,0.009139860000000001
62,1.2500000000000013,0.008040226666666667,1.2500000000000013,0.010299686666666667
63,1.2750000000000015,0.00903072,1.2750000000000015,0.01149576
