,N6_4R_V_D,N6_4R_J_D,N6_4R_V_L,N6_4R_J_L
0,1.3,0.008940253333333334,1.3,0.013800193333333335
1,1.2750000000000001,0.008951486666666668,1.2750000000000001,0.01243462
2,1.2500000000000002,0.00854558,1.2500000000000002,0.011052426666666667
3,1.2250000000000003,0.00791374,1.2250000000000003,0.009666446666666667
4,1.2000000000000004,0.007148880000000001,1.2000000000000004,0.008280500000000001
5,1.1750000000000005,0.006337706,1.1750000000000005,0.006908953333333333
6,1.1500000000000006,0.005467994,1.1500000000000006,0.005461875333333334
7,1.1250000000000007,0.004597494666666667,1.1250000000000007,0.004113142666666667
8,1.1000000000000008,0.0037655006666666665,1.1000000000000008,0.002789678666666667
9,1.0750000000000008,0.0029902593333333335,1.0750000000000008,0.0014929540000000001
10,1.050000000000001,0.002280104666666667,1.050000000000001,0.0001775152666666667
11,1.025000000000001,0.0016919220000000002,1.025000000000001,-0.0011615926666666667
12,1.000000000000001,0.001199294,1.000000000000001,-0.0024012946666666667
13,0.9750000000000012,0.000813318,0.9750000000000012,-0.003598059333333334
14,0.9500000000000013,0.0005488058666666667,0.9500000000000013,-0.004767963333333333
15,0.9250000000000014,0.00034604866666666665,0.9250000000000014,-0.005887293333333333
16,0.9000000000000015,0.00022685106666666665,0.9000000000000015,-0.006963906666666666
17,0.8750000000000016,0.00015103306666666667,0.8750000000000016,-0.007968286666666666
18,0.8500000000000016,0.00010487153333333334,0.8500000000000016,-0.00895838
19,0.8250000000000017,7.507073333333333e-05,0.8250000000000017,-0.00988592
20,0.8000000000000018,5.916166e-05,0.8000000000000018,-0.010750086666666667
21,0.7750000000000019,4.075327333333334e-05,0.7750000000000019,-0.011546893333333334
22,0.750000000000002,3.7126766666666665e-05,0.750000000000002,-0.012276166666666668
23,0.7250000000000021,3.208353333333333e-05,0.7250000000000021,-0.012937173333333335
24,0.7000000000000022,2.8159120000000004e-05,0.7000000000000022,-0.013527753333333335
25,0.6750000000000023,2.4373833333333334e-05,0.6750000000000023,-0.014055553333333333
26,0.6500000000000024,2.190716e-05,0.6500000000000024,-0.014520553333333333
27,0.6250000000000024,1.9297113333333334e-05,0.6250000000000024,-0.014924766666666667
28,0.6000000000000025,1.7497146666666668e-05,0.6000000000000025,-0.015279466666666667
29,0.5750000000000026,1.551234666666667e-05,0.5750000000000026,-0.015590820000000002
30,0.5500000000000027,1.3235193333333334e-05,0.5500000000000027,-0.015855366666666666
31,0.5250000000000028,1.187582e-05,0.5250000000000028,-0.016089653333333332
32,0.5000000000000029,9.231073333333335e-06,0.5000000000000029,-0.016294700000000002
33,0.475000000000003,7.662193333333333e-06,0.475000000000003,-0.016477226666666667
34,0.45000000000000306,9.991393333333333e-06,0.45000000000000306,-0.016635466666666668
35,0.42500000000000315,7.903126666666666e-06,0.42500000000000315,-0.01677914
36,0.40000000000000324,8.900233333333333e-06,0.40000000000000324,-0.016909940000000002
37,0.37500000000000333,8.908666666666667e-06,0.37500000000000333,-0.017029366666666667
38,0.3500000000000034,6.700486666666667e-06,0.3500000000000034,-0.0171402
39,0.3250000000000035,7.2006266666666675e-06,0.3250000000000035,-0.017241513333333333
40,0.3000000000000036,6.258505333333334e-06,0.3000000000000036,-0.017336333333333332
41,0.2750000000000037,4.378619333333333e-06,0.2750000000000037,-0.017424753333333334
42,0.2500000000000038,3.332376666666667e-06,0.2500000000000038,-0.01750886
43,0.22500000000000386,2.5883233333333334e-06,0.22500000000000386,-0.017583420000000002
44,0.20000000000000395,1.6189153333333336e-06,0.20000000000000395,-0.017659
45,0.17500000000000404,8.64102e-07,0.17500000000000404,-0.01773
46,0.15000000000000413,1.3957853333333333e-07,0.15000000000000413,-0.017799413333333333
47,0.12500000000000422,-5.671002666666667e-07,0.12500000000000422,-0.01786274666666667
48,0.10000000000000431,-1.2031253333333334e-06,0.10000000000000431,-0.017923
49,0.0750000000000044,-1.8592126666666665e-06,0.0750000000000044,-0.017981073333333333
50,0.050000000000004485,-2.4768113333333334e-06,0.050000000000004485,-0.01803808
51,0.025000000000004574,-3.0756706666666667e-06,0.025000000000004574,-0.0180921
52,4.6629367034256575e-15,-3.653288e-06,4.6629367034256575e-15,-0.018143446666666667
53,-0.024999999999995248,-4.253696e-06,-0.024999999999995248,-0.018193
54,-0.04999999999999516,-4.852428666666667e-06,-0.04999999999999516,-0.018240506666666666
55,-0.07499999999999507,-5.460623333333333e-06,-0.07499999999999507,-0.01828528
56,-0.09999999999999498,-6.156487333333334e-06,-0.09999999999999498,-0.018329493333333332
57,-0.12499999999999489,-6.795220000000001e-06,-0.12499999999999489,-0.018371346666666667
58,-0.1499999999999948,-7.000713333333334e-06,-0.1499999999999948,-0.01841246666666667
59,-0.17499999999999472,-6.944099999999999e-06,-0.17499999999999472,-0.018451013333333332
60,-0.19999999999999463,-8.086806666666668e-06,-0.19999999999999463,-0.018487893333333335
61,-0.22499999999999454,-8.433813333333334e-06,-0.22499999999999454,-0.018523873333333333
62,-0.24999999999999445,-8.51782e-06,-0.24999999999999445,-0.01855748
63,-0.27499999999999436,-8.7707e-06,-0.27499999999999436,-0.018591586666666667
