,N6_4F_V_D,N6_4F_J_D,N6_4F_V_L,N6_4F_J_L
0,-0.3,-2.1407386666666666e-06,-0.3,-0.01825298666666667
1,-0.27499999999999997,-8.094826666666668e-07,-0.27499999999999997,-0.018161426666666668
2,-0.24999999999999994,-3.304596e-07,-0.24999999999999994,-0.01808104
3,-0.22499999999999992,-8.0064e-10,-0.22499999999999992,-0.01799572666666667
4,-0.1999999999999999,6.313321333333334e-08,-0.1999999999999999,-0.017911793333333332
5,-0.17499999999999988,4.935289333333333e-07,-0.17499999999999988,-0.01782088
6,-0.14999999999999986,7.329873333333334e-07,-0.14999999999999986,-0.017719053333333335
7,-0.12499999999999983,9.2516e-07,-0.12499999999999983,-0.01760631333333333
8,-0.09999999999999981,1.1198506666666666e-06,-0.09999999999999981,-0.017481793333333336
9,-0.07499999999999979,1.298842e-06,-0.07499999999999979,-0.017341706666666668
10,-0.04999999999999977,1.4778046666666666e-06,-0.04999999999999977,-0.017191153333333334
11,-0.024999999999999745,1.6593046666666665e-06,-0.024999999999999745,-0.017027013333333334
12,2.7755575615628914e-16,1.7105879999999999e-06,2.7755575615628914e-16,-0.016859826666666668
13,0.0250000000000003,2.0344886666666665e-06,0.0250000000000003,-0.016678286666666667
14,0.05000000000000032,2.2598533333333335e-06,0.05000000000000032,-0.0164882
15,0.07500000000000034,2.4984993333333336e-06,0.07500000000000034,-0.01628540666666667
16,0.10000000000000037,2.7782346666666667e-06,0.10000000000000037,-0.016083973333333335
17,0.1250000000000004,3.0849106666666664e-06,0.1250000000000004,-0.01587068
18,0.1500000000000004,3.445950666666667e-06,0.1500000000000004,-0.015645533333333333
19,0.17500000000000043,3.871114e-06,0.17500000000000043,-0.01541054
20,0.20000000000000046,4.3518993333333335e-06,0.20000000000000046,-0.01516194
21,0.22500000000000048,4.795166000000001e-06,0.22500000000000048,-0.014898740000000002
22,0.2500000000000005,5.429564666666667e-06,0.2500000000000005,-0.014630106666666668
23,0.2750000000000005,6.040357333333334e-06,0.2750000000000005,-0.014337226666666668
24,0.30000000000000054,6.595926666666666e-06,0.30000000000000054,-0.01402356
25,0.32500000000000057,6.983766666666667e-06,0.32500000000000057,-0.013704793333333335
26,0.3500000000000006,6.9993800000000006e-06,0.3500000000000006,-0.013363573333333333
27,0.3750000000000006,5.12555e-06,0.3750000000000006,-0.01300276
28,0.40000000000000063,7.232206666666667e-06,0.40000000000000063,-0.012612806666666667
29,0.42500000000000066,8.322226666666667e-06,0.42500000000000066,-0.012216153333333334
30,0.4500000000000007,9.354253333333334e-06,0.4500000000000007,-0.011795893333333333
31,0.4750000000000007,1.0423066666666668e-05,0.4750000000000007,-0.011349526666666668
32,0.5000000000000007,1.1728686666666666e-05,0.5000000000000007,-0.010881493333333334
33,0.5250000000000008,1.331354e-05,0.5250000000000008,-0.010391553333333334
34,0.5500000000000007,1.5418653333333333e-05,0.5500000000000007,-0.009879873333333334
35,0.5750000000000008,1.8255793333333336e-05,0.5750000000000008,-0.009350573333333334
36,0.6000000000000008,2.2370566666666665e-05,0.6000000000000008,-0.008796813333333334
37,0.6250000000000009,2.8129453333333334e-05,0.6250000000000009,-0.008225293333333335
38,0.6500000000000008,3.627822e-05,0.6500000000000008,-0.007634780000000001
39,0.6750000000000009,4.764409333333334e-05,0.6750000000000009,-0.007028186666666667
40,0.7000000000000008,6.345522666666667e-05,0.7000000000000008,-0.0067650266666666676
41,0.7250000000000008,5.193992666666667e-05,0.7250000000000008,-0.006013344666666667
42,0.7500000000000009,7.631546666666667e-05,0.7500000000000009,-0.005318308666666667
43,0.775000000000001,0.0001106554,0.775000000000001,-0.004624450666666667
44,0.8000000000000009,0.00015646800000000002,0.8000000000000009,-0.003924349333333334
45,0.8250000000000008,0.00021449686666666666,0.8250000000000008,-0.00321472
46,0.850000000000001,0.0002842054666666667,0.850000000000001,-0.002498244666666667
47,0.8750000000000011,0.00036444246666666666,0.8750000000000011,-0.001772184666666667
48,0.900000000000001,0.0004550590666666667,0.900000000000001,-0.0010389573333333334
49,0.9250000000000009,0.0005565226,0.9250000000000009,-0.0005456748666666667
50,0.9500000000000011,0.0006716926666666666,0.9500000000000011,0.00024071566666666668
51,0.9750000000000012,0.0007878140000000001,0.9750000000000012,0.0004805217333333334
52,1.000000000000001,0.0009765940000000001,1.000000000000001,0.0013201233333333335
53,1.025000000000001,0.001202404,1.025000000000001,0.002149442666666667
54,1.0500000000000012,0.0014678126666666667,1.0500000000000012,0.002983628
55,1.0750000000000013,0.0017788706666666669,1.0750000000000013,0.0038211073333333334
56,1.1000000000000012,0.002141674666666667,1.1000000000000012,0.004664718
57,1.125000000000001,0.002563006666666667,1.125000000000001,0.005530404
58,1.1500000000000012,0.0030481360000000003,1.1500000000000012,0.006405787333333334
59,1.1750000000000014,0.0035968313333333336,1.1750000000000014,0.00705372
60,1.2000000000000013,0.004220705333333333,1.2000000000000013,0.007993626666666667
61,1.2250000000000012,0.004917751333333333,1.2250000000000012,0.008951213333333334
62,1.2500000000000013,0.005690357333333334,1.2500000000000013,0.009927140000000001
63,1.2750000000000015,0.006534372,1.2750000000000015,0.010924746666666667
