,N6_4F_V_D,N6_4F_J_D,N6_4F_V_L,N6_4F_J_L
0,-0.3,-8.214506666666667e-06,-0.3,-0.018139766666666668
1,-0.27499999999999997,-5.721384e-06,-0.27499999999999997,-0.01804346
2,-0.24999999999999994,-3.950225333333334e-06,-0.24999999999999994,-0.017956346666666668
3,-0.22499999999999992,-3.023914e-06,-0.22499999999999992,-0.01786756
4,-0.1999999999999999,-2.4359620000000003e-06,-0.1999999999999999,-0.01777246
5,-0.17499999999999988,-1.560374e-06,-0.17499999999999988,-0.017661066666666666
6,-0.14999999999999986,-9.164393333333334e-07,-0.14999999999999986,-0.017530633333333337
7,-0.12499999999999983,-3.175916666666667e-07,-0.12499999999999983,-0.017368713333333334
8,-0.09999999999999981,2.469766e-07,-0.09999999999999981,-0.01717752
9,-0.07499999999999979,7.92916e-07,-0.07499999999999979,-0.01695435333333333
10,-0.04999999999999977,1.325916e-06,-0.04999999999999977,-0.01670468666666667
11,-0.024999999999999745,1.8706906666666668e-06,-0.024999999999999745,-0.016429120000000002
12,2.7755575615628914e-16,2.403844e-06,2.7755575615628914e-16,-0.016149193333333336
13,0.0250000000000003,3.010296666666667e-06,0.0250000000000003,-0.015848933333333332
14,0.05000000000000032,3.6126093333333335e-06,0.05000000000000032,-0.015537586666666667
15,0.07500000000000034,4.2310133333333335e-06,0.07500000000000034,-0.015216013333333335
16,0.10000000000000037,4.862899333333333e-06,0.10000000000000037,-0.014884533333333333
17,0.1250000000000004,5.5014533333333335e-06,0.1250000000000004,-0.014544593333333335
18,0.1500000000000004,6.059224666666667e-06,0.1500000000000004,-0.014187026666666666
19,0.17500000000000043,6.737633333333334e-06,0.17500000000000043,-0.013818146666666666
20,0.20000000000000046,6.99936e-06,0.20000000000000046,-0.01343682
21,0.22500000000000048,6.999406666666667e-06,0.22500000000000048,-0.013040913333333334
22,0.2500000000000005,4.866585333333334e-06,0.2500000000000005,-0.012634253333333333
23,0.2750000000000005,6.913206666666668e-06,0.2750000000000005,-0.012204093333333334
24,0.30000000000000054,8.11752e-06,0.30000000000000054,-0.011751406666666667
25,0.32500000000000057,9.229046666666666e-06,0.32500000000000057,-0.0113026
26,0.3500000000000006,1.03985e-05,0.3500000000000006,-0.01083768
27,0.3750000000000006,1.159868e-05,0.3750000000000006,-0.010356646666666667
28,0.40000000000000063,1.2888813333333333e-05,0.40000000000000063,-0.009875053333333335
29,0.42500000000000066,1.4242093333333334e-05,0.42500000000000066,-0.00937414
30,0.4500000000000007,1.5629893333333335e-05,0.4500000000000007,-0.008867980000000001
31,0.4750000000000007,1.697556e-05,0.4750000000000007,-0.00836082
32,0.5000000000000007,1.837286e-05,0.5000000000000007,-0.00784282
33,0.5250000000000008,1.9962053333333334e-05,0.5250000000000008,-0.007323913333333334
34,0.5500000000000007,2.1947093333333336e-05,0.5500000000000007,-0.006801806666666666
35,0.5750000000000008,2.4686266666666668e-05,0.5750000000000008,-0.007748960000000001
36,0.6000000000000008,2.873002666666667e-05,0.6000000000000008,-0.0068252600000000005
37,0.6250000000000009,3.471448666666667e-05,0.6250000000000009,-0.006628205999999999
38,0.6500000000000008,4.380094666666667e-05,0.6500000000000008,-0.0057648660000000004
39,0.6750000000000009,5.751820666666667e-05,0.6750000000000009,-0.005053968666666667
40,0.7000000000000008,6.999493333333334e-05,0.7000000000000008,-0.004390745333333334
41,0.7250000000000008,7.833280000000001e-05,0.7250000000000008,-0.003744464
42,0.7500000000000009,0.0001141434,0.7500000000000009,-0.0031066713333333337
43,0.775000000000001,0.00016310246666666667,0.775000000000001,-0.002456568
44,0.8000000000000009,0.0002262772,0.8000000000000009,-0.0017783513333333334
45,0.8250000000000008,0.00030181100000000003,0.8250000000000008,-0.0010569233333333334
46,0.850000000000001,0.0003851528666666667,0.850000000000001,-0.0012404533333333335
47,0.8750000000000011,0.0004711788666666667,0.8750000000000011,-0.0010811266666666667
48,0.900000000000001,0.0005560444666666667,0.900000000000001,-0.0011213206666666666
49,0.9250000000000009,0.0006388377333333334,0.9250000000000009,-0.0005605355333333334
50,0.9500000000000011,0.0006999586666666667,0.9500000000000011,0.0006258058000000001
51,0.9750000000000012,0.0007784986666666667,0.9750000000000012,0.0014295713333333335
52,1.000000000000001,0.0009041206666666668,1.000000000000001,0.0026567453333333334
53,1.025000000000001,0.0010481166666666667,1.025000000000001,0.0038853046666666668
54,1.0500000000000012,0.0012133106666666667,1.0500000000000012,0.0051223480000000005
55,1.0750000000000013,0.001407744,1.0750000000000013,0.006369706
56,1.1000000000000012,0.0016393453333333333,1.1000000000000012,0.007170866666666667
57,1.125000000000001,0.0019175533333333332,1.125000000000001,0.00846108
58,1.1500000000000012,0.002252988,1.1500000000000012,0.009736293333333333
59,1.1750000000000014,0.0026562526666666668,1.1750000000000014,0.011000946666666667
60,1.2000000000000013,0.003141754,1.2000000000000013,0.012251833333333333
61,1.2250000000000012,0.003720788666666667,1.2250000000000012,0.013486880000000001
62,1.2500000000000013,0.0044022160000000005,1.2500000000000013,0.014704
63,1.2750000000000015,0.005214388,1.2750000000000015,0.01590118
