,N6_4F_V_D,N6_4F_J_D,N6_4F_V_L,N6_4F_J_L
0,-0.3,-1.0529866666666667e-05,-0.3,-0.01825828666666667
1,-0.27499999999999997,-8.816086666666666e-06,-0.27499999999999997,-0.018147413333333334
2,-0.24999999999999994,-7.898386666666667e-06,-0.24999999999999994,-0.018047673333333333
3,-0.22499999999999992,-6.878553333333333e-06,-0.22499999999999992,-0.017946413333333334
4,-0.1999999999999999,-5.692505333333334e-06,-0.1999999999999999,-0.017840233333333334
5,-0.17499999999999988,-4.688554e-06,-0.17499999999999988,-0.017726353333333333
6,-0.14999999999999986,-3.7961106666666665e-06,-0.14999999999999986,-0.017608593333333332
7,-0.12499999999999983,-2.927536e-06,-0.12499999999999983,-0.017481280000000002
8,-0.09999999999999981,-2.1426173333333334e-06,-0.09999999999999981,-0.01734976666666667
9,-0.07499999999999979,-1.3289413333333333e-06,-0.07499999999999979,-0.017209493333333336
10,-0.04999999999999977,-5.316524e-07,-0.04999999999999977,-0.01706318
11,-0.024999999999999745,2.615229333333333e-07,-0.024999999999999745,-0.01690818666666667
12,2.7755575615628914e-16,1.0320746666666669e-06,2.7755575615628914e-16,-0.01675144
13,0.0250000000000003,1.8433200000000001e-06,0.0250000000000003,-0.016585173333333335
14,0.05000000000000032,2.6599573333333334e-06,0.05000000000000032,-0.016411906666666667
15,0.07500000000000034,3.4799853333333335e-06,0.07500000000000034,-0.016226280000000003
16,0.10000000000000037,4.314044666666666e-06,0.10000000000000037,-0.016038426666666668
17,0.1250000000000004,5.2575966666666664e-06,0.1250000000000004,-0.015838426666666666
18,0.1500000000000004,6.2320773333333336e-06,0.1500000000000004,-0.015627653333333335
19,0.17500000000000043,6.9992666666666675e-06,0.17500000000000043,-0.015407146666666666
20,0.20000000000000046,6.881280000000001e-06,0.20000000000000046,-0.01517464
21,0.22500000000000048,8.753760000000001e-06,0.22500000000000048,-0.014927846666666668
22,0.2500000000000005,9.966073333333334e-06,0.2500000000000005,-0.014676966666666668
23,0.2750000000000005,1.1031386666666667e-05,0.2750000000000005,-0.014403086666666667
24,0.30000000000000054,1.2155566666666668e-05,0.30000000000000054,-0.014111446666666668
25,0.32500000000000057,1.3366966666666668e-05,0.32500000000000057,-0.013815593333333332
26,0.3500000000000006,1.4614366666666668e-05,0.3500000000000006,-0.013498306666666668
27,0.3750000000000006,1.591201333333333e-05,0.3750000000000006,-0.013159273333333336
28,0.40000000000000063,1.720912666666667e-05,0.40000000000000063,-0.012800366666666667
29,0.42500000000000066,1.8680760000000003e-05,0.42500000000000066,-0.012433833333333333
30,0.4500000000000007,2.0275780000000002e-05,0.4500000000000007,-0.012044840000000001
31,0.4750000000000007,2.2019633333333335e-05,0.4750000000000007,-0.011633053333333334
32,0.5000000000000007,2.400468666666667e-05,0.5000000000000007,-0.01119912
33,0.5250000000000008,2.5974333333333333e-05,0.5250000000000008,-0.010747486666666667
34,0.5500000000000007,2.8294326666666665e-05,0.5500000000000007,-0.010276786666666668
35,0.5750000000000008,3.0857273333333336e-05,0.5750000000000008,-0.009786606666666668
36,0.6000000000000008,3.409216666666667e-05,0.6000000000000008,-0.00927552
37,0.6250000000000009,3.7994240000000006e-05,0.6250000000000009,-0.00874722
38,0.6500000000000008,4.326662666666667e-05,0.6500000000000008,-0.008204626666666668
39,0.6750000000000009,4.9877273333333334e-05,0.6750000000000009,-0.007644726666666667
40,0.7000000000000008,6.092656e-05,0.7000000000000008,-0.007071073333333334
41,0.7250000000000008,0.00013104833333333333,0.7250000000000008,-0.006755293333333334
42,0.7500000000000009,0.00015317473333333333,0.7500000000000009,-0.006040202666666667
43,0.775000000000001,0.0001799472,0.775000000000001,-0.005399908
44,0.8000000000000009,0.00021225566666666667,0.8000000000000009,-0.004761636666666667
45,0.8250000000000008,0.00025735380000000004,0.8250000000000008,-0.004122740666666667
46,0.850000000000001,0.0003135236,0.850000000000001,-0.003476822666666667
47,0.8750000000000011,0.00038365,0.8750000000000011,-0.0028337400000000004
48,0.900000000000001,0.0004757852,0.900000000000001,-0.002188880666666667
49,0.9250000000000009,0.0005899907333333333,0.9250000000000009,-0.0015375313333333336
50,0.9500000000000011,0.000746624,0.9500000000000011,-0.0008850926666666667
51,0.9750000000000012,0.0009258466666666668,0.9750000000000012,-0.00035340433333333335
52,1.000000000000001,0.0011622746666666666,1.000000000000001,0.000333991
53,1.025000000000001,0.0014351786666666668,1.025000000000001,0.0008423833333333333
54,1.0500000000000012,0.001756746,1.0500000000000012,0.0015612253333333334
55,1.0750000000000013,0.0021180866666666667,1.0750000000000013,0.0022748893333333336
56,1.1000000000000012,0.002527622666666667,1.1000000000000012,0.0030018180000000003
57,1.125000000000001,0.002988554666666667,1.125000000000001,0.003747872666666667
58,1.1500000000000012,0.003495482666666667,1.1500000000000012,0.004514602666666667
59,1.1750000000000014,0.004062604,1.1750000000000014,0.0053032520000000005
60,1.2000000000000013,0.0046726093333333335,1.2000000000000013,0.006112555333333334
61,1.2250000000000012,0.005340278,1.2250000000000012,0.00695216
62,1.2500000000000013,0.006082130666666667,1.2500000000000013,0.007781333333333334
63,1.2750000000000015,0.007216000000000001,1.2750000000000015,0.008706146666666666
