,N6_4R_V_D,N6_4R_J_D,N6_4R_V_L,N6_4R_J_L
0,1.3,0.00013382753333333335,1.3,0.00019698673333333334
1,1.2750000000000001,0.00012054226666666667,1.2750000000000001,0.0001851246
2,1.2500000000000002,0.000121149,1.2500000000000002,0.00017275966666666667
3,1.2250000000000003,0.000117833,1.2250000000000003,0.0001567788
4,1.2000000000000004,0.00011173946666666666,1.2000000000000004,0.0001386896666666667
5,1.1750000000000005,0.00010346099999999999,1.1750000000000005,0.00012011526666666668
6,1.1500000000000006,9.459193333333334e-05,1.1500000000000006,0.00010112873333333333
7,1.1250000000000007,8.516453333333333e-05,1.1250000000000007,8.182173333333334e-05
8,1.1000000000000008,7.54246e-05,1.1000000000000008,6.059684e-05
9,1.0750000000000008,6.694686666666667e-05,1.0750000000000008,3.737559333333333e-05
10,1.050000000000001,5.70895e-05,1.050000000000001,1.3112713333333334e-05
11,1.025000000000001,4.794964666666667e-05,1.025000000000001,-1.2463826666666667e-05
12,1.000000000000001,3.921392e-05,1.000000000000001,-4.0401613333333335e-05
13,0.9750000000000012,3.1727773333333334e-05,0.9750000000000012,-6.998026666666667e-05
14,0.9500000000000013,2.5017133333333335e-05,0.9500000000000013,-0.00010374433333333334
15,0.9250000000000014,2.005968666666667e-05,0.9250000000000014,-0.0001429102
16,0.9000000000000015,1.572048e-05,0.9000000000000015,-0.00018705173333333336
17,0.8750000000000016,1.2655120000000002e-05,0.8750000000000016,-0.000232277
18,0.8500000000000016,1.0614773333333333e-05,0.8500000000000016,-0.0002815818666666667
19,0.8250000000000017,9.331393333333334e-06,0.8250000000000017,-0.00033400773333333334
20,0.8000000000000018,8.30104e-06,0.8000000000000018,-0.00038746386666666666
21,0.7750000000000019,6.99746e-06,0.7750000000000019,-0.00044190760000000005
22,0.750000000000002,6.727353333333334e-06,0.750000000000002,-0.0005004589333333333
23,0.7250000000000021,1.0982993333333334e-05,0.7250000000000021,-0.0005642327333333333
24,0.7000000000000022,9.38866e-06,0.7000000000000022,-0.0006287606
25,0.6750000000000023,8.888233333333332e-06,0.6750000000000023,-0.0006960240000000001
26,0.6500000000000024,7.126420000000001e-06,0.6500000000000024,-0.0007553166666666668
27,0.6250000000000024,8.948573333333334e-06,0.6250000000000024,-0.0008253153333333333
28,0.6000000000000025,6.8953199999999996e-06,0.6000000000000025,-0.0008990226666666666
29,0.5750000000000026,9.312633333333333e-06,0.5750000000000026,-0.0009746153333333334
30,0.5500000000000027,9.410240000000001e-06,0.5500000000000027,-0.0010509853333333333
31,0.5250000000000028,7.91786e-06,0.5250000000000028,-0.0011281473333333333
32,0.5000000000000029,6.96502e-06,0.5000000000000029,-0.001205428
33,0.475000000000003,9.423120000000001e-06,0.475000000000003,-0.001283724
34,0.45000000000000306,7.0779e-06,0.45000000000000306,-0.001362936
35,0.42500000000000315,8.462413333333334e-06,0.42500000000000315,-0.0014426446666666666
36,0.40000000000000324,8.081206666666666e-06,0.40000000000000324,-0.001522918
37,0.37500000000000333,7.679593333333334e-06,0.37500000000000333,-0.001603398
38,0.3500000000000034,7.034966666666667e-06,0.3500000000000034,-0.001684044666666667
39,0.3250000000000035,5.533358666666667e-06,0.3250000000000035,-0.0017652053333333333
40,0.3000000000000036,2.7999633333333335e-06,0.3000000000000036,-0.001846838666666667
41,0.2750000000000037,9.172393333333334e-07,0.2750000000000037,-0.001928298
42,0.2500000000000038,-9.244293333333334e-07,0.2500000000000038,-0.002009638
43,0.22500000000000386,-2.6968086666666666e-06,0.22500000000000386,-0.0020904
44,0.20000000000000395,-4.700226e-06,0.20000000000000395,-0.0021735313333333334
45,0.17500000000000404,-6.4104320000000005e-06,0.17500000000000404,-0.0022548233333333336
46,0.15000000000000413,-6.997526666666667e-06,0.15000000000000413,-0.002336168
47,0.12500000000000422,-4.926008e-06,0.12500000000000422,-0.0024174920000000003
48,0.10000000000000431,-6.75202e-06,0.10000000000000431,-0.0024983326666666666
49,0.0750000000000044,-7.481153333333333e-06,0.0750000000000044,-0.00257927
50,0.050000000000004485,-7.980906666666668e-06,0.050000000000004485,-0.002659364
51,0.025000000000004574,-8.383873333333334e-06,0.025000000000004574,-0.0027388666666666667
52,4.6629367034256575e-15,-8.654646666666667e-06,4.6629367034256575e-15,-0.0028178640000000002
53,-0.024999999999995248,-8.96942e-06,-0.024999999999995248,-0.0028966120000000002
54,-0.04999999999999516,-9.220800000000002e-06,-0.04999999999999516,-0.0029736753333333334
55,-0.07499999999999507,-9.461480000000001e-06,-0.07499999999999507,-0.0030506673333333336
56,-0.09999999999999498,-9.669893333333333e-06,-0.09999999999999498,-0.003126752
57,-0.12499999999999489,-9.87116e-06,-0.12499999999999489,-0.0032033693333333338
58,-0.1499999999999948,-1.0084199999999999e-05,-0.1499999999999948,-0.0032781513333333336
59,-0.17499999999999472,-1.0273633333333333e-05,-0.17499999999999472,-0.0033526140000000003
60,-0.19999999999999463,-1.0327346666666667e-05,-0.19999999999999463,-0.0034261226666666665
61,-0.22499999999999454,-1.0571313333333334e-05,-0.22499999999999454,-0.0035003973333333337
62,-0.24999999999999445,-1.072072e-05,-0.24999999999999445,-0.00357366
63,-0.27499999999999436,-1.080676e-05,-0.27499999999999436,-0.003646500666666667
