,N6_4R_V_D,N6_4R_J_D,N6_4R_V_L,N6_4R_J_L
0,1.3,0.000160125,1.3,0.00023742566666666665
1,1.2750000000000001,0.00015750226666666665,1.2750000000000001,0.000220868
2,1.2500000000000002,0.00016173373333333333,1.2500000000000002,0.00020560213333333332
3,1.2250000000000003,0.00015796133333333335,1.2250000000000003,0.00018626233333333332
4,1.2000000000000004,0.00015071613333333335,1.2000000000000004,0.00016423153333333334
5,1.1750000000000005,0.00013968666666666667,1.1750000000000005,0.00014086073333333335
6,1.1500000000000006,0.00012835773333333333,1.1500000000000006,0.00011697273333333335
7,1.1250000000000007,0.00011676980000000001,1.1250000000000007,9.22124e-05
8,1.1000000000000008,0.0001043612,1.1000000000000008,6.6966e-05
9,1.0750000000000008,9.170673333333334e-05,1.0750000000000008,3.9885233333333336e-05
10,1.050000000000001,8.024653333333334e-05,1.050000000000001,1.0309713333333334e-05
11,1.025000000000001,7.10436e-05,1.025000000000001,-2.1588473333333334e-05
12,1.000000000000001,6.231677333333334e-05,1.000000000000001,-5.71364e-05
13,0.9750000000000012,5.255453333333333e-05,0.9750000000000012,-9.7417e-05
14,0.9500000000000013,4.4013053333333335e-05,0.9500000000000013,-0.0001417392666666667
15,0.9250000000000014,3.755352666666667e-05,0.9250000000000014,-0.00018810026666666666
16,0.9000000000000015,3.263424e-05,0.9000000000000015,-0.00024049953333333334
17,0.8750000000000016,2.7866246666666666e-05,0.8750000000000016,-0.00029679533333333335
18,0.8500000000000016,2.4716880000000002e-05,0.8500000000000016,-0.0003568189333333333
19,0.8250000000000017,2.1673393333333332e-05,0.8250000000000017,-0.0004207316000000001
20,0.8000000000000018,1.9189686666666665e-05,0.8000000000000018,-0.0004895452666666667
21,0.7750000000000019,1.7345520000000003e-05,0.7750000000000019,-0.0005622156
22,0.750000000000002,1.5706100000000002e-05,0.750000000000002,-0.0006394252000000001
23,0.7250000000000021,1.4218306666666667e-05,0.7250000000000021,-0.000709862
24,0.7000000000000022,1.3576333333333332e-05,0.7000000000000022,-0.0007939140000000001
25,0.6750000000000023,1.109546e-05,0.6750000000000023,-0.00088364
26,0.6500000000000024,1.0131426666666667e-05,0.6500000000000024,-0.000975936
27,0.6250000000000024,9.25356e-06,0.6250000000000024,-0.0010701
28,0.6000000000000025,8.299706666666667e-06,0.6000000000000025,-0.0011676960000000002
29,0.5750000000000026,7.667660000000002e-06,0.5750000000000026,-0.001267164
30,0.5500000000000027,7.014360000000001e-06,0.5500000000000027,-0.0013685733333333335
31,0.5250000000000028,9.99568e-06,0.5250000000000028,-0.0014735213333333334
32,0.5000000000000029,7.49108e-06,0.5000000000000029,-0.0015795026666666667
33,0.475000000000003,9.6053e-06,0.475000000000003,-0.0016877493333333335
34,0.45000000000000306,6.834146666666667e-06,0.45000000000000306,-0.001797438
35,0.42500000000000315,9.325393333333335e-06,0.42500000000000315,-0.0019080906666666666
36,0.40000000000000324,8.970326666666667e-06,0.40000000000000324,-0.002021048
37,0.37500000000000333,8.32914e-06,0.37500000000000333,-0.0021345373333333333
38,0.3500000000000034,7.465646666666667e-06,0.3500000000000034,-0.002249594666666667
39,0.3250000000000035,6.290054e-06,0.3250000000000035,-0.002365980666666667
40,0.3000000000000036,2.789926e-06,0.3000000000000036,-0.002483398
41,0.2750000000000037,8.436566666666666e-07,0.2750000000000037,-0.002600967333333333
42,0.2500000000000038,-1.21514e-06,0.2500000000000038,-0.0027195626666666668
43,0.22500000000000386,-2.931774666666667e-06,0.22500000000000386,-0.002837982
44,0.20000000000000395,-5.4981726666666665e-06,0.20000000000000395,-0.002958482666666667
45,0.17500000000000404,-6.99752e-06,0.17500000000000404,-0.003078864666666667
46,0.15000000000000413,-5.375745333333334e-06,0.15000000000000413,-0.003199048
47,0.12500000000000422,-8.122033333333333e-06,0.12500000000000422,-0.003319568666666667
48,0.10000000000000431,-9.298093333333334e-06,0.10000000000000431,-0.0034398313333333336
49,0.0750000000000044,-9.926546666666668e-06,0.0750000000000044,-0.003560314666666667
50,0.050000000000004485,-1.0430840000000001e-05,0.050000000000004485,-0.003680206
51,0.025000000000004574,-1.0810260000000001e-05,0.025000000000004574,-0.0037994086666666665
52,4.6629367034256575e-15,-1.1060346666666667e-05,4.6629367034256575e-15,-0.003918686666666667
53,-0.024999999999995248,-1.141268e-05,-0.024999999999995248,-0.004037265333333333
54,-0.04999999999999516,-1.1682446666666667e-05,-0.04999999999999516,-0.004153962000000001
55,-0.07499999999999507,-1.1921953333333333e-05,-0.07499999999999507,-0.004269544666666667
56,-0.09999999999999498,-1.2157553333333335e-05,-0.09999999999999498,-0.004384112666666666
57,-0.12499999999999489,-1.234394e-05,-0.12499999999999489,-0.004498577333333333
58,-0.1499999999999948,-1.2532613333333333e-05,-0.1499999999999948,-0.004610673333333334
59,-0.17499999999999472,-1.2714673333333333e-05,-0.17499999999999472,-0.004721718666666667
60,-0.19999999999999463,-1.2745593333333334e-05,-0.19999999999999463,-0.004830614
61,-0.22499999999999454,-1.303528e-05,-0.22499999999999454,-0.004939888666666666
62,-0.24999999999999445,-1.3245186666666668e-05,-0.24999999999999445,-0.005047734666666666
63,-0.27499999999999436,-1.3461686666666668e-05,-0.27499999999999436,-0.005154057333333333
