,N6_4R_V_D,N6_4R_J_D,N6_4R_V_L,N6_4R_J_L
0,1.3,0.00012944553333333334,1.3,0.00017877873333333334
1,1.2750000000000001,0.00012272940000000002,1.2750000000000001,0.00016711206666666668
2,1.2500000000000002,0.00012283866666666667,1.2500000000000002,0.00015547146666666667
3,1.2250000000000003,0.0001182274,1.2250000000000003,0.00014122446666666667
4,1.2000000000000004,0.00011165506666666668,1.2000000000000004,0.00012472686666666665
5,1.1750000000000005,0.000104061,1.1750000000000005,0.00010751220000000001
6,1.1500000000000006,9.579526666666668e-05,1.1500000000000006,8.958653333333333e-05
7,1.1250000000000007,8.659253333333333e-05,1.1250000000000007,7.124513333333333e-05
8,1.1000000000000008,7.725153333333333e-05,1.1000000000000008,5.081848666666667e-05
9,1.0750000000000008,6.804433333333334e-05,1.0750000000000008,2.9221453333333333e-05
10,1.050000000000001,6.0386820000000004e-05,1.050000000000001,6.441966666666667e-06
11,1.025000000000001,5.113360000000001e-05,1.025000000000001,-1.6576000000000002e-05
12,1.000000000000001,4.6152993333333334e-05,1.000000000000001,-4.526381333333334e-05
13,0.9750000000000012,4.155591333333333e-05,0.9750000000000012,-7.239426666666667e-05
14,0.9500000000000013,3.63086e-05,0.9500000000000013,-0.00010754326666666666
15,0.9250000000000014,3.0847760000000004e-05,0.9250000000000014,-0.0001444978
16,0.9000000000000015,2.9623473333333335e-05,0.9000000000000015,-0.00018461333333333332
17,0.8750000000000016,2.5519500000000002e-05,0.8750000000000016,-0.00022759986666666667
18,0.8500000000000016,2.1561333333333333e-05,0.8500000000000016,-0.00027479826666666665
19,0.8250000000000017,1.861118e-05,0.8250000000000017,-0.00032425900000000003
20,0.8000000000000018,1.637352e-05,0.8000000000000018,-0.00037630593333333337
21,0.7750000000000019,1.454278e-05,0.7750000000000019,-0.00043112040000000003
22,0.750000000000002,1.345298e-05,0.750000000000002,-0.0004888348
23,0.7250000000000021,1.2538486666666667e-05,0.7250000000000021,-0.0005489693333333333
24,0.7000000000000022,1.1790393333333334e-05,0.7000000000000022,-0.0006106460666666667
25,0.6750000000000023,1.1015386666666668e-05,0.6750000000000023,-0.0006746346666666667
26,0.6500000000000024,1.017028e-05,0.6500000000000024,-0.000730182
27,0.6250000000000024,9.351153333333334e-06,0.6250000000000024,-0.0007968673333333333
28,0.6000000000000025,8.504733333333333e-06,0.6000000000000025,-0.0008677526666666667
29,0.5750000000000026,7.2982733333333335e-06,0.5750000000000026,-0.000939612
30,0.5500000000000027,9.403306666666666e-06,0.5500000000000027,-0.0010124186666666667
31,0.5250000000000028,7.562113333333333e-06,0.5250000000000028,-0.0010855460000000002
32,0.5000000000000029,9.094993333333334e-06,0.5000000000000029,-0.0011591146666666667
33,0.475000000000003,6.987600000000001e-06,0.475000000000003,-0.0012334826666666667
34,0.45000000000000306,9.143e-06,0.45000000000000306,-0.0013079446666666667
35,0.42500000000000315,6.829180000000001e-06,0.42500000000000315,-0.0013827826666666667
36,0.40000000000000324,8.440146666666668e-06,0.40000000000000324,-0.001457724
37,0.37500000000000333,8.325053333333334e-06,0.37500000000000333,-0.00153281
38,0.3500000000000034,8.189e-06,0.3500000000000034,-0.001607878
39,0.3250000000000035,6.020682666666667e-06,0.3250000000000035,-0.0016836606666666668
40,0.3000000000000036,3.207434e-06,0.3000000000000036,-0.0017582753333333335
41,0.2750000000000037,1.3218160000000002e-06,0.2750000000000037,-0.00183327
42,0.2500000000000038,-3.360796e-07,0.2500000000000038,-0.0019086313333333334
43,0.22500000000000386,-1.8405886666666668e-06,0.22500000000000386,-0.0019818053333333333
44,0.20000000000000395,-3.8814740000000006e-06,0.20000000000000395,-0.0020577200000000003
45,0.17500000000000404,-5.665606e-06,0.17500000000000404,-0.0021323080000000003
46,0.15000000000000413,-6.877500000000001e-06,0.15000000000000413,-0.0022069706666666667
47,0.12500000000000422,-6.997533333333334e-06,0.12500000000000422,-0.002280936
48,0.10000000000000431,-5.124456666666667e-06,0.10000000000000431,-0.0023550393333333333
49,0.0750000000000044,-6.8733266666666665e-06,0.0750000000000044,-0.0024287646666666667
50,0.050000000000004485,-7.518033333333333e-06,0.050000000000004485,-0.0025017373333333336
51,0.025000000000004574,-8.000706666666667e-06,0.025000000000004574,-0.0025738013333333333
52,4.6629367034256575e-15,-8.331693333333334e-06,4.6629367034256575e-15,-0.0026461933333333334
53,-0.024999999999995248,-8.7529e-06,-0.024999999999995248,-0.002716996
54,-0.04999999999999516,-8.996606666666667e-06,-0.04999999999999516,-0.002787446666666667
55,-0.07499999999999507,-9.244633333333335e-06,-0.07499999999999507,-0.0028577893333333335
56,-0.09999999999999498,-9.468986666666667e-06,-0.09999999999999498,-0.0029280973333333333
57,-0.12499999999999489,-9.676813333333334e-06,-0.12499999999999489,-0.0029968340000000003
58,-0.1499999999999948,-9.728033333333334e-06,-0.1499999999999948,-0.003065408
59,-0.17499999999999472,-1.0031106666666667e-05,-0.17499999999999472,-0.003133094
60,-0.19999999999999463,-1.0092386666666666e-05,-0.19999999999999463,-0.003199506
61,-0.22499999999999454,-1.0311260000000001e-05,-0.22499999999999454,-0.003267151333333333
62,-0.24999999999999445,-1.0476573333333333e-05,-0.24999999999999445,-0.003333671333333333
63,-0.27499999999999436,-1.0663126666666667e-05,-0.27499999999999436,-0.003400512
