,N6_4F_V_D,N6_4F_J_D,N6_4F_V_L,N6_4F_J_L
0,-0.3,-1.0309493333333334e-06,-0.3,-0.0028316013333333336
1,-0.27499999999999997,-4.905299333333334e-07,-0.27499999999999997,-0.0027579713333333337
2,-0.24999999999999994,-2.645589333333334e-07,-0.24999999999999994,-0.0026903393333333335
3,-0.22499999999999992,-1.1550046666666667e-07,-0.22499999999999992,-0.002623788666666667
4,-0.1999999999999999,-4.346876e-08,-0.1999999999999999,-0.0025574153333333335
5,-0.17499999999999988,8.112086666666667e-08,-0.17499999999999988,-0.0024895420000000004
6,-0.14999999999999986,1.556302666666667e-07,-0.14999999999999986,-0.0024204973333333333
7,-0.12499999999999983,2.1788146666666666e-07,-0.12499999999999983,-0.002349616
8,-0.09999999999999981,2.737696666666667e-07,-0.09999999999999981,-0.0022774820000000004
9,-0.07499999999999979,3.2295700000000005e-07,-0.07499999999999979,-0.002203322
10,-0.04999999999999977,3.6768040000000004e-07,-0.04999999999999977,-0.002127792666666667
11,-0.024999999999999745,4.1032066666666667e-07,-0.024999999999999745,-0.0020509726666666666
12,2.7755575615628914e-16,4.270613333333334e-07,2.7755575615628914e-16,-0.0019738006666666667
13,0.0250000000000003,4.894711333333333e-07,0.0250000000000003,-0.0018963526666666668
14,0.05000000000000032,5.318657333333333e-07,0.05000000000000032,-0.0018188233333333334
15,0.07500000000000034,5.749232000000001e-07,0.07500000000000034,-0.001741884
16,0.10000000000000037,6.202031333333333e-07,0.10000000000000037,-0.0016652493333333333
17,0.1250000000000004,6.709073333333333e-07,0.1250000000000004,-0.001589652
18,0.1500000000000004,7.2684e-07,0.1500000000000004,-0.0015148593333333335
19,0.17500000000000043,7.73112e-07,0.17500000000000043,-0.0014413926666666666
20,0.20000000000000046,8.580966666666668e-07,0.20000000000000046,-0.0013688306666666667
21,0.22500000000000048,9.279833333333335e-07,0.22500000000000048,-0.0012978746666666668
22,0.2500000000000005,1.02967e-06,0.2500000000000005,-0.00122801
23,0.2750000000000005,1.138142e-06,0.2750000000000005,-0.0011594420000000001
24,0.30000000000000054,1.2590993333333335e-06,0.30000000000000054,-0.001092282
25,0.32500000000000057,1.396422e-06,0.32500000000000057,-0.001026868
26,0.3500000000000006,1.5486526666666667e-06,0.3500000000000006,-0.0009629686666666668
27,0.3750000000000006,1.716146e-06,0.3750000000000006,-0.000900482
28,0.40000000000000063,1.8989273333333336e-06,0.40000000000000063,-0.0008395073333333335
29,0.42500000000000066,2.096255333333333e-06,0.42500000000000066,-0.0007808100000000001
30,0.4500000000000007,2.306374e-06,0.4500000000000007,-0.0007236713333333334
31,0.4750000000000007,2.5296073333333334e-06,0.4750000000000007,-0.0006682793333333334
32,0.5000000000000007,2.766164e-06,0.5000000000000007,-0.0006359282666666666
33,0.5250000000000008,3.0176966666666665e-06,0.5250000000000008,-0.0005799616
34,0.5500000000000007,3.283674e-06,0.5500000000000007,-0.0005280946000000001
35,0.5750000000000008,3.567411333333333e-06,0.5750000000000008,-0.00047873926666666667
36,0.6000000000000008,3.877429333333334e-06,0.6000000000000008,-0.0004316776
37,0.6250000000000009,4.224528e-06,0.6250000000000009,-0.0003867026666666667
38,0.6500000000000008,4.625918e-06,0.6500000000000008,-0.00034384826666666667
39,0.6750000000000009,5.1182353333333334e-06,0.6750000000000009,-0.0003033282
40,0.7000000000000008,5.750264666666667e-06,0.7000000000000008,-0.00026496526666666665
41,0.7250000000000008,6.6362053333333336e-06,0.7250000000000008,-0.00022854173333333331
42,0.7500000000000009,5.738676e-06,0.7500000000000009,-0.00019420626666666666
43,0.775000000000001,7.550340000000001e-06,0.775000000000001,-0.00016195233333333333
44,0.8000000000000009,9.586686666666667e-06,0.8000000000000009,-0.00013184653333333333
45,0.8250000000000008,1.2075713333333334e-05,0.8250000000000008,-0.00010371753333333334
46,0.850000000000001,1.5054386666666667e-05,0.850000000000001,-7.789666666666667e-05
47,0.8750000000000011,1.8473e-05,0.8750000000000011,-6.079205333333334e-05
48,0.900000000000001,2.2226453333333336e-05,0.900000000000001,-3.818032666666667e-05
49,0.9250000000000009,2.6209053333333337e-05,0.9250000000000009,-1.815018e-05
50,0.9500000000000011,3.032428666666667e-05,0.9500000000000011,-1.1601686666666667e-05
51,0.9750000000000012,3.453740666666667e-05,0.9750000000000012,6.7314466666666676e-06
52,1.000000000000001,3.8865920000000005e-05,1.000000000000001,2.295532e-05
53,1.025000000000001,4.3375593333333336e-05,1.025000000000001,3.767508e-05
54,1.0500000000000012,4.815025333333333e-05,1.0500000000000012,5.108292666666667e-05
55,1.0750000000000013,5.328319333333333e-05,1.0750000000000013,6.367274000000001e-05
56,1.1000000000000012,5.889484000000001e-05,1.1000000000000012,7.242320000000001e-05
57,1.125000000000001,6.499133333333334e-05,1.125000000000001,8.492620000000001e-05
58,1.1500000000000012,7.43402e-05,1.1500000000000012,9.694326666666668e-05
59,1.1750000000000014,8.217206666666668e-05,1.1750000000000014,0.00010873339999999999
60,1.2000000000000013,9.047246666666668e-05,1.2000000000000013,0.00012069366666666669
61,1.2250000000000012,9.923653333333334e-05,1.2250000000000012,0.00013270873333333334
62,1.2500000000000013,0.00010839820000000002,1.2500000000000013,0.00014569213333333333
63,1.2750000000000015,0.00011807553333333333,1.2750000000000015,0.00015798066666666667
