,N6_4R_V_D,N6_4R_J_D,N6_4R_V_L,N6_4R_J_L
0,1.3,0.0057922853333333335,1.3,0.014107473333333334
1,1.2750000000000001,0.008019353333333333,1.2750000000000001,0.012750773333333333
2,1.2500000000000002,0.007810400000000001,1.2500000000000002,0.011386473333333334
3,1.2250000000000003,0.007330393333333333,1.2250000000000003,0.0100174
4,1.2000000000000004,0.006699613333333333,1.2000000000000004,0.00866276
5,1.1750000000000005,0.006020126666666667,1.1750000000000005,0.007314086666666667
6,1.1500000000000006,0.005254246000000001,1.1500000000000006,0.005895028666666667
7,1.1250000000000007,0.004454541333333333,1.1250000000000007,0.0045666073333333335
8,1.1000000000000008,0.003671706666666667,1.1000000000000008,0.0032683046666666664
9,1.0750000000000008,0.002931958666666667,1.0750000000000008,0.001984720666666667
10,1.050000000000001,0.0022601546666666666,1.050000000000001,0.0007219873333333334
11,1.025000000000001,0.0016749793333333332,1.025000000000001,-0.0005446425333333334
12,1.000000000000001,0.0011900633333333333,1.000000000000001,-0.0018458026666666667
13,0.9750000000000012,0.0008111873333333334,0.9750000000000012,-0.0030533646666666666
14,0.9500000000000013,0.0005436967333333333,0.9500000000000013,-0.004217699333333334
15,0.9250000000000014,0.00034741700000000004,0.9250000000000014,-0.005344116666666667
16,0.9000000000000015,0.0002280924,0.9000000000000015,-0.006427819333333334
17,0.8750000000000016,0.00015302380000000002,0.8750000000000016,-0.007438140000000001
18,0.8500000000000016,0.00011072706666666668,0.8500000000000016,-0.008449186666666667
19,0.8250000000000017,8.1583e-05,0.8250000000000017,-0.00939536
20,0.8000000000000018,6.942526666666666e-05,0.8000000000000018,-0.01027976
21,0.7750000000000019,5.7551166666666665e-05,0.7750000000000019,-0.011097853333333333
22,0.750000000000002,4.722769333333333e-05,0.750000000000002,-0.011851313333333334
23,0.7250000000000021,4.165653333333334e-05,0.7250000000000021,-0.012540053333333334
24,0.7000000000000022,3.705286666666667e-05,0.7000000000000022,-0.013158960000000003
25,0.6750000000000023,3.3850120000000004e-05,0.6750000000000023,-0.013714
26,0.6500000000000024,3.0454006666666666e-05,0.6500000000000024,-0.014209126666666669
27,0.6250000000000024,2.7809793333333333e-05,0.6250000000000024,-0.014641793333333333
28,0.6000000000000025,2.57107e-05,0.6000000000000025,-0.015026966666666667
29,0.5750000000000026,2.381692666666667e-05,0.5750000000000026,-0.015357366666666665
30,0.5500000000000027,2.1558053333333334e-05,0.5500000000000027,-0.01564824
31,0.5250000000000028,2.001238666666667e-05,0.5250000000000028,-0.015904586666666668
32,0.5000000000000029,1.801098e-05,0.5000000000000029,-0.01613065333333333
33,0.475000000000003,1.7000806666666668e-05,0.475000000000003,-0.01632616
34,0.45000000000000306,1.5237366666666667e-05,0.45000000000000306,-0.016501186666666667
35,0.42500000000000315,1.41003e-05,0.42500000000000315,-0.01665798666666667
36,0.40000000000000324,1.2899833333333335e-05,0.40000000000000324,-0.016802900000000003
37,0.37500000000000333,1.1468920000000001e-05,0.37500000000000333,-0.016930373333333335
38,0.3500000000000034,1.011424e-05,0.3500000000000034,-0.017049906666666666
39,0.3250000000000035,8.920373333333334e-06,0.3250000000000035,-0.017159700000000003
40,0.3000000000000036,7.792313333333334e-06,0.3000000000000036,-0.017260566666666668
41,0.2750000000000037,8.721226666666668e-06,0.2750000000000037,-0.01735508
42,0.2500000000000038,5.335206666666667e-06,0.2500000000000038,-0.017444193333333333
43,0.22500000000000386,5.421225333333334e-06,0.22500000000000386,-0.017525866666666667
44,0.20000000000000395,4.7899633333333335e-06,0.20000000000000395,-0.01760916666666667
45,0.17500000000000404,2.734988e-06,0.17500000000000404,-0.017685886666666668
46,0.15000000000000413,1.5716366666666667e-06,0.15000000000000413,-0.017756573333333334
47,0.12500000000000422,7.221153333333334e-07,0.12500000000000422,-0.01782516666666667
48,0.10000000000000431,-9.995666666666667e-07,0.10000000000000431,-0.017891120000000003
49,0.0750000000000044,-1.0759273333333334e-06,0.0750000000000044,-0.017952306666666668
50,0.050000000000004485,-2.139606e-06,0.050000000000004485,-0.01801394666666667
51,0.025000000000004574,-2.6783413333333335e-06,0.025000000000004574,-0.01807076
52,4.6629367034256575e-15,-3.5272966666666667e-06,4.6629367034256575e-15,-0.018125793333333334
53,-0.024999999999995248,-4.231420666666667e-06,-0.024999999999995248,-0.018178240000000002
54,-0.04999999999999516,-5.3538680000000005e-06,-0.04999999999999516,-0.01822840666666667
55,-0.07499999999999507,-6.228722e-06,-0.07499999999999507,-0.01827764
56,-0.09999999999999498,-7.0007199999999994e-06,-0.09999999999999498,-0.018323580000000003
57,-0.12499999999999489,-7.0007066666666674e-06,-0.12499999999999489,-0.018367653333333334
58,-0.1499999999999948,-6.968753333333333e-06,-0.1499999999999948,-0.018411766666666666
59,-0.17499999999999472,-7.000700000000001e-06,-0.17499999999999472,-0.018450360000000002
60,-0.19999999999999463,-6.712113333333334e-06,-0.19999999999999463,-0.018489460000000003
61,-0.22499999999999454,-8.897753333333333e-06,-0.22499999999999454,-0.01852688
62,-0.24999999999999445,-9.85464e-06,-0.24999999999999445,-0.018562473333333333
63,-0.27499999999999436,-1.0947933333333334e-05,-0.27499999999999436,-0.018598226666666665
