,N6_4F_V_D,N6_4F_J_D,N6_4F_V_L,N6_4F_J_L
0,-0.3,-8.799093333333332e-06,-0.3,-0.01840722666666667
1,-0.27499999999999997,-7.1189000000000006e-06,-0.27499999999999997,-0.01831928
2,-0.24999999999999994,-6.292965333333333e-06,-0.24999999999999994,-0.018239306666666667
3,-0.22499999999999992,-5.11804e-06,-0.22499999999999992,-0.018160433333333333
4,-0.1999999999999999,-4.3201779999999996e-06,-0.1999999999999999,-0.018077620000000003
5,-0.17499999999999988,-3.5159433333333333e-06,-0.17499999999999988,-0.017989733333333334
6,-0.14999999999999986,-2.773064e-06,-0.14999999999999986,-0.017895653333333334
7,-0.12499999999999983,-2.0800373333333335e-06,-0.12499999999999983,-0.017797673333333333
8,-0.09999999999999981,-1.416088e-06,-0.09999999999999981,-0.01769142
9,-0.07499999999999979,-7.652173333333333e-07,-0.07499999999999979,-0.017579713333333333
10,-0.04999999999999977,-1.2400873333333332e-07,-0.04999999999999977,-0.01745968
11,-0.024999999999999745,5.206431999999999e-07,-0.024999999999999745,-0.017333333333333333
12,2.7755575615628914e-16,1.1434473333333335e-06,2.7755575615628914e-16,-0.01720066666666667
13,0.0250000000000003,1.8088673333333332e-06,0.0250000000000003,-0.017056840000000004
14,0.05000000000000032,2.4665840000000002e-06,0.05000000000000032,-0.016906646666666667
15,0.07500000000000034,3.136386666666667e-06,0.07500000000000034,-0.01674402666666667
16,0.10000000000000037,3.841959333333333e-06,0.10000000000000037,-0.01657744666666667
17,0.1250000000000004,4.579652666666667e-06,0.1250000000000004,-0.016401206666666668
18,0.1500000000000004,5.363017333333333e-06,0.1500000000000004,-0.016211553333333337
19,0.17500000000000043,6.223122666666667e-06,0.17500000000000043,-0.016006353333333334
20,0.20000000000000046,6.950906666666667e-06,0.20000000000000046,-0.01579816666666667
21,0.22500000000000048,6.4311053333333345e-06,0.22500000000000048,-0.015570473333333333
22,0.2500000000000005,8.243980000000001e-06,0.2500000000000005,-0.01533454
23,0.2750000000000005,9.372486666666667e-06,0.2750000000000005,-0.015080573333333333
24,0.30000000000000054,1.04202e-05,0.30000000000000054,-0.01481038
25,0.32500000000000057,1.1518673333333335e-05,0.32500000000000057,-0.014522006666666669
26,0.3500000000000006,1.2710133333333334e-05,0.3500000000000006,-0.014217626666666667
27,0.3750000000000006,1.396374e-05,0.3750000000000006,-0.013891826666666668
28,0.40000000000000063,1.529872e-05,0.40000000000000063,-0.013537540000000002
29,0.42500000000000066,1.652446e-05,0.42500000000000066,-0.013176873333333335
30,0.4500000000000007,1.806064e-05,0.4500000000000007,-0.01278538
31,0.4750000000000007,1.9550940000000002e-05,0.4750000000000007,-0.012367506666666667
32,0.5000000000000007,2.1194800000000002e-05,0.5000000000000007,-0.01192118
33,0.5250000000000008,2.2905000000000002e-05,0.5250000000000008,-0.011463473333333333
34,0.5500000000000007,2.512038666666667e-05,0.5500000000000007,-0.010974006666666668
35,0.5750000000000008,2.764180666666667e-05,0.5750000000000008,-0.010458473333333334
36,0.6000000000000008,3.0977453333333334e-05,0.6000000000000008,-0.00991718
37,0.6250000000000009,3.5250220000000005e-05,0.6250000000000009,-0.009349453333333334
38,0.6500000000000008,4.088997333333333e-05,0.6500000000000008,-0.008755146666666668
39,0.6750000000000009,4.92679e-05,0.6750000000000009,-0.008139173333333334
40,0.7000000000000008,6.161758e-05,0.7000000000000008,-0.0074953933333333335
41,0.7250000000000008,5.841924000000001e-05,0.7250000000000008,-0.006832153333333334
42,0.7500000000000009,7.858593333333334e-05,0.7500000000000009,-0.006477351333333334
43,0.775000000000001,0.00010609946666666667,0.775000000000001,-0.0056435700000000005
44,0.8000000000000009,0.00014321286666666667,0.8000000000000009,-0.004889473333333334
45,0.8250000000000008,0.0001914714,0.8250000000000008,-0.004123736666666667
46,0.850000000000001,0.0002533732666666667,0.850000000000001,-0.00335192
47,0.8750000000000011,0.0003335844,0.8750000000000011,-0.0025766720000000003
48,0.900000000000001,0.00044416333333333334,0.900000000000001,-0.0017882193333333336
49,0.9250000000000009,0.0005679228666666667,0.9250000000000009,-0.00098812
50,0.9500000000000011,0.0007660480000000001,0.9500000000000011,-0.00039044693333333333
51,0.9750000000000012,0.0009656813333333333,0.9750000000000012,0.00047517120000000005
52,1.000000000000001,0.0012243293333333335,1.000000000000001,0.0010255673333333334
53,1.025000000000001,0.0015356306666666666,1.025000000000001,0.0019325066666666668
54,1.0500000000000012,0.001905952,1.0500000000000012,0.0028272953333333337
55,1.0750000000000013,0.0023381726666666667,1.0750000000000013,0.0037271066666666667
56,1.1000000000000012,0.002828782,1.1000000000000012,0.004645806666666667
57,1.125000000000001,0.003386918666666667,1.125000000000001,0.005581938
58,1.1500000000000012,0.004013903333333333,1.1500000000000012,0.006531383333333333
59,1.1750000000000014,0.004699265333333334,1.1750000000000014,0.007321506666666667
60,1.2000000000000013,0.0054487526666666675,1.2000000000000013,0.008357566666666667
61,1.2250000000000012,0.006259987333333333,1.2250000000000012,0.00940586
62,1.2500000000000013,0.0076708266666666676,1.2500000000000013,0.010475873333333333
63,1.2750000000000015,0.008533180000000001,1.2750000000000015,0.011577366666666667
