,N6_4R_V_D,N6_4R_J_D,N6_4R_V_L,N6_4R_J_L
0,1.3,0.00014179846666666665,1.3,0.00021148033333333335
1,1.2750000000000001,0.0001377564,1.2750000000000001,0.00019649093333333335
2,1.2500000000000002,0.00013873960000000002,1.2500000000000002,0.00018163413333333332
3,1.2250000000000003,0.00013461080000000002,1.2250000000000003,0.00016319086666666667
4,1.2000000000000004,0.0001273568,1.2000000000000004,0.00014310093333333334
5,1.1750000000000005,0.00011777760000000001,1.1750000000000005,0.00012156753333333333
6,1.1500000000000006,0.00010769413333333334,1.1500000000000006,9.903913333333335e-05
7,1.1250000000000007,9.935173333333334e-05,1.1250000000000007,7.53504e-05
8,1.1000000000000008,8.943540000000001e-05,1.1000000000000008,4.944465333333333e-05
9,1.0750000000000008,7.846233333333333e-05,1.0750000000000008,2.3168533333333334e-05
10,1.050000000000001,6.778820000000001e-05,1.050000000000001,-4.9497720000000005e-06
11,1.025000000000001,5.811512e-05,1.025000000000001,-3.727520666666667e-05
12,1.000000000000001,4.7819593333333336e-05,1.000000000000001,-6.967606666666667e-05
13,0.9750000000000012,3.914490666666667e-05,0.9750000000000012,-0.00010598493333333334
14,0.9500000000000013,3.119690666666667e-05,0.9500000000000013,-0.00014723846666666666
15,0.9250000000000014,2.47974e-05,0.9250000000000014,-0.0001908152
16,0.9000000000000015,1.9458046666666668e-05,0.9000000000000015,-0.00023763920000000003
17,0.8750000000000016,1.5345206666666666e-05,0.8750000000000016,-0.00028719093333333336
18,0.8500000000000016,1.1995833333333335e-05,0.8500000000000016,-0.00033982613333333336
19,0.8250000000000017,9.494166666666666e-06,0.8250000000000017,-0.0003964728666666667
20,0.8000000000000018,8.968646666666666e-06,0.8000000000000018,-0.0004544886666666667
21,0.7750000000000019,6.941573333333334e-06,0.7750000000000019,-0.0005151744
22,0.750000000000002,7.71878e-06,0.750000000000002,-0.0005798168666666667
23,0.7250000000000021,6.420869333333334e-06,0.7250000000000021,-0.0006466194000000001
24,0.7000000000000022,4.219584666666667e-06,0.7000000000000022,-0.0007044413333333334
25,0.6750000000000023,3.5583879999999998e-06,0.6750000000000023,-0.0007751406666666668
26,0.6500000000000024,2.431554666666667e-06,0.6500000000000024,-0.0008501100000000001
27,0.6250000000000024,1.4392313333333335e-06,0.6250000000000024,-0.0009259559999999999
28,0.6000000000000025,3.627226666666667e-07,0.6000000000000025,-0.0010036773333333335
29,0.5750000000000026,-7.53306e-07,0.5750000000000026,-0.001083046
30,0.5500000000000027,-1.6561226666666668e-06,0.5500000000000027,-0.0011627946666666667
31,0.5250000000000028,-2.5673473333333338e-06,0.5250000000000028,-0.001244636
32,0.5000000000000029,-3.038122666666667e-06,0.5000000000000029,-0.001326668
33,0.475000000000003,-3.561976e-06,0.475000000000003,-0.0014100073333333334
34,0.45000000000000306,-4.178395333333334e-06,0.45000000000000306,-0.001493994
35,0.42500000000000315,-4.8483873333333334e-06,0.42500000000000315,-0.0015787266666666667
36,0.40000000000000324,-5.579501333333334e-06,0.40000000000000324,-0.001663718
37,0.37500000000000333,-6.197670666666667e-06,0.37500000000000333,-0.0017497853333333334
38,0.3500000000000034,-6.835433333333333e-06,0.3500000000000034,-0.0018358960000000003
39,0.3250000000000035,-6.997546666666667e-06,0.3250000000000035,-0.001922978
40,0.3000000000000036,-6.997540000000001e-06,0.3000000000000036,-0.002008804666666667
41,0.2750000000000037,-4.698504e-06,0.2750000000000037,-0.0020957413333333335
42,0.2500000000000038,-6.8378e-06,0.2500000000000038,-0.002182854
43,0.22500000000000386,-7.734693333333335e-06,0.22500000000000386,-0.0022678620000000003
44,0.20000000000000395,-8.798560000000001e-06,0.20000000000000395,-0.0023558933333333336
45,0.17500000000000404,-9.589346666666667e-06,0.17500000000000404,-0.0024427233333333335
46,0.15000000000000413,-1.0096653333333334e-05,0.15000000000000413,-0.002529636
47,0.12500000000000422,-1.0361633333333334e-05,0.12500000000000422,-0.0026161173333333334
48,0.10000000000000431,-1.0573146666666668e-05,0.10000000000000431,-0.0027024213333333336
49,0.0750000000000044,-1.0739306666666667e-05,0.0750000000000044,-0.0027882153333333333
50,0.050000000000004485,-1.082818e-05,0.050000000000004485,-0.0028738493333333335
51,0.025000000000004574,-1.091972e-05,0.025000000000004574,-0.002958856666666667
52,4.6629367034256575e-15,-1.0923826666666668e-05,4.6629367034256575e-15,-0.0030436093333333337
53,-0.024999999999995248,-1.1043326666666667e-05,-0.024999999999995248,-0.0031267106666666667
54,-0.04999999999999516,-1.1154073333333333e-05,-0.04999999999999516,-0.003209292
55,-0.07499999999999507,-1.1238926666666667e-05,-0.07499999999999507,-0.0032914106666666666
56,-0.09999999999999498,-1.1331853333333334e-05,-0.09999999999999498,-0.0033736713333333336
57,-0.12499999999999489,-1.1426566666666667e-05,-0.12499999999999489,-0.0034544793333333335
58,-0.1499999999999948,-1.1520933333333334e-05,-0.1499999999999948,-0.003534799333333334
59,-0.17499999999999472,-1.1666113333333334e-05,-0.17499999999999472,-0.003615074
60,-0.19999999999999463,-1.168584e-05,-0.19999999999999463,-0.003693286
61,-0.22499999999999454,-1.1893693333333333e-05,-0.22499999999999454,-0.003772852
62,-0.24999999999999445,-1.2016920000000001e-05,-0.24999999999999445,-0.00385114
63,-0.27499999999999436,-1.2163840000000001e-05,-0.27499999999999436,-0.003928950666666667
