,N6_4F_V_D,N6_4F_J_D,N6_4F_V_L,N6_4F_J_L
0,-0.3,-8.910286666666666e-07,-0.3,-0.0029147766666666667
1,-0.27499999999999997,-4.79415e-07,-0.27499999999999997,-0.0028482693333333332
2,-0.24999999999999994,-2.9259093333333335e-07,-0.24999999999999994,-0.002788852
3,-0.22499999999999992,-1.6733506666666666e-07,-0.22499999999999992,-0.0027309866666666667
4,-0.1999999999999999,-9.888706666666667e-08,-0.1999999999999999,-0.002673500666666667
5,-0.17499999999999988,-2.2009273333333332e-09,-0.17499999999999988,-0.0026143253333333334
6,-0.14999999999999986,6.024470666666668e-08,-0.14999999999999986,-0.002553682
7,-0.12499999999999983,1.1511853333333333e-07,-0.12499999999999983,-0.00249088
8,-0.09999999999999981,1.6393606666666667e-07,-0.09999999999999981,-0.002425242
9,-0.07499999999999979,2.0828426666666668e-07,-0.07499999999999979,-0.002356716
10,-0.04999999999999977,2.5097933333333336e-07,-0.04999999999999977,-0.002284822666666667
11,-0.024999999999999745,2.9189113333333333e-07,-0.024999999999999745,-0.002210147333333333
12,2.7755575615628914e-16,3.294194e-07,2.7755575615628914e-16,-0.0021324833333333337
13,0.0250000000000003,3.769324e-07,0.0250000000000003,-0.0020519053333333333
14,0.05000000000000032,4.253566666666667e-07,0.05000000000000032,-0.0019695373333333335
15,0.07500000000000034,4.804504000000001e-07,0.07500000000000034,-0.0018856806666666666
16,0.10000000000000037,5.463104666666667e-07,0.10000000000000037,-0.0018003893333333335
17,0.1250000000000004,6.243286e-07,0.1250000000000004,-0.001715162
18,0.1500000000000004,7.173293333333334e-07,0.1500000000000004,-0.0016296880000000002
19,0.17500000000000043,8.177579999999999e-07,0.17500000000000043,-0.0015443693333333332
20,0.20000000000000046,9.599086666666668e-07,0.20000000000000046,-0.0014595886666666667
21,0.22500000000000048,1.1058206666666669e-06,0.22500000000000048,-0.0013763053333333334
22,0.2500000000000005,1.29141e-06,0.2500000000000005,-0.001294164
23,0.2750000000000005,1.4993586666666668e-06,0.2750000000000005,-0.0012133606666666667
24,0.30000000000000054,1.7303533333333333e-06,0.30000000000000054,-0.001134632
25,0.32500000000000057,1.981940666666667e-06,0.32500000000000057,-0.001057582
26,0.3500000000000006,2.249572e-06,0.3500000000000006,-0.0009826733333333333
27,0.3750000000000006,2.5274680000000003e-06,0.3750000000000006,-0.00091018
28,0.40000000000000063,2.8105946666666668e-06,0.40000000000000063,-0.0008398793333333335
29,0.42500000000000066,3.1024413333333338e-06,0.42500000000000066,-0.000772004
30,0.4500000000000007,3.397786e-06,0.4500000000000007,-0.00070712
31,0.4750000000000007,3.6973880000000005e-06,0.4750000000000007,-0.000667768
32,0.5000000000000007,4.004021333333333e-06,0.5000000000000007,-0.0006027948666666667
33,0.5250000000000008,4.313626e-06,0.5250000000000008,-0.0005437371333333334
34,0.5500000000000007,4.6245960000000005e-06,0.5500000000000007,-0.0004881886666666667
35,0.5750000000000008,4.946458e-06,0.5750000000000008,-0.000435731
36,0.6000000000000008,5.2848486666666665e-06,0.6000000000000008,-0.00038641153333333336
37,0.6250000000000009,5.6574680000000004e-06,0.6250000000000009,-0.00034001286666666665
38,0.6500000000000008,6.103602666666667e-06,0.6500000000000008,-0.00029695113333333336
39,0.6750000000000009,6.663752666666667e-06,0.6750000000000009,-0.00025691833333333334
40,0.7000000000000008,6.9994333333333345e-06,0.7000000000000008,-0.00021984693333333336
41,0.7250000000000008,6.111030666666667e-06,0.7250000000000008,-0.00018511693333333334
42,0.7500000000000009,8.448933333333333e-06,0.7500000000000009,-0.0001531964
43,0.775000000000001,1.090128e-05,0.775000000000001,-0.00012331873333333332
44,0.8000000000000009,1.3999573333333335e-05,0.8000000000000009,-9.52178e-05
45,0.8250000000000008,1.8008333333333335e-05,0.8250000000000008,-6.834733333333334e-05
46,0.850000000000001,2.3011006666666666e-05,0.850000000000001,-4.9451100000000005e-05
47,0.8750000000000011,2.8914293333333333e-05,0.8750000000000011,-2.2539173333333332e-05
48,0.900000000000001,3.5452093333333336e-05,0.900000000000001,-2.7991813333333335e-06
49,0.9250000000000009,4.22552e-05,0.9250000000000009,1.3428946666666667e-05
50,0.9500000000000011,4.89307e-05,0.9500000000000011,4.0526280000000004e-05
51,0.9750000000000012,5.517682666666667e-05,0.9750000000000012,6.646634666666667e-05
52,1.000000000000001,6.085872e-05,1.000000000000001,8.34818e-05
53,1.025000000000001,6.603286666666666e-05,1.025000000000001,0.0001094684
54,1.0500000000000012,6.920506666666667e-05,1.0500000000000012,0.00013464706666666668
55,1.0750000000000013,7.457886666666667e-05,1.0750000000000013,0.00015953206666666667
56,1.1000000000000012,8.04876e-05,1.1000000000000012,0.00018424046666666667
57,1.125000000000001,8.708913333333334e-05,1.125000000000001,0.0002089192666666667
58,1.1500000000000012,9.455806666666667e-05,1.1500000000000012,0.00023369533333333334
59,1.1750000000000014,0.00010314766666666668,1.1750000000000014,0.0002586160666666667
60,1.2000000000000013,0.00011306526666666667,1.2000000000000013,0.00028372546666666665
61,1.2250000000000012,0.00012418053333333333,1.2250000000000012,0.0003090578
62,1.2500000000000013,0.00013672073333333333,1.2500000000000013,0.0003346190666666667
63,1.2750000000000015,0.00015085333333333335,1.2750000000000015,0.0003604394666666667
