,N6_4F_V_D,N6_4F_J_D,N6_4F_V_L,N6_4F_J_L
0,-0.3,-3.848098e-06,-0.3,-0.017431153333333334
1,-0.27499999999999997,-1.6907753333333333e-06,-0.27499999999999997,-0.01724356
2,-0.24999999999999994,-7.430093333333334e-07,-0.24999999999999994,-0.017078546666666666
3,-0.22499999999999992,-1.042044e-07,-0.22499999999999992,-0.016904940000000004
4,-0.1999999999999999,1.86723e-07,-0.1999999999999999,-0.016717600000000003
5,-0.17499999999999988,7.468873333333334e-07,-0.17499999999999988,-0.016508433333333336
6,-0.14999999999999986,1.2488233333333334e-06,-0.14999999999999986,-0.016283473333333333
7,-0.12499999999999983,1.6464766666666667e-06,-0.12499999999999983,-0.016046226666666667
8,-0.09999999999999981,1.9133560000000002e-06,-0.09999999999999981,-0.015804773333333334
9,-0.07499999999999979,2.0381553333333336e-06,-0.07499999999999979,-0.015559366666666666
10,-0.04999999999999977,2.366010666666667e-06,-0.04999999999999977,-0.01530778
11,-0.024999999999999745,2.592010666666667e-06,-0.024999999999999745,-0.015057540000000001
12,2.7755575615628914e-16,2.663058e-06,2.7755575615628914e-16,-0.01480438
13,0.0250000000000003,3.123416e-06,0.0250000000000003,-0.014540646666666667
14,0.05000000000000032,3.389396666666667e-06,0.05000000000000032,-0.014276599999999999
15,0.07500000000000034,3.6483813333333333e-06,0.07500000000000034,-0.01400768
16,0.10000000000000037,3.926808666666667e-06,0.10000000000000037,-0.01373244
17,0.1250000000000004,4.257662666666666e-06,0.1250000000000004,-0.013450153333333333
18,0.1500000000000004,4.597513333333334e-06,0.1500000000000004,-0.013161346666666667
19,0.17500000000000043,4.9558653333333335e-06,0.17500000000000043,-0.012866253333333334
20,0.20000000000000046,5.348603333333334e-06,0.20000000000000046,-0.012551253333333333
21,0.22500000000000048,5.624966666666667e-06,0.22500000000000048,-0.012238053333333334
22,0.2500000000000005,6.094658e-06,0.2500000000000005,-0.01191534
23,0.2750000000000005,6.488716000000001e-06,0.2750000000000005,-0.011575833333333334
24,0.30000000000000054,6.810720000000001e-06,0.30000000000000054,-0.011229206666666667
25,0.32500000000000057,6.999373333333334e-06,0.32500000000000057,-0.010870893333333333
26,0.3500000000000006,6.9993800000000006e-06,0.3500000000000006,-0.010502666666666667
27,0.3750000000000006,6.999393333333333e-06,0.3750000000000006,-0.010126286666666668
28,0.40000000000000063,4.9394920000000005e-06,0.40000000000000063,-0.00973702
29,0.42500000000000066,8.362973333333334e-06,0.42500000000000066,-0.009339306666666667
30,0.4500000000000007,9.832413333333335e-06,0.4500000000000007,-0.00893268
31,0.4750000000000007,1.1272106666666668e-05,0.4750000000000007,-0.00851938
32,0.5000000000000007,1.286994e-05,0.5000000000000007,-0.008098193333333333
33,0.5250000000000008,1.4698446666666669e-05,0.5250000000000008,-0.007667666666666666
34,0.5500000000000007,1.668942e-05,0.5500000000000007,-0.007238046666666667
35,0.5750000000000008,1.8906540000000002e-05,0.5750000000000008,-0.006803753333333333
36,0.6000000000000008,2.1507133333333333e-05,0.6000000000000008,-0.006604794666666667
37,0.6250000000000009,2.4583006666666668e-05,0.6250000000000009,-0.006081738666666667
38,0.6500000000000008,2.8493893333333332e-05,0.6500000000000008,-0.005614567333333333
39,0.6750000000000009,3.336392666666667e-05,0.6750000000000009,-0.005159149333333334
40,0.7000000000000008,3.985534e-05,0.7000000000000008,-0.004715922
41,0.7250000000000008,4.868747333333334e-05,0.7250000000000008,-0.0042777200000000005
42,0.7500000000000009,6.0688446666666665e-05,0.7500000000000009,-0.0038483966666666663
43,0.775000000000001,6.999480000000001e-05,0.775000000000001,-0.0034288120000000003
44,0.8000000000000009,5.154678e-05,0.8000000000000009,-0.0030191146666666666
45,0.8250000000000008,7.77434e-05,0.8250000000000008,-0.0026193173333333335
46,0.850000000000001,0.00011233073333333334,0.850000000000001,-0.0022342660000000004
47,0.8750000000000011,0.00015686353333333334,0.8750000000000011,-0.0018602620000000001
48,0.900000000000001,0.00021154533333333334,0.900000000000001,-0.0014980513333333334
49,0.9250000000000009,0.0002762030666666667,0.9250000000000009,-0.0011454806666666667
50,0.9500000000000011,0.00035112786666666667,0.9500000000000011,-0.00080495
51,0.9750000000000012,0.0004368237333333334,0.9750000000000012,-0.0005492246666666667
52,1.000000000000001,0.0005334658000000001,1.000000000000001,-0.00020508720000000002
53,1.025000000000001,0.0006433126666666667,1.025000000000001,0.00013096566666666667
54,1.0500000000000012,0.000778878,1.0500000000000012,0.0004652838
55,1.0750000000000013,0.0009387946666666667,1.0750000000000013,0.000729088
56,1.1000000000000012,0.0011166273333333334,1.1000000000000012,0.00109039
57,1.125000000000001,0.0013160593333333334,1.125000000000001,0.0014617033333333333
58,1.1500000000000012,0.0015360653333333335,1.1500000000000012,0.0018470760000000002
59,1.1750000000000014,0.0017786693333333335,1.1750000000000014,0.0022494173333333332
60,1.2000000000000013,0.0020461340000000002,1.2000000000000013,0.0026717473333333335
61,1.2250000000000012,0.0023390673333333334,1.2250000000000012,0.003115612666666667
62,1.2500000000000013,0.002660084,1.2500000000000013,0.003582640666666667
63,1.2750000000000015,0.0030057953333333335,1.2750000000000015,0.004075838
