,N6_4F_V_D,N6_4F_J_D,N6_4F_V_L,N6_4F_J_L
0,-0.3,-9.455860000000001e-07,-0.3,-0.00293319
1,-0.27499999999999997,-5.236697333333334e-07,-0.27499999999999997,-0.0028674133333333337
2,-0.24999999999999994,-3.2826500000000003e-07,-0.24999999999999994,-0.0028094360000000002
3,-0.22499999999999992,-1.9641446666666668e-07,-0.22499999999999992,-0.002752838
4,-0.1999999999999999,-1.241068e-07,-0.1999999999999999,-0.0026965726666666667
5,-0.17499999999999988,-2.131458e-08,-0.17499999999999988,-0.002639293333333333
6,-0.14999999999999986,4.667042666666667e-08,-0.14999999999999986,-0.002580644
7,-0.12499999999999983,1.0526426666666666e-07,-0.12499999999999983,-0.0025195446666666666
8,-0.09999999999999981,1.5765433333333333e-07,-0.09999999999999981,-0.002456017333333333
9,-0.07499999999999979,2.0626480000000002e-07,-0.07499999999999979,-0.0023896773333333334
10,-0.04999999999999977,2.52197e-07,-0.04999999999999977,-0.002320032666666667
11,-0.024999999999999745,2.965561333333333e-07,-0.024999999999999745,-0.0022471360000000003
12,2.7755575615628914e-16,3.265624e-07,2.7755575615628914e-16,-0.0021705593333333334
13,0.0250000000000003,3.879577333333334e-07,0.0250000000000003,-0.0020914966666666667
14,0.05000000000000032,4.4233620000000006e-07,0.05000000000000032,-0.002010122
15,0.07500000000000034,5.035602e-07,0.07500000000000034,-0.0019265166666666668
16,0.10000000000000037,5.752408e-07,0.10000000000000037,-0.0018417486666666666
17,0.1250000000000004,6.605233333333333e-07,0.1250000000000004,-0.0017558760000000002
18,0.1500000000000004,7.62096e-07,0.1500000000000004,-0.0016697093333333335
19,0.17500000000000043,8.816846666666667e-07,0.17500000000000043,-0.0015835800000000002
20,0.20000000000000046,1.02378e-06,0.20000000000000046,-0.0014979573333333334
21,0.22500000000000048,1.1790793333333333e-06,0.22500000000000048,-0.0014132293333333334
22,0.2500000000000005,1.374878e-06,0.2500000000000005,-0.001329586
23,0.2750000000000005,1.5918853333333335e-06,0.2750000000000005,-0.0012473413333333333
24,0.30000000000000054,1.8303e-06,0.30000000000000054,-0.001166998
25,0.32500000000000057,2.089614666666667e-06,0.32500000000000057,-0.0010879693333333334
26,0.3500000000000006,2.361408666666667e-06,0.3500000000000006,-0.001011494666666667
27,0.3750000000000006,2.6428260000000002e-06,0.3750000000000006,-0.0009372513333333334
28,0.40000000000000063,2.9282546666666667e-06,0.40000000000000063,-0.0008653226666666667
29,0.42500000000000066,3.2206106666666667e-06,0.42500000000000066,-0.0007961606666666666
30,0.4500000000000007,3.5186753333333334e-06,0.4500000000000007,-0.0007293193333333333
31,0.4750000000000007,3.8215946666666665e-06,0.4750000000000007,-0.0006887846666666667
32,0.5000000000000007,4.1305173333333335e-06,0.5000000000000007,-0.000621948
33,0.5250000000000008,4.440450666666666e-06,0.5250000000000008,-0.0005609280666666667
34,0.5500000000000007,4.754648666666667e-06,0.5500000000000007,-0.0005037812666666667
35,0.5750000000000008,5.079942666666667e-06,0.5750000000000008,-0.0004497866666666667
36,0.6000000000000008,5.419554e-06,0.6000000000000008,-0.0003990364
37,0.6250000000000009,5.7943280000000005e-06,0.6250000000000009,-0.00035153560000000003
38,0.6500000000000008,6.257192666666667e-06,0.6500000000000008,-0.00030705466666666666
39,0.6750000000000009,6.796446666666668e-06,0.6750000000000009,-0.0002656666
40,0.7000000000000008,6.9994333333333345e-06,0.7000000000000008,-0.0002274792
41,0.7250000000000008,6.232004e-06,0.7250000000000008,-0.0001919388666666667
42,0.7500000000000009,8.614546666666667e-06,0.7500000000000009,-0.00015902026666666667
43,0.775000000000001,1.1093993333333335e-05,0.775000000000001,-0.00012834706666666666
44,0.8000000000000009,1.4255093333333336e-05,0.8000000000000009,-9.935853333333334e-05
45,0.8250000000000008,1.8354160000000002e-05,0.8250000000000008,-7.16914e-05
46,0.850000000000001,2.349904666666667e-05,0.850000000000001,-5.228442666666667e-05
47,0.8750000000000011,2.961492e-05,0.8750000000000011,-2.4322e-05
48,0.900000000000001,3.6418506666666666e-05,0.900000000000001,-1.504908e-05
49,0.9250000000000009,4.351541333333333e-05,0.9250000000000009,1.44721e-05
50,0.9500000000000011,5.04876e-05,0.9500000000000011,4.2684239999999996e-05
51,0.9750000000000012,5.702228e-05,0.9750000000000012,6.987886666666668e-05
52,1.000000000000001,6.296036e-05,1.000000000000001,8.817566666666667e-05
53,1.025000000000001,6.83418e-05,1.025000000000001,0.00011594300000000001
54,1.0500000000000012,7.168880000000001e-05,1.0500000000000012,0.00014293780000000002
55,1.0750000000000013,7.72972e-05,1.0750000000000013,0.00016968746666666667
56,1.1000000000000012,8.347513333333333e-05,1.1000000000000012,0.0001961958
57,1.125000000000001,9.038293333333334e-05,1.125000000000001,0.00022291566666666668
58,1.1500000000000012,9.821986666666667e-05,1.1500000000000012,0.0002497680666666667
59,1.1750000000000014,0.00010720273333333334,1.1750000000000014,0.00027680213333333334
60,1.2000000000000013,0.00011749753333333334,1.2000000000000013,0.0003041012666666667
61,1.2250000000000012,0.00012926780000000002,1.2250000000000012,0.0003316374666666667
62,1.2500000000000013,0.00014252413333333335,1.2500000000000013,0.00035945160000000004
63,1.2750000000000015,0.0001575224,1.2750000000000015,0.00038757453333333335
