Sample_Cell#,I_ph(suns),V_oc(V),mpp(V),J_sc(mA),R_sh,R_ser,FF,PCE(%)
NiOx_65C_5d_4F_102359,0.805,0.2964132090997942,0.1749999999999999,18.71417333333334,81.35707695068987,8.127479097841395,0.3896065554010644,2.1611974999999988
NiOx_65C_5d_4R_102359,0.805,0.3206687123495264,0.2000000000000037,18.50384000000004,123.2744152951734,8.167456466923184,0.4073693816075502,2.417168000000045
NiOx_65C_5d_5F_102539,0.805,0.3161850924009575,0.1999999999999999,17.980213333333335,100.72292556185242,7.905085014470181,0.4067527396784593,2.312419999999999
NiOx_65C_5d_5R_102539,0.805,0.3418588687416848,0.2000000000000037,17.95018000000004,132.20337253451802,8.024170942699804,0.4248054247402428,2.606788000000049
NiOx_65C_5d_6F_102814,0.805,0.3554260180142684,0.2249999999999998,17.591006666666676,158.36459498342222,7.361977643116635,0.4424505953627655,2.766334499999999
NiOx_65C_5d_6R_102814,0.805,0.3825995594641293,0.2500000000000035,17.55464000000002,206.51572271607736,7.515283079684298,0.457882367148624,3.075320000000044
NiOx_65C_5d_6F_103341,0.805,1.0537461199924218,0.8499999999999996,17.359306666666672,456.0545338919847,5.155471137330281,0.6503879593852737,11.897092999999996
NiOx_65C_5d_6R_103341,0.805,1.0838821594532564,0.9000000000000012,16.84145333333334,1261.9218452377138,4.735432641123083,0.714712622775524,13.04647200000002
NiOx_65C_5d_1F_104931,0.805,-0.0040220017120778,-5.551115123125783e-17,-368.854666666672,0.0108808802701031,0.0109040282671168,1.3801871606508701e-14,2.047554718368853e-14
NiOx_65C_5d_1R_104931,0.805,0.0209832246576359,4.440892098500626e-15,1927.0266666670616,0.0110337110114281,0.0108889124453281,2.116401159000912e-13,8.5577174976e-12
NiOx_65C_5d_1F_105748,0.805,0.8291721491053189,0.0749999999999999,0.8296273333333333,131.2278947368732,9968.070277287745,0.0335812323601273,0.0231006599999999
NiOx_65C_5d_1R_105748,0.805,0.8635916280228549,0.3000000000000034,1.104655333333406,68.27772410192354,7462.116327826896,0.0300733219996307,0.0286890800000003
NiOx_65C_5d_1F_105947,0.805,0.8708938236621684,0.0749999999999999,0.7469779999999999,194.6489873544556,7721.475141139412,0.0315467711142268,0.0205223899999999
NiOx_65C_5d_1R_105947,0.805,1.0073551385528612,0.2750000000000034,1.6931580000000293,761.0561751956258,3916.7550634764407,0.1048863985712464,0.1788954383333356
NiOx_65C_5d_2F_110118,0.805,1.056943249940996,0.8249999999999997,17.124226666666676,417.4719501361897,8.850601840748595,0.61977793731001,11.217569
NiOx_65C_5d_2R_110118,0.805,1.086855316920618,0.8500000000000014,16.945773333333342,1071.4514906425015,8.549001852875548,0.681415170570043,12.55003466666669
NiOx_65C_5d_3F_110306,0.805,0.2212263889287457,0.0499999999999999,0.1656550666666666,449.2821366330502,11165.434979967666,0.1058963764471878,0.0038808133333333
NiOx_65C_5d_3R_110306,0.805,0.2105838050512806,0.0500000000000042,0.1670974666666779,424.06925818035575,9273.616190991956,0.1090228993383737,0.0038363000000003
NiOx_65C_5d_1F_111028,0.805,0.7768705261200224,0.0999999999999999,0.6750566666666664,195.3068846162655,8559.391816637119,0.0390165128281782,0.0204614933333333
NiOx_65C_5d_1R_111028,0.805,1.0917863629907212,0.975000000000001,1.3922853333333864,85.56905614765296,71.59346823204515,0.8388746710922681,1.2751550500000013
NiOx_65C_5d_2F_111850,0.805,0.711165988152094,0.4999999999999998,0.0366171133333333,-177541.153501795,2488.8048579878587,0.552228483465921,0.0143804966666666
NiOx_65C_5d_2R_111850,0.805,0.7758798966213959,0.5750000000000024,0.0378982666666666,265218.29872271215,2043.5939460573536,0.6099020456280431,0.0179338666666667
NiOx_65C_5d_2F_111938,0.805,1.060075491460443,0.8249999999999997,17.164253333333342,429.79210531861065,8.497973063459341,0.621443570095821,11.307416999999996
NiOx_65C_5d_2R_111938,0.805,1.09106279541233,0.8750000000000013,16.92146666666667,993.9443588802104,8.163192448229495,0.687794258373652,12.698320833333355
