,X4_1F_V_D,X4_1F_J_D,X4_1F_V_L,X4_1F_J_L
0,-0.3,-0.009849360000000001,-0.3,-0.02870168
1,-0.27499999999999997,-0.008185880000000001,-0.27499999999999997,-0.02569304
2,-0.24999999999999994,-0.00680358,-0.24999999999999994,-0.023545033333333337
3,-0.22499999999999992,-0.005531664666666667,-0.22499999999999992,-0.0217679
4,-0.1999999999999999,-0.004536911333333334,-0.1999999999999999,-0.02029952
5,-0.17499999999999988,-0.003672945333333334,-0.17499999999999988,-0.01898748
6,-0.14999999999999986,-0.0029223906666666667,-0.14999999999999986,-0.017863040000000004
7,-0.12499999999999983,-0.002271336,-0.12499999999999983,-0.016860426666666668
8,-0.09999999999999981,-0.001704426,-0.09999999999999981,-0.01594034
9,-0.07499999999999979,-0.0012081866666666667,-0.07499999999999979,-0.015084433333333334
10,-0.04999999999999977,-0.0007628253333333333,-0.04999999999999977,-0.014218166666666665
11,-0.024999999999999745,-0.0003482064,-0.024999999999999745,-0.013307680000000002
12,2.7755575615628914e-16,8.1439e-05,2.7755575615628914e-16,-0.012281733333333334
13,0.0250000000000003,0.0005558194,0.0250000000000003,-0.011103846666666667
14,0.05000000000000032,0.001168276,0.05000000000000032,-0.009698746666666667
15,0.07500000000000034,0.0019038933333333336,0.07500000000000034,-0.008015006666666668
16,0.10000000000000037,0.0028477366666666668,0.10000000000000037,-0.006251198666666667
17,0.1250000000000004,0.004055360666666666,0.1250000000000004,-0.0036588826666666668
18,0.1500000000000004,0.005574907333333334,0.1500000000000004,-0.0010147086666666668
19,0.17500000000000043,0.00790048,0.17500000000000043,0.0019303260000000002
20,0.20000000000000046,0.01012584,0.20000000000000046,0.005176776
21,0.22500000000000048,0.01274574,0.22500000000000048,0.00905934
22,0.2500000000000005,0.015722986666666668,0.2500000000000005,0.0129415
23,0.2750000000000005,0.019041233333333334,0.2750000000000005,0.01694812
24,0.30000000000000054,0.02266816,0.30000000000000054,0.02115294
25,0.32500000000000057,0.026592306666666666,0.32500000000000057,0.025565553333333334
26,0.3500000000000006,0.030770520000000003,0.3500000000000006,0.03015394666666667
27,0.3750000000000006,0.03518035333333334,0.3750000000000006,0.034902826666666664
28,0.40000000000000063,0.039789,0.40000000000000063,0.039793180000000004
29,0.42500000000000066,0.04456696,0.42500000000000066,0.04481682
30,0.4500000000000007,0.04951736666666667,0.4500000000000007,0.04995223333333333
31,0.4750000000000007,0.054601246666666665,0.4750000000000007,0.05518522000000001
32,0.5000000000000007,0.059808473333333334,0.5000000000000007,0.06051634
33,0.5250000000000008,0.06511872666666667,0.5250000000000008,0.0659417
34,0.5500000000000007,0.0716684,0.5500000000000007,0.07211226666666666
35,0.5750000000000008,0.07701173333333333,0.5750000000000008,0.07767553333333334
36,0.6000000000000008,0.08248893333333333,0.6000000000000008,0.08328066666666667
37,0.6250000000000009,0.08806633333333333,0.6250000000000009,0.08894513333333333
38,0.6500000000000008,0.09372853333333334,0.6500000000000008,0.0946722
39,0.6750000000000009,0.09945053333333334,0.6750000000000009,0.10046353333333333
40,0.7000000000000008,0.10523060000000001,0.7000000000000008,0.10629286666666667
41,0.7250000000000008,0.1110674,0.7250000000000008,0.11218086666666667
42,0.7500000000000009,0.11696606666666667,0.7500000000000009,0.11811646666666667
43,0.775000000000001,0.1229192,0.775000000000001,0.12409393333333334
44,0.8000000000000009,0.12891960000000002,0.8000000000000009,0.130108
45,0.8250000000000008,0.13496060000000001,0.8250000000000008,0.13615460000000001
46,0.850000000000001,0.14104473333333334,0.850000000000001,0.1422342
47,0.8750000000000011,0.14716833333333335,0.8750000000000011,0.14837
48,0.900000000000001,0.1533238,0.900000000000001,0.1545404
49,0.9250000000000009,0.1595174,0.9250000000000009,0.16075240000000002
50,0.9500000000000011,0.1657446,0.9500000000000011,0.16699946666666668
51,0.9750000000000012,0.17199673333333335,0.9750000000000012,0.17327800000000002
52,1.000000000000001,0.17828486666666668,1.000000000000001,0.17960146666666668
53,1.025000000000001,0.18459113333333332,1.025000000000001,0.18594353333333336
54,1.0500000000000012,0.19093046666666666,1.0500000000000012,0.19229186666666667
55,1.0750000000000013,0.19729233333333335,1.0750000000000013,0.1986594
56,1.1000000000000012,0.20366733333333334,1.1000000000000012,0.20503133333333334
57,1.125000000000001,0.21007393333333332,1.125000000000001,0.211446
58,1.1500000000000012,0.21651166666666666,1.1500000000000012,0.21786166666666668
59,1.1750000000000014,0.22296839999999998,1.1750000000000014,0.22428146666666668
60,1.2000000000000013,0.22944346666666668,1.2000000000000013,0.23072713333333333
61,1.2250000000000012,0.23594293333333335,1.2250000000000012,0.23720973333333337
62,1.2500000000000013,0.24245413333333332,1.2500000000000013,0.24371593333333336
63,1.2750000000000015,0.24898920000000002,1.2750000000000015,0.25023766666666664
