,X4_4R_V_D,X4_4R_J_D,X4_4R_V_L,X4_4R_J_L
0,1.3,0.013617093333333335,1.3,0.020197086666666666
1,1.2750000000000001,0.013521066666666668,1.2750000000000001,0.019996573333333333
2,1.2500000000000002,0.01277962,1.2500000000000002,0.019132680000000003
3,1.2250000000000003,0.011822253333333333,1.2250000000000003,0.017971546666666668
4,1.2000000000000004,0.010798166666666668,1.2000000000000004,0.01666786
5,1.1750000000000005,0.00975046,1.1750000000000005,0.015303486666666666
6,1.1500000000000006,0.008705500000000001,1.1500000000000006,0.013918546666666667
7,1.1250000000000007,0.007703466666666666,1.1250000000000007,0.012541786666666667
8,1.1000000000000008,0.0067493733333333335,1.1000000000000008,0.0111948
9,1.0750000000000008,0.005692483333333334,1.0750000000000008,0.00988044
10,1.050000000000001,0.005009999333333333,1.050000000000001,0.008608126666666667
11,1.025000000000001,0.004288142666666666,1.025000000000001,0.00737992
12,1.000000000000001,0.0036270060000000003,1.000000000000001,0.006181988
13,0.9750000000000012,0.003040134,0.9750000000000012,0.005012164
14,0.9500000000000013,0.0025281593333333335,0.9500000000000013,0.003910862
15,0.9250000000000014,0.002083726666666667,0.9250000000000014,0.0028476626666666667
16,0.9000000000000015,0.001708092,0.9000000000000015,0.0018256226666666666
17,0.8750000000000016,0.0013926013333333334,0.8750000000000016,0.0008353806666666667
18,0.8500000000000016,0.0011314593333333334,0.8500000000000016,2.786436e-05
19,0.8250000000000017,0.0009164233333333334,0.8250000000000017,-0.0009421106666666667
20,0.8000000000000018,0.000741684,0.8000000000000018,-0.0019509413333333335
21,0.7750000000000019,0.0005888320000000001,0.7750000000000019,-0.002852044
22,0.750000000000002,0.00048238700000000003,0.750000000000002,-0.0037043186666666666
23,0.7250000000000021,0.00039412733333333335,0.7250000000000021,-0.004519286
24,0.7000000000000022,0.0003232092,0.7000000000000022,-0.005294443333333333
25,0.6750000000000023,0.00026663033333333333,0.6750000000000023,-0.006045697333333333
26,0.6500000000000024,0.00022109986666666665,0.6500000000000024,-0.006753193333333333
27,0.6250000000000024,0.000184833,0.6250000000000024,-0.007000173333333333
28,0.6000000000000025,0.0001555334,0.6000000000000025,-0.007809786666666666
29,0.5750000000000026,0.0001315152,0.5750000000000026,-0.008489033333333335
30,0.5500000000000027,0.00011178986666666667,0.5500000000000027,-0.009109546666666668
31,0.5250000000000028,9.558313333333334e-05,0.5250000000000028,-0.0096872
32,0.5000000000000029,8.205240000000001e-05,0.5000000000000029,-0.010233193333333333
33,0.475000000000003,7.044806666666667e-05,0.475000000000003,-0.010728020000000001
34,0.45000000000000306,6.157782e-05,0.45000000000000306,-0.01119622
35,0.42500000000000315,5.194814666666667e-05,0.42500000000000315,-0.011631126666666667
36,0.40000000000000324,4.441723333333334e-05,0.40000000000000324,-0.012057566666666667
37,0.37500000000000333,3.79393e-05,0.37500000000000333,-0.0124378
38,0.3500000000000034,3.230373333333334e-05,0.3500000000000034,-0.01279682
39,0.3250000000000035,2.7093226666666667e-05,0.3250000000000035,-0.013134440000000002
40,0.3000000000000036,2.2711573333333334e-05,0.3000000000000036,-0.013446293333333335
41,0.2750000000000037,1.870552e-05,0.2750000000000037,-0.01373782
42,0.2500000000000038,1.5200573333333334e-05,0.2500000000000038,-0.014015553333333335
43,0.22500000000000386,1.2192440000000001e-05,0.22500000000000386,-0.014244813333333335
44,0.20000000000000395,9.34254e-06,0.20000000000000395,-0.014497746666666667
45,0.17500000000000404,6.966340000000001e-06,0.17500000000000404,-0.014731506666666666
46,0.15000000000000413,5.492059333333334e-06,0.15000000000000413,-0.014930186666666668
47,0.12500000000000422,3.260781333333334e-06,0.12500000000000422,-0.015116746666666668
48,0.10000000000000431,1.628280666666667e-06,0.10000000000000431,-0.01529672
49,0.0750000000000044,2.525177333333334e-07,0.0750000000000044,-0.01547176
50,0.050000000000004485,-9.77932e-07,0.050000000000004485,-0.01561536
51,0.025000000000004574,-2.0893933333333334e-06,0.025000000000004574,-0.015751479999999998
52,4.6629367034256575e-15,-3.0953866666666668e-06,4.6629367034256575e-15,-0.015883566666666668
53,-0.024999999999995248,-4.189294e-06,-0.024999999999995248,-0.016007113333333333
54,-0.04999999999999516,-5.2433113333333335e-06,-0.04999999999999516,-0.016121426666666668
55,-0.07499999999999507,-6.341914666666667e-06,-0.07499999999999507,-0.016225053333333333
56,-0.09999999999999498,-6.134368666666667e-06,-0.09999999999999498,-0.016329346666666668
57,-0.12499999999999489,-7.580906666666667e-06,-0.12499999999999489,-0.016423713333333333
58,-0.1499999999999948,-8.710453333333334e-06,-0.1499999999999948,-0.016513546666666667
59,-0.17499999999999472,-9.837546666666667e-06,-0.17499999999999472,-0.01660234
60,-0.19999999999999463,-1.0918686666666667e-05,-0.19999999999999463,-0.01666992
61,-0.22499999999999454,-1.1984866666666666e-05,-0.22499999999999454,-0.01675896
62,-0.24999999999999445,-1.3031673333333334e-05,-0.24999999999999445,-0.01684738
63,-0.27499999999999436,-1.4017173333333335e-05,-0.27499999999999436,-0.016914893333333337
