,X4_4F_V_D,X4_4F_J_D,X4_4F_V_L,X4_4F_J_L
0,-0.3,-1.827514e-06,-0.3,-0.019026406666666665
1,-0.27499999999999997,-1.000358e-06,-0.27499999999999997,-0.018607613333333335
2,-0.24999999999999994,-5.958645333333334e-07,-0.24999999999999994,-0.018143346666666667
3,-0.22499999999999992,-3.092374666666667e-07,-0.22499999999999992,-0.01763226
4,-0.1999999999999999,-1.317666e-07,-0.1999999999999999,-0.017104906666666666
5,-0.17499999999999988,9.119253333333333e-08,-0.17499999999999988,-0.01655156
6,-0.14999999999999986,2.43085e-07,-0.14999999999999986,-0.01599814
7,-0.12499999999999983,3.7312093333333334e-07,-0.12499999999999983,-0.015445506666666668
8,-0.09999999999999981,4.869766e-07,-0.09999999999999981,-0.014894626666666667
9,-0.07499999999999979,5.874064e-07,-0.07499999999999979,-0.014347913333333333
10,-0.04999999999999977,6.772120000000001e-07,-0.04999999999999977,-0.013807520000000002
11,-0.024999999999999745,7.611426666666667e-07,-0.024999999999999745,-0.013273873333333333
12,2.7755575615628914e-16,8.29156e-07,2.7755575615628914e-16,-0.012753946666666667
13,0.0250000000000003,9.107173333333334e-07,0.0250000000000003,-0.012228606666666668
14,0.05000000000000032,9.811406666666667e-07,0.05000000000000032,-0.01171528
15,0.07500000000000034,1.053556e-06,0.07500000000000034,-0.011207960000000001
16,0.10000000000000037,1.1252206666666666e-06,0.10000000000000037,-0.010697880000000002
17,0.1250000000000004,1.1992593333333334e-06,0.1250000000000004,-0.01020386
18,0.1500000000000004,1.2746686666666667e-06,0.1500000000000004,-0.009710686666666668
19,0.17500000000000043,1.3271273333333334e-06,0.17500000000000043,-0.00921842
20,0.20000000000000046,1.4363460000000001e-06,0.20000000000000046,-0.00872406
21,0.22500000000000048,1.508362e-06,0.22500000000000048,-0.00824298
22,0.2500000000000005,1.6217106666666668e-06,0.2500000000000005,-0.00776042
23,0.2750000000000005,1.734628e-06,0.2750000000000005,-0.007280473333333334
24,0.30000000000000054,1.8591713333333333e-06,0.30000000000000054,-0.006802066666666667
25,0.32500000000000057,2.006979333333333e-06,0.32500000000000057,-0.006597822000000001
26,0.3500000000000006,2.182022666666667e-06,0.3500000000000006,-0.006024263333333333
27,0.3750000000000006,2.397484e-06,0.3750000000000006,-0.005508735333333334
28,0.40000000000000063,2.659178e-06,0.40000000000000063,-0.005017134666666667
29,0.42500000000000066,2.980364e-06,0.42500000000000066,-0.004547280000000001
30,0.4500000000000007,3.375766666666667e-06,0.4500000000000007,-0.004090204666666666
31,0.4750000000000007,3.860837333333334e-06,0.4750000000000007,-0.0036465546666666665
32,0.5000000000000007,4.443451333333334e-06,0.5000000000000007,-0.0032190753333333337
33,0.5250000000000008,5.134788e-06,0.5250000000000008,-0.0028107953333333336
34,0.5500000000000007,5.943021333333334e-06,0.5500000000000007,-0.0024234873333333334
35,0.5750000000000008,6.888733333333333e-06,0.5750000000000008,-0.002059636666666667
36,0.6000000000000008,6.845933333333333e-06,0.6000000000000008,-0.0017223186666666666
37,0.6250000000000009,8.47942e-06,0.6250000000000009,-0.001413508
38,0.6500000000000008,9.985026666666668e-06,0.6500000000000008,-0.0011342586666666667
39,0.6750000000000009,1.1667733333333334e-05,0.6750000000000009,-0.0008857340000000001
40,0.7000000000000008,1.3593600000000001e-05,0.7000000000000008,-0.0006674506666666667
41,0.7250000000000008,1.5826373333333334e-05,0.7250000000000008,-0.0005126550666666666
42,0.7500000000000009,1.8479986666666667e-05,0.7500000000000009,-0.0003421385333333333
43,0.775000000000001,2.156046e-05,0.775000000000001,-0.00019663246666666668
44,0.8000000000000009,2.51592e-05,0.8000000000000009,-7.247873333333334e-05
45,0.8250000000000008,2.9362733333333336e-05,0.8250000000000008,1.323728e-05
46,0.850000000000001,3.428993333333334e-05,0.850000000000001,7.862753333333334e-05
47,0.8750000000000011,4.007684666666667e-05,0.8750000000000011,0.00017009946666666668
48,0.900000000000001,4.68818e-05,0.900000000000001,0.00025198433333333334
49,0.9250000000000009,5.4919546666666674e-05,0.9250000000000009,0.00032973000000000003
50,0.9500000000000011,6.442031333333334e-05,0.9500000000000011,0.0004074346
51,0.9750000000000012,7.920146666666667e-05,0.9750000000000012,0.0004883472666666667
52,1.000000000000001,9.29888e-05,1.000000000000001,0.0005760820666666667
53,1.025000000000001,0.0001097208,1.025000000000001,0.0006725026666666667
54,1.0500000000000012,0.00012974366666666668,1.0500000000000012,0.000768052
55,1.0750000000000013,0.00015358466666666668,1.0750000000000013,0.0008927066666666666
56,1.1000000000000012,0.0001818728,1.1000000000000012,0.00103185
57,1.125000000000001,0.00021560533333333335,1.125000000000001,0.001191152
58,1.1500000000000012,0.0002559002666666667,1.1500000000000012,0.0013729113333333335
59,1.1750000000000014,0.0003037084,1.1750000000000014,0.0015795413333333334
60,1.2000000000000013,0.00036043500000000004,1.2000000000000013,0.0018137800000000003
61,1.2250000000000012,0.0004279819333333334,1.2250000000000012,0.002078570666666667
62,1.2500000000000013,0.0005080155333333333,1.2500000000000013,0.0023761973333333336
63,1.2750000000000015,0.0006028746666666667,1.2750000000000015,0.002708883333333333
