,X4_4R_V_D,X4_4R_J_D,X4_4R_V_L,X4_4R_J_L
0,1.3,0.00013790813333333334,1.3,0.005869470666666667
1,1.2750000000000001,0.0012145286666666666,1.2750000000000001,0.005334435333333333
2,1.2500000000000002,0.00127267,1.2500000000000002,0.0048080453333333335
3,1.2250000000000003,0.0012441773333333333,1.2250000000000003,0.004298048
4,1.2000000000000004,0.0011740326666666667,1.2000000000000004,0.003812618666666667
5,1.1750000000000005,0.0010807513333333334,1.1750000000000005,0.0033553573333333334
6,1.1500000000000006,0.0009755040000000001,1.1500000000000006,0.0029286213333333333
7,1.1250000000000007,0.0008662513333333333,1.1250000000000007,0.002533536
8,1.1000000000000008,0.0007578940000000001,1.1000000000000008,0.002170566666666667
9,1.0750000000000008,0.0006410456,1.0750000000000008,0.00183448
10,1.050000000000001,0.0005569494,1.050000000000001,0.0015229426666666668
11,1.025000000000001,0.0004697960000000001,1.025000000000001,0.001230246
12,1.000000000000001,0.00039000393333333335,1.000000000000001,0.0009498273333333334
13,0.9750000000000012,0.0003190636666666667,0.9750000000000012,0.0006733833333333333
14,0.9500000000000013,0.000257449,0.9500000000000013,0.00039336653333333336
15,0.9250000000000014,0.00020500000000000002,0.9250000000000014,8.496340000000001e-05
16,0.9000000000000015,0.0001612304,0.9000000000000015,-0.00023450813333333333
17,0.8750000000000016,0.000125377,0.8750000000000016,-0.0005816848
18,0.8500000000000016,9.65586e-05,0.8500000000000016,-0.0009623053333333333
19,0.8250000000000017,7.37814e-05,0.8250000000000017,-0.0013932660000000002
20,0.8000000000000018,5.628618000000001e-05,0.8000000000000018,-0.001853162
21,0.7750000000000019,4.2585653333333336e-05,0.7750000000000019,-0.0023467366666666666
22,0.750000000000002,3.209009333333333e-05,0.750000000000002,-0.0028742733333333337
23,0.7250000000000021,2.4114086666666668e-05,0.7250000000000021,-0.003429008
24,0.7000000000000022,1.8079433333333335e-05,0.7000000000000022,-0.004007588
25,0.6750000000000023,1.348894e-05,0.6750000000000023,-0.0046101273333333335
26,0.6500000000000024,1.0010626666666668e-05,0.6500000000000024,-0.005226972
27,0.6250000000000024,7.366806666666666e-06,0.6250000000000024,-0.005854863333333333
28,0.6000000000000025,6.5545666666666665e-06,0.6000000000000025,-0.0064879126666666665
29,0.5750000000000026,4.24776e-06,0.5750000000000026,-0.006998713333333334
30,0.5500000000000027,2.886558e-06,0.5500000000000027,-0.0075120000000000004
31,0.5250000000000028,1.8724646666666668e-06,0.5250000000000028,-0.008198873333333334
32,0.5000000000000029,1.0883966666666668e-06,0.5000000000000029,-0.00884022
33,0.475000000000003,4.6966286666666666e-07,0.475000000000003,-0.009453713333333334
34,0.45000000000000306,-2.2971293333333334e-08,0.45000000000000306,-0.010039806666666668
35,0.42500000000000315,-4.213961333333333e-07,0.42500000000000315,-0.01059968
36,0.40000000000000324,-7.45276e-07,0.40000000000000324,-0.011130473333333333
37,0.37500000000000333,-1.014868e-06,0.37500000000000333,-0.011632113333333334
38,0.3500000000000034,-1.2412686666666667e-06,0.3500000000000034,-0.01211266
39,0.3250000000000035,-1.431048e-06,0.3250000000000035,-0.012547826666666666
40,0.3000000000000036,-1.5887366666666668e-06,0.3000000000000036,-0.012955593333333335
41,0.2750000000000037,-1.7286120000000002e-06,0.2750000000000037,-0.013341333333333334
42,0.2500000000000038,-1.8447846666666666e-06,0.2500000000000038,-0.013689693333333334
43,0.22500000000000386,-1.8748586666666668e-06,0.22500000000000386,-0.014001920000000001
44,0.20000000000000395,-2.023192666666667e-06,0.20000000000000395,-0.014314320000000002
45,0.17500000000000404,-2.1032113333333333e-06,0.17500000000000404,-0.014588273333333334
46,0.15000000000000413,-2.173084e-06,0.15000000000000413,-0.014845973333333333
47,0.12500000000000422,-2.232992666666667e-06,0.12500000000000422,-0.015078433333333335
48,0.10000000000000431,-2.286782e-06,0.10000000000000431,-0.015290973333333333
49,0.0750000000000044,-2.3338233333333336e-06,0.0750000000000044,-0.015487673333333334
50,0.050000000000004485,-2.376982e-06,0.050000000000004485,-0.01566656666666667
51,0.025000000000004574,-2.4181086666666667e-06,0.025000000000004574,-0.015839846666666667
52,4.6629367034256575e-15,-2.451156e-06,4.6629367034256575e-15,-0.015983780000000003
53,-0.024999999999995248,-2.4906473333333337e-06,-0.024999999999995248,-0.016120246666666668
54,-0.04999999999999516,-2.527141333333333e-06,-0.04999999999999516,-0.016247566666666668
55,-0.07499999999999507,-2.5628466666666665e-06,-0.07499999999999507,-0.01638028
56,-0.09999999999999498,-2.5942393333333337e-06,-0.09999999999999498,-0.01648680666666667
57,-0.12499999999999489,-2.6357693333333336e-06,-0.12499999999999489,-0.016592313333333334
58,-0.1499999999999948,-2.6721806666666666e-06,-0.1499999999999948,-0.016692786666666667
59,-0.17499999999999472,-2.7101733333333338e-06,-0.17499999999999472,-0.016786613333333335
60,-0.19999999999999463,-2.727068e-06,-0.19999999999999463,-0.016867406666666668
61,-0.22499999999999454,-2.7799973333333337e-06,-0.22499999999999454,-0.016959520000000002
62,-0.24999999999999445,-2.82185e-06,-0.24999999999999445,-0.017043193333333335
63,-0.27499999999999436,-2.862444e-06,-0.27499999999999436,-0.01712492666666667
