,X4_4R_V_D,X4_4R_J_D,X4_4R_V_L,X4_4R_J_L
0,1.3,0.0016282353333333332,1.3,0.00673236
1,1.2750000000000001,0.0017929993333333336,1.2750000000000001,0.00613595
2,1.2500000000000002,0.0017867179999999999,1.2500000000000002,0.005558412
3,1.2250000000000003,0.0017020766666666666,1.2250000000000003,0.004999642
4,1.2000000000000004,0.0015747846666666668,1.2000000000000004,0.004462064
5,1.1750000000000005,0.0014257993333333333,1.1750000000000005,0.003950601333333334
6,1.1500000000000006,0.0012682400000000001,1.1500000000000006,0.003467988
7,1.1250000000000007,0.0011115493333333335,1.1250000000000007,0.003015934666666667
8,1.1000000000000008,0.0009610273333333333,1.1000000000000008,0.0025950686666666666
9,1.0750000000000008,0.0008197413333333334,1.0750000000000008,0.0022014813333333335
10,1.050000000000001,0.0006898906666666667,1.050000000000001,0.0018319553333333335
11,1.025000000000001,0.0005514101333333333,1.025000000000001,0.0014808126666666667
12,1.000000000000001,0.0004648662,1.000000000000001,0.001143122
13,0.9750000000000012,0.00037880806666666666,0.9750000000000012,0.0008095086666666668
14,0.9500000000000013,0.000303539,0.9500000000000013,0.0004889309333333334
15,0.9250000000000014,0.0002400745333333333,0.9250000000000014,0.00012032853333333332
16,0.9000000000000015,0.0001878286,0.9000000000000015,-0.00025075220000000004
17,0.8750000000000016,0.00014546306666666668,0.8750000000000016,-0.0006433519333333334
18,0.8500000000000016,0.00011189966666666666,0.8500000000000016,-0.0010357133333333335
19,0.8250000000000017,8.565093333333333e-05,0.8250000000000017,-0.0015053073333333334
20,0.8000000000000018,6.438246666666666e-05,0.8000000000000018,-0.0019901766666666665
21,0.7750000000000019,4.977136e-05,0.7750000000000019,-0.002497756
22,0.750000000000002,3.818518666666667e-05,0.750000000000002,-0.003029421333333333
23,0.7250000000000021,2.9332446666666666e-05,0.7250000000000021,-0.003581972666666667
24,0.7000000000000022,2.2622413333333334e-05,0.7000000000000022,-0.004151556666666667
25,0.6750000000000023,1.7484793333333336e-05,0.6750000000000023,-0.004736573333333333
26,0.6500000000000024,1.3571866666666666e-05,0.6500000000000024,-0.005334786
27,0.6250000000000024,1.054636e-05,0.6250000000000024,-0.005934180666666667
28,0.6000000000000025,8.219193333333333e-06,0.6000000000000025,-0.006536041333333333
29,0.5750000000000026,7.90774e-06,0.5750000000000026,-0.006998713333333334
30,0.5500000000000027,6.363011333333334e-06,0.5500000000000027,-0.0074646
31,0.5250000000000028,4.450104e-06,0.5250000000000028,-0.008121913333333333
32,0.5000000000000029,3.312547333333334e-06,0.5000000000000029,-0.008730726666666667
33,0.475000000000003,2.434536666666667e-06,0.475000000000003,-0.009313353333333333
34,0.45000000000000306,1.7232726666666668e-06,0.45000000000000306,-0.009868913333333333
35,0.42500000000000315,1.1257693333333334e-06,0.42500000000000315,-0.010397700000000001
36,0.40000000000000324,6.643417333333333e-07,0.40000000000000324,-0.010903566666666668
37,0.37500000000000333,2.1771893333333337e-07,0.37500000000000333,-0.011389446666666667
38,0.3500000000000034,-1.3743933333333333e-07,0.3500000000000034,-0.011836273333333334
39,0.3250000000000035,-4.444501333333334e-07,0.3250000000000035,-0.012257093333333333
40,0.3000000000000036,-7.049986666666668e-07,0.3000000000000036,-0.0126552
41,0.2750000000000037,-9.34142e-07,0.2750000000000037,-0.013020886666666669
42,0.2500000000000038,-1.1271193333333334e-06,0.2500000000000038,-0.01337216
43,0.22500000000000386,-1.229014e-06,0.22500000000000386,-0.013672700000000001
44,0.20000000000000395,-1.4370286666666668e-06,0.20000000000000395,-0.013980233333333335
45,0.17500000000000404,-1.5714946666666668e-06,0.17500000000000404,-0.014259520000000001
46,0.15000000000000413,-1.6852913333333335e-06,0.15000000000000413,-0.01451322
47,0.12500000000000422,-1.7844193333333332e-06,0.12500000000000422,-0.014745726666666667
48,0.10000000000000431,-1.8706533333333335e-06,0.10000000000000431,-0.01496252
49,0.0750000000000044,-1.946234666666667e-06,0.0750000000000044,-0.01515972
50,0.050000000000004485,-1.986598e-06,0.050000000000004485,-0.015352326666666668
51,0.025000000000004574,-2.0714313333333335e-06,0.025000000000004574,-0.015508893333333336
52,4.6629367034256575e-15,-2.114824666666667e-06,4.6629367034256575e-15,-0.01566672
53,-0.024999999999995248,-2.177262e-06,-0.024999999999995248,-0.01580990666666667
54,-0.04999999999999516,-2.2291900000000003e-06,-0.04999999999999516,-0.015952006666666668
55,-0.07499999999999507,-2.2822293333333332e-06,-0.07499999999999507,-0.016071193333333334
56,-0.09999999999999498,-2.332976666666667e-06,-0.09999999999999498,-0.016187593333333337
57,-0.12499999999999489,-2.383596666666667e-06,-0.12499999999999489,-0.016292486666666668
58,-0.1499999999999948,-2.4337280000000004e-06,-0.1499999999999948,-0.01639804
59,-0.17499999999999472,-2.485105333333333e-06,-0.17499999999999472,-0.01649956
60,-0.19999999999999463,-2.5130066666666668e-06,-0.19999999999999463,-0.01658224
61,-0.22499999999999454,-2.577186e-06,-0.22499999999999454,-0.016677813333333333
62,-0.24999999999999445,-2.630274e-06,-0.24999999999999445,-0.016771480000000002
63,-0.27499999999999436,-2.684896666666667e-06,-0.27499999999999436,-0.016857680000000003
