,X4_4R_V_D,X4_4R_J_D,X4_4R_V_L,X4_4R_J_L
0,1.3,0.002816968,1.3,0.008822333333333335
1,1.2750000000000001,0.0031041646666666667,1.2750000000000001,0.008225193333333334
2,1.2500000000000002,0.0030736753333333337,1.2500000000000002,0.007597446666666668
3,1.2250000000000003,0.002909770666666667,1.2250000000000003,0.006947226666666667
4,1.2000000000000004,0.002676976,1.2000000000000004,0.0062957533333333334
5,1.1750000000000005,0.0024133533333333336,1.1750000000000005,0.005646335333333333
6,1.1500000000000006,0.002139028666666667,1.1500000000000006,0.005025013333333333
7,1.1250000000000007,0.0018712353333333335,1.1250000000000007,0.004430119333333334
8,1.1000000000000008,0.0016157733333333334,1.1000000000000008,0.0038658526666666667
9,1.0750000000000008,0.001378516,1.0750000000000008,0.0033297459999999997
10,1.050000000000001,0.0011619586666666668,1.050000000000001,0.0028194906666666668
11,1.025000000000001,0.0009682273333333334,1.025000000000001,0.0023307613333333334
12,1.000000000000001,0.0007986506666666668,1.000000000000001,0.001859974
13,0.9750000000000012,0.0006215935333333334,0.9750000000000012,0.001398174
14,0.9500000000000013,0.0005167910666666667,0.9500000000000013,0.0009378286666666667
15,0.9250000000000014,0.00041610786666666674,0.9250000000000014,0.0005066475333333334
16,0.9000000000000015,0.00033154900000000005,0.9000000000000015,3.011956666666667e-05
17,0.8750000000000016,0.00026209433333333336,0.8750000000000016,-0.0004868308
18,0.8500000000000016,0.0002064902,0.8500000000000016,-0.0010090166666666667
19,0.8250000000000017,0.00016221960000000003,0.8250000000000017,-0.0015829913333333333
20,0.8000000000000018,0.00012741966666666668,0.8000000000000018,-0.0021498933333333335
21,0.7750000000000019,0.00010025393333333334,0.7750000000000019,-0.0027266206666666667
22,0.750000000000002,7.915266666666667e-05,0.750000000000002,-0.003315470666666667
23,0.7250000000000021,6.322678e-05,0.7250000000000021,-0.003913592
24,0.7000000000000022,5.028922e-05,0.7000000000000022,-0.004517668
25,0.6750000000000023,4.0243993333333334e-05,0.6750000000000023,-0.005127456
26,0.6500000000000024,3.243651333333333e-05,0.6500000000000024,-0.005738499333333333
27,0.6250000000000024,2.63122e-05,0.6250000000000024,-0.006347082666666667
28,0.6000000000000025,2.1459480000000002e-05,0.6000000000000025,-0.006954126666666666
29,0.5750000000000026,1.7590906666666667e-05,0.5750000000000026,-0.007242946666666666
30,0.5500000000000027,1.4483940000000001e-05,0.5500000000000027,-0.007913040000000001
31,0.5250000000000028,1.193324e-05,0.5250000000000028,-0.00852888
32,0.5000000000000029,9.838893333333334e-06,0.5000000000000029,-0.009108686666666666
33,0.475000000000003,8.089400000000001e-06,0.475000000000003,-0.009658406666666668
34,0.45000000000000306,7.864066666666666e-06,0.45000000000000306,-0.01018304
35,0.42500000000000315,6.466718666666667e-06,0.42500000000000315,-0.010694666666666668
36,0.40000000000000324,4.74976e-06,0.40000000000000324,-0.011165613333333333
37,0.37500000000000333,3.7148566666666665e-06,0.37500000000000333,-0.011614626666666667
38,0.3500000000000034,2.8482133333333334e-06,0.3500000000000034,-0.012041386666666666
39,0.3250000000000035,2.1214733333333334e-06,0.3250000000000035,-0.012452153333333334
40,0.3000000000000036,1.5179693333333335e-06,0.3000000000000036,-0.012817053333333333
41,0.2750000000000037,9.290946666666667e-07,0.2750000000000037,-0.013167933333333333
42,0.2500000000000038,4.4164073333333334e-07,0.2500000000000038,-0.013496006666666666
43,0.22500000000000386,8.94232e-08,0.22500000000000386,-0.013782013333333334
44,0.20000000000000395,-3.4855266666666667e-07,0.20000000000000395,-0.014077953333333334
45,0.17500000000000404,-6.854826666666667e-07,0.17500000000000404,-0.014341813333333335
46,0.15000000000000413,-9.711133333333334e-07,0.15000000000000413,-0.014588286666666667
47,0.12500000000000422,-1.2208713333333334e-06,0.12500000000000422,-0.01481312
48,0.10000000000000431,-1.438976e-06,0.10000000000000431,-0.015032446666666666
49,0.0750000000000044,-1.6285533333333333e-06,0.0750000000000044,-0.01521728
50,0.050000000000004485,-1.796222e-06,0.050000000000004485,-0.015390946666666667
51,0.025000000000004574,-1.94736e-06,0.025000000000004574,-0.015557693333333334
52,4.6629367034256575e-15,-2.086924e-06,4.6629367034256575e-15,-0.01571926666666667
53,-0.024999999999995248,-2.2240473333333336e-06,-0.024999999999995248,-0.015850833333333335
54,-0.04999999999999516,-2.34676e-06,-0.04999999999999516,-0.015984866666666667
55,-0.07499999999999507,-2.4872120000000004e-06,-0.07499999999999507,-0.016109940000000003
56,-0.09999999999999498,-2.619215333333333e-06,-0.09999999999999498,-0.016223066666666668
57,-0.12499999999999489,-2.746189333333333e-06,-0.12499999999999489,-0.016334833333333333
58,-0.1499999999999948,-2.8701146666666665e-06,-0.1499999999999948,-0.016438793333333337
59,-0.17499999999999472,-2.9933346666666666e-06,-0.17499999999999472,-0.016537926666666668
60,-0.19999999999999463,-3.086108666666667e-06,-0.19999999999999463,-0.016622166666666667
61,-0.22499999999999454,-3.2086240000000003e-06,-0.22499999999999454,-0.016728766666666665
62,-0.24999999999999445,-3.3214520000000002e-06,-0.24999999999999445,-0.016808273333333335
63,-0.27499999999999436,-3.4324540000000006e-06,-0.27499999999999436,-0.016895733333333333
