,X4_4R_V_D,X4_4R_J_D,X4_4R_V_L,X4_4R_J_L
0,1.3,0.027956653333333338,1.3,0.03928347333333334
1,1.2750000000000001,0.030137386666666665,1.2750000000000001,0.03908354666666667
2,1.2500000000000002,0.029827586666666666,1.2500000000000002,0.03752792666666667
3,1.2250000000000003,0.02863550666666667,1.2250000000000003,0.035517520000000004
4,1.2000000000000004,0.027017680000000002,1.2000000000000004,0.03329656
5,1.1750000000000005,0.025175013333333333,1.1750000000000005,0.0309825
6,1.1500000000000006,0.023227026666666668,1.1500000000000006,0.028627153333333332
7,1.1250000000000007,0.021237453333333333,1.1250000000000007,0.026268006666666666
8,1.1000000000000008,0.019253793333333335,1.1000000000000008,0.023933893333333334
9,1.0750000000000008,0.017299453333333333,1.0750000000000008,0.021631733333333337
10,1.050000000000001,0.015415873333333335,1.050000000000001,0.019382493333333334
11,1.025000000000001,0.013610973333333333,1.025000000000001,0.017194053333333334
12,1.000000000000001,0.011920053333333333,1.000000000000001,0.015076760000000002
13,0.9750000000000012,0.010327433333333334,0.9750000000000012,0.013036146666666668
14,0.9500000000000013,0.00886268,0.9500000000000013,0.011078593333333334
15,0.9250000000000014,0.007537386666666666,0.9250000000000014,0.00920546
16,0.9000000000000015,0.006119639333333334,0.9000000000000015,0.007417726666666667
17,0.8750000000000016,0.0052048780000000005,0.8750000000000016,0.005769400666666666
18,0.8500000000000016,0.004328100666666667,0.8500000000000016,0.004083676666666667
19,0.8250000000000017,0.0035631626666666667,0.8250000000000017,0.00255835
20,0.8000000000000018,0.0029119740000000003,0.8000000000000018,0.0011337793333333335
21,0.7750000000000019,0.0023655426666666667,0.7750000000000019,-1.3646126666666669e-05
22,0.750000000000002,0.001916658,0.750000000000002,-0.0013352486666666668
23,0.7250000000000021,0.001550284,0.7250000000000021,-0.0026621780000000003
24,0.7000000000000022,0.00125504,0.7000000000000022,-0.003771459333333333
25,0.6750000000000023,0.0010169486666666667,0.6750000000000023,-0.004789152666666667
26,0.6500000000000024,0.000827612,0.6500000000000024,-0.005704888666666667
27,0.6250000000000024,0.0006764760000000001,0.6250000000000024,-0.006553532
28,0.6000000000000025,0.0005510627333333334,0.6000000000000025,-0.006850453333333333
29,0.5750000000000026,0.00045404,0.5750000000000026,-0.007804206666666667
30,0.5500000000000027,0.00037815073333333335,0.5500000000000027,-0.0085574
31,0.5250000000000028,0.00031668366666666664,0.5250000000000028,-0.009217600000000001
32,0.5000000000000029,0.0002656566666666667,0.5000000000000029,-0.00982154
33,0.475000000000003,0.000224378,0.475000000000003,-0.010353246666666668
34,0.45000000000000306,0.00018930333333333333,0.45000000000000306,-0.010845986666666668
35,0.42500000000000315,0.00016018493333333335,0.42500000000000315,-0.011296773333333334
36,0.40000000000000324,0.00013491346666666667,0.40000000000000324,-0.011717813333333334
37,0.37500000000000333,0.0001134378,0.37500000000000333,-0.012107446666666667
38,0.3500000000000034,9.491833333333334e-05,0.3500000000000034,-0.0124637
39,0.3250000000000035,7.901473333333333e-05,0.3250000000000035,-0.01280172
40,0.3000000000000036,6.527197333333334e-05,0.3000000000000036,-0.013111353333333336
41,0.2750000000000037,5.2990453333333335e-05,0.2750000000000037,-0.013400246666666667
42,0.2500000000000038,4.284316666666667e-05,0.2500000000000038,-0.013672226666666667
43,0.22500000000000386,3.420298e-05,0.22500000000000386,-0.013893873333333336
44,0.20000000000000395,2.667604666666667e-05,0.20000000000000395,-0.014148373333333334
45,0.17500000000000404,2.038942666666667e-05,0.17500000000000404,-0.014382
46,0.15000000000000413,1.4967800000000001e-05,0.15000000000000413,-0.014579320000000002
47,0.12500000000000422,1.0482486666666668e-05,0.12500000000000422,-0.014765046666666667
48,0.10000000000000431,7.1224e-06,0.10000000000000431,-0.014945213333333334
49,0.0750000000000044,4.018546e-06,0.0750000000000044,-0.015108860000000002
50,0.050000000000004485,9.312460000000001e-07,0.050000000000004485,-0.015265333333333332
51,0.025000000000004574,-1.4771006666666667e-06,0.025000000000004574,-0.0154073
52,4.6629367034256575e-15,-3.6944833333333337e-06,4.6629367034256575e-15,-0.015541686666666669
53,-0.024999999999995248,-5.917676666666667e-06,-0.024999999999995248,-0.015667113333333333
54,-0.04999999999999516,-7.084953333333333e-06,-0.04999999999999516,-0.01578542
55,-0.07499999999999507,-9.655960000000001e-06,-0.07499999999999507,-0.015894493333333336
56,-0.09999999999999498,-1.2022273333333334e-05,-0.09999999999999498,-0.01600048
57,-0.12499999999999489,-1.4392433333333333e-05,-0.12499999999999489,-0.01610012666666667
58,-0.1499999999999948,-1.6770746666666667e-05,-0.1499999999999948,-0.016206386666666666
59,-0.17499999999999472,-1.9129999999999998e-05,-0.17499999999999472,-0.016287073333333332
60,-0.19999999999999463,-2.1515153333333335e-05,-0.19999999999999463,-0.016361793333333333
61,-0.22499999999999454,-2.38916e-05,-0.22499999999999454,-0.01645682
62,-0.24999999999999445,-2.6182573333333335e-05,-0.24999999999999445,-0.016552806666666666
63,-0.27499999999999436,-2.8429373333333335e-05,-0.27499999999999436,-0.01662714666666667
