,X4_4F_V_D,X4_4F_J_D,X4_4F_V_L,X4_4F_J_L
0,-0.3,-1.911276e-06,-0.3,-0.01900520666666667
1,-0.27499999999999997,-1.0610246666666666e-06,-0.27499999999999997,-0.018567146666666666
2,-0.24999999999999994,-6.391642e-07,-0.24999999999999994,-0.01808048666666667
3,-0.22499999999999992,-3.398719333333333e-07,-0.22499999999999992,-0.017555533333333335
4,-0.1999999999999999,-1.5067893333333334e-07,-0.1999999999999999,-0.017018946666666666
5,-0.17499999999999988,7.99692e-08,-0.17499999999999988,-0.01646054666666667
6,-0.14999999999999986,2.406392e-07,-0.14999999999999986,-0.015905159999999998
7,-0.12499999999999983,3.7803719999999997e-07,-0.12499999999999983,-0.015351673333333335
8,-0.09999999999999981,4.973534666666667e-07,-0.09999999999999981,-0.014801793333333334
9,-0.07499999999999979,6.019769333333334e-07,-0.07499999999999979,-0.014258133333333336
10,-0.04999999999999977,6.97884e-07,-0.04999999999999977,-0.013721086666666667
11,-0.024999999999999745,7.846486666666667e-07,-0.024999999999999745,-0.013192533333333334
12,2.7755575615628914e-16,8.29024e-07,2.7755575615628914e-16,-0.01267874
13,0.0250000000000003,9.387506666666668e-07,0.0250000000000003,-0.012160426666666667
14,0.05000000000000032,1.0141653333333334e-06,0.05000000000000032,-0.011653813333333334
15,0.07500000000000034,1.0884300000000002e-06,0.07500000000000034,-0.011153906666666668
16,0.10000000000000037,1.161714e-06,0.10000000000000037,-0.010651946666666667
17,0.1250000000000004,1.2371753333333333e-06,0.1250000000000004,-0.010165586666666667
18,0.1500000000000004,1.3144366666666667e-06,0.1500000000000004,-0.009680986666666667
19,0.17500000000000043,1.395038e-06,0.17500000000000043,-0.009195146666666668
20,0.20000000000000046,1.48016e-06,0.20000000000000046,-0.008707753333333334
21,0.22500000000000048,1.5514633333333333e-06,0.22500000000000048,-0.008234126666666668
22,0.2500000000000005,1.6641066666666665e-06,0.2500000000000005,-0.0077581333333333335
23,0.2750000000000005,1.77578e-06,0.2750000000000005,-0.007282080000000001
24,0.30000000000000054,1.8634226666666667e-06,0.30000000000000054,-0.006811293333333334
25,0.32500000000000057,2.041420666666667e-06,0.32500000000000057,-0.006622882666666666
26,0.3500000000000006,2.2145493333333336e-06,0.3500000000000006,-0.006051622
27,0.3750000000000006,2.4288646666666667e-06,0.3750000000000006,-0.005540001333333333
28,0.40000000000000063,2.687668e-06,0.40000000000000063,-0.005051876666666667
29,0.42500000000000066,3.0053686666666667e-06,0.42500000000000066,-0.004583708000000001
30,0.4500000000000007,3.3915913333333334e-06,0.4500000000000007,-0.004129585333333333
31,0.4750000000000007,3.864263333333333e-06,0.4750000000000007,-0.0036882086666666673
32,0.5000000000000007,4.432909333333333e-06,0.5000000000000007,-0.0032624946666666666
33,0.5250000000000008,5.102720666666666e-06,0.5250000000000008,-0.0028538273333333333
34,0.5500000000000007,5.880731333333334e-06,0.5500000000000007,-0.002465186
35,0.5750000000000008,6.792066666666666e-06,0.5750000000000008,-0.0020986200000000003
36,0.6000000000000008,6.676573333333334e-06,0.6000000000000008,-0.0017568586666666668
37,0.6250000000000009,8.25628e-06,0.6250000000000009,-0.0014422853333333336
38,0.6500000000000008,9.69312e-06,0.6500000000000008,-0.001155874
39,0.6750000000000009,1.1298826666666668e-05,0.6750000000000009,-0.0008988253333333334
40,0.7000000000000008,1.3155173333333333e-05,0.7000000000000008,-0.0006713586666666667
41,0.7250000000000008,1.532098e-05,0.7250000000000008,-0.0005118881333333334
42,0.7500000000000009,1.792562e-05,0.7500000000000009,-0.0003300282
43,0.775000000000001,2.0982506666666667e-05,0.775000000000001,-0.00017324213333333335
44,0.8000000000000009,2.4585040000000002e-05,0.8000000000000009,-0.00011220926666666666
45,0.8250000000000008,2.8828620000000002e-05,0.8250000000000008,-0.00010004540000000001
46,0.850000000000001,3.383436666666667e-05,0.850000000000001,1.5986173333333332e-05
47,0.8750000000000011,3.976138666666667e-05,0.8750000000000011,0.00010901986666666666
48,0.900000000000001,4.678266666666667e-05,0.900000000000001,0.00022184213333333334
49,0.9250000000000009,5.513044e-05,0.9250000000000009,0.00032384773333333334
50,0.9500000000000011,6.507475333333333e-05,0.9500000000000011,0.00042247073333333333
51,0.9750000000000012,8.157633333333334e-05,0.9750000000000012,0.0005223426666666667
52,1.000000000000001,9.617673333333334e-05,1.000000000000001,0.0006280952666666667
53,1.025000000000001,0.00011427646666666667,1.025000000000001,0.0007299933333333333
54,1.0500000000000012,0.00013592946666666667,1.0500000000000012,0.0008602659999999999
55,1.0750000000000013,0.00016187226666666667,1.0750000000000013,0.0010035426666666668
56,1.1000000000000012,0.00019304733333333336,1.1000000000000012,0.001165436
57,1.125000000000001,0.00023032133333333337,1.125000000000001,0.0013499593333333333
58,1.1500000000000012,0.0002749544,1.1500000000000012,0.0015595886666666667
59,1.1750000000000014,0.0003284456,1.1750000000000014,0.0017968806666666666
60,1.2000000000000013,0.00039232426666666666,1.2000000000000013,0.0020650313333333333
61,1.2250000000000012,0.0004686671333333334,1.2250000000000012,0.00236718
62,1.2500000000000013,0.0005589066666666667,1.2500000000000013,0.002705533333333333
63,1.2750000000000015,0.000797794,1.2750000000000015,0.0030828306666666667
