,X4_4F_V_D,X4_4F_J_D,X4_4F_V_L,X4_4F_J_L
0,-0.3,-8.987926666666667e-06,-0.3,-0.01893826666666667
1,-0.27499999999999997,-7.080546666666667e-06,-0.27499999999999997,-0.01810588
2,-0.24999999999999994,-5.940605333333334e-06,-0.24999999999999994,-0.017353573333333334
3,-0.22499999999999992,-4.583912666666667e-06,-0.22499999999999992,-0.01667496666666667
4,-0.1999999999999999,-3.6974313333333337e-06,-0.1999999999999999,-0.016080606666666667
5,-0.17499999999999988,-2.8439886666666666e-06,-0.17499999999999988,-0.015526373333333334
6,-0.14999999999999986,-2.0988586666666667e-06,-0.14999999999999986,-0.015033480000000002
7,-0.12499999999999983,-1.475446e-06,-0.12499999999999983,-0.014589146666666667
8,-0.09999999999999981,-9.349473333333334e-07,-0.09999999999999981,-0.014178993333333334
9,-0.07499999999999979,-4.6790493333333335e-07,-0.07499999999999979,-0.013794993333333333
10,-0.04999999999999977,-5.242736666666667e-08,-0.04999999999999977,-0.013431306666666667
11,-0.024999999999999745,3.220982e-07,-0.024999999999999745,-0.0130829
12,2.7755575615628914e-16,6.277063333333333e-07,2.7755575615628914e-16,-0.01275898
13,0.0250000000000003,1.026684e-06,0.0250000000000003,-0.01241898
14,0.05000000000000032,1.399162e-06,0.05000000000000032,-0.01209186
15,0.07500000000000034,1.8204153333333335e-06,0.07500000000000034,-0.011764913333333333
16,0.10000000000000037,2.3005906666666665e-06,0.10000000000000037,-0.011425633333333334
17,0.1250000000000004,2.890396e-06,0.1250000000000004,-0.011107420000000002
18,0.1500000000000004,3.6074193333333334e-06,0.1500000000000004,-0.010773186666666667
19,0.17500000000000043,4.4617226666666664e-06,0.17500000000000043,-0.01042914
20,0.20000000000000046,5.587018666666666e-06,0.20000000000000046,-0.010068033333333334
21,0.22500000000000048,6.933146666666668e-06,0.22500000000000048,-0.0097168
22,0.2500000000000005,8.61912e-06,0.2500000000000005,-0.00935368
23,0.2750000000000005,1.1151313333333333e-05,0.2750000000000005,-0.008974493333333333
24,0.30000000000000054,1.3809666666666666e-05,0.30000000000000054,-0.008585746666666668
25,0.32500000000000057,1.6960566666666668e-05,0.32500000000000057,-0.00818256
26,0.3500000000000006,2.088272e-05,0.3500000000000006,-0.0077689199999999995
27,0.3750000000000006,2.5731193333333333e-05,0.3750000000000006,-0.0073432
28,0.40000000000000063,3.164468666666667e-05,0.40000000000000063,-0.00690402
29,0.42500000000000066,3.8971680000000004e-05,0.42500000000000066,-0.0075066533333333334
30,0.4500000000000007,4.816218e-05,0.4500000000000007,-0.007286506666666667
31,0.4750000000000007,5.950935333333333e-05,0.4750000000000007,-0.00675688
32,0.5000000000000007,8.123326666666667e-05,0.5000000000000007,-0.005759145333333334
33,0.5250000000000008,9.980206666666667e-05,0.5250000000000008,-0.005092711333333334
34,0.5500000000000007,0.00012317473333333333,0.5500000000000007,-0.004471526
35,0.5750000000000008,0.00015340526666666668,0.5750000000000008,-0.003863196666666667
36,0.6000000000000008,0.0001929866,0.6000000000000008,-0.0032563553333333334
37,0.6250000000000009,0.0002448896,0.6250000000000009,-0.0026363653333333335
38,0.6500000000000008,0.0003131708,0.6500000000000008,-0.0020018033333333335
39,0.6750000000000009,0.0004027094,0.6750000000000009,-0.001340098
40,0.7000000000000008,0.0005197590000000001,0.7000000000000008,-0.0014693533333333334
41,0.7250000000000008,0.0007713846666666667,0.7250000000000008,-0.000898034
42,0.7500000000000009,0.0009484486666666667,0.7500000000000009,-0.00026284400000000003
43,0.775000000000001,0.0012021393333333332,0.775000000000001,0.0005652924
44,0.8000000000000009,0.0015331833333333334,0.8000000000000009,0.0017376293333333335
45,0.8250000000000008,0.0019488480000000002,0.8250000000000008,0.002799882666666667
46,0.850000000000001,0.0024703713333333334,0.850000000000001,0.0038787006666666673
47,0.8750000000000011,0.0031134053333333337,0.8750000000000011,0.005000258666666667
48,0.900000000000001,0.0038971113333333336,0.900000000000001,0.006188284666666667
49,0.9250000000000009,0.004830942,0.9250000000000009,0.0074356399999999994
50,0.9500000000000011,0.005935948666666667,0.9500000000000011,0.008869833333333334
51,0.9750000000000012,0.008014566666666667,0.9750000000000012,0.01033704
52,1.000000000000001,0.009247173333333334,1.000000000000001,0.011897753333333334
53,1.025000000000001,0.010850613333333333,1.025000000000001,0.013565786666666668
54,1.0500000000000012,0.01266276,1.0500000000000012,0.01535046
55,1.0750000000000013,0.014686200000000002,1.0750000000000013,0.017259633333333333
56,1.1000000000000012,0.016892453333333335,1.1000000000000012,0.019291073333333335
57,1.125000000000001,0.01929182,1.125000000000001,0.021449073333333336
58,1.1500000000000012,0.02182202,1.1500000000000012,0.023749233333333335
59,1.1750000000000014,0.02455864,1.1750000000000014,0.026172486666666668
60,1.2000000000000013,0.027412533333333336,1.2000000000000013,0.028728486666666667
61,1.2250000000000012,0.030408666666666667,1.2250000000000012,0.03139034666666667
62,1.2500000000000013,0.03350422666666667,1.2500000000000013,0.03418978
63,1.2750000000000015,0.03670739333333334,1.2750000000000015,0.03709504
