,X4_4R_V_D,X4_4R_J_D,X4_4R_V_L,X4_4R_J_L
0,1.3,0.014535366666666667,1.3,0.021146666666666668
1,1.2750000000000001,0.014469019999999999,1.2750000000000001,0.020987513333333336
2,1.2500000000000002,0.013689213333333334,1.2500000000000002,0.020106993333333333
3,1.2250000000000003,0.012706793333333332,1.2250000000000003,0.018907680000000003
4,1.2000000000000004,0.01162944,1.2000000000000004,0.01755618
5,1.1750000000000005,0.01051698,1.1750000000000005,0.016137126666666668
6,1.1500000000000006,0.0094263,1.1500000000000006,0.014695553333333335
7,1.1250000000000007,0.008357466666666667,1.1250000000000007,0.013261813333333332
8,1.1000000000000008,0.007346640000000001,1.1000000000000008,0.01185518
9,1.0750000000000008,0.0062187146666666665,1.0750000000000008,0.010480726666666667
10,1.050000000000001,0.005486693333333334,1.050000000000001,0.00914932
11,1.025000000000001,0.004709985333333334,1.025000000000001,0.007862713333333333
12,1.000000000000001,0.003999396,1.000000000000001,0.006602695333333334
13,0.9750000000000012,0.0033616840000000006,0.9750000000000012,0.005382194
14,0.9500000000000013,0.0028046393333333334,0.9500000000000013,0.004229986000000001
15,0.9250000000000014,0.0023212646666666667,0.9250000000000014,0.0031202580000000003
16,0.9000000000000015,0.00190953,0.9000000000000015,0.002054596666666667
17,0.8750000000000016,0.0015620606666666666,0.8750000000000016,0.001024434
18,0.8500000000000016,0.0012723973333333334,0.8500000000000016,0.00018374793333333334
19,0.8250000000000017,0.001034028,0.8250000000000017,-0.000784948
20,0.8000000000000018,0.000838592,0.8000000000000018,-0.0018333219999999999
21,0.7750000000000019,0.0006809826666666666,0.7750000000000019,-0.0027655413333333334
22,0.750000000000002,0.0005452103333333334,0.750000000000002,-0.003641516
23,0.7250000000000021,0.0004476265333333334,0.7250000000000021,-0.004477524666666666
24,0.7000000000000022,0.00036783126666666666,0.7000000000000022,-0.005269468
25,0.6750000000000023,0.0003040026,0.6750000000000023,-0.006034664
26,0.6500000000000024,0.0002525058,0.6500000000000024,-0.006752926666666667
27,0.6250000000000024,0.00021106233333333335,0.6250000000000024,-0.007007006666666666
28,0.6000000000000025,0.00017740053333333334,0.6000000000000025,-0.007823993333333334
29,0.5750000000000026,0.00015036813333333334,0.5750000000000026,-0.008514246666666668
30,0.5500000000000027,0.00012779653333333334,0.5500000000000027,-0.00913824
31,0.5250000000000028,0.00010927006666666667,0.5250000000000028,-0.009716226666666668
32,0.5000000000000029,9.387866666666667e-05,0.5000000000000029,-0.010263533333333333
33,0.475000000000003,8.07216e-05,0.475000000000003,-0.010758626666666667
34,0.45000000000000306,6.954946666666668e-05,0.45000000000000306,-0.011227546666666668
35,0.42500000000000315,6.0587399999999995e-05,0.42500000000000315,-0.011661393333333334
36,0.40000000000000324,5.117302666666667e-05,0.40000000000000324,-0.012087526666666666
37,0.37500000000000333,4.366426666666667e-05,0.37500000000000333,-0.012466013333333333
38,0.3500000000000034,3.729254e-05,0.3500000000000034,-0.01282194
39,0.3250000000000035,3.1511466666666665e-05,0.3250000000000035,-0.0131597
40,0.3000000000000036,2.644589333333333e-05,0.3000000000000036,-0.013471666666666667
41,0.2750000000000037,2.1898473333333336e-05,0.2750000000000037,-0.013765626666666668
42,0.2500000000000038,1.786378e-05,0.2500000000000038,-0.014039273333333333
43,0.22500000000000386,1.4480766666666669e-05,0.22500000000000386,-0.01426408
44,0.20000000000000395,1.1242466666666668e-05,0.20000000000000395,-0.014515980000000001
45,0.17500000000000404,8.477193333333335e-06,0.17500000000000404,-0.014749746666666667
46,0.15000000000000413,6.7001066666666664e-06,0.15000000000000413,-0.014942306666666667
47,0.12500000000000422,4.172469333333334e-06,0.12500000000000422,-0.015129613333333333
48,0.10000000000000431,2.306296666666667e-06,0.10000000000000431,-0.015309353333333333
49,0.0750000000000044,6.937013333333334e-07,0.0750000000000044,-0.015483666666666668
50,0.050000000000004485,-7.275546666666667e-07,0.050000000000004485,-0.01562922666666667
51,0.025000000000004574,-2.043000666666667e-06,0.025000000000004574,-0.015768666666666667
52,4.6629367034256575e-15,-3.29636e-06,4.6629367034256575e-15,-0.01589652
53,-0.024999999999995248,-4.533854666666667e-06,-0.024999999999995248,-0.016019380000000003
54,-0.04999999999999516,-5.774754e-06,-0.04999999999999516,-0.016134966666666667
55,-0.07499999999999507,-6.98402e-06,-0.07499999999999507,-0.016238926666666667
56,-0.09999999999999498,-7.344993333333334e-06,-0.09999999999999498,-0.016341906666666666
57,-0.12499999999999489,-8.979313333333334e-06,-0.12499999999999489,-0.01643584
58,-0.1499999999999948,-1.0369106666666668e-05,-0.1499999999999948,-0.016526013333333332
59,-0.17499999999999472,-1.1724033333333333e-05,-0.17499999999999472,-0.016612746666666667
60,-0.19999999999999463,-1.3033760000000001e-05,-0.19999999999999463,-0.016679133333333332
61,-0.22499999999999454,-1.4306813333333334e-05,-0.22499999999999454,-0.01677026666666667
62,-0.24999999999999445,-1.5506713333333334e-05,-0.24999999999999445,-0.01685698
63,-0.27499999999999436,-1.6749246666666668e-05,-0.27499999999999436,-0.0169234
