,X4_4R_V_D,X4_4R_J_D,X4_4R_V_L,X4_4R_J_L
0,1.3,0.0018362880000000002,1.3,0.00703202
1,1.2750000000000001,0.0020176093333333337,1.2750000000000001,0.006448557333333334
2,1.2500000000000002,0.0020046593333333334,1.2500000000000002,0.005860936666666667
3,1.2250000000000003,0.0019041733333333333,1.2250000000000003,0.005287102
4,1.2000000000000004,0.0017570546666666668,1.2000000000000004,0.004731298666666667
5,1.1750000000000005,0.0015875673333333334,1.1750000000000005,0.004199407333333334
6,1.1500000000000006,0.0014092366666666667,1.1500000000000006,0.0036949806666666672
7,1.1250000000000007,0.001233134,1.1250000000000007,0.0032204100000000004
8,1.1000000000000008,0.0010643426666666668,1.1000000000000008,0.0027771613333333334
9,1.0750000000000008,0.0009065533333333334,1.0750000000000008,0.002360248
10,1.050000000000001,0.0007621333333333334,1.050000000000001,0.001968140666666667
11,1.025000000000001,0.0006075308666666667,1.025000000000001,0.0015943133333333334
12,1.000000000000001,0.0005123986666666667,1.000000000000001,0.0012341140000000001
13,0.9750000000000012,0.00041749500000000004,0.9750000000000012,0.0008783466666666668
14,0.9500000000000013,0.00033482293333333334,0.9500000000000013,0.0005404724
15,0.9250000000000014,0.00026510506666666667,0.9250000000000014,0.00014902833333333334
16,0.9000000000000015,0.00020768713333333335,0.9000000000000015,-0.00024210506666666668
17,0.8750000000000016,0.0001613118,0.8750000000000016,-0.0006527785333333334
18,0.8500000000000016,0.00012455826666666668,0.8500000000000016,-0.0010532706666666668
19,0.8250000000000017,9.58288e-05,0.8250000000000017,-0.0015393733333333333
20,0.8000000000000018,7.362846666666667e-05,0.8000000000000018,-0.0020360873333333334
21,0.7750000000000019,5.624001333333334e-05,0.7750000000000019,-0.0025544653333333333
22,0.750000000000002,4.366624666666667e-05,0.750000000000002,-0.003093650666666667
23,0.7250000000000021,3.386066e-05,0.7250000000000021,-0.0036516660000000005
24,0.7000000000000022,2.6358746666666664e-05,0.7000000000000022,-0.004224185333333334
25,0.6750000000000023,2.0615813333333332e-05,0.6750000000000023,-0.004810962
26,0.6500000000000024,1.620066e-05,0.6500000000000024,-0.005408726000000001
27,0.6250000000000024,1.2777186666666667e-05,0.6250000000000024,-0.006005084666666666
28,0.6000000000000025,1.0137820000000001e-05,0.6000000000000025,-0.006605782
29,0.5750000000000026,8.009406666666666e-06,0.5750000000000026,-0.006917406666666666
30,0.5500000000000027,7.76588e-06,0.5500000000000027,-0.00758804
31,0.5250000000000028,6.317566666666667e-06,0.5250000000000028,-0.008209546666666666
32,0.5000000000000029,4.48195e-06,0.5000000000000029,-0.008802926666666667
33,0.475000000000003,3.3886100000000003e-06,0.475000000000003,-0.009370753333333334
34,0.45000000000000306,2.540484e-06,0.45000000000000306,-0.009916313333333334
35,0.42500000000000315,1.841144e-06,0.42500000000000315,-0.01043722
36,0.40000000000000324,1.303918e-06,0.40000000000000324,-0.010935180000000001
37,0.37500000000000333,7.5632e-07,0.37500000000000333,-0.011413726666666667
38,0.3500000000000034,3.3094526666666667e-07,0.3500000000000034,-0.011852040000000001
39,0.3250000000000035,-4.223567333333334e-08,0.3250000000000035,-0.012269786666666668
40,0.3000000000000036,-3.5618166666666666e-07,0.3000000000000036,-0.012661833333333334
41,0.2750000000000037,-6.39528e-07,0.2750000000000037,-0.013022746666666666
42,0.2500000000000038,-8.782720000000001e-07,0.2500000000000038,-0.013370439999999999
43,0.22500000000000386,-1.0224193333333334e-06,0.22500000000000386,-0.013669520000000001
44,0.20000000000000395,-1.26803e-06,0.20000000000000395,-0.013976353333333334
45,0.17500000000000404,-1.4284060000000001e-06,0.17500000000000404,-0.014251100000000001
46,0.15000000000000413,-1.5698733333333332e-06,0.15000000000000413,-0.014505000000000002
47,0.12500000000000422,-1.6903600000000001e-06,0.12500000000000422,-0.014736306666666667
48,0.10000000000000431,-1.79541e-06,0.10000000000000431,-0.0149502
49,0.0750000000000044,-1.885716666666667e-06,0.0750000000000044,-0.015145746666666666
50,0.050000000000004485,-1.9440120000000003e-06,0.050000000000004485,-0.015337813333333335
51,0.025000000000004574,-2.0370380000000004e-06,0.025000000000004574,-0.015496533333333333
52,4.6629367034256575e-15,-2.0941933333333334e-06,4.6629367034256575e-15,-0.015654153333333334
53,-0.024999999999995248,-2.166435333333333e-06,-0.024999999999995248,-0.015796406666666665
54,-0.04999999999999516,-2.2313486666666665e-06,-0.04999999999999516,-0.015924086666666667
55,-0.07499999999999507,-2.2933906666666668e-06,-0.07499999999999507,-0.016051913333333334
56,-0.09999999999999498,-2.354972666666667e-06,-0.09999999999999498,-0.016168313333333337
57,-0.12499999999999489,-2.417212666666667e-06,-0.12499999999999489,-0.016280720000000002
58,-0.1499999999999948,-2.4768653333333336e-06,-0.1499999999999948,-0.016385746666666666
59,-0.17499999999999472,-2.534456e-06,-0.17499999999999472,-0.01648662
60,-0.19999999999999463,-2.5714680000000002e-06,-0.19999999999999463,-0.016570626666666668
61,-0.22499999999999454,-2.6431533333333333e-06,-0.22499999999999454,-0.016666493333333334
62,-0.24999999999999445,-2.702910666666667e-06,-0.24999999999999445,-0.01675808
63,-0.27499999999999436,-2.7649166666666667e-06,-0.27499999999999436,-0.016854766666666667
