,X4_4R_V_D,X4_4R_J_D,X4_4R_V_L,X4_4R_J_L
0,1.3,0.0020497513333333334,1.3,0.007395413333333334
1,1.2750000000000001,0.002264878,1.2750000000000001,0.0067971133333333345
2,1.2500000000000002,0.0022545033333333333,1.2500000000000002,0.006216895333333334
3,1.2250000000000003,0.0021427513333333336,1.2250000000000003,0.0056221533333333336
4,1.2000000000000004,0.0019774753333333334,1.2000000000000004,0.005046953333333334
5,1.1750000000000005,0.0017865453333333332,1.1750000000000005,0.004492862
6,1.1500000000000006,0.001586196,1.1500000000000006,0.003965220666666667
7,1.1250000000000007,0.0013889153333333335,1.1250000000000007,0.003466822666666667
8,1.1000000000000008,0.0011999993333333334,1.1000000000000008,0.002999582
9,1.0750000000000008,0.001023002,1.0750000000000008,0.002559328
10,1.050000000000001,0.0008614320000000001,1.050000000000001,0.002144788666666667
11,1.025000000000001,0.0007171813333333334,1.025000000000001,0.0017500886666666669
12,1.000000000000001,0.0005654672666666667,1.000000000000001,0.0013682920000000001
13,0.9750000000000012,0.0004727106666666667,0.9750000000000012,0.000992674
14,0.9500000000000013,0.0003825488,0.9500000000000013,0.0006360703333333333
15,0.9250000000000014,0.0003052779333333334,0.9250000000000014,0.00022668059999999998
16,0.9000000000000015,0.00024124293333333333,0.9000000000000015,-0.00018082626666666667
17,0.8750000000000016,0.00018914493333333334,0.8750000000000016,-0.0006058514
18,0.8500000000000016,0.00014748946666666668,0.8500000000000016,-0.0010182966666666667
19,0.8250000000000017,0.0001146656,0.8250000000000017,-0.0015186020000000002
20,0.8000000000000018,8.89788e-05,0.8000000000000018,-0.002027272
21,0.7750000000000019,6.912960000000001e-05,0.7750000000000019,-0.0025557593333333335
22,0.750000000000002,5.418579333333334e-05,0.750000000000002,-0.0031031786666666666
23,0.7250000000000021,4.2286e-05,0.7250000000000021,-0.003669755333333334
24,0.7000000000000022,3.3188713333333335e-05,0.7000000000000022,-0.0042486013333333334
25,0.6750000000000023,2.6118166666666667e-05,0.6750000000000023,-0.004840736666666667
26,0.6500000000000024,2.070416e-05,0.6500000000000024,-0.005439517333333334
27,0.6250000000000024,1.648564666666667e-05,0.6250000000000024,-0.006042435333333334
28,0.6000000000000025,1.3152766666666667e-05,0.6000000000000025,-0.006645340666666668
29,0.5750000000000026,1.0528066666666667e-05,0.5750000000000026,-0.006963020000000001
30,0.5500000000000027,8.42582e-06,0.5500000000000027,-0.007635206666666667
31,0.5250000000000028,6.740726666666667e-06,0.5250000000000028,-0.00825528
32,0.5000000000000029,6.333940666666667e-06,0.5000000000000029,-0.00884932
33,0.475000000000003,4.528644e-06,0.475000000000003,-0.009417446666666666
34,0.45000000000000306,3.468127333333334e-06,0.45000000000000306,-0.009959866666666668
35,0.42500000000000315,2.6174913333333334e-06,0.42500000000000315,-0.010481120000000002
36,0.40000000000000324,1.9265853333333337e-06,0.40000000000000324,-0.010984506666666668
37,0.37500000000000333,1.3551093333333335e-06,0.37500000000000333,-0.011448566666666667
38,0.3500000000000034,8.113920000000001e-07,0.3500000000000034,-0.011889513333333334
39,0.3250000000000035,3.7196093333333335e-07,0.3250000000000035,-0.012308880000000001
40,0.3000000000000036,-1.2650893333333333e-08,0.3000000000000036,-0.012691953333333334
41,0.2750000000000037,-3.505611333333333e-07,0.2750000000000037,-0.013063426666666666
42,0.2500000000000038,-6.431674e-07,0.2500000000000038,-0.013403240000000002
43,0.22500000000000386,-8.262386666666667e-07,0.22500000000000386,-0.013702673333333335
44,0.20000000000000395,-1.1137900000000002e-06,0.20000000000000395,-0.014011466666666668
45,0.17500000000000404,-1.31718e-06,0.17500000000000404,-0.014285066666666667
46,0.15000000000000413,-1.4871139999999999e-06,0.15000000000000413,-0.014537473333333335
47,0.12500000000000422,-1.6395673333333334e-06,0.12500000000000422,-0.014770906666666667
48,0.10000000000000431,-1.767682e-06,0.10000000000000431,-0.014979333333333334
49,0.0750000000000044,-1.8843353333333334e-06,0.0750000000000044,-0.015189399999999999
50,0.050000000000004485,-1.9858306666666668e-06,0.050000000000004485,-0.015362486666666668
51,0.025000000000004574,-2.0563386666666666e-06,0.025000000000004574,-0.015530326666666669
52,4.6629367034256575e-15,-2.1466946666666667e-06,4.6629367034256575e-15,-0.01568554
53,-0.024999999999995248,-2.238166666666667e-06,-0.024999999999995248,-0.015822666666666665
54,-0.04999999999999516,-2.3182400000000004e-06,-0.04999999999999516,-0.01596278666666667
55,-0.07499999999999507,-2.3977773333333333e-06,-0.07499999999999507,-0.01608928
56,-0.09999999999999498,-2.4762040000000002e-06,-0.09999999999999498,-0.016208566666666667
57,-0.12499999999999489,-2.5545993333333334e-06,-0.12499999999999489,-0.0163195
58,-0.1499999999999948,-2.6268446666666666e-06,-0.1499999999999948,-0.01642596
59,-0.17499999999999472,-2.7000786666666667e-06,-0.17499999999999472,-0.016525913333333333
60,-0.19999999999999463,-2.7452093333333336e-06,-0.19999999999999463,-0.01660716666666667
61,-0.22499999999999454,-2.829208e-06,-0.22499999999999454,-0.016707946666666668
62,-0.24999999999999445,-2.8970833333333335e-06,-0.24999999999999445,-0.016804606666666666
63,-0.27499999999999436,-2.969926666666667e-06,-0.27499999999999436,-0.016885206666666666
