,X4_4F_V_D,X4_4F_J_D,X4_4F_V_L,X4_4F_J_L
0,-0.3,-2.0615013333333335e-06,-0.3,-0.019165946666666666
1,-0.27499999999999997,-1.1609553333333334e-06,-0.27499999999999997,-0.0188356
2,-0.24999999999999994,-7.04816e-07,-0.24999999999999994,-0.018444666666666668
3,-0.22499999999999992,-3.786862666666667e-07,-0.22499999999999992,-0.01800239333333333
4,-0.1999999999999999,-1.7811706666666669e-07,-0.1999999999999999,-0.017528966666666666
5,-0.17499999999999988,7.52482e-08,-0.17499999999999988,-0.01701865333333333
6,-0.14999999999999986,2.491814e-07,-0.14999999999999986,-0.01649488666666667
7,-0.12499999999999983,3.971532e-07,-0.12499999999999983,-0.015958140000000003
8,-0.09999999999999981,5.244642666666667e-07,-0.09999999999999981,-0.015414113333333333
9,-0.07499999999999979,6.396741333333334e-07,-0.07499999999999979,-0.014868573333333334
10,-0.04999999999999977,7.421413333333334e-07,-0.04999999999999977,-0.01432884
11,-0.024999999999999745,8.35854e-07,-0.024999999999999745,-0.013788266666666667
12,2.7755575615628914e-16,9.130613333333334e-07,2.7755575615628914e-16,-0.013261513333333334
13,0.0250000000000003,1.002128e-06,0.0250000000000003,-0.012731373333333334
14,0.05000000000000032,1.0801806666666666e-06,0.05000000000000032,-0.012211546666666667
15,0.07500000000000034,1.1577753333333332e-06,0.07500000000000034,-0.011698673333333335
16,0.10000000000000037,1.2331226666666665e-06,0.10000000000000037,-0.011184873333333335
17,0.1250000000000004,1.3099193333333334e-06,0.1250000000000004,-0.010687180000000001
18,0.1500000000000004,1.38818e-06,0.1500000000000004,-0.010188753333333333
19,0.17500000000000043,1.4436973333333333e-06,0.17500000000000043,-0.009692853333333333
20,0.20000000000000046,1.5498026666666667e-06,0.20000000000000046,-0.009194046666666667
21,0.22500000000000048,1.6193346666666669e-06,0.22500000000000048,-0.008708893333333334
22,0.2500000000000005,1.730454e-06,0.2500000000000005,-0.008221753333333335
23,0.2750000000000005,1.8400160000000002e-06,0.2750000000000005,-0.00773574
24,0.30000000000000054,1.9597420000000004e-06,0.30000000000000054,-0.00725162
25,0.32500000000000057,2.1000373333333333e-06,0.32500000000000057,-0.00676806
26,0.3500000000000006,2.2652313333333333e-06,0.3500000000000006,-0.006575328
27,0.3750000000000006,2.4636953333333334e-06,0.3750000000000006,-0.0059974573333333335
28,0.40000000000000063,2.700564e-06,0.40000000000000063,-0.005478650666666667
29,0.42500000000000066,2.992004e-06,0.42500000000000066,-0.004984728666666667
30,0.4500000000000007,3.3429113333333334e-06,0.4500000000000007,-0.004509181333333333
31,0.4750000000000007,3.769486666666667e-06,0.4750000000000007,-0.004048346666666667
32,0.5000000000000007,4.271834666666667e-06,0.5000000000000007,-0.003601817333333334
33,0.5250000000000008,4.854063333333333e-06,0.5250000000000008,-0.0031715800000000002
34,0.5500000000000007,5.521518e-06,0.5500000000000007,-0.0027598133333333334
35,0.5750000000000008,6.287722e-06,0.5750000000000008,-0.0023678153333333333
36,0.6000000000000008,6.999466666666667e-06,0.6000000000000008,-0.001998544666666667
37,0.6250000000000009,6.944033333333334e-06,0.6250000000000009,-0.0016531153333333333
38,0.6500000000000008,8.55394e-06,0.6500000000000008,-0.001335344
39,0.6750000000000009,1.0050966666666667e-05,0.6750000000000009,-0.001044492
40,0.7000000000000008,1.17836e-05,0.7000000000000008,-0.000782696
41,0.7250000000000008,1.3880373333333334e-05,0.7250000000000008,-0.0006017683333333333
42,0.7500000000000009,1.6434e-05,0.7500000000000009,-0.0003827983333333333
43,0.775000000000001,1.954204e-05,0.775000000000001,-0.00018995386666666666
44,0.8000000000000009,2.330604e-05,0.8000000000000009,-0.00012195353333333335
45,0.8250000000000008,2.785308e-05,0.8250000000000008,1.3512933333333332e-05
46,0.850000000000001,3.3328786666666666e-05,0.850000000000001,0.00011833466666666668
47,0.8750000000000011,3.9920746666666664e-05,0.8750000000000011,0.00026424133333333334
48,0.900000000000001,4.785978666666667e-05,0.900000000000001,0.0003967215333333334
49,0.9250000000000009,5.7457120000000004e-05,0.9250000000000009,0.0005234385333333334
50,0.9500000000000011,7.46206e-05,0.9500000000000011,0.0006493361333333333
51,0.9750000000000012,8.902213333333334e-05,0.9750000000000012,0.0007474813333333333
52,1.000000000000001,0.00010721306666666667,1.000000000000001,0.0008898866666666666
53,1.025000000000001,0.000129186,1.025000000000001,0.0010406026666666668
54,1.0500000000000012,0.00015613793333333335,1.0500000000000012,0.0012080906666666667
55,1.0750000000000013,0.00018864793333333335,1.0750000000000013,0.0013959666666666668
56,1.1000000000000012,0.00022787753333333333,1.1000000000000012,0.0016071500000000001
57,1.125000000000001,0.0002755495333333333,1.125000000000001,0.001846290666666667
58,1.1500000000000012,0.00033311813333333334,1.1500000000000012,0.002115818666666667
59,1.1750000000000014,0.00040291293333333337,1.1750000000000014,0.0024185753333333337
60,1.2000000000000013,0.00048682580000000003,1.2000000000000013,0.0027582393333333336
61,1.2250000000000012,0.0005880749333333334,1.2250000000000012,0.0031375613333333337
62,1.2500000000000013,0.0008580233333333335,1.2500000000000013,0.003558835333333334
63,1.2750000000000015,0.0010007773333333334,1.2750000000000015,0.004026668000000001
