,X4_4F_V_D,X4_4F_J_D,X4_4F_V_L,X4_4F_J_L
0,-0.3,-1.227878e-06,-0.3,-0.018954833333333334
1,-0.27499999999999997,-5.843185333333334e-07,-0.27499999999999997,-0.018261813333333335
2,-0.24999999999999994,-3.150663333333333e-07,-0.24999999999999994,-0.017565193333333333
3,-0.22499999999999992,-1.2989353333333334e-07,-0.22499999999999992,-0.016890086666666665
4,-0.1999999999999999,-3.858055333333333e-08,-0.1999999999999999,-0.016264913333333336
5,-0.17499999999999988,1.252496e-07,-0.17499999999999988,-0.015664980000000002
6,-0.14999999999999986,2.2349866666666667e-07,-0.14999999999999986,-0.015110133333333334
7,-0.12499999999999983,3.075724666666667e-07,-0.12499999999999983,-0.014584473333333334
8,-0.09999999999999981,3.825734e-07,-0.09999999999999981,-0.014087386666666667
9,-0.07499999999999979,4.481760666666667e-07,-0.07499999999999979,-0.013615046666666667
10,-0.04999999999999977,5.084950000000001e-07,-0.04999999999999977,-0.013155713333333333
11,-0.024999999999999745,5.656350666666668e-07,-0.024999999999999745,-0.012716186666666667
12,2.7755575615628914e-16,5.794355333333334e-07,2.7755575615628914e-16,-0.012287393333333334
13,0.0250000000000003,6.69712e-07,0.0250000000000003,-0.011856106666666666
14,0.05000000000000032,7.231473333333334e-07,0.05000000000000032,-0.011434553333333333
15,0.07500000000000034,7.768806666666667e-07,0.07500000000000034,-0.011018253333333334
16,0.10000000000000037,8.324120000000001e-07,0.10000000000000037,-0.010596986666666667
17,0.1250000000000004,8.900100000000001e-07,0.1250000000000004,-0.010189940000000001
18,0.1500000000000004,9.501713333333334e-07,0.1500000000000004,-0.009780006666666667
19,0.17500000000000043,1.0156533333333334e-06,0.17500000000000043,-0.009366646666666667
20,0.20000000000000046,1.084256e-06,0.20000000000000046,-0.00894658
21,0.22500000000000048,1.1433913333333334e-06,0.22500000000000048,-0.00853718
22,0.2500000000000005,1.2382013333333334e-06,0.2500000000000005,-0.008123420000000001
23,0.2750000000000005,1.3288546666666668e-06,0.2750000000000005,-0.00770772
24,0.30000000000000054,1.4279153333333332e-06,0.30000000000000054,-0.007287773333333334
25,0.32500000000000057,1.542806e-06,0.32500000000000057,-0.00686766
26,0.3500000000000006,1.6734826666666668e-06,0.3500000000000006,-0.006839133333333333
27,0.3750000000000006,1.8241720000000001e-06,0.3750000000000006,-0.0062030033333333335
28,0.40000000000000063,2.004028666666667e-06,0.40000000000000063,-0.005724248666666667
29,0.42500000000000066,2.2171526666666668e-06,0.42500000000000066,-0.00527965
30,0.4500000000000007,2.4702286666666667e-06,0.4500000000000007,-0.004852138666666667
31,0.4750000000000007,2.7720140000000003e-06,0.4750000000000007,-0.00443084
32,0.5000000000000007,3.1291593333333335e-06,0.5000000000000007,-0.004020958666666667
33,0.5250000000000008,3.5543820000000006e-06,0.5250000000000008,-0.003617447333333334
34,0.5500000000000007,4.053173333333334e-06,0.5500000000000007,-0.0032244253333333335
35,0.5750000000000008,4.641864e-06,0.5750000000000008,-0.0028427346666666667
36,0.6000000000000008,5.339990666666667e-06,0.6000000000000008,-0.002469747333333333
37,0.6250000000000009,6.1954693333333336e-06,0.6250000000000009,-0.0021081666666666666
38,0.6500000000000008,6.999486666666668e-06,0.6500000000000008,-0.0017647093333333333
39,0.6750000000000009,7.694546666666668e-06,0.6750000000000009,-0.0014339679999999999
40,0.7000000000000008,9.973353333333335e-06,0.7000000000000008,-0.0011212246666666666
41,0.7250000000000008,1.2395353333333335e-05,0.7250000000000008,-0.0008231246666666667
42,0.7500000000000009,1.5579986666666668e-05,0.7500000000000009,-0.0006365868
43,0.775000000000001,1.984582e-05,0.775000000000001,-0.000343369
44,0.8000000000000009,2.5526526666666668e-05,0.8000000000000009,-8.664006666666666e-05
45,0.8250000000000008,3.298690666666667e-05,0.8250000000000008,0.00015229913333333333
46,0.850000000000001,4.259083333333334e-05,0.850000000000001,0.00037391893333333336
47,0.8750000000000011,5.472118e-05,0.8750000000000011,0.0005851385333333334
48,0.900000000000001,7.29398e-05,0.900000000000001,0.000702604
49,0.9250000000000009,9.141526666666667e-05,0.9250000000000009,0.0009247293333333333
50,0.9500000000000011,0.0001149222,0.9500000000000011,0.0011353333333333332
51,0.9750000000000012,0.00014356326666666667,0.9750000000000012,0.0013505726666666667
52,1.000000000000001,0.00017823953333333335,1.000000000000001,0.001576542
53,1.025000000000001,0.00022005793333333335,1.025000000000001,0.0018178573333333334
54,1.0500000000000012,0.00027039180000000004,1.0500000000000012,0.002078818666666667
55,1.0750000000000013,0.0003308575333333334,1.0750000000000013,0.0023634853333333334
56,1.1000000000000012,0.0004034108666666667,1.1000000000000012,0.0026753873333333336
57,1.125000000000001,0.0004903622666666668,1.125000000000001,0.003016764666666667
58,1.1500000000000012,0.0005947485333333334,1.1500000000000012,0.003391155333333333
59,1.1750000000000014,0.0008290053333333333,1.1750000000000014,0.003800806666666667
60,1.2000000000000013,0.000968272,1.2000000000000013,0.004248086666666667
61,1.2250000000000012,0.0011502853333333334,1.2250000000000012,0.004736762666666667
62,1.2500000000000013,0.0013708173333333332,1.2500000000000013,0.005268631333333333
63,1.2750000000000015,0.0016335086666666668,1.2750000000000015,0.005847324
