,X4_4R_V_D,X4_4R_J_D,X4_4R_V_L,X4_4R_J_L
0,1.3,0.0033658593333333337,1.3,0.009687346666666668
1,1.2750000000000001,0.003693814,1.2750000000000001,0.009095526666666668
2,1.2500000000000002,0.003642253333333334,1.2500000000000002,0.0084437
3,1.2250000000000003,0.003437498,1.2250000000000003,0.007752066666666667
4,1.2000000000000004,0.003155940666666667,1.2000000000000004,0.007048866666666667
5,1.1750000000000005,0.0028407173333333336,1.1750000000000005,0.006347038
6,1.1500000000000006,0.0025163846666666667,1.1500000000000006,0.005657948666666667
7,1.1250000000000007,0.0021999073333333332,1.1250000000000007,0.0050018833333333335
8,1.1000000000000008,0.0018993046666666666,1.1000000000000008,0.004376494666666666
9,1.0750000000000008,0.0016195426666666666,1.0750000000000008,0.0037789646666666664
10,1.050000000000001,0.0013655386666666667,1.050000000000001,0.003208392
11,1.025000000000001,0.00113786,1.025000000000001,0.0026600813333333335
12,1.000000000000001,0.0009392833333333333,1.000000000000001,0.002131622666666667
13,0.9750000000000012,0.0007654486666666667,0.9750000000000012,0.0016131606666666667
14,0.9500000000000013,0.0005905018000000001,0.9500000000000013,0.0010991766666666669
15,0.9250000000000014,0.00048685373333333333,0.9250000000000014,0.0006239979333333334
16,0.9000000000000015,0.00038994160000000003,0.9000000000000015,0.00010677906666666667
17,0.8750000000000016,0.00030926660000000003,0.8750000000000016,-0.0004802900666666667
18,0.8500000000000016,0.0002443153333333333,0.8500000000000016,-0.000992758
19,0.8250000000000017,0.00019259080000000003,0.8250000000000017,-0.0016059906666666668
20,0.8000000000000018,0.00015184413333333333,0.8000000000000018,-0.0022033993333333336
21,0.7750000000000019,0.00011988606666666668,0.7750000000000019,-0.002805720666666667
22,0.750000000000002,9.498493333333333e-05,0.750000000000002,-0.0034141326666666666
23,0.7250000000000021,7.564046666666667e-05,0.7250000000000021,-0.004030115333333334
24,0.7000000000000022,6.127661333333334e-05,0.7000000000000022,-0.004645702666666667
25,0.6750000000000023,4.9050146666666665e-05,0.6750000000000023,-0.005264471333333334
26,0.6500000000000024,3.9689560000000004e-05,0.6500000000000024,-0.005879659333333334
27,0.6250000000000024,3.242052e-05,0.6250000000000024,-0.006490088666666667
28,0.6000000000000025,2.6672433333333336e-05,0.6000000000000025,-0.00699872
29,0.5750000000000026,2.1956600000000003e-05,0.5750000000000026,-0.007370359999999999
30,0.5500000000000027,1.8206273333333335e-05,0.5500000000000027,-0.00803992
31,0.5250000000000028,1.514866e-05,0.5250000000000028,-0.008649506666666668
32,0.5000000000000029,1.259706e-05,0.5000000000000029,-0.009221993333333333
33,0.475000000000003,1.0471533333333335e-05,0.475000000000003,-0.009764706666666668
34,0.45000000000000306,8.68116e-06,0.45000000000000306,-0.010279033333333333
35,0.42500000000000315,7.1439e-06,0.42500000000000315,-0.010771540000000001
36,0.40000000000000324,6.665291333333333e-06,0.40000000000000324,-0.0112473
37,0.37500000000000333,4.930158666666667e-06,0.37500000000000333,-0.011681980000000002
38,0.3500000000000034,3.870784666666667e-06,0.3500000000000034,-0.012093793333333333
39,0.3250000000000035,2.9743240000000003e-06,0.3250000000000035,-0.012485793333333335
40,0.3000000000000036,2.1873620000000002e-06,0.3000000000000036,-0.012861046666666667
41,0.2750000000000037,1.5155293333333334e-06,0.2750000000000037,-0.01319452
42,0.2500000000000038,9.251713333333333e-07,0.2500000000000038,-0.013514913333333333
43,0.22500000000000386,4.759962e-07,0.22500000000000386,-0.013793133333333332
44,0.20000000000000395,-5.2324239999999996e-08,0.20000000000000395,-0.01408286666666667
45,0.17500000000000404,-4.495884666666667e-07,0.17500000000000404,-0.01434358
46,0.15000000000000413,-7.982940000000001e-07,0.15000000000000413,-0.01458276
47,0.12500000000000422,-1.1068853333333335e-06,0.12500000000000422,-0.014804433333333335
48,0.10000000000000431,-1.364146e-06,0.10000000000000431,-0.015008213333333334
49,0.0750000000000044,-1.5965813333333333e-06,0.0750000000000044,-0.0152078
50,0.050000000000004485,-1.7967180000000002e-06,0.050000000000004485,-0.015376286666666667
51,0.025000000000004574,-1.978314e-06,0.025000000000004574,-0.015535706666666668
52,4.6629367034256575e-15,-2.1462933333333333e-06,4.6629367034256575e-15,-0.015686993333333333
53,-0.024999999999995248,-2.3112740000000003e-06,-0.024999999999995248,-0.015839286666666667
54,-0.04999999999999516,-2.470526e-06,-0.04999999999999516,-0.015962026666666667
55,-0.07499999999999507,-2.633532666666667e-06,-0.07499999999999507,-0.016082153333333335
56,-0.09999999999999498,-2.789928e-06,-0.09999999999999498,-0.016200913333333334
57,-0.12499999999999489,-2.9488233333333336e-06,-0.12499999999999489,-0.016309813333333333
58,-0.1499999999999948,-3.1000613333333337e-06,-0.1499999999999948,-0.01641516
59,-0.17499999999999472,-3.254586e-06,-0.17499999999999472,-0.016513986666666668
60,-0.19999999999999463,-3.3393073333333335e-06,-0.19999999999999463,-0.01659784666666667
61,-0.22499999999999454,-3.5167566666666667e-06,-0.22499999999999454,-0.016695493333333335
62,-0.24999999999999445,-3.650441333333333e-06,-0.24999999999999445,-0.016794040000000003
63,-0.27499999999999436,-3.7732226666666666e-06,-0.27499999999999436,-0.016872973333333336
