,X4_4R_V_D,X4_4R_J_D,X4_4R_V_L,X4_4R_J_L
0,1.3,0.002857934,1.3,0.008869026666666667
1,1.2750000000000001,0.0031466773333333332,1.2750000000000001,0.00826998
2,1.2500000000000002,0.003113636,1.2500000000000002,0.00764026
3,1.2250000000000003,0.0029458593333333335,1.2250000000000003,0.00698728
4,1.2000000000000004,0.002708812,1.2000000000000004,0.00633359
5,1.1750000000000005,0.0024409866666666668,1.1750000000000005,0.005680554000000001
6,1.1500000000000006,0.0021628226666666668,1.1500000000000006,0.005055654
7,1.1250000000000007,0.0018914046666666665,1.1250000000000007,0.004457361333333334
8,1.1000000000000008,0.0016323426666666667,1.1000000000000008,0.0038899233333333336
9,1.0750000000000008,0.0013921500000000002,1.0750000000000008,0.003349982666666667
10,1.050000000000001,0.0011727446666666666,1.050000000000001,0.002835976
11,1.025000000000001,0.00097617,1.025000000000001,0.0023439753333333335
12,1.000000000000001,0.0008051513333333333,1.000000000000001,0.0018695506666666667
13,0.9750000000000012,0.0006262159333333333,0.9750000000000012,0.0014046766666666666
14,0.9500000000000013,0.0005200369333333335,0.9500000000000013,0.0009409813333333334
15,0.9250000000000014,0.00041868133333333333,0.9250000000000014,0.0005074722666666667
16,0.9000000000000015,0.00033330293333333336,0.9000000000000015,2.956332e-05
17,0.8750000000000016,0.0002633478666666667,0.8750000000000016,-0.0004897044
18,0.8500000000000016,0.00020725846666666667,0.8500000000000016,-0.0010138466666666666
19,0.8250000000000017,0.0001627036,0.8250000000000017,-0.0015905073333333335
20,0.8000000000000018,0.0001277476,0.8000000000000018,-0.0021593853333333334
21,0.7750000000000019,0.00010050693333333334,0.7750000000000019,-0.0027370246666666665
22,0.750000000000002,7.922753333333334e-05,0.750000000000002,-0.0033276746666666673
23,0.7250000000000021,6.32761e-05,0.7250000000000021,-0.003925470666666667
24,0.7000000000000022,5.030578e-05,0.7000000000000022,-0.004529938
25,0.6750000000000023,4.0261546666666666e-05,0.6750000000000023,-0.005139660000000001
26,0.6500000000000024,3.2456213333333335e-05,0.6500000000000024,-0.005751316
27,0.6250000000000024,2.635076666666667e-05,0.6250000000000024,-0.006358146666666667
28,0.6000000000000025,2.1467273333333333e-05,0.6000000000000025,-0.006962713333333334
29,0.5750000000000026,1.756382e-05,0.5750000000000026,-0.007251746666666666
30,0.5500000000000027,1.446656e-05,0.5500000000000027,-0.007921073333333334
31,0.5250000000000028,1.194864e-05,0.5250000000000028,-0.008534826666666667
32,0.5000000000000029,9.86006e-06,0.5000000000000029,-0.009113766666666667
33,0.475000000000003,8.117186666666667e-06,0.475000000000003,-0.009664546666666668
34,0.45000000000000306,7.833853333333334e-06,0.45000000000000306,-0.010191293333333334
35,0.42500000000000315,6.4784073333333345e-06,0.42500000000000315,-0.010698913333333334
36,0.40000000000000324,4.759388e-06,0.40000000000000324,-0.011170433333333334
37,0.37500000000000333,3.7224100000000004e-06,0.37500000000000333,-0.01161732
38,0.3500000000000034,2.868372e-06,0.3500000000000034,-0.012041786666666667
39,0.3250000000000035,2.123008e-06,0.3250000000000035,-0.01245182
40,0.3000000000000036,1.4791773333333333e-06,0.3000000000000036,-0.012820340000000001
41,0.2750000000000037,9.308146666666666e-07,0.2750000000000037,-0.01316802
42,0.2500000000000038,4.2974746666666666e-07,0.2500000000000038,-0.013494960000000002
43,0.22500000000000386,7.772566666666667e-08,0.22500000000000386,-0.013779893333333335
44,0.20000000000000395,-3.631674e-07,0.20000000000000395,-0.014074413333333336
45,0.17500000000000404,-6.925873333333333e-07,0.17500000000000404,-0.014338006666666668
46,0.15000000000000413,-9.76146e-07,0.15000000000000413,-0.014584146666666669
47,0.12500000000000422,-1.223536e-06,0.12500000000000422,-0.014809493333333335
48,0.10000000000000431,-1.43549e-06,0.10000000000000431,-0.015026893333333333
49,0.0750000000000044,-1.62312e-06,0.0750000000000044,-0.015212666666666666
50,0.050000000000004485,-1.790026e-06,0.050000000000004485,-0.015385013333333334
51,0.025000000000004574,-1.941302e-06,0.025000000000004574,-0.015551793333333334
52,4.6629367034256575e-15,-2.0665306666666667e-06,4.6629367034256575e-15,-0.01571394
53,-0.024999999999995248,-2.2088593333333336e-06,-0.024999999999995248,-0.015850173333333335
54,-0.04999999999999516,-2.3401620000000003e-06,-0.04999999999999516,-0.015980633333333334
55,-0.07499999999999507,-2.4708673333333336e-06,-0.07499999999999507,-0.016105966666666666
56,-0.09999999999999498,-2.59592e-06,-0.09999999999999498,-0.01621772
57,-0.12499999999999489,-2.7188353333333336e-06,-0.12499999999999489,-0.016330413333333335
58,-0.1499999999999948,-2.8412833333333335e-06,-0.1499999999999948,-0.016433133333333332
59,-0.17499999999999472,-2.966618666666667e-06,-0.17499999999999472,-0.016529973333333333
60,-0.19999999999999463,-3.0598526666666668e-06,-0.19999999999999463,-0.016616073333333335
61,-0.22499999999999454,-3.1837446666666667e-06,-0.22499999999999454,-0.01672326
62,-0.24999999999999445,-3.2937986666666668e-06,-0.24999999999999445,-0.016802253333333333
63,-0.27499999999999436,-3.399624666666667e-06,-0.27499999999999436,-0.016890113333333335
