,X4_4R_V_D,X4_4R_J_D,X4_4R_V_L,X4_4R_J_L
0,1.3,0.0001374810666666667,1.3,0.005736418666666667
1,1.2750000000000001,0.00112677,1.2750000000000001,0.005229360666666667
2,1.2500000000000002,0.0011961613333333334,1.2500000000000002,0.004715378
3,1.2250000000000003,0.0011830713333333333,1.2250000000000003,0.004213166666666667
4,1.2000000000000004,0.001127478,1.2000000000000004,0.003733978666666667
5,1.1750000000000005,0.0010467933333333334,1.1750000000000005,0.0032824013333333335
6,1.1500000000000006,0.0009520646666666667,1.1500000000000006,0.002861844
7,1.1250000000000007,0.0008513373333333333,1.1250000000000007,0.0024726993333333337
8,1.1000000000000008,0.0007497793333333334,1.1000000000000008,0.0021164066666666667
9,1.0750000000000008,0.0006409926666666667,1.0750000000000008,0.0017873060000000002
10,1.050000000000001,0.0005591617333333334,1.050000000000001,0.0014831646666666667
11,1.025000000000001,0.000474654,1.025000000000001,0.001197986
12,1.000000000000001,0.00039679106666666667,1.000000000000001,0.0009247986666666668
13,0.9750000000000012,0.0003270921333333333,0.9750000000000012,0.0006487055333333333
14,0.9500000000000013,0.0002663000666666667,0.9500000000000013,0.0003630054
15,0.9250000000000014,0.00021414873333333337,0.9250000000000014,6.974653333333333e-05
16,0.9000000000000015,0.0001703066,0.9000000000000015,-0.0002464196666666667
17,0.8750000000000016,0.00013395060000000002,0.8750000000000016,-0.0005925798666666667
18,0.8500000000000016,0.00010439773333333333,0.8500000000000016,-0.0009842680000000002
19,0.8250000000000017,8.075640000000001e-05,0.8250000000000017,-0.0014177993333333333
20,0.8000000000000018,6.290786e-05,0.8000000000000018,-0.0018846620000000003
21,0.7750000000000019,4.779312e-05,0.7750000000000019,-0.002388034666666667
22,0.750000000000002,3.631244666666667e-05,0.750000000000002,-0.002926150666666667
23,0.7250000000000021,2.74934e-05,0.7250000000000021,-0.0034954440000000003
24,0.7000000000000022,2.0742606666666666e-05,0.7000000000000022,-0.004089019333333334
25,0.6750000000000023,1.556276e-05,0.6750000000000023,-0.004706266000000001
26,0.6500000000000024,1.1591106666666668e-05,0.6500000000000024,-0.005341436000000001
27,0.6250000000000024,8.558740000000001e-06,0.6250000000000024,-0.005986437333333334
28,0.6000000000000025,8.083313333333333e-06,0.6000000000000025,-0.006635564666666667
29,0.5750000000000026,6.114190666666666e-06,0.5750000000000026,-0.007053846666666666
30,0.5500000000000027,3.846937333333334e-06,0.5500000000000027,-0.007769013333333333
31,0.5250000000000028,2.537306e-06,0.5250000000000028,-0.008438113333333334
32,0.5000000000000029,1.5654053333333336e-06,0.5000000000000029,-0.009078106666666667
33,0.475000000000003,8.065913333333333e-07,0.475000000000003,-0.009696813333333333
34,0.45000000000000306,2.0732266666666667e-07,0.45000000000000306,-0.010287526666666668
35,0.42500000000000315,-2.838235333333333e-07,0.42500000000000315,-0.01085186
36,0.40000000000000324,-6.777733333333334e-07,0.40000000000000324,-0.011384653333333333
37,0.37500000000000333,-1.0053240000000002e-06,0.37500000000000333,-0.011890246666666666
38,0.3500000000000034,-1.2765926666666669e-06,0.3500000000000034,-0.012372246666666666
39,0.3250000000000035,-1.505388e-06,0.3250000000000035,-0.012808026666666666
40,0.3000000000000036,-1.6971580000000001e-06,0.3000000000000036,-0.013216240000000002
41,0.2750000000000037,-1.8406640000000003e-06,0.2750000000000037,-0.013599706666666666
42,0.2500000000000038,-2.0024513333333336e-06,0.2500000000000038,-0.013948186666666666
43,0.22500000000000386,-2.064416666666667e-06,0.22500000000000386,-0.014258853333333335
44,0.20000000000000395,-2.2226413333333333e-06,0.20000000000000395,-0.014568993333333334
45,0.17500000000000404,-2.3193120000000003e-06,0.17500000000000404,-0.014842933333333334
46,0.15000000000000413,-2.3998066666666667e-06,0.15000000000000413,-0.0150991
47,0.12500000000000422,-2.472536666666667e-06,0.12500000000000422,-0.01533144
48,0.10000000000000431,-2.5353873333333333e-06,0.10000000000000431,-0.01554516
49,0.0750000000000044,-2.591e-06,0.0750000000000044,-0.01574048
50,0.050000000000004485,-2.641994666666667e-06,0.050000000000004485,-0.015921200000000003
51,0.025000000000004574,-2.6884413333333336e-06,0.025000000000004574,-0.016096486666666666
52,4.6629367034256575e-15,-2.72961e-06,4.6629367034256575e-15,-0.0162443
53,-0.024999999999995248,-2.7736620000000004e-06,-0.024999999999995248,-0.016382953333333335
54,-0.04999999999999516,-2.8138613333333334e-06,-0.04999999999999516,-0.016511920000000003
55,-0.07499999999999507,-2.8544846666666666e-06,-0.07499999999999507,-0.01664442
56,-0.09999999999999498,-2.89357e-06,-0.09999999999999498,-0.01675408
57,-0.12499999999999489,-2.9341153333333333e-06,-0.12499999999999489,-0.016860633333333333
58,-0.1499999999999948,-2.9745080000000003e-06,-0.1499999999999948,-0.016960926666666667
59,-0.17499999999999472,-3.014920666666667e-06,-0.17499999999999472,-0.01705626
60,-0.19999999999999463,-3.0388886666666666e-06,-0.19999999999999463,-0.01713494
61,-0.22499999999999454,-3.0906353333333336e-06,-0.22499999999999454,-0.017228166666666666
62,-0.24999999999999445,-3.132394e-06,-0.24999999999999445,-0.017308533333333334
63,-0.27499999999999436,-3.174992e-06,-0.27499999999999436,-0.017388293333333336
