,X4_4R_V_D,X4_4R_J_D,X4_4R_V_L,X4_4R_J_L
0,1.3,0.00012324653333333334,1.3,0.004193181333333334
1,1.2750000000000001,0.0004051393333333333,1.2750000000000001,0.0038140946666666673
2,1.2500000000000002,0.0005352493333333334,1.2500000000000002,0.003414537333333333
3,1.2250000000000003,0.0005923024000000001,1.2250000000000003,0.003025242
4,1.2000000000000004,0.0006066612666666667,1.2000000000000004,0.00265773
5,1.1750000000000005,0.0005930984,1.1750000000000005,0.0023167746666666665
6,1.1500000000000006,0.0005610422,1.1500000000000006,0.0020041660000000004
7,1.1250000000000007,0.0005176247333333334,1.1250000000000007,0.0017200573333333333
8,1.1000000000000008,0.00046788233333333335,1.1000000000000008,0.001463618
9,1.0750000000000008,0.00041544360000000003,1.0750000000000008,0.0012312193333333336
10,1.050000000000001,0.0003628476,1.050000000000001,0.0010198873333333333
11,1.025000000000001,0.00031250660000000003,1.025000000000001,0.0008245066666666667
12,1.000000000000001,0.0002655832,1.000000000000001,0.0006275104
13,0.9750000000000012,0.00022287813333333336,0.9750000000000012,0.00044048673333333337
14,0.9500000000000013,0.00018468226666666667,0.9500000000000013,0.0002509702
15,0.9250000000000014,0.00015123586666666668,0.9250000000000014,3.6529140000000005e-05
16,0.9000000000000015,0.0001224346,0.9000000000000015,-0.00022482833333333334
17,0.8750000000000016,9.797493333333333e-05,0.8750000000000016,-0.0005012333333333334
18,0.8500000000000016,7.753106666666667e-05,0.8500000000000016,-0.0008357873333333334
19,0.8250000000000017,6.119214666666667e-05,0.8250000000000017,-0.0012040500000000001
20,0.8000000000000018,4.7210100000000004e-05,0.8000000000000018,-0.0016184453333333334
21,0.7750000000000019,3.624682e-05,0.7750000000000019,-0.0020796693333333333
22,0.750000000000002,2.7577053333333332e-05,0.750000000000002,-0.002586394666666667
23,0.7250000000000021,2.0762926666666665e-05,0.7250000000000021,-0.003134656
24,0.7000000000000022,1.548240666666667e-05,0.7000000000000022,-0.0037185846666666672
25,0.6750000000000023,1.1382846666666668e-05,0.6750000000000023,-0.004335617333333334
26,0.6500000000000024,8.221646666666666e-06,0.6500000000000024,-0.004977692666666667
27,0.6250000000000024,7.612706666666667e-06,0.6250000000000024,-0.0056380246666666665
28,0.6000000000000025,5.620699333333334e-06,0.6000000000000025,-0.006310077333333334
29,0.5750000000000026,3.336522666666667e-06,0.5750000000000026,-0.006984526666666667
30,0.5500000000000027,2.002802e-06,0.5500000000000027,-0.007452246666666667
31,0.5250000000000028,1.012544e-06,0.5250000000000028,-0.008188146666666667
32,0.5000000000000029,2.4761893333333334e-07,0.5000000000000029,-0.00887166
33,0.475000000000003,-3.4954460000000006e-07,0.475000000000003,-0.009527146666666667
34,0.45000000000000306,-7.913873333333334e-07,0.45000000000000306,-0.01015476
35,0.42500000000000315,-1.2103313333333334e-06,0.42500000000000315,-0.01075308
36,0.40000000000000324,-1.5239613333333335e-06,0.40000000000000324,-0.01132084
37,0.37500000000000333,-1.779638e-06,0.37500000000000333,-0.01186284
38,0.3500000000000034,-1.9901460000000002e-06,0.3500000000000034,-0.012360166666666667
39,0.3250000000000035,-2.1667753333333337e-06,0.3250000000000035,-0.012827793333333334
40,0.3000000000000036,-2.311732666666667e-06,0.3000000000000036,-0.013264393333333334
41,0.2750000000000037,-2.436916666666667e-06,0.2750000000000037,-0.013678000000000001
42,0.2500000000000038,-2.5452733333333335e-06,0.2500000000000038,-0.01404858
43,0.22500000000000386,-2.5704513333333335e-06,0.22500000000000386,-0.014378353333333333
44,0.20000000000000395,-2.70263e-06,0.20000000000000395,-0.01470452
45,0.17500000000000404,-2.7756553333333337e-06,0.17500000000000404,-0.015002119999999999
46,0.15000000000000413,-2.839826666666667e-06,0.15000000000000413,-0.015274846666666666
47,0.12500000000000422,-2.8945153333333333e-06,0.12500000000000422,-0.01552408666666667
48,0.10000000000000431,-2.943432e-06,0.10000000000000431,-0.01575218
49,0.0750000000000044,-2.990196e-06,0.0750000000000044,-0.015967293333333334
50,0.050000000000004485,-3.033314666666667e-06,0.050000000000004485,-0.016173053333333336
51,0.025000000000004574,-3.073352e-06,0.025000000000004574,-0.016348653333333334
52,4.6629367034256575e-15,-3.111222e-06,4.6629367034256575e-15,-0.016517673333333333
53,-0.024999999999995248,-3.151596666666667e-06,-0.024999999999995248,-0.016673773333333336
54,-0.04999999999999516,-3.19016e-06,-0.04999999999999516,-0.016811746666666665
55,-0.07499999999999507,-3.229432e-06,-0.07499999999999507,-0.016950820000000002
56,-0.09999999999999498,-3.268289333333333e-06,-0.09999999999999498,-0.01707428
57,-0.12499999999999489,-3.307329333333334e-06,-0.12499999999999489,-0.01719096666666667
58,-0.1499999999999948,-3.3460813333333337e-06,-0.1499999999999948,-0.01729896
59,-0.17499999999999472,-3.3848513333333337e-06,-0.17499999999999472,-0.017399213333333333
60,-0.19999999999999463,-3.400918e-06,-0.19999999999999463,-0.017481653333333336
61,-0.22499999999999454,-3.4530860000000005e-06,-0.22499999999999454,-0.01757294666666667
62,-0.24999999999999445,-3.4925753333333337e-06,-0.24999999999999445,-0.01765454
63,-0.27499999999999436,-3.5334700000000006e-06,-0.27499999999999436,-0.017736513333333336
