,b1_5F_V_D,b1_5F_J_D,b1_5F_V_L,b1_5F_J_L
0,-0.25,-2.002214666666667e-09,-0.25,-1.2794706666666667e-05
1,-0.225,-1.5002840000000002e-09,-0.225,-1.2809413333333333e-05
2,-0.2,-1.1897226666666667e-09,-0.2,-1.2628926666666668e-05
3,-0.17500000000000002,-8.895733333333334e-10,-0.17500000000000002,-1.2502246666666667e-05
4,-0.15000000000000002,-6.2971e-10,-0.15000000000000002,-1.248244e-05
5,-0.12500000000000003,-4.2625240000000004e-10,-0.12500000000000003,-1.2517466666666667e-05
6,-0.10000000000000003,-2.503232666666667e-10,-0.10000000000000003,-1.2454186666666668e-05
7,-0.07500000000000004,-6.029538000000001e-11,-0.07500000000000004,-1.2299693333333332e-05
8,-0.050000000000000044,6.493583333333334e-11,-0.050000000000000044,-1.2124193333333334e-05
9,-0.02500000000000005,2.113180666666667e-10,-0.02500000000000005,-1.1906680000000001e-05
10,-5.551115123125783e-17,5.980905333333334e-10,-5.551115123125783e-17,-1.1732566666666668e-05
11,0.02499999999999991,3.7448793333333335e-10,0.02499999999999991,-1.1433946666666668e-05
12,0.04999999999999993,5.826464666666667e-10,0.04999999999999993,-9.78306e-06
13,0.07499999999999996,6.491228e-10,0.07499999999999996,-9.523593333333334e-07
14,0.09999999999999992,7.411153333333333e-10,0.09999999999999992,-8.948753333333334e-07
15,0.12499999999999989,9.395373333333335e-10,0.12499999999999989,-4.2771340000000006e-07
16,0.1499999999999999,9.361806666666667e-10,0.1499999999999999,-1.4320553333333334e-07
17,0.17499999999999993,1.0597326666666668e-09,0.17499999999999993,-1.283278e-07
18,0.1999999999999999,1.0466386666666667e-09,0.1999999999999999,-1.0335786666666669e-07
19,0.22499999999999987,1.2188733333333334e-09,0.22499999999999987,-1.0732533333333333e-07
20,0.2499999999999999,1.2517760000000002e-09,0.2499999999999999,-1.0870553333333333e-07
21,0.2749999999999999,1.26722e-09,0.2749999999999999,-1.435332e-07
22,0.2999999999999998,1.4598973333333333e-09,0.2999999999999998,-8.02436e-08
23,0.32499999999999984,1.6364413333333335e-09,0.32499999999999984,-8.19952e-08
24,0.34999999999999987,1.5468266666666666e-09,0.34999999999999987,-1.7432726666666669e-07
25,0.3749999999999999,1.659264e-09,0.3749999999999999,-4.881439333333334e-08
26,0.3999999999999999,1.7502206666666665e-09,0.3999999999999999,-5.3720860000000003e-08
27,0.4249999999999998,1.7821060000000001e-09,0.4249999999999998,-3.0485353333333334e-08
28,0.44999999999999984,1.8687e-09,0.44999999999999984,-8.385993333333333e-08
29,0.47499999999999987,1.8804473333333335e-09,0.47499999999999987,-5.787008666666667e-09
30,0.4999999999999998,1.914346e-09,0.4999999999999998,3.145452e-09
31,0.5249999999999998,2.0751153333333334e-09,0.5249999999999998,6.878373333333333e-09
32,0.5499999999999998,2.005302666666667e-09,0.5499999999999998,2.9308146666666665e-08
33,0.5749999999999998,2.0801493333333334e-09,0.5749999999999998,4.890382e-08
34,0.5999999999999999,2.169092666666667e-09,0.5999999999999999,5.36638e-08
35,0.6249999999999998,2.1466053333333335e-09,0.6249999999999998,5.93602e-08
36,0.6499999999999998,2.27381e-09,0.6499999999999998,8.59924e-08
37,0.6749999999999998,2.228499333333333e-09,0.6749999999999998,1.3364306666666668e-07
38,0.6999999999999997,2.1761406666666666e-09,0.6999999999999997,1.9020753333333336e-07
39,0.7249999999999998,2.063703333333333e-09,0.7249999999999998,2.431372e-07
40,0.7499999999999998,2.0029533333333337e-09,0.7499999999999998,2.5623246666666666e-07
41,0.7749999999999997,2.237562e-09,0.7749999999999997,2.721495333333333e-07
42,0.7999999999999998,2.2644126666666666e-09,0.7999999999999998,2.895492666666667e-07
43,0.8249999999999997,2.569168666666667e-09,0.8249999999999997,2.7518453333333334e-07
44,0.8499999999999996,2.3103946666666667e-09,0.8499999999999996,2.553359333333333e-07
45,0.8749999999999998,2.328854e-09,0.8749999999999998,2.155552666666667e-07
46,0.8999999999999997,3.0303286666666667e-09,0.8999999999999997,2.263562e-07
47,0.9249999999999998,2.913528e-09,0.9249999999999998,1.6212640000000003e-07
48,0.9499999999999997,2.665831333333333e-09,0.9499999999999997,1.27359e-07
49,0.9749999999999996,2.5144606666666668e-09,0.9749999999999996,1.0022826666666668e-07
50,0.9999999999999998,2.75981e-09,0.9999999999999998,9.450206666666667e-08
51,1.0249999999999997,3.1115526666666666e-09,1.0249999999999997,1.07869e-07
52,1.0499999999999998,3.0618793333333334e-09,1.0499999999999998,1.5111073333333332e-07
53,1.0749999999999997,3.0457706666666667e-09,1.0749999999999997,1.0167220000000001e-07
54,1.0999999999999996,2.9746146666666667e-09,1.0999999999999996,8.8769e-08
55,1.1249999999999998,3.037713333333333e-09,1.1249999999999998,7.61496e-08
56,1.1499999999999997,3.4646413333333336e-09,1.1499999999999997,6.307291333333333e-08
57,1.1749999999999996,3.645884e-09,1.1749999999999996,6.217977333333334e-08
58,1.1999999999999997,3.8321600000000005e-09,1.1999999999999997,6.772480000000001e-08
59,1.2249999999999996,4.2359293333333335e-09,1.2249999999999996,7.923873333333334e-08
60,1.2499999999999996,4.511484e-09,1.2499999999999996,1.0637746666666667e-07
61,1.2749999999999997,4.9753313333333335e-09,1.2749999999999997,1.1519760000000002e-07
