,b1_5R_V_D,b1_5R_J_D,b1_5R_V_L,b1_5R_J_L
0,1.3,0.015189013333333334,1.3,0.015110726666666668
1,1.2750000000000001,0.014193733333333333,1.2750000000000001,0.01345316
2,1.2500000000000002,0.012826426666666666,1.2500000000000002,0.01177004
3,1.2250000000000003,0.011412753333333334,1.2250000000000003,0.010091613333333334
4,1.2000000000000004,0.010016646666666667,1.2000000000000004,0.008425086666666666
5,1.1750000000000005,0.008662926666666668,1.1750000000000005,0.006774973333333333
6,1.1500000000000006,0.007375340000000001,1.1500000000000006,0.005163268
7,1.1250000000000007,0.006110387333333333,1.1250000000000007,0.0035272673333333333
8,1.1000000000000008,0.004997024,1.1000000000000008,0.0019451186666666668
9,1.0750000000000008,0.003979857333333333,1.0750000000000008,0.000464434
10,1.050000000000001,0.003079726,1.050000000000001,-0.0010389686666666667
11,1.025000000000001,0.002307918666666667,1.025000000000001,-0.0025579073333333335
12,1.000000000000001,0.0016706473333333335,1.000000000000001,-0.0039645286666666665
13,0.9750000000000012,0.0011676386666666667,0.9750000000000012,-0.00529889
14,0.9500000000000013,0.0007910380000000001,0.9500000000000013,-0.006548598666666666
15,0.9250000000000014,0.0005491348,0.9250000000000014,-0.007522259999999999
16,0.9000000000000015,0.00034002260000000003,0.9000000000000015,-0.008707753333333334
17,0.8750000000000016,0.00021502893333333336,0.8750000000000016,-0.009721060000000002
18,0.8500000000000016,0.0001349676,0.8500000000000016,-0.010624426666666667
19,0.8250000000000017,8.43114e-05,0.8250000000000017,-0.011419266666666667
20,0.8000000000000018,5.9409906666666664e-05,0.8000000000000018,-0.012109626666666666
21,0.7750000000000019,3.38837e-05,0.7750000000000019,-0.012706133333333333
22,0.750000000000002,2.0746846666666668e-05,0.750000000000002,-0.013224013333333335
23,0.7250000000000021,1.2716433333333334e-05,0.7250000000000021,-0.013662113333333335
24,0.7000000000000022,7.760333333333334e-06,0.7000000000000022,-0.01403852
25,0.6750000000000023,5.708787333333334e-06,0.6750000000000023,-0.014353973333333336
26,0.6500000000000024,2.952542e-06,0.6500000000000024,-0.01461714
27,0.6250000000000024,1.6808220000000003e-06,0.6250000000000024,-0.014848533333333334
28,0.6000000000000025,9.141980000000001e-07,0.6000000000000025,-0.01505272
29,0.5750000000000026,4.45667e-07,0.5750000000000026,-0.015212406666666668
30,0.5500000000000027,1.6505526666666665e-07,0.5500000000000027,-0.015355513333333334
31,0.5250000000000028,-4.141435333333333e-09,0.5250000000000028,-0.015477193333333333
32,0.5000000000000029,-1.0304693333333334e-07,0.5000000000000029,-0.015582513333333332
33,0.475000000000003,-1.588782e-07,0.475000000000003,-0.015684693333333336
34,0.45000000000000306,-1.8916113333333334e-07,0.45000000000000306,-0.015768633333333334
35,0.42500000000000315,-2.0250593333333332e-07,0.42500000000000315,-0.015843673333333336
36,0.40000000000000324,-2.084132666666667e-07,0.40000000000000324,-0.015910473333333335
37,0.37500000000000333,-2.0874593333333336e-07,0.37500000000000333,-0.015972080000000003
38,0.3500000000000034,-2.055498e-07,0.3500000000000034,-0.016027153333333335
39,0.3250000000000035,-2.0277066666666667e-07,0.3250000000000035,-0.01607688
40,0.3000000000000036,-1.9852106666666666e-07,0.3000000000000036,-0.016123193333333334
41,0.2750000000000037,-1.9448126666666667e-07,0.2750000000000037,-0.01617144666666667
42,0.2500000000000038,-1.908234666666667e-07,0.2500000000000038,-0.016208573333333334
43,0.22500000000000386,-1.5739866666666668e-07,0.22500000000000386,-0.01623538
44,0.20000000000000395,-1.8361373333333333e-07,0.20000000000000395,-0.016278633333333334
45,0.17500000000000404,-1.8194666666666667e-07,0.17500000000000404,-0.01631106
46,0.15000000000000413,-1.7997446666666667e-07,0.15000000000000413,-0.016344053333333334
47,0.12500000000000422,-1.7827380000000001e-07,0.12500000000000422,-0.016373593333333335
48,0.10000000000000431,-1.7673853333333336e-07,0.10000000000000431,-0.01640272
49,0.0750000000000044,-1.747458666666667e-07,0.0750000000000044,-0.0164292
50,0.050000000000004485,-1.7367766666666669e-07,0.050000000000004485,-0.016455246666666666
51,0.025000000000004574,-1.7212066666666667e-07,0.025000000000004574,-0.01648058
52,4.6629367034256575e-15,-1.6715566666666668e-07,4.6629367034256575e-15,-0.01650588
53,-0.024999999999995248,-1.6813593333333334e-07,-0.024999999999995248,-0.0165276
54,-0.04999999999999516,-1.6659840000000002e-07,-0.04999999999999516,-0.016552893333333336
55,-0.07499999999999507,-1.6449693333333334e-07,-0.07499999999999507,-0.01657112
56,-0.09999999999999498,-1.6189926666666668e-07,-0.09999999999999498,-0.016592386666666667
57,-0.12499999999999489,-1.5982826666666668e-07,-0.12499999999999489,-0.01661128666666667
58,-0.1499999999999948,-1.574192e-07,-0.1499999999999948,-0.016632826666666666
59,-0.17499999999999472,-1.551980666666667e-07,-0.17499999999999472,-0.016648326666666668
60,-0.19999999999999463,-1.4718673333333334e-07,-0.19999999999999463,-0.01666286
61,-0.22499999999999454,-1.5033253333333335e-07,-0.22499999999999454,-0.016681966666666666
