,b1_5F_V_D,b1_5F_J_D,b1_5F_V_L,b1_5F_J_L
0,-0.25,-5.963323333333334e-08,-0.25,-0.01653950666666667
1,-0.225,1.0414326666666666e-08,-0.225,-0.016370293333333334
2,-0.2,7.869246666666666e-09,-0.2,-0.01626918
3,-0.17500000000000002,3.064546666666667e-08,-0.17500000000000002,-0.016194893333333335
4,-0.15000000000000002,3.640746666666667e-08,-0.15000000000000002,-0.01613411333333333
5,-0.12500000000000003,4.1714086666666664e-08,-0.12500000000000003,-0.016078746666666668
6,-0.10000000000000003,4.596196e-08,-0.10000000000000003,-0.016026946666666667
7,-0.07500000000000004,4.951146666666667e-08,-0.07500000000000004,-0.01597352
8,-0.050000000000000044,5.3294820000000004e-08,-0.050000000000000044,-0.015922093333333335
9,-0.02500000000000005,5.675506666666667e-08,-0.02500000000000005,-0.015869460000000002
10,-5.551115123125783e-17,5.740708666666667e-08,-5.551115123125783e-17,-0.015819913333333335
11,0.02499999999999991,6.391514e-08,0.02499999999999991,-0.015762493333333332
12,0.04999999999999993,6.778746666666667e-08,0.04999999999999993,-0.015705413333333335
13,0.07499999999999996,7.28236e-08,0.07499999999999996,-0.015647353333333336
14,0.09999999999999992,7.843353333333334e-08,0.09999999999999992,-0.015583706666666669
15,0.12499999999999989,8.4849e-08,0.12499999999999989,-0.015514173333333334
16,0.1499999999999999,9.341053333333334e-08,0.1499999999999999,-0.015443873333333333
17,0.17499999999999993,1.0386633333333333e-07,0.17499999999999993,-0.01536496
18,0.1999999999999999,1.0756646666666666e-07,0.1999999999999999,-0.015276333333333334
19,0.22499999999999987,1.2944906666666666e-07,0.22499999999999987,-0.015175500000000001
20,0.2499999999999999,1.5740920000000001e-07,0.2499999999999999,-0.015069693333333333
21,0.2749999999999999,1.8996840000000002e-07,0.2749999999999999,-0.014948426666666667
22,0.2999999999999998,2.355708e-07,0.2999999999999998,-0.014810773333333334
23,0.32499999999999984,3.025393333333334e-07,0.32499999999999984,-0.014655353333333334
24,0.34999999999999987,4.0050446666666667e-07,0.34999999999999987,-0.014481993333333333
25,0.3749999999999999,5.456534000000001e-07,0.3749999999999999,-0.014287313333333334
26,0.3999999999999999,7.623046666666667e-07,0.3999999999999999,-0.014071213333333334
27,0.4249999999999998,1.0835593333333334e-06,0.4249999999999998,-0.013828833333333335
28,0.44999999999999984,1.564338e-06,0.44999999999999984,-0.013563133333333335
29,0.47499999999999987,2.2746940000000003e-06,0.47499999999999987,-0.013275566666666667
30,0.4999999999999998,3.3255860000000004e-06,0.4999999999999998,-0.0129563
31,0.5249999999999998,4.8801653333333335e-06,0.5249999999999998,-0.012611826666666666
32,0.5499999999999998,6.999373333333334e-06,0.5499999999999998,-0.012230766666666667
33,0.5749999999999998,9.427626666666668e-06,0.5749999999999998,-0.011844760000000001
34,0.5999999999999999,1.4642159999999999e-05,0.5999999999999999,-0.011426680000000002
35,0.6249999999999998,2.1656506666666668e-05,0.6249999999999998,-0.010977693333333333
36,0.6499999999999998,3.189679333333333e-05,0.6499999999999998,-0.0105152
37,0.6749999999999998,4.6795613333333335e-05,0.6749999999999998,-0.010010293333333335
38,0.6999999999999997,6.835573333333334e-05,0.6999999999999997,-0.009493126666666667
39,0.7249999999999998,9.319326666666667e-05,0.7249999999999998,-0.008942160000000001
40,0.7499999999999998,0.00013768406666666669,0.7499999999999998,-0.008368206666666668
41,0.7749999999999997,0.00019781746666666666,0.7749999999999997,-0.007765
42,0.7999999999999998,0.0002808089333333334,0.7999999999999998,-0.007131066666666667
43,0.8249999999999997,0.0003935522,0.8249999999999997,-0.0073961800000000005
44,0.8499999999999996,0.0005441924666666668,0.8499999999999996,-0.0067242
45,0.8749999999999998,0.0007272133333333334,0.8749999999999998,-0.005554246666666667
46,0.8999999999999997,0.0009754546666666667,0.8999999999999997,-0.004617304666666666
47,0.9249999999999998,0.0012875106666666667,0.9249999999999998,-0.0036817546666666665
48,0.9499999999999997,0.0016710733333333335,0.9499999999999997,-0.002692452666666667
49,0.9749999999999996,0.0021355460000000003,0.9749999999999996,-0.0016366206666666666
50,0.9999999999999998,0.002687312,0.9999999999999998,-0.0010695426666666667
51,1.0249999999999997,0.0033290093333333336,1.0249999999999997,0.00014905253333333333
52,1.0499999999999998,0.00407325,1.0499999999999998,0.0013715953333333334
53,1.0749999999999997,0.004923286666666667,1.0749999999999997,0.0029242406666666666
54,1.0999999999999996,0.005884526666666667,1.0999999999999996,0.004481617333333333
55,1.1249999999999998,0.0070361266666666665,1.1249999999999998,0.00610625
56,1.1499999999999997,0.008183153333333333,1.1499999999999997,0.007694913333333333
57,1.1749999999999996,0.009479300000000001,1.1749999999999996,0.00954494
58,1.1999999999999997,0.01089206,1.1999999999999997,0.011445273333333334
59,1.2249999999999996,0.01241812,1.2249999999999996,0.013426013333333335
60,1.2499999999999996,0.014047446666666666,1.2499999999999996,0.015471346666666667
61,1.2749999999999997,0.015772093333333334,1.2749999999999997,0.017586913333333336
