,b1_5R_V_D,b1_5R_J_D,b1_5R_V_L,b1_5R_J_L
0,1.3,0.017917020000000002,1.3,0.017994053333333333
1,1.2750000000000001,0.016503773333333333,1.2750000000000001,0.01586272
2,1.2500000000000002,0.014743899999999999,1.2500000000000002,0.013743386666666668
3,1.2250000000000003,0.01295834,1.2250000000000003,0.011654026666666668
4,1.2000000000000004,0.011228366666666666,1.2000000000000004,0.0096113
5,1.1750000000000005,0.009579353333333334,1.1750000000000005,0.007621193333333334
6,1.1500000000000006,0.00803246,1.1500000000000006,0.005705898666666666
7,1.1250000000000007,0.0065497233333333335,1.1250000000000007,0.0037916200000000003
8,1.1000000000000008,0.005271217333333334,1.1000000000000008,0.0019718013333333336
9,1.0750000000000008,0.004127326666666667,1.0750000000000008,0.00030930153333333333
10,1.050000000000001,0.003137316,1.050000000000001,-0.0013541293333333335
11,1.025000000000001,0.002309806,1.025000000000001,-0.003024038666666667
12,1.000000000000001,0.0016443960000000002,1.000000000000001,-0.0045313260000000005
13,0.9750000000000012,0.0011317393333333335,0.9750000000000012,-0.005927334666666667
14,0.9500000000000013,0.000756714,0.9500000000000013,-0.006966786666666667
15,0.9250000000000014,0.0005177788,0.9250000000000014,-0.008268986666666667
16,0.9000000000000015,0.00031972313333333336,0.9000000000000015,-0.009339440000000001
17,0.8750000000000016,0.00020158206666666666,0.8750000000000016,-0.01026868
18,0.8500000000000016,0.00012641046666666666,0.8500000000000016,-0.011078986666666667
19,0.8250000000000017,7.89546e-05,0.8250000000000017,-0.011766453333333335
20,0.8000000000000018,5.5005000000000006e-05,0.8000000000000018,-0.012353446666666667
21,0.7750000000000019,3.165328666666667e-05,0.7750000000000019,-0.01284836
22,0.750000000000002,1.9468093333333335e-05,0.750000000000002,-0.01326886
23,0.7250000000000021,1.199332e-05,0.7250000000000021,-0.013621460000000002
24,0.7000000000000022,7.371940000000001e-06,0.7000000000000022,-0.013921906666666668
25,0.6750000000000023,5.42267e-06,0.6750000000000023,-0.014173600000000001
26,0.6500000000000024,2.8721246666666665e-06,0.6500000000000024,-0.014387973333333333
27,0.6250000000000024,1.6825540000000002e-06,0.6250000000000024,-0.014567953333333335
28,0.6000000000000025,9.5945e-07,0.6000000000000025,-0.014739513333333334
29,0.5750000000000026,5.113136666666667e-07,0.5750000000000026,-0.014869100000000001
30,0.5500000000000027,2.3966833333333337e-07,0.5500000000000027,-0.014990306666666668
31,0.5250000000000028,7.2263e-08,0.5250000000000028,-0.01509766
32,0.5000000000000029,-3.0776253333333334e-08,0.5000000000000029,-0.015186779999999999
33,0.475000000000003,-9.147373333333334e-08,0.475000000000003,-0.01527496
34,0.45000000000000306,-1.272006e-07,0.45000000000000306,-0.015350820000000001
35,0.42500000000000315,-1.4866933333333334e-07,0.42500000000000315,-0.015417886666666667
36,0.40000000000000324,-1.6003046666666669e-07,0.40000000000000324,-0.015481166666666667
37,0.37500000000000333,-1.6648746666666667e-07,0.37500000000000333,-0.015538093333333333
38,0.3500000000000034,-1.6997466666666667e-07,0.3500000000000034,-0.015587960000000001
39,0.3250000000000035,-1.7072500000000002e-07,0.3250000000000035,-0.015638206666666668
40,0.3000000000000036,-1.7187393333333334e-07,0.3000000000000036,-0.015683693333333335
41,0.2750000000000037,-1.7242146666666665e-07,0.2750000000000037,-0.015730553333333334
42,0.2500000000000038,-1.7190080000000001e-07,0.2500000000000038,-0.015765953333333332
43,0.22500000000000386,-1.4102406666666669e-07,0.22500000000000386,-0.01579614
44,0.20000000000000395,-1.70895e-07,0.20000000000000395,-0.015839040000000002
45,0.17500000000000404,-1.7178886666666667e-07,0.17500000000000404,-0.015873693333333334
46,0.15000000000000413,-1.714882e-07,0.15000000000000413,-0.015907013333333334
47,0.12500000000000422,-1.7055420000000002e-07,0.12500000000000422,-0.015938813333333333
48,0.10000000000000431,-1.705134666666667e-07,0.10000000000000431,-0.01596842
49,0.0750000000000044,-1.69681e-07,0.0750000000000044,-0.015997413333333335
50,0.050000000000004485,-1.6830713333333333e-07,0.050000000000004485,-0.016023826666666668
51,0.025000000000004574,-1.676184e-07,0.025000000000004574,-0.01604882666666667
52,4.6629367034256575e-15,-1.632176e-07,4.6629367034256575e-15,-0.01607426
53,-0.024999999999995248,-1.6473406666666668e-07,-0.024999999999995248,-0.016097933333333335
54,-0.04999999999999516,-1.6301820000000002e-07,-0.04999999999999516,-0.01612228
55,-0.07499999999999507,-1.619432e-07,-0.07499999999999507,-0.016143113333333334
56,-0.09999999999999498,-1.6064466666666668e-07,-0.09999999999999498,-0.016162373333333334
57,-0.12499999999999489,-1.5919740000000001e-07,-0.12499999999999489,-0.016182073333333335
58,-0.1499999999999948,-1.5845566666666668e-07,-0.1499999999999948,-0.016201513333333334
59,-0.17499999999999472,-1.580964e-07,-0.17499999999999472,-0.01622008
60,-0.19999999999999463,-1.5305199999999999e-07,-0.19999999999999463,-0.016234773333333334
61,-0.22499999999999454,-1.5837060000000001e-07,-0.22499999999999454,-0.016253626666666667
