,b1_5R_V_D,b1_5R_J_D,b1_5R_V_L,b1_5R_J_L
0,1.3,0.015291266666666668,1.3,0.015476113333333335
1,1.2750000000000001,0.014246413333333334,1.2750000000000001,0.01374914
2,1.2500000000000002,0.012858726666666667,1.2500000000000002,0.012025073333333334
3,1.2250000000000003,0.011419380000000002,1.2250000000000003,0.01030006
4,1.2000000000000004,0.010020806666666668,1.2000000000000004,0.008586106666666668
5,1.1750000000000005,0.00866272,1.1750000000000005,0.0068954866666666665
6,1.1500000000000006,0.007367879999999999,1.1500000000000006,0.0052400093333333335
7,1.1250000000000007,0.006100970666666667,1.1250000000000007,0.003568568666666667
8,1.1000000000000008,0.004982904,1.1000000000000008,0.0019526073333333335
9,1.0750000000000008,0.003966562666666667,1.0750000000000008,0.00044162573333333336
10,1.050000000000001,0.003065122,1.050000000000001,-0.00109039
11,1.025000000000001,0.002295106,1.025000000000001,-0.0026355573333333333
12,1.000000000000001,0.0016591633333333335,1.000000000000001,-0.004061764666666667
13,0.9750000000000012,0.0011580073333333333,0.9750000000000012,-0.005416666666666667
14,0.9500000000000013,0.0007836046666666667,0.9500000000000013,-0.00668158
15,0.9250000000000014,0.0005440056666666667,0.9250000000000014,-0.007658966666666666
16,0.9000000000000015,0.0003363828666666667,0.9000000000000015,-0.008850733333333333
17,0.8750000000000016,0.00021255453333333333,0.8750000000000016,-0.009869146666666667
18,0.8500000000000016,0.00013366213333333333,0.8500000000000016,-0.010764240000000001
19,0.8250000000000017,8.335093333333334e-05,0.8250000000000017,-0.011545246666666667
20,0.8000000000000018,5.884532e-05,0.8000000000000018,-0.012233173333333335
21,0.7750000000000019,3.356703333333333e-05,0.7750000000000019,-0.012813326666666666
22,0.750000000000002,2.057118666666667e-05,0.750000000000002,-0.013322766666666666
23,0.7250000000000021,1.2620886666666668e-05,0.7250000000000021,-0.013750773333333336
24,0.7000000000000022,7.712053333333335e-06,0.7000000000000022,-0.01411774
25,0.6750000000000023,5.6828300000000004e-06,0.6750000000000023,-0.014422640000000002
26,0.6500000000000024,2.939614e-06,0.6500000000000024,-0.014678206666666669
27,0.6250000000000024,1.7249986666666668e-06,0.6250000000000024,-0.01490344
28,0.6000000000000025,9.14194e-07,0.6000000000000025,-0.0151006
29,0.5750000000000026,4.446129333333334e-07,0.5750000000000026,-0.015256833333333334
30,0.5500000000000027,1.6348613333333334e-07,0.5500000000000027,-0.01539586666666667
31,0.5250000000000028,-4.561030000000001e-09,0.5250000000000028,-0.015513180000000001
32,0.5000000000000029,-1.0483666666666667e-07,0.5000000000000029,-0.015616900000000001
33,0.475000000000003,-1.6083826666666666e-07,0.475000000000003,-0.015713960000000003
34,0.45000000000000306,-1.9140213333333334e-07,0.45000000000000306,-0.015798113333333332
35,0.42500000000000315,-2.0566673333333332e-07,0.42500000000000315,-0.015871253333333335
36,0.40000000000000324,-2.1074213333333335e-07,0.40000000000000324,-0.01593832
37,0.37500000000000333,-2.1126640000000003e-07,0.37500000000000333,-0.015997693333333337
38,0.3500000000000034,-2.0876006666666668e-07,0.3500000000000034,-0.016049006666666667
39,0.3250000000000035,-2.0529826666666668e-07,0.3250000000000035,-0.01609922
40,0.3000000000000036,-2.011162e-07,0.3000000000000036,-0.01614524
41,0.2750000000000037,-1.9654666666666668e-07,0.2750000000000037,-0.016191813333333336
42,0.2500000000000038,-1.9335920000000002e-07,0.2500000000000038,-0.01622484
43,0.22500000000000386,-1.5660326666666668e-07,0.22500000000000386,-0.016253860000000002
44,0.20000000000000395,-1.8580560000000002e-07,0.20000000000000395,-0.01629700666666667
45,0.17500000000000404,-1.843932e-07,0.17500000000000404,-0.016329286666666665
46,0.15000000000000413,-1.823404e-07,0.15000000000000413,-0.016361433333333335
47,0.12500000000000422,-1.806078e-07,0.12500000000000422,-0.016390153333333334
48,0.10000000000000431,-1.7907553333333333e-07,0.10000000000000431,-0.016419406666666667
49,0.0750000000000044,-1.7733113333333335e-07,0.0750000000000044,-0.016446653333333335
50,0.050000000000004485,-1.760482e-07,0.050000000000004485,-0.016472860000000002
51,0.025000000000004574,-1.7453193333333334e-07,0.025000000000004574,-0.01649856666666667
52,4.6629367034256575e-15,-1.6952960000000001e-07,4.6629367034256575e-15,-0.01652278
53,-0.024999999999995248,-1.7067713333333332e-07,-0.024999999999995248,-0.01654598
54,-0.04999999999999516,-1.6889213333333333e-07,-0.04999999999999516,-0.016569413333333335
55,-0.07499999999999507,-1.6673766666666668e-07,-0.07499999999999507,-0.0165887
56,-0.09999999999999498,-1.643974e-07,-0.09999999999999498,-0.016609040000000002
57,-0.12499999999999489,-1.6216340000000002e-07,-0.12499999999999489,-0.01662928
58,-0.1499999999999948,-1.597036e-07,-0.1499999999999948,-0.016649273333333332
59,-0.17499999999999472,-1.5744160000000002e-07,-0.17499999999999472,-0.016666233333333336
60,-0.19999999999999463,-1.4387446666666668e-07,-0.19999999999999463,-0.016680900000000002
61,-0.22499999999999454,-1.52771e-07,-0.22499999999999454,-0.016698573333333334
