,93_5R_V_D,93_5R_J_D,93_5R_V_L,93_5R_J_L
0,1.3,0.012625653333333334,1.3,0.015647366666666666
1,1.2750000000000001,0.012449553333333334,1.2750000000000001,0.014228413333333334
2,1.2500000000000002,0.011450773333333334,1.2500000000000002,0.01259902
3,1.2250000000000003,0.010239166666666667,1.2250000000000003,0.010919893333333335
4,1.2000000000000004,0.00897652,1.2000000000000004,0.009246246666666668
5,1.1750000000000005,0.007728046666666667,1.1750000000000005,0.007601180000000001
6,1.1500000000000006,0.006405325333333333,1.1500000000000006,0.006018757333333334
7,1.1250000000000007,0.00541579,1.1250000000000007,0.004430061333333334
8,1.1000000000000008,0.0044444,1.1000000000000008,0.002918064666666667
9,1.0750000000000008,0.0035785533333333335,1.0750000000000008,0.0014598546666666668
10,1.050000000000001,0.0028436846666666667,1.050000000000001,0.0002557094
11,1.025000000000001,0.0022433833333333334,1.025000000000001,-0.0010754053333333334
12,1.000000000000001,0.001769788,1.000000000000001,-0.0024945460000000003
13,0.9750000000000012,0.0014095540000000001,0.9750000000000012,-0.003774628
14,0.9500000000000013,0.00114362,0.9500000000000013,-0.004976472666666667
15,0.9250000000000014,0.0009498313333333334,0.9250000000000014,-0.006114653333333333
16,0.9000000000000015,0.000809478,0.9000000000000015,-0.006998659999999999
17,0.8750000000000016,0.0007053273333333333,0.8750000000000016,-0.0077983466666666675
18,0.8500000000000016,0.0006266954000000001,0.8500000000000016,-0.008909406666666668
19,0.8250000000000017,0.0005639167333333334,0.8250000000000017,-0.009886813333333334
20,0.8000000000000018,0.0005109621333333334,0.8000000000000018,-0.010787260000000002
21,0.7750000000000019,0.00046620793333333337,0.7750000000000019,-0.011625933333333333
22,0.750000000000002,0.0004260852,0.750000000000002,-0.0124038
23,0.7250000000000021,0.00038775466666666667,0.7250000000000021,-0.013138900000000002
24,0.7000000000000022,0.00035442620000000004,0.7000000000000022,-0.013825166666666666
25,0.6750000000000023,0.0003235854,0.6750000000000023,-0.014469173333333333
26,0.6500000000000024,0.0002937830666666667,0.6500000000000024,-0.015074433333333333
27,0.6250000000000024,0.00026700533333333333,0.6250000000000024,-0.015632653333333336
28,0.6000000000000025,0.00024100266666666668,0.6000000000000025,-0.01617158
29,0.5750000000000026,0.00021766086666666668,0.5750000000000026,-0.01665158666666667
30,0.5500000000000027,0.00019576353333333334,0.5500000000000027,-0.01710454
31,0.5250000000000028,0.00017504686666666667,0.5250000000000028,-0.017521946666666666
32,0.5000000000000029,0.00015587033333333336,0.5000000000000029,-0.017925906666666668
33,0.475000000000003,0.00013754246666666667,0.475000000000003,-0.018273493333333335
34,0.45000000000000306,0.0001224196,0.45000000000000306,-0.018605793333333336
35,0.42500000000000315,0.0001067948,0.42500000000000315,-0.018912886666666667
36,0.40000000000000324,9.358626666666666e-05,0.40000000000000324,-0.01919348666666667
37,0.37500000000000333,8.131173333333334e-05,0.37500000000000333,-0.019453413333333336
38,0.3500000000000034,6.991186666666667e-05,0.3500000000000034,-0.019689086666666668
39,0.3250000000000035,6.096586e-05,0.3250000000000035,-0.01989898
40,0.3000000000000036,5.1214260000000006e-05,0.3000000000000036,-0.020095993333333336
41,0.2750000000000037,4.265410666666667e-05,0.2750000000000037,-0.020279713333333334
42,0.2500000000000038,3.5496940000000005e-05,0.2500000000000038,-0.020447413333333334
43,0.22500000000000386,2.9521313333333337e-05,0.22500000000000386,-0.02057456666666667
44,0.20000000000000395,2.388508e-05,0.20000000000000395,-0.020729653333333334
45,0.17500000000000404,1.9170333333333335e-05,0.17500000000000404,-0.020872593333333335
46,0.15000000000000413,1.500816e-05,0.15000000000000413,-0.02098846
47,0.12500000000000422,1.127728e-05,0.12500000000000422,-0.021106646666666666
48,0.10000000000000431,7.750693333333334e-06,0.10000000000000431,-0.021222253333333333
49,0.0750000000000044,5.118274e-06,0.0750000000000044,-0.021330173333333334
50,0.050000000000004485,1.5739353333333333e-06,0.050000000000004485,-0.02143898
51,0.025000000000004574,-1.4256226666666668e-06,0.025000000000004574,-0.021541346666666666
52,4.6629367034256575e-15,-4.313182666666667e-06,4.6629367034256575e-15,-0.021645813333333333
53,-0.024999999999995248,-7.0007199999999994e-06,-0.024999999999995248,-0.021746333333333333
54,-0.04999999999999516,-9.425146666666668e-06,-0.04999999999999516,-0.021847019999999998
55,-0.07499999999999507,-1.2863893333333335e-05,-0.07499999999999507,-0.021945700000000002
56,-0.09999999999999498,-1.603358e-05,-0.09999999999999498,-0.022045946666666667
57,-0.12499999999999489,-1.9142e-05,-0.12499999999999489,-0.022142686666666668
58,-0.1499999999999948,-2.2289520000000002e-05,-0.1499999999999948,-0.0222462
59,-0.17499999999999472,-2.55636e-05,-0.17499999999999472,-0.022330933333333334
60,-0.19999999999999463,-2.8933593333333334e-05,-0.19999999999999463,-0.022412026666666668
61,-0.22499999999999454,-3.2058693333333336e-05,-0.22499999999999454,-0.02250622
62,-0.24999999999999445,-3.562208666666667e-05,-0.24999999999999445,-0.02259148
63,-0.27499999999999436,-3.927008e-05,-0.27499999999999436,-0.022674073333333336
