,93_5F_V_D,93_5F_J_D,93_5F_V_L,93_5F_J_L
0,-0.3,-2.2559326666666667e-05,-0.3,-0.02418188
1,-0.27499999999999997,-2.0409353333333333e-05,-0.27499999999999997,-0.023972160000000003
2,-0.24999999999999994,-1.832334e-05,-0.24999999999999994,-0.023681013333333334
3,-0.22499999999999992,-1.632858666666667e-05,-0.22499999999999992,-0.023328266666666667
4,-0.1999999999999999,-1.43177e-05,-0.1999999999999999,-0.022952893333333335
5,-0.17499999999999988,-1.2401986666666667e-05,-0.17499999999999988,-0.022575786666666667
6,-0.14999999999999986,-1.0503000000000001e-05,-0.14999999999999986,-0.022220753333333332
7,-0.12499999999999983,-8.64104e-06,-0.12499999999999983,-0.021880833333333332
8,-0.09999999999999981,-6.778146666666667e-06,-0.09999999999999981,-0.021559593333333335
9,-0.07499999999999979,-5.085199333333333e-06,-0.07499999999999979,-0.021251986666666667
10,-0.04999999999999977,-3.1196986666666666e-06,-0.04999999999999977,-0.02095044
11,-0.024999999999999745,-1.264274e-06,-0.024999999999999745,-0.020659160000000003
12,2.7755575615628914e-16,5.639235333333334e-07,2.7755575615628914e-16,-0.020381893333333335
13,0.0250000000000003,2.453878666666667e-06,0.0250000000000003,-0.020086453333333334
14,0.05000000000000032,4.354833333333334e-06,0.05000000000000032,-0.019803966666666666
15,0.07500000000000034,6.321087333333333e-06,0.07500000000000034,-0.0195203
16,0.10000000000000037,8.153326666666666e-06,0.10000000000000037,-0.019216200000000003
17,0.1250000000000004,1.056996e-05,0.1250000000000004,-0.01893226666666667
18,0.1500000000000004,1.3061746666666666e-05,0.1500000000000004,-0.01862403333333333
19,0.17500000000000043,1.5869853333333337e-05,0.17500000000000043,-0.018307613333333334
20,0.20000000000000046,1.9103453333333336e-05,0.20000000000000046,-0.017989893333333336
21,0.22500000000000048,2.288186666666667e-05,0.22500000000000048,-0.01763304
22,0.2500000000000005,2.7136953333333336e-05,0.2500000000000005,-0.01728034
23,0.2750000000000005,3.211248e-05,0.2750000000000005,-0.016909606666666667
24,0.30000000000000054,3.763811333333333e-05,0.30000000000000054,-0.01650436
25,0.32500000000000057,4.380927333333334e-05,0.32500000000000057,-0.01608598666666667
26,0.3500000000000006,5.0512233333333334e-05,0.3500000000000006,-0.015655846666666667
27,0.3750000000000006,5.799318e-05,0.3750000000000006,-0.015206106666666667
28,0.40000000000000063,6.596528666666666e-05,0.40000000000000063,-0.014727560000000002
29,0.42500000000000066,7.531426666666667e-05,0.42500000000000066,-0.014216766666666669
30,0.4500000000000007,8.612173333333333e-05,0.4500000000000007,-0.013708566666666668
31,0.4750000000000007,9.672640000000001e-05,0.4750000000000007,-0.013171233333333334
32,0.5000000000000007,0.00010865026666666668,0.5000000000000007,-0.012615613333333334
33,0.5250000000000008,0.00012139813333333334,0.5250000000000008,-0.012043113333333334
34,0.5500000000000007,0.00013566886666666666,0.5500000000000007,-0.011433700000000002
35,0.5750000000000008,0.0001504358,0.5750000000000008,-0.010815313333333333
36,0.6000000000000008,0.00016657533333333334,0.6000000000000008,-0.010178846666666666
37,0.6250000000000009,0.00018522066666666666,0.6250000000000009,-0.009520326666666667
38,0.6500000000000008,0.00020415833333333334,0.6500000000000008,-0.00884932
39,0.6750000000000009,0.00022565680000000002,0.6750000000000009,-0.0081645
40,0.7000000000000008,0.0002502594666666667,0.7000000000000008,-0.007469900000000001
41,0.7250000000000008,0.0002789111333333333,0.7250000000000008,-0.006758973333333335
42,0.7500000000000009,0.0003118943333333334,0.7500000000000009,-0.0066487180000000005
43,0.775000000000001,0.0003510870666666667,0.775000000000001,-0.005617027333333333
44,0.8000000000000009,0.0004170715333333333,0.8000000000000009,-0.004772432666666666
45,0.8250000000000008,0.0004787959333333333,0.8250000000000008,-0.003967072666666667
46,0.850000000000001,0.00054939,0.850000000000001,-0.0031633046666666668
47,0.8750000000000011,0.000643467,0.8750000000000011,-0.002358886
48,0.900000000000001,0.0008108086666666667,0.900000000000001,-0.0015483193333333334
49,0.9250000000000009,0.0009463880000000002,0.9250000000000009,-0.0007281546666666667
50,0.9500000000000011,0.0011310126666666668,0.9500000000000011,-0.00020150959999999999
51,0.9750000000000012,0.0013738586666666667,0.9750000000000012,0.0006999766666666667
52,1.000000000000001,0.0016758293333333334,1.000000000000001,0.0013661113333333333
53,1.025000000000001,0.0020491786666666668,1.025000000000001,0.002380468666666667
54,1.0500000000000012,0.0024964593333333335,1.0500000000000012,0.003355656
55,1.0750000000000013,0.0030338866666666667,1.0750000000000013,0.0043574473333333336
56,1.1000000000000012,0.0036568639999999997,1.1000000000000012,0.005380828
57,1.125000000000001,0.00437561,1.125000000000001,0.006453716
58,1.1500000000000012,0.005186307333333333,1.1500000000000012,0.00748596
59,1.1750000000000014,0.006100311333333334,1.1750000000000014,0.008709853333333333
60,1.2000000000000013,0.007569333333333333,1.2000000000000013,0.009994666666666667
61,1.2250000000000012,0.008531700000000001,1.2250000000000012,0.011365140000000001
62,1.2500000000000013,0.00972672,1.2500000000000013,0.012835173333333335
63,1.2750000000000015,0.011078066666666667,1.2750000000000015,0.014407439999999999
