,93_5R_V_D,93_5R_J_D,93_5R_V_L,93_5R_J_L
0,1.3,0.019857506666666667,1.3,0.026342026666666667
1,1.2750000000000001,0.019004933333333335,1.2750000000000001,0.02431912
2,1.2500000000000002,0.017444086666666667,1.2500000000000002,0.02208904
3,1.2250000000000003,0.01574052,1.2250000000000003,0.019844633333333334
4,1.2000000000000004,0.014038726666666668,1.2000000000000004,0.017650833333333334
5,1.1750000000000005,0.012389166666666666,1.1750000000000005,0.015525086666666668
6,1.1500000000000006,0.010829946666666666,1.1500000000000006,0.013477446666666667
7,1.1250000000000007,0.009363406666666668,1.1250000000000007,0.01150714
8,1.1000000000000008,0.00801106,1.1000000000000008,0.009620953333333335
9,1.0750000000000008,0.006773786666666667,1.0750000000000008,0.007798146666666667
10,1.050000000000001,0.005573254000000001,1.050000000000001,0.0060724666666666675
11,1.025000000000001,0.004621170000000001,1.025000000000001,0.004304003333333334
12,1.000000000000001,0.003775662,1.000000000000001,0.0026410733333333334
13,0.9750000000000012,0.0030523726666666666,0.9750000000000012,0.0010295913333333334
14,0.9500000000000013,0.0024493753333333338,0.9500000000000013,-0.0004179746666666667
15,0.9250000000000014,0.001957916,0.9250000000000014,-0.0019339053333333332
16,0.9000000000000015,0.0015674073333333334,0.9000000000000015,-0.0035197153333333337
17,0.8750000000000016,0.0012618153333333335,0.8750000000000016,-0.004983101333333333
18,0.8500000000000016,0.0010252353333333334,0.8500000000000016,-0.0063768646666666675
19,0.8250000000000017,0.0008429026666666666,0.8250000000000017,-0.007428186666666668
20,0.8000000000000018,0.000702342,0.8000000000000018,-0.008821433333333333
21,0.7750000000000019,0.0005909063333333334,0.7750000000000019,-0.01005352
22,0.750000000000002,0.0005044080666666667,0.750000000000002,-0.01118444
23,0.7250000000000021,0.00043815,0.7250000000000021,-0.012224993333333333
24,0.7000000000000022,0.00038421113333333333,0.7000000000000022,-0.013183393333333335
25,0.6750000000000023,0.0003381903333333333,0.6750000000000023,-0.014064913333333333
26,0.6500000000000024,0.00030336693333333337,0.6500000000000024,-0.014868733333333335
27,0.6250000000000024,0.00027230153333333336,0.6250000000000024,-0.015598686666666669
28,0.6000000000000025,0.000245073,0.6000000000000025,-0.016269360000000004
29,0.5750000000000026,0.0002214824,0.5750000000000026,-0.016885273333333332
30,0.5500000000000027,0.0001992052,0.5500000000000027,-0.0174298
31,0.5250000000000028,0.00017941933333333335,0.5250000000000028,-0.01792936
32,0.5000000000000029,0.00016320793333333335,0.5000000000000029,-0.018384206666666666
33,0.475000000000003,0.00014626606666666667,0.475000000000003,-0.018795973333333334
34,0.45000000000000306,0.00013119933333333335,0.45000000000000306,-0.019187033333333336
35,0.42500000000000315,0.00011836420000000001,0.42500000000000315,-0.019541853333333335
36,0.40000000000000324,0.00010666253333333334,0.40000000000000324,-0.01986166666666667
37,0.37500000000000333,9.404053333333334e-05,0.37500000000000333,-0.02016074
38,0.3500000000000034,8.367633333333334e-05,0.3500000000000034,-0.020435426666666666
39,0.3250000000000035,7.331386666666668e-05,0.3250000000000035,-0.02068802
40,0.3000000000000036,6.255406e-05,0.3000000000000036,-0.0209143
41,0.2750000000000037,5.408720666666667e-05,0.2750000000000037,-0.021125613333333335
42,0.2500000000000038,4.659011333333333e-05,0.2500000000000038,-0.021325193333333336
43,0.22500000000000386,3.995017333333334e-05,0.22500000000000386,-0.02147596666666667
44,0.20000000000000395,3.3625873333333335e-05,0.20000000000000395,-0.021646513333333332
45,0.17500000000000404,2.817116666666667e-05,0.17500000000000404,-0.0217898
46,0.15000000000000413,2.2936553333333334e-05,0.15000000000000413,-0.021923513333333332
47,0.12500000000000422,1.7933973333333334e-05,0.12500000000000422,-0.022044633333333334
48,0.10000000000000431,1.3273546666666668e-05,0.10000000000000431,-0.02215166
49,0.0750000000000044,8.722966666666668e-06,0.0750000000000044,-0.022252786666666666
50,0.050000000000004485,4.593664666666667e-06,0.050000000000004485,-0.022344140000000002
51,0.025000000000004574,1.4521433333333335e-08,0.025000000000004574,-0.022427480000000003
52,4.6629367034256575e-15,-4.32038e-06,4.6629367034256575e-15,-0.02250382
53,-0.024999999999995248,-8.233953333333334e-06,-0.024999999999995248,-0.022575553333333335
54,-0.04999999999999516,-1.2723373333333335e-05,-0.04999999999999516,-0.022641933333333336
55,-0.07499999999999507,-1.6953213333333334e-05,-0.07499999999999507,-0.022709153333333332
56,-0.09999999999999498,-2.1227106666666668e-05,-0.09999999999999498,-0.022761986666666668
57,-0.12499999999999489,-2.534458666666667e-05,-0.12499999999999489,-0.022817900000000002
58,-0.1499999999999948,-2.947752e-05,-0.1499999999999948,-0.022871273333333334
59,-0.17499999999999472,-3.400548e-05,-0.17499999999999472,-0.022918686666666667
60,-0.19999999999999463,-3.827663333333333e-05,-0.19999999999999463,-0.022964726666666668
61,-0.22499999999999454,-4.277391333333333e-05,-0.22499999999999454,-0.023018006666666667
62,-0.24999999999999445,-4.716305333333334e-05,-0.24999999999999445,-0.02306215333333333
63,-0.27499999999999436,-5.208036e-05,-0.27499999999999436,-0.023110746666666668
