,93_5R_V_D,93_5R_J_D,93_5R_V_L,93_5R_J_L
0,1.3,0.01059088,1.3,0.014701673333333335
1,1.2750000000000001,0.01080266,1.2750000000000001,0.01332464
2,1.2500000000000002,0.010115826666666666,1.2500000000000002,0.011797126666666666
3,1.2250000000000003,0.009122533333333334,1.2250000000000003,0.010218446666666667
4,1.2000000000000004,0.00803428,1.2000000000000004,0.008640160000000001
5,1.1750000000000005,0.0069289799999999995,1.1750000000000005,0.00708194
6,1.1500000000000006,0.005722823333333334,1.1500000000000006,0.005590116666666666
7,1.1250000000000007,0.00487043,1.1250000000000007,0.004080258
8,1.1000000000000008,0.004002350666666666,1.1000000000000008,0.0026451686666666666
9,1.0750000000000008,0.00323156,1.0750000000000008,0.0012646726666666669
10,1.050000000000001,0.0025801453333333334,1.050000000000001,0.00018597893333333334
11,1.025000000000001,0.0020511406666666667,1.025000000000001,-0.001057518
12,1.000000000000001,0.001636604,1.000000000000001,-0.002414804
13,0.9750000000000012,0.001323844,0.9750000000000012,-0.003634251333333334
14,0.9500000000000013,0.0010913040000000002,0.9500000000000013,-0.004777743333333333
15,0.9250000000000014,0.0009209306666666667,0.9250000000000014,-0.005860689333333334
16,0.9000000000000015,0.0007948686666666668,0.9000000000000015,-0.006886193333333333
17,0.8750000000000016,0.0007002513333333333,0.8750000000000016,-0.007402453333333334
18,0.8500000000000016,0.0006267566,0.8500000000000016,-0.008489393333333334
19,0.8250000000000017,0.0005646642000000001,0.8250000000000017,-0.009450653333333333
20,0.8000000000000018,0.0005132602,0.8000000000000018,-0.010339013333333332
21,0.7750000000000019,0.00046749706666666664,0.7750000000000019,-0.011167586666666668
22,0.750000000000002,0.0004261424666666667,0.750000000000002,-0.011944486666666667
23,0.7250000000000021,0.0003883726,0.7250000000000021,-0.012677653333333334
24,0.7000000000000022,0.000353395,0.7000000000000022,-0.013364753333333333
25,0.6750000000000023,0.0003209292666666667,0.6750000000000023,-0.01401546
26,0.6500000000000024,0.00029024620000000004,0.6500000000000024,-0.014624293333333333
27,0.6250000000000024,0.0002623120666666667,0.6250000000000024,-0.015190526666666669
28,0.6000000000000025,0.0002352798,0.6000000000000025,-0.01573900666666667
29,0.5750000000000026,0.00021116260000000002,0.5750000000000026,-0.016230026666666668
30,0.5500000000000027,0.00018864893333333334,0.5500000000000027,-0.016696793333333335
31,0.5250000000000028,0.00016718940000000002,0.5250000000000028,-0.01712748
32,0.5000000000000029,0.00014791073333333333,0.5000000000000029,-0.01752562666666667
33,0.475000000000003,0.00012988746666666668,0.475000000000003,-0.017903973333333337
34,0.45000000000000306,0.00011344806666666668,0.45000000000000306,-0.018250926666666667
35,0.42500000000000315,9.815546666666667e-05,0.42500000000000315,-0.018572193333333334
36,0.40000000000000324,8.472713333333334e-05,0.40000000000000324,-0.018869173333333333
37,0.37500000000000333,7.26568e-05,0.37500000000000333,-0.019142686666666665
38,0.3500000000000034,6.306871333333335e-05,0.3500000000000034,-0.019394006666666668
39,0.3250000000000035,5.2337459999999995e-05,0.3250000000000035,-0.019626280000000003
40,0.3000000000000036,4.349988666666667e-05,0.3000000000000036,-0.019841346666666666
41,0.2750000000000037,3.584682e-05,0.2750000000000037,-0.0200514
42,0.2500000000000038,2.932764666666667e-05,0.2500000000000038,-0.020228133333333332
43,0.22500000000000386,2.4016093333333333e-05,0.22500000000000386,-0.020379893333333333
44,0.20000000000000395,1.9081273333333332e-05,0.20000000000000395,-0.020559373333333335
45,0.17500000000000404,1.4751033333333333e-05,0.17500000000000404,-0.02070362666666667
46,0.15000000000000413,1.1185513333333334e-05,0.15000000000000413,-0.020852186666666668
47,0.12500000000000422,8.028306666666667e-06,0.12500000000000422,-0.020993313333333336
48,0.10000000000000431,5.893476666666667e-06,0.10000000000000431,-0.02112845333333333
49,0.0750000000000044,2.7720853333333335e-06,0.0750000000000044,-0.02125682
50,0.050000000000004485,2.860412e-07,0.050000000000004485,-0.021382593333333335
51,0.025000000000004574,-2.036354666666667e-06,0.025000000000004574,-0.021503806666666667
52,4.6629367034256575e-15,-4.249585333333334e-06,4.6629367034256575e-15,-0.021623973333333334
53,-0.024999999999995248,-6.521100666666667e-06,-0.024999999999995248,-0.021739493333333335
54,-0.04999999999999516,-7.831546666666667e-06,-0.04999999999999516,-0.021860726666666667
55,-0.07499999999999507,-1.0511633333333335e-05,-0.07499999999999507,-0.02196342
56,-0.09999999999999498,-1.2870533333333335e-05,-0.09999999999999498,-0.02207474666666667
57,-0.12499999999999489,-1.5262613333333334e-05,-0.12499999999999489,-0.022182773333333336
58,-0.1499999999999948,-1.760748666666667e-05,-0.1499999999999948,-0.022294933333333336
59,-0.17499999999999472,-1.9840426666666668e-05,-0.17499999999999472,-0.022385993333333336
60,-0.19999999999999463,-2.2479953333333336e-05,-0.19999999999999463,-0.022474440000000002
61,-0.22499999999999454,-2.5267486666666666e-05,-0.22499999999999454,-0.022570606666666666
62,-0.24999999999999445,-2.8087033333333334e-05,-0.24999999999999445,-0.022662913333333333
63,-0.27499999999999436,-3.120682666666667e-05,-0.27499999999999436,-0.022750040000000003
