,93_5F_V_D,93_5F_J_D,93_5F_V_L,93_5F_J_L
0,-0.3,-1.6727393333333332e-05,-0.3,-0.024096493333333333
1,-0.27499999999999997,-1.3855086666666669e-05,-0.27499999999999997,-0.02396674
2,-0.24999999999999994,-1.1921053333333333e-05,-0.24999999999999994,-0.023825286666666667
3,-0.22499999999999992,-1.0194393333333334e-05,-0.22499999999999992,-0.02365586
4,-0.1999999999999999,-8.69652e-06,-0.1999999999999999,-0.023441666666666666
5,-0.17499999999999988,-7.192893333333334e-06,-0.17499999999999988,-0.023177553333333333
6,-0.14999999999999986,-6.277169333333334e-06,-0.14999999999999986,-0.02286722
7,-0.12499999999999983,-4.634788666666667e-06,-0.12499999999999983,-0.02250552
8,-0.09999999999999981,-3.3860813333333337e-06,-0.09999999999999981,-0.022114246666666667
9,-0.07499999999999979,-2.208686e-06,-0.07499999999999979,-0.021692
10,-0.04999999999999977,-1.0534213333333334e-06,-0.04999999999999977,-0.02124332
11,-0.024999999999999745,9.026160000000001e-08,-0.024999999999999745,-0.020774353333333336
12,2.7755575615628914e-16,1.17438e-06,2.7755575615628914e-16,-0.020309246666666666
13,0.0250000000000003,2.385054e-06,0.0250000000000003,-0.019823566666666667
14,0.05000000000000032,3.594036e-06,0.05000000000000032,-0.01933354
15,0.07500000000000034,4.874094e-06,0.07500000000000034,-0.018846926666666666
16,0.10000000000000037,6.309659333333333e-06,0.10000000000000037,-0.018340393333333337
17,0.1250000000000004,6.9839999999999995e-06,0.1250000000000004,-0.017844106666666668
18,0.1500000000000004,9.452160000000001e-06,0.1500000000000004,-0.017338913333333334
19,0.17500000000000043,1.1516233333333335e-05,0.17500000000000043,-0.01683716
20,0.20000000000000046,1.41098e-05,0.20000000000000046,-0.016332773333333335
21,0.22500000000000048,1.6898506666666667e-05,0.22500000000000048,-0.015826333333333335
22,0.2500000000000005,2.028734666666667e-05,0.2500000000000005,-0.015332546666666667
23,0.2750000000000005,2.4081666666666667e-05,0.2750000000000005,-0.014830646666666667
24,0.30000000000000054,2.8373986666666668e-05,0.30000000000000054,-0.014310173333333336
25,0.32500000000000057,3.3266193333333334e-05,0.32500000000000057,-0.013816213333333334
26,0.3500000000000006,3.8909113333333335e-05,0.3500000000000006,-0.013306973333333335
27,0.3750000000000006,4.513234666666667e-05,0.3750000000000006,-0.01279388
28,0.40000000000000063,5.3013040000000005e-05,0.40000000000000063,-0.01227898
29,0.42500000000000066,6.167349333333334e-05,0.42500000000000066,-0.011758533333333333
30,0.4500000000000007,7.221553333333333e-05,0.4500000000000007,-0.01123334
31,0.4750000000000007,8.500626666666667e-05,0.4750000000000007,-0.010705586666666668
32,0.5000000000000007,9.882346666666667e-05,0.5000000000000007,-0.010159920000000001
33,0.5250000000000008,0.00011496173333333335,0.5250000000000008,-0.009610113333333333
34,0.5500000000000007,0.00013205013333333334,0.5500000000000007,-0.009050260000000001
35,0.5750000000000008,0.00015196140000000002,0.5750000000000008,-0.00848754
36,0.6000000000000008,0.0001737512,0.6000000000000008,-0.007911106666666667
37,0.6250000000000009,0.00019758126666666667,0.6250000000000009,-0.007315866666666667
38,0.6500000000000008,0.00022384673333333336,0.6500000000000008,-0.006732440000000001
39,0.6750000000000009,0.00025321686666666666,0.6750000000000009,-0.006807226666666667
40,0.7000000000000008,0.0002861038,0.7000000000000008,-0.005860871333333333
41,0.7250000000000008,0.00032055360000000005,0.7250000000000008,-0.0051445
42,0.7500000000000009,0.00035835786666666667,0.7500000000000009,-0.004472039333333334
43,0.775000000000001,0.0003997694666666667,0.775000000000001,-0.003808893333333333
44,0.8000000000000009,0.00044537326666666666,0.8000000000000009,-0.00315431
45,0.8250000000000008,0.0004973189333333333,0.8250000000000008,-0.002503906
46,0.850000000000001,0.0005550758666666667,0.850000000000001,-0.0018590586666666668
47,0.8750000000000011,0.0006213722666666667,0.8750000000000011,-0.0012116566666666667
48,0.900000000000001,0.0006942573333333334,0.900000000000001,-0.0014394266666666667
49,0.9250000000000009,0.0007894053333333333,0.9250000000000009,-0.0011287186666666667
50,0.9500000000000011,0.0008913153333333333,0.9500000000000011,-0.00040577900000000005
51,0.9750000000000012,0.0010120646666666668,0.9750000000000012,0.0005138209333333334
52,1.000000000000001,0.001163102,1.000000000000001,0.0009780300000000002
53,1.025000000000001,0.0013460906666666668,1.025000000000001,0.0018982746666666667
54,1.0500000000000012,0.0015768813333333334,1.0500000000000012,0.0027546000000000003
55,1.0750000000000013,0.0018563466666666668,1.0750000000000013,0.003605358666666667
56,1.1000000000000012,0.0022093853333333335,1.1000000000000012,0.004468678
57,1.125000000000001,0.0026416493333333334,1.125000000000001,0.005363903333333334
58,1.1500000000000012,0.0031672813333333332,1.1500000000000012,0.006298379333333334
59,1.1750000000000014,0.00378824,1.1750000000000014,0.007098706666666667
60,1.2000000000000013,0.0045367106666666665,1.2000000000000013,0.008235540000000001
61,1.2250000000000012,0.0053991253333333334,1.2250000000000012,0.009411793333333333
62,1.2500000000000013,0.0063897653333333335,1.2500000000000013,0.010662553333333333
63,1.2750000000000015,0.008436933333333334,1.2750000000000015,0.01200044
