,93_5F_V_D,93_5F_J_D,93_5F_V_L,93_5F_J_L
0,-0.3,-7.05056e-05,-0.3,-0.02419444
1,-0.27499999999999997,-6.743506666666667e-05,-0.27499999999999997,-0.023794
2,-0.24999999999999994,-6.20107e-05,-0.24999999999999994,-0.02336838
3,-0.22499999999999992,-5.5447180000000005e-05,-0.22499999999999992,-0.022985073333333335
4,-0.1999999999999999,-4.850056e-05,-0.1999999999999999,-0.022637966666666665
5,-0.17499999999999988,-4.170334666666667e-05,-0.17499999999999988,-0.02230534
6,-0.14999999999999986,-3.506717333333334e-05,-0.14999999999999986,-0.022007313333333334
7,-0.12499999999999983,-2.8680300000000004e-05,-0.12499999999999983,-0.021727493333333334
8,-0.09999999999999981,-2.2452166666666665e-05,-0.09999999999999981,-0.021464900000000002
9,-0.07499999999999979,-1.639264666666667e-05,-0.07499999999999979,-0.021213466666666667
10,-0.04999999999999977,-1.0451766666666667e-05,-0.04999999999999977,-0.020970413333333337
11,-0.024999999999999745,-4.649513333333334e-06,-0.024999999999999745,-0.020730086666666668
12,2.7755575615628914e-16,1.2208373333333333e-06,2.7755575615628914e-16,-0.020502113333333336
13,0.0250000000000003,6.9839466666666664e-06,0.0250000000000003,-0.020260813333333336
14,0.05000000000000032,1.264522e-05,0.05000000000000032,-0.020014940000000002
15,0.07500000000000034,1.870548e-05,0.07500000000000034,-0.01976476666666667
16,0.10000000000000037,2.4735113333333335e-05,0.10000000000000037,-0.019523126666666668
17,0.1250000000000004,3.099532666666667e-05,0.1250000000000004,-0.019265413333333332
18,0.1500000000000004,3.750083333333333e-05,0.1500000000000004,-0.018992826666666667
19,0.17500000000000043,4.446354666666667e-05,0.17500000000000043,-0.018710726666666667
20,0.20000000000000046,5.175672e-05,0.20000000000000046,-0.018407046666666666
21,0.22500000000000048,6.002066e-05,0.22500000000000048,-0.018086653333333334
22,0.2500000000000005,6.8727e-05,0.2500000000000005,-0.01776416
23,0.2750000000000005,8.00518e-05,0.2750000000000005,-0.017405773333333333
24,0.30000000000000054,9.110733333333333e-05,0.30000000000000054,-0.01703016
25,0.32500000000000057,0.00010253813333333335,0.32500000000000057,-0.016631899999999998
26,0.3500000000000006,0.0001147678,0.3500000000000006,-0.01621164666666667
27,0.3750000000000006,0.00012835753333333334,0.3750000000000006,-0.015761973333333335
28,0.40000000000000063,0.0001433138,0.40000000000000063,-0.015267706666666665
29,0.42500000000000066,0.00015892126666666669,0.42500000000000066,-0.014769033333333334
30,0.4500000000000007,0.00017671526666666667,0.4500000000000007,-0.014229480000000001
31,0.4750000000000007,0.00019613433333333334,0.4750000000000007,-0.013659686666666667
32,0.5000000000000007,0.00021713973333333336,0.5000000000000007,-0.013036966666666667
33,0.5250000000000008,0.00024133346666666667,0.5250000000000008,-0.012387166666666668
34,0.5500000000000007,0.00026804933333333334,0.5500000000000007,-0.011717673333333335
35,0.5750000000000008,0.0002990948,0.5750000000000008,-0.01099602
36,0.6000000000000008,0.0003348218666666667,0.6000000000000008,-0.01023834
37,0.6250000000000009,0.00037634453333333336,0.6250000000000009,-0.00945078
38,0.6500000000000008,0.0004267967333333334,0.6500000000000008,-0.008617526666666667
39,0.6750000000000009,0.0004889766000000001,0.6750000000000009,-0.007738926666666667
40,0.7000000000000008,0.0005662603333333333,0.7000000000000008,-0.006814686666666667
41,0.7250000000000008,0.0006659606666666667,0.7250000000000008,-0.006492904
42,0.7500000000000009,0.0008527613333333334,0.7500000000000009,-0.005146524
43,0.775000000000001,0.0010030080000000001,0.775000000000001,-0.003964311333333334
44,0.8000000000000009,0.0012148013333333333,0.8000000000000009,-0.002774564
45,0.8250000000000008,0.0014949806666666667,0.8250000000000008,-0.0015442753333333335
46,0.850000000000001,0.0018579040000000003,0.850000000000001,-0.0010883446666666667
47,0.8750000000000011,0.002318104666666667,0.8750000000000011,0.00026783046666666667
48,0.900000000000001,0.0028916640000000004,0.900000000000001,0.0015426253333333333
49,0.9250000000000009,0.0035939653333333333,0.9250000000000009,0.003237520666666667
50,0.9500000000000011,0.004435194,0.9500000000000011,0.004866314666666666
51,0.9750000000000012,0.0054215873333333334,0.9750000000000012,0.006528488
52,1.000000000000001,0.0065536786666666675,1.000000000000001,0.008018906666666667
53,1.025000000000001,0.008221433333333333,1.025000000000001,0.009880266666666667
54,1.0500000000000012,0.0094509,1.0500000000000012,0.011752553333333334
55,1.0750000000000013,0.01093544,1.0750000000000013,0.013688839999999999
56,1.1000000000000012,0.012584493333333334,1.1000000000000012,0.015702573333333334
57,1.125000000000001,0.014390786666666669,1.125000000000001,0.017808593333333334
58,1.1500000000000012,0.016346313333333334,1.1500000000000012,0.020007586666666667
59,1.1750000000000014,0.018438200000000002,1.1750000000000014,0.022299813333333335
60,1.2000000000000013,0.020665060000000002,1.2000000000000013,0.024698493333333335
61,1.2250000000000012,0.023027413333333333,1.2250000000000012,0.02720728
62,1.2500000000000013,0.025517106666666668,1.2500000000000013,0.02981526666666667
63,1.2750000000000015,0.02813618,1.2750000000000015,0.03253056666666666
