,93_5R_V_D,93_5R_J_D,93_5R_V_L,93_5R_J_L
0,1.3,0.010929966666666667,1.3,0.014505366666666667
1,1.2750000000000001,0.010992206666666667,1.2750000000000001,0.013153633333333335
2,1.2500000000000002,0.010209506666666666,1.2500000000000002,0.011640453333333333
3,1.2250000000000003,0.009169533333333334,1.2250000000000003,0.010077486666666666
4,1.2000000000000004,0.008053446666666667,1.2000000000000004,0.008515293333333333
5,1.1750000000000005,0.006933193333333333,1.1750000000000005,0.006975826666666667
6,1.1500000000000006,0.005729809333333334,1.1500000000000006,0.005499133333333334
7,1.1250000000000007,0.004856168,1.1250000000000007,0.004003369333333334
8,1.1000000000000008,0.003979527333333333,1.1000000000000008,0.0025799426666666667
9,1.0750000000000008,0.0032023006666666667,1.0750000000000008,0.001205668
10,1.050000000000001,0.002545512,1.050000000000001,0.00010913426666666667
11,1.025000000000001,0.002011012,1.025000000000001,-0.0011630333333333335
12,1.000000000000001,0.0015920053333333334,1.000000000000001,-0.0025196320000000004
13,0.9750000000000012,0.0012755373333333334,0.9750000000000012,-0.0037468973333333335
14,0.9500000000000013,0.0010400206666666668,0.9500000000000013,-0.004905206666666667
15,0.9250000000000014,0.0008693246666666666,0.9250000000000014,-0.00599989
16,0.9000000000000015,0.0007429373333333334,0.9000000000000015,-0.006996546666666667
17,0.8750000000000016,0.0006500688,0.8750000000000016,-0.007605306666666666
18,0.8500000000000016,0.0005763862,0.8500000000000016,-0.008695573333333333
19,0.8250000000000017,0.0005189802,0.8250000000000017,-0.00966016
20,0.8000000000000018,0.0004701562666666667,0.8000000000000018,-0.01055138
21,0.7750000000000019,0.000427607,0.7750000000000019,-0.011383153333333333
22,0.750000000000002,0.000389217,0.750000000000002,-0.0121659
23,0.7250000000000021,0.0003544074,0.7250000000000021,-0.012912166666666667
24,0.7000000000000022,0.0003223353333333333,0.7000000000000022,-0.013592833333333334
25,0.6750000000000023,0.00029256806666666665,0.6750000000000023,-0.014239546666666669
26,0.6500000000000024,0.00026460793333333334,0.6500000000000024,-0.01484468
27,0.6250000000000024,0.00023878373333333333,0.6250000000000024,-0.015409293333333334
28,0.6000000000000025,0.0002147558,0.6000000000000025,-0.01594762
29,0.5750000000000026,0.00019238886666666667,0.5750000000000026,-0.01644512
30,0.5500000000000027,0.0001713696,0.5500000000000027,-0.016903406666666666
31,0.5250000000000028,0.000151995,0.5250000000000028,-0.01733638666666667
32,0.5000000000000029,0.0001343158,0.5000000000000029,-0.01773706
33,0.475000000000003,0.00011794146666666667,0.475000000000003,-0.018106233333333336
34,0.45000000000000306,0.00010316126666666668,0.45000000000000306,-0.018447673333333334
35,0.42500000000000315,8.945953333333333e-05,0.42500000000000315,-0.018764413333333334
36,0.40000000000000324,7.706853333333334e-05,0.40000000000000324,-0.019066913333333334
37,0.37500000000000333,6.7147e-05,0.37500000000000333,-0.019325480000000003
38,0.3500000000000034,5.614087333333333e-05,0.3500000000000034,-0.019569973333333334
39,0.3250000000000035,4.708956666666667e-05,0.3250000000000035,-0.0197985
40,0.3000000000000036,3.919493333333333e-05,0.3000000000000036,-0.0200143
41,0.2750000000000037,3.22909e-05,0.2750000000000037,-0.02020034
42,0.2500000000000038,2.6316706666666664e-05,0.2500000000000038,-0.02037908
43,0.22500000000000386,2.1345413333333333e-05,0.22500000000000386,-0.020519893333333334
44,0.20000000000000395,1.6819166666666666e-05,0.20000000000000395,-0.020685639999999998
45,0.17500000000000404,1.3041446666666666e-05,0.17500000000000404,-0.020832053333333336
46,0.15000000000000413,9.811926666666667e-06,0.15000000000000413,-0.02096676
47,0.12500000000000422,6.979193333333333e-06,0.12500000000000422,-0.021091773333333334
48,0.10000000000000431,5.167109333333334e-06,0.10000000000000431,-0.021217113333333332
49,0.0750000000000044,2.409236666666667e-06,0.0750000000000044,-0.021344813333333334
50,0.050000000000004485,2.086726e-07,0.050000000000004485,-0.021451773333333334
51,0.025000000000004574,-1.8346860000000002e-06,0.025000000000004574,-0.02156548
52,4.6629367034256575e-15,-3.759562e-06,4.6629367034256575e-15,-0.02167406666666667
53,-0.024999999999995248,-5.765862666666667e-06,-0.024999999999995248,-0.02177492666666667
54,-0.04999999999999516,-6.894726666666667e-06,-0.04999999999999516,-0.02188878
55,-0.07499999999999507,-9.281826666666667e-06,-0.07499999999999507,-0.021996166666666667
56,-0.09999999999999498,-1.1299906666666666e-05,-0.09999999999999498,-0.02209906
57,-0.12499999999999489,-1.3396653333333333e-05,-0.12499999999999489,-0.02220036
58,-0.1499999999999948,-1.5517346666666667e-05,-0.1499999999999948,-0.022296713333333336
59,-0.17499999999999472,-1.7683673333333334e-05,-0.17499999999999472,-0.022393653333333333
60,-0.19999999999999463,-1.9831793333333336e-05,-0.19999999999999463,-0.022477373333333335
61,-0.22499999999999454,-2.215922e-05,-0.22499999999999454,-0.02257312666666667
62,-0.24999999999999445,-2.4538300000000002e-05,-0.24999999999999445,-0.022665013333333334
63,-0.27499999999999436,-2.7057053333333333e-05,-0.27499999999999436,-0.02274662
