,93_5R_V_D,93_5R_J_D,93_5R_V_L,93_5R_J_L
0,1.3,0.016593200000000002,1.3,0.021361366666666666
1,1.2750000000000001,0.015745593333333335,1.2750000000000001,0.019450000000000002
2,1.2500000000000002,0.014319100000000001,1.2500000000000002,0.017432800000000002
3,1.2250000000000003,0.012793093333333333,1.2250000000000003,0.015434273333333335
4,1.2000000000000004,0.011285486666666667,1.2000000000000004,0.013496873333333334
5,1.1750000000000005,0.00983898,1.1750000000000005,0.01163112
6,1.1500000000000006,0.008479866666666667,1.1500000000000006,0.0098396
7,1.1250000000000007,0.007214880000000001,1.1250000000000007,0.008121966666666668
8,1.1000000000000008,0.005969439333333333,1.1000000000000008,0.006507621333333334
9,1.0750000000000008,0.004985512666666667,1.0750000000000008,0.004860403333333333
10,1.050000000000001,0.004086676666666667,1.050000000000001,0.003311058
11,1.025000000000001,0.0033037040000000006,1.025000000000001,0.0018094226666666667
12,1.000000000000001,0.002642072,1.000000000000001,0.00047073119999999996
13,0.9750000000000012,0.0020972613333333336,0.9750000000000012,-0.0009131313333333333
14,0.9500000000000013,0.001662322666666667,0.9500000000000013,-0.0024075660000000003
15,0.9250000000000014,0.001321496,0.9250000000000014,-0.003785222
16,0.9000000000000015,0.0010609366666666667,0.9000000000000015,-0.005108275333333333
17,0.8750000000000016,0.0008641306666666667,0.8750000000000016,-0.0063795806666666665
18,0.8500000000000016,0.0007167106666666667,0.8500000000000016,-0.007312186666666667
19,0.8250000000000017,0.0006056798000000001,0.8250000000000017,-0.008608806666666666
20,0.8000000000000018,0.0005207092666666667,0.8000000000000018,-0.009769080000000001
21,0.7750000000000019,0.00045497613333333336,0.7750000000000019,-0.010830280000000001
22,0.750000000000002,0.000402826,0.750000000000002,-0.01182036
23,0.7250000000000021,0.0003598908,0.7250000000000021,-0.012743393333333334
24,0.7000000000000022,0.00032462113333333334,0.7000000000000022,-0.013593493333333333
25,0.6750000000000023,0.0002939518,0.6750000000000023,-0.014385006666666667
26,0.6500000000000024,0.00026689333333333336,0.6500000000000024,-0.015112839999999999
27,0.6250000000000024,0.00024265153333333334,0.6250000000000024,-0.01577890666666667
28,0.6000000000000025,0.00021803940000000003,0.6000000000000025,-0.01639792666666667
29,0.5750000000000026,0.00019801286666666667,0.5750000000000026,-0.016975293333333336
30,0.5500000000000027,0.00017959446666666667,0.5500000000000027,-0.017489140000000004
31,0.5250000000000028,0.00016235926666666666,0.5250000000000028,-0.0179651
32,0.5000000000000029,0.00014692473333333334,0.5000000000000029,-0.01839936
33,0.475000000000003,0.00013190353333333334,0.475000000000003,-0.0188145
34,0.45000000000000306,0.00011867806666666667,0.45000000000000306,-0.019179433333333332
35,0.42500000000000315,0.0001054508,0.42500000000000315,-0.019516926666666667
36,0.40000000000000324,9.405733333333335e-05,0.40000000000000324,-0.01982922
37,0.37500000000000333,8.290473333333333e-05,0.37500000000000333,-0.020115573333333334
38,0.3500000000000034,7.281606666666667e-05,0.3500000000000034,-0.020376086666666668
39,0.3250000000000035,6.460072000000001e-05,0.3250000000000035,-0.02061622
40,0.3000000000000036,5.5882493333333336e-05,0.3000000000000036,-0.020825993333333334
41,0.2750000000000037,4.8193666666666666e-05,0.2750000000000037,-0.02102472
42,0.2500000000000038,4.1458713333333335e-05,0.2500000000000038,-0.0212007
43,0.22500000000000386,3.544649333333333e-05,0.22500000000000386,-0.02134512666666667
44,0.20000000000000395,2.978782666666667e-05,0.20000000000000395,-0.021499900000000002
45,0.17500000000000404,2.470928e-05,0.17500000000000404,-0.02163332
46,0.15000000000000413,2.00244e-05,0.15000000000000413,-0.02175896
47,0.12500000000000422,1.558368e-05,0.12500000000000422,-0.021860073333333334
48,0.10000000000000431,1.1397133333333333e-05,0.10000000000000431,-0.02195348
49,0.0750000000000044,7.38584e-06,0.0750000000000044,-0.02204326666666667
50,0.050000000000004485,3.926899333333333e-06,0.050000000000004485,-0.02212450666666667
51,0.025000000000004574,-2.3304046666666668e-07,0.025000000000004574,-0.02220144
52,4.6629367034256575e-15,-4.067446666666667e-06,4.6629367034256575e-15,-0.022273386666666666
53,-0.024999999999995248,-7.4184e-06,-0.024999999999995248,-0.02233794
54,-0.04999999999999516,-1.1538713333333334e-05,-0.04999999999999516,-0.022399613333333332
55,-0.07499999999999507,-1.5384800000000002e-05,-0.07499999999999507,-0.022464726666666667
56,-0.09999999999999498,-1.937014e-05,-0.09999999999999498,-0.022523433333333332
57,-0.12499999999999489,-2.3331266666666668e-05,-0.12499999999999489,-0.02258081333333333
58,-0.1499999999999948,-2.36751e-05,-0.1499999999999948,-0.022642826666666668
59,-0.17499999999999472,-2.687980666666667e-05,-0.17499999999999472,-0.02270616
60,-0.19999999999999463,-3.0198120000000003e-05,-0.19999999999999463,-0.02274908
61,-0.22499999999999454,-3.370381333333333e-05,-0.22499999999999454,-0.022808453333333333
62,-0.24999999999999445,-3.7589740000000006e-05,-0.24999999999999445,-0.022864726666666668
63,-0.27499999999999436,-4.152848e-05,-0.27499999999999436,-0.022918993333333335
