,93_5F_V_D,93_5F_J_D,93_5F_V_L,93_5F_J_L
0,-0.3,-7.023166666666667e-05,-0.3,-0.02420958
1,-0.27499999999999997,-6.706186666666667e-05,-0.27499999999999997,-0.023827400000000002
2,-0.24999999999999994,-6.153202000000001e-05,-0.24999999999999994,-0.02340922
3,-0.22499999999999992,-5.518427333333334e-05,-0.22499999999999992,-0.023023533333333332
4,-0.1999999999999999,-4.840196e-05,-0.1999999999999999,-0.022678720000000003
5,-0.17499999999999988,-4.1878533333333336e-05,-0.17499999999999988,-0.022349293333333332
6,-0.14999999999999986,-3.513856666666667e-05,-0.14999999999999986,-0.022047506666666668
7,-0.12499999999999983,-2.8917426666666666e-05,-0.12499999999999983,-0.021767086666666668
8,-0.09999999999999981,-2.2711493333333335e-05,-0.09999999999999981,-0.02150352
9,-0.07499999999999979,-1.663946e-05,-0.07499999999999979,-0.02125424
10,-0.04999999999999977,-1.0566986666666667e-05,-0.04999999999999977,-0.021006553333333334
11,-0.024999999999999745,-4.743897333333334e-06,-0.024999999999999745,-0.02076856666666667
12,2.7755575615628914e-16,1.2195366666666668e-06,2.7755575615628914e-16,-0.020540113333333335
13,0.0250000000000003,6.9995600000000005e-06,0.0250000000000003,-0.020293913333333333
14,0.05000000000000032,1.2735493333333334e-05,0.05000000000000032,-0.020054733333333335
15,0.07500000000000034,1.8872239999999998e-05,0.07500000000000034,-0.019807526666666665
16,0.10000000000000037,2.4927473333333334e-05,0.10000000000000037,-0.0195456
17,0.1250000000000004,3.1274653333333335e-05,0.1250000000000004,-0.019293646666666667
18,0.1500000000000004,3.77781e-05,0.1500000000000004,-0.019020846666666667
19,0.17500000000000043,4.4659160000000005e-05,0.17500000000000043,-0.018736946666666667
20,0.20000000000000046,5.197806000000001e-05,0.20000000000000046,-0.018447073333333334
21,0.22500000000000048,6.0196580000000004e-05,0.22500000000000048,-0.018117106666666667
22,0.2500000000000005,6.879560000000001e-05,0.2500000000000005,-0.017791480000000002
23,0.2750000000000005,7.824953333333334e-05,0.2750000000000005,-0.0174335
24,0.30000000000000054,8.861353333333333e-05,0.30000000000000054,-0.017057493333333333
25,0.32500000000000057,0.000100194,0.32500000000000057,-0.01665688
26,0.3500000000000006,0.000111985,0.3500000000000006,-0.016232
27,0.3750000000000006,0.00012532640000000001,0.3750000000000006,-0.01577940666666667
28,0.40000000000000063,0.00013922573333333333,0.40000000000000063,-0.015295933333333333
29,0.42500000000000066,0.00015479306666666667,0.42500000000000066,-0.014773346666666666
30,0.4500000000000007,0.00017206306666666668,0.4500000000000007,-0.014243233333333334
31,0.4750000000000007,0.00019080486666666667,0.4750000000000007,-0.01367554
32,0.5000000000000007,0.0002114402666666667,0.5000000000000007,-0.013062773333333333
33,0.5250000000000008,0.00023555433333333334,0.5250000000000008,-0.012411673333333335
34,0.5500000000000007,0.0002603790666666667,0.5500000000000007,-0.011746413333333334
35,0.5750000000000008,0.00028938280000000003,0.5750000000000008,-0.011039853333333334
36,0.6000000000000008,0.0003231006666666667,0.6000000000000008,-0.01029574
37,0.6250000000000009,0.00036339533333333335,0.6250000000000009,-0.009499326666666667
38,0.6500000000000008,0.00041045433333333336,0.6500000000000008,-0.008667106666666667
39,0.6750000000000009,0.0004693919333333333,0.6750000000000009,-0.007792646666666667
40,0.7000000000000008,0.0005423271333333334,0.7000000000000008,-0.006881233333333333
41,0.7250000000000008,0.0006366542,0.7250000000000008,-0.006567610000000001
42,0.7500000000000009,0.0008136213333333333,0.7500000000000009,-0.0052376693333333335
43,0.775000000000001,0.0009521560000000001,0.775000000000001,-0.004071417333333334
44,0.8000000000000009,0.0011578813333333333,0.8000000000000009,-0.002892122
45,0.8250000000000008,0.0014206246666666666,0.8250000000000008,-0.0016787780000000001
46,0.850000000000001,0.0017690000000000002,0.850000000000001,-0.001256444
47,0.8750000000000011,0.002208666,0.8750000000000011,-0.0003246534666666667
48,0.900000000000001,0.0027583846666666668,0.900000000000001,0.0010271893333333336
49,0.9250000000000009,0.003428684,0.9250000000000009,0.002709668
50,0.9500000000000011,0.004241196,0.9500000000000011,0.004323931333333334
51,0.9750000000000012,0.005190554000000001,0.9750000000000012,0.005962385333333334
52,1.000000000000001,0.006281798000000001,1.000000000000001,0.0074216666666666676
53,1.025000000000001,0.007902473333333333,1.025000000000001,0.009252080000000001
54,1.0500000000000012,0.009093533333333334,1.0500000000000012,0.011080006666666666
55,1.0750000000000013,0.010521740000000002,1.0750000000000013,0.012970986666666667
56,1.1000000000000012,0.012115353333333334,1.1000000000000012,0.014935160000000001
57,1.125000000000001,0.013873313333333333,1.125000000000001,0.016988073333333333
58,1.1500000000000012,0.015770826666666668,1.1500000000000012,0.019135366666666667
59,1.1750000000000014,0.01781082,1.1750000000000014,0.02137906666666667
60,1.2000000000000013,0.019981146666666668,1.2000000000000013,0.023726466666666668
61,1.2250000000000012,0.022287006666666668,1.2250000000000012,0.02617754666666667
62,1.2500000000000013,0.02471904,1.2500000000000013,0.028738073333333336
63,1.2750000000000015,0.027279173333333337,1.2750000000000015,0.031402160000000005
