,93_5R_V_D,93_5R_J_D,93_5R_V_L,93_5R_J_L
0,1.3,0.011042266666666668,1.3,0.014641033333333334
1,1.2750000000000001,0.011088633333333334,1.2750000000000001,0.01327522
2,1.2500000000000002,0.010294913333333334,1.2500000000000002,0.011741153333333334
3,1.2250000000000003,0.0092472,1.2250000000000003,0.010157886666666668
4,1.2000000000000004,0.008120513333333333,1.2000000000000004,0.008576846666666667
5,1.1750000000000005,0.006991193333333334,1.1750000000000005,0.0070184
6,1.1500000000000006,0.005777788666666667,1.1500000000000006,0.005523790666666667
7,1.1250000000000007,0.004897845333333334,1.1250000000000007,0.004012296666666667
8,1.1000000000000008,0.004017377333333333,1.1000000000000008,0.0025736173333333334
9,1.0750000000000008,0.003235112666666667,1.0750000000000008,0.0011850833333333333
10,1.050000000000001,0.0025736073333333335,1.050000000000001,8.501926666666667e-05
11,1.025000000000001,0.0020343419999999997,1.025000000000001,-0.001198322
12,1.000000000000001,0.0016131093333333335,1.000000000000001,-0.002564837333333333
13,0.9750000000000012,0.001293888,0.9750000000000012,-0.0038014013333333334
14,0.9500000000000013,0.0010576753333333333,0.9500000000000013,-0.0049650399999999996
15,0.9250000000000014,0.0008858373333333334,0.9250000000000014,-0.006067222666666667
16,0.9000000000000015,0.000759422,0.9000000000000015,-0.006998659999999999
17,0.8750000000000016,0.0006655851333333333,0.8750000000000016,-0.007682166666666667
18,0.8500000000000016,0.0005905502,0.8500000000000016,-0.008773513333333333
19,0.8250000000000017,0.0005320946000000001,0.8250000000000017,-0.00974158
20,0.8000000000000018,0.000482439,0.8000000000000018,-0.01063478
21,0.7750000000000019,0.00043909153333333335,0.7750000000000019,-0.011468446666666667
22,0.750000000000002,0.0003999984,0.750000000000002,-0.01225044
23,0.7250000000000021,0.0003644006666666667,0.7250000000000021,-0.012996306666666667
24,0.7000000000000022,0.0003312432,0.7000000000000022,-0.0136722
25,0.6750000000000023,0.00030094313333333333,0.6750000000000023,-0.014320006666666668
26,0.6500000000000024,0.0002721832666666667,0.6500000000000024,-0.01492536
27,0.6250000000000024,0.0002456592666666667,0.6250000000000024,-0.015488833333333335
28,0.6000000000000025,0.00022088046666666667,0.6000000000000025,-0.016025633333333334
29,0.5750000000000026,0.00019779153333333334,0.5750000000000026,-0.0165223
30,0.5500000000000027,0.00017641186666666667,0.5500000000000027,-0.01698452666666667
31,0.5250000000000028,0.00015674746666666668,0.5250000000000028,-0.017415580000000003
32,0.5000000000000029,0.00013844226666666668,0.5000000000000029,-0.017814873333333335
33,0.475000000000003,0.0001218714,0.475000000000003,-0.018182646666666667
34,0.45000000000000306,0.00010616706666666668,0.45000000000000306,-0.01852138
35,0.42500000000000315,9.215993333333333e-05,0.42500000000000315,-0.018839
36,0.40000000000000324,7.9368e-05,0.40000000000000324,-0.019142213333333335
37,0.37500000000000333,6.764653333333333e-05,0.37500000000000333,-0.019400573333333334
38,0.3500000000000034,5.840046e-05,0.3500000000000034,-0.019643726666666667
39,0.3250000000000035,4.8251400000000004e-05,0.3250000000000035,-0.019873213333333334
40,0.3000000000000036,4.024524e-05,0.3000000000000036,-0.020072393333333334
41,0.2750000000000037,3.299612e-05,0.2750000000000037,-0.020270186666666665
42,0.2500000000000038,2.681454e-05,0.2500000000000038,-0.020449153333333334
43,0.22500000000000386,2.158892e-05,0.22500000000000386,-0.02059028666666667
44,0.20000000000000395,1.7002766666666666e-05,0.20000000000000395,-0.020754373333333336
45,0.17500000000000404,1.3089153333333335e-05,0.17500000000000404,-0.020902160000000003
46,0.15000000000000413,9.76638e-06,0.15000000000000413,-0.021038433333333335
47,0.12500000000000422,6.867706666666666e-06,0.12500000000000422,-0.02116938
48,0.10000000000000431,5.014237333333334e-06,0.10000000000000431,-0.02129388
49,0.0750000000000044,2.2148513333333334e-06,0.0750000000000044,-0.021422220000000002
50,0.050000000000004485,2.286566666666667e-08,0.050000000000004485,-0.021529913333333334
51,0.025000000000004574,-2.034210666666667e-06,0.025000000000004574,-0.021637706666666666
52,4.6629367034256575e-15,-3.984082666666667e-06,4.6629367034256575e-15,-0.021750053333333335
53,-0.024999999999995248,-5.981866000000001e-06,-0.024999999999995248,-0.021867386666666665
54,-0.04999999999999516,-7.1134e-06,-0.04999999999999516,-0.021961913333333333
55,-0.07499999999999507,-9.500933333333334e-06,-0.07499999999999507,-0.0220647
56,-0.09999999999999498,-1.1557086666666668e-05,-0.09999999999999498,-0.02217092
57,-0.12499999999999489,-1.3624340000000002e-05,-0.12499999999999489,-0.022269166666666666
58,-0.1499999999999948,-1.5706866666666667e-05,-0.1499999999999948,-0.022365573333333333
59,-0.17499999999999472,-1.786084666666667e-05,-0.17499999999999472,-0.022460353333333332
60,-0.19999999999999463,-2.003842666666667e-05,-0.19999999999999463,-0.022538566666666666
61,-0.22499999999999454,-2.2409326666666666e-05,-0.22499999999999454,-0.022632673333333336
62,-0.24999999999999445,-2.4738433333333337e-05,-0.24999999999999445,-0.02272522
63,-0.27499999999999436,-2.721564666666667e-05,-0.27499999999999436,-0.0228025
