,93_5F_V_D,93_5F_J_D,93_5F_V_L,93_5F_J_L
0,-0.3,-0.00012089926666666668,-0.3,-0.023622066666666667
1,-0.27499999999999997,-0.0001389782666666667,-0.27499999999999997,-0.022985420000000003
2,-0.24999999999999994,-0.00012750860000000001,-0.24999999999999994,-0.022507660000000002
3,-0.22499999999999992,-0.00011218753333333335,-0.22499999999999992,-0.02212380666666667
4,-0.1999999999999999,-9.675993333333334e-05,-0.1999999999999999,-0.02180022
5,-0.17499999999999988,-8.14152e-05,-0.17499999999999988,-0.021491993333333334
6,-0.14999999999999986,-6.704886666666667e-05,-0.14999999999999986,-0.021221393333333335
7,-0.12499999999999983,-5.220713333333334e-05,-0.12499999999999983,-0.020954293333333335
8,-0.09999999999999981,-4.057293333333333e-05,-0.09999999999999981,-0.02071324
9,-0.07499999999999979,-2.891304e-05,-0.07499999999999979,-0.020473786666666667
10,-0.04999999999999977,-1.8034413333333337e-05,-0.04999999999999977,-0.020239633333333333
11,-0.024999999999999745,-7.79666e-06,-0.024999999999999745,-0.01999466
12,2.7755575615628914e-16,1.8145686666666668e-06,2.7755575615628914e-16,-0.019777813333333335
13,0.0250000000000003,1.1522406666666668e-05,0.0250000000000003,-0.0195333
14,0.05000000000000032,2.1549026666666667e-05,0.05000000000000032,-0.019286646666666667
15,0.07500000000000034,3.093761333333333e-05,0.07500000000000034,-0.019039226666666666
16,0.10000000000000037,4.209261333333333e-05,0.10000000000000037,-0.018777440000000003
17,0.1250000000000004,5.304446e-05,0.1250000000000004,-0.018509766666666667
18,0.1500000000000004,6.277728e-05,0.1500000000000004,-0.018221940000000002
19,0.17500000000000043,7.71232e-05,0.17500000000000043,-0.017927253333333334
20,0.20000000000000046,8.808020000000001e-05,0.20000000000000046,-0.01761136
21,0.22500000000000048,0.00010235253333333333,0.22500000000000048,-0.017274606666666668
22,0.2500000000000005,0.00011755360000000002,0.2500000000000005,-0.016934046666666668
23,0.2750000000000005,0.0001308502,0.2750000000000005,-0.016567746666666668
24,0.30000000000000054,0.00014683726666666667,0.30000000000000054,-0.016159453333333334
25,0.32500000000000057,0.00016459973333333335,0.32500000000000057,-0.01575598666666667
26,0.3500000000000006,0.00018568193333333335,0.3500000000000006,-0.0153022
27,0.3750000000000006,0.00020954020000000002,0.3750000000000006,-0.014829586666666667
28,0.40000000000000063,0.0002357072,0.40000000000000063,-0.014325246666666668
29,0.42500000000000066,0.00026498173333333336,0.42500000000000066,-0.013789933333333334
30,0.4500000000000007,0.00029999526666666667,0.4500000000000007,-0.013201140000000002
31,0.4750000000000007,0.0003371088666666667,0.4750000000000007,-0.012604726666666666
32,0.5000000000000007,0.00038045166666666666,0.5000000000000007,-0.011965933333333333
33,0.5250000000000008,0.00043393593333333335,0.5250000000000008,-0.011268886666666667
34,0.5500000000000007,0.000491741,0.5500000000000007,-0.01052926
35,0.5750000000000008,0.0005612858666666667,0.5750000000000008,-0.009744693333333334
36,0.6000000000000008,0.0008054266666666667,0.6000000000000008,-0.00888288
37,0.6250000000000009,0.000905352,0.6250000000000009,-0.007958920000000001
38,0.6500000000000008,0.0010293540000000001,0.6500000000000008,-0.0069803
39,0.6750000000000009,0.0011784946666666667,0.6750000000000009,-0.006634965333333334
40,0.7000000000000008,0.0013658353333333333,0.7000000000000008,-0.005179929333333334
41,0.7250000000000008,0.001608848,0.7250000000000008,-0.0038740813333333337
42,0.7500000000000009,0.0019021073333333335,0.7500000000000009,-0.0025059566666666665
43,0.775000000000001,0.0022936286666666666,0.775000000000001,-0.0010977486666666667
44,0.8000000000000009,0.0027988886666666666,0.8000000000000009,-0.0004995912666666667
45,0.8250000000000008,0.003389913333333333,0.8250000000000008,0.0010391200000000001
46,0.850000000000001,0.004175014666666667,0.850000000000001,0.0030139046666666667
47,0.8750000000000011,0.005094171333333333,0.8750000000000011,0.0049385
48,0.900000000000001,0.006196415333333333,0.900000000000001,0.00695826
49,0.9250000000000009,0.00814048,0.9250000000000009,0.008863406666666667
50,0.9500000000000011,0.009381746666666668,0.9500000000000011,0.0111216
51,0.9750000000000012,0.010972753333333333,0.9750000000000012,0.01342822
52,1.000000000000001,0.012809766666666667,1.000000000000001,0.015823133333333333
53,1.025000000000001,0.014853733333333334,1.025000000000001,0.018317053333333336
54,1.0500000000000012,0.017129233333333334,1.0500000000000012,0.02092918666666667
55,1.0750000000000013,0.019533373333333336,1.0750000000000013,0.023635746666666665
56,1.1000000000000012,0.022117826666666666,1.1000000000000012,0.026442960000000005
57,1.125000000000001,0.024857066666666667,1.125000000000001,0.029349386666666668
58,1.1500000000000012,0.027746840000000002,1.1500000000000012,0.03235403333333334
59,1.1750000000000014,0.030780513333333332,1.1750000000000014,0.03546
60,1.2000000000000013,0.03393698,1.2000000000000013,0.038655720000000005
61,1.2250000000000012,0.037232706666666664,1.2250000000000012,0.041947899999999996
62,1.2500000000000013,0.040670126666666674,1.2500000000000013,0.04532870666666667
63,1.2750000000000015,0.04423122,1.2750000000000015,0.04880968666666667
