,93_5R_V_D,93_5R_J_D,93_5R_V_L,93_5R_J_L
0,1.3,0.012228093333333334,1.3,0.015110219999999999
1,1.2750000000000001,0.012017866666666668,1.2750000000000001,0.013719966666666666
2,1.2500000000000002,0.011034633333333333,1.2500000000000002,0.012139706666666668
3,1.2250000000000003,0.009853886666666667,1.2250000000000003,0.010512566666666667
4,1.2000000000000004,0.008623353333333335,1.2000000000000004,0.00889036
5,1.1750000000000005,0.007408373333333333,1.1750000000000005,0.007293846666666667
6,1.1500000000000006,0.0061306880000000005,1.1500000000000006,0.005758854666666667
7,1.1250000000000007,0.005177304000000001,1.1250000000000007,0.0042120126666666665
8,1.1000000000000008,0.0042393100000000005,1.1000000000000008,0.002739272
9,1.0750000000000008,0.003409799333333333,1.0750000000000008,0.0013173186666666666
10,1.050000000000001,0.0027061533333333334,1.050000000000001,0.00014936753333333333
11,1.025000000000001,0.002132268,1.025000000000001,-0.00115202
12,1.000000000000001,0.00168144,1.000000000000001,-0.0025414793333333333
13,0.9750000000000012,0.0013386073333333335,0.9750000000000012,-0.0038003100000000003
14,0.9500000000000013,0.0010859933333333333,0.9500000000000013,-0.004983082
15,0.9250000000000014,0.0009028213333333334,0.9250000000000014,-0.006104526000000001
16,0.9000000000000015,0.0007688773333333333,0.9000000000000015,-0.006998659999999999
17,0.8750000000000016,0.00067022,0.8750000000000016,-0.007770813333333334
18,0.8500000000000016,0.0005961214,0.8500000000000016,-0.008870926666666668
19,0.8250000000000017,0.000532497,0.8250000000000017,-0.00984516
20,0.8000000000000018,0.0004827478,0.8000000000000018,-0.010741820000000001
21,0.7750000000000019,0.0004394116,0.7750000000000019,-0.011577153333333333
22,0.750000000000002,0.00040126033333333334,0.750000000000002,-0.01235548
23,0.7250000000000021,0.00036625506666666666,0.7250000000000021,-0.013093760000000001
24,0.7000000000000022,0.00033373033333333334,0.7000000000000022,-0.013782753333333335
25,0.6750000000000023,0.000303656,0.6750000000000023,-0.014430026666666667
26,0.6500000000000024,0.0002752260666666667,0.6500000000000024,-0.015034140000000001
27,0.6250000000000024,0.00024991840000000004,0.6250000000000024,-0.015596826666666667
28,0.6000000000000025,0.000224491,0.6000000000000025,-0.016139960000000002
29,0.5750000000000026,0.00020185653333333335,0.5750000000000026,-0.016624966666666668
30,0.5500000000000027,0.00018000433333333334,0.5500000000000027,-0.017081433333333333
31,0.5250000000000028,0.00016065526666666667,0.5250000000000028,-0.01750432
32,0.5000000000000029,0.00014241013333333335,0.5000000000000029,-0.017895240000000003
33,0.475000000000003,0.00012562326666666667,0.475000000000003,-0.018265726666666666
34,0.45000000000000306,0.00011026240000000001,0.45000000000000306,-0.018602453333333335
35,0.42500000000000315,9.614986666666667e-05,0.42500000000000315,-0.018917453333333334
36,0.40000000000000324,8.32608e-05,0.40000000000000324,-0.019203366666666666
37,0.37500000000000333,7.166526666666667e-05,0.37500000000000333,-0.019468426666666667
38,0.3500000000000034,6.219357333333334e-05,0.3500000000000034,-0.01971002
39,0.3250000000000035,5.1735986666666675e-05,0.3250000000000035,-0.01993072
40,0.3000000000000036,4.331507333333333e-05,0.3000000000000036,-0.0201314
41,0.2750000000000037,3.5950806666666664e-05,0.2750000000000037,-0.020329720000000003
42,0.2500000000000038,2.9518813333333338e-05,0.2500000000000038,-0.020496406666666668
43,0.22500000000000386,2.403146e-05,0.22500000000000386,-0.020631653333333333
44,0.20000000000000395,1.8991353333333334e-05,0.20000000000000395,-0.02079046666666667
45,0.17500000000000404,1.4863553333333332e-05,0.17500000000000404,-0.020927593333333334
46,0.15000000000000413,1.1335106666666667e-05,0.15000000000000413,-0.02105958
47,0.12500000000000422,8.308686666666667e-06,0.12500000000000422,-0.02117815333333333
48,0.10000000000000431,6.114573333333333e-06,0.10000000000000431,-0.02129868
49,0.0750000000000044,3.0394113333333333e-06,0.0750000000000044,-0.021409800000000003
50,0.050000000000004485,5.963286e-07,0.050000000000004485,-0.021520873333333333
51,0.025000000000004574,-1.6873e-06,0.025000000000004574,-0.021626733333333332
52,4.6629367034256575e-15,-3.914557333333334e-06,4.6629367034256575e-15,-0.0217321
53,-0.024999999999995248,-6.141300666666667e-06,-0.024999999999995248,-0.021834653333333336
54,-0.04999999999999516,-7.587206666666668e-06,-0.04999999999999516,-0.021943900000000002
55,-0.07499999999999507,-1.0252446666666667e-05,-0.07499999999999507,-0.02203466
56,-0.09999999999999498,-1.2518353333333333e-05,-0.09999999999999498,-0.022133506666666667
57,-0.12499999999999489,-1.467874e-05,-0.12499999999999489,-0.022227966666666668
58,-0.1499999999999948,-1.6442973333333334e-05,-0.1499999999999948,-0.02232786
59,-0.17499999999999472,-1.8812666666666667e-05,-0.17499999999999472,-0.022411
60,-0.19999999999999463,-2.116112e-05,-0.19999999999999463,-0.022490700000000002
61,-0.22499999999999454,-2.3735146666666668e-05,-0.22499999999999454,-0.0225819
62,-0.24999999999999445,-2.6252566666666667e-05,-0.24999999999999445,-0.022666553333333336
63,-0.27499999999999436,-2.8802760000000002e-05,-0.27499999999999436,-0.02274528
