,93_5F_V_D,93_5F_J_D,93_5F_V_L,93_5F_J_L
0,-0.3,-1.4400320000000001e-05,-0.3,-0.02392456
1,-0.27499999999999997,-1.1899026666666668e-05,-0.27499999999999997,-0.023781660000000003
2,-0.24999999999999994,-1.0148633333333335e-05,-0.24999999999999994,-0.02362684
3,-0.22499999999999992,-8.662993333333334e-06,-0.22499999999999992,-0.023452533333333334
4,-0.1999999999999999,-7.432333333333333e-06,-0.1999999999999999,-0.02323946
5,-0.17499999999999988,-6.547400666666667e-06,-0.17499999999999988,-0.022988006666666668
6,-0.14999999999999986,-5.061076000000001e-06,-0.14999999999999986,-0.022696773333333333
7,-0.12499999999999983,-3.942302e-06,-0.12499999999999983,-0.022361146666666668
8,-0.09999999999999981,-2.8848140000000003e-06,-0.09999999999999981,-0.02198982
9,-0.07499999999999979,-1.87368e-06,-0.07499999999999979,-0.02158182
10,-0.04999999999999977,-8.634166666666667e-07,-0.04999999999999977,-0.02114452666666667
11,-0.024999999999999745,1.3123873333333334e-07,-0.024999999999999745,-0.02067944
12,2.7755575615628914e-16,1.087218e-06,2.7755575615628914e-16,-0.02021114666666667
13,0.0250000000000003,2.168784666666667e-06,0.0250000000000003,-0.019714346666666667
14,0.05000000000000032,3.2445926666666667e-06,0.05000000000000032,-0.019214866666666667
15,0.07500000000000034,4.390297333333333e-06,0.07500000000000034,-0.018702193333333336
16,0.10000000000000037,5.6279200000000005e-06,0.10000000000000037,-0.018184413333333333
17,0.1250000000000004,6.955306666666666e-06,0.1250000000000004,-0.017664286666666668
18,0.1500000000000004,7.836986666666668e-06,0.1500000000000004,-0.017136593333333335
19,0.17500000000000043,1.0302866666666668e-05,0.17500000000000043,-0.016606373333333334
20,0.20000000000000046,1.259994e-05,0.20000000000000046,-0.016067866666666666
21,0.22500000000000048,1.5185546666666668e-05,0.22500000000000048,-0.015542033333333335
22,0.2500000000000005,1.8219006666666666e-05,0.2500000000000005,-0.0150175
23,0.2750000000000005,2.1693493333333332e-05,0.2750000000000005,-0.014478620000000001
24,0.30000000000000054,2.564802666666667e-05,0.30000000000000054,-0.013931200000000001
25,0.32500000000000057,3.0142873333333335e-05,0.32500000000000057,-0.013402306666666667
26,0.3500000000000006,3.5320826666666666e-05,0.3500000000000006,-0.0128595
27,0.3750000000000006,4.128276e-05,0.3750000000000006,-0.01232186
28,0.40000000000000063,4.814906666666667e-05,0.40000000000000063,-0.011772826666666668
29,0.42500000000000066,5.615378e-05,0.42500000000000066,-0.011221046666666666
30,0.4500000000000007,6.547438e-05,0.4500000000000007,-0.010666366666666666
31,0.4750000000000007,7.76716e-05,0.4750000000000007,-0.010110373333333334
32,0.5000000000000007,9.109506666666666e-05,0.5000000000000007,-0.009541133333333333
33,0.5250000000000008,0.00010566980000000001,0.5250000000000008,-0.008956046666666667
34,0.5500000000000007,0.00012201726666666666,0.5500000000000007,-0.008386286666666668
35,0.5750000000000008,0.00014046613333333334,0.5750000000000008,-0.0078063
36,0.6000000000000008,0.00016117,0.6000000000000008,-0.0072196333333333345
37,0.6250000000000009,0.00018409873333333335,0.6250000000000009,-0.007756793333333334
38,0.6500000000000008,0.00020965013333333336,0.6500000000000008,-0.006737346666666667
39,0.6750000000000009,0.000237715,0.6750000000000009,-0.006449314666666667
40,0.7000000000000008,0.0002686362666666667,0.7000000000000008,-0.005491562
41,0.7250000000000008,0.0003029026666666667,0.7250000000000008,-0.0047394893333333335
42,0.7500000000000009,0.0003406595333333334,0.7500000000000009,-0.004039401333333334
43,0.775000000000001,0.00038208173333333334,0.775000000000001,-0.0033677473333333335
44,0.8000000000000009,0.00042785746666666665,0.8000000000000009,-0.0027190066666666667
45,0.8250000000000008,0.0004784044,0.8250000000000008,-0.002086245333333333
46,0.850000000000001,0.0005342003333333333,0.850000000000001,-0.0014689606666666668
47,0.8750000000000011,0.0005963313333333333,0.8750000000000011,-0.0008590653333333334
48,0.900000000000001,0.0006655190666666667,0.900000000000001,-0.0009153926666666668
49,0.9250000000000009,0.0007438346666666667,0.9250000000000009,-0.00035019153333333336
50,0.9500000000000011,0.000836014,0.9500000000000011,0.0004035192666666667
51,0.9750000000000012,0.000943542,0.9750000000000012,0.00075741
52,1.000000000000001,0.0010698720000000001,1.000000000000001,0.0015033280000000002
53,1.025000000000001,0.00121914,1.025000000000001,0.0021902553333333335
54,1.0500000000000012,0.0013971253333333335,1.0500000000000012,0.0028643633333333336
55,1.0750000000000013,0.0016096386666666666,1.0750000000000013,0.003541242
56,1.1000000000000012,0.0018635806666666666,1.1000000000000012,0.0042311173333333335
57,1.125000000000001,0.002166496,1.125000000000001,0.004937693333333333
58,1.1500000000000012,0.002525316666666667,1.1500000000000012,0.005670292
59,1.1750000000000014,0.0029516166666666665,1.1750000000000014,0.006434250666666667
60,1.2000000000000013,0.0034478440000000003,1.2000000000000013,0.007079
61,1.2250000000000012,0.004021409333333333,1.2250000000000012,0.00799202
62,1.2500000000000013,0.00467428,1.2500000000000013,0.008929526666666668
63,1.2750000000000015,0.005424764,1.2750000000000015,0.0099194
