,93_5F_V_D,93_5F_J_D,93_5F_V_L,93_5F_J_L
0,-0.3,-1.8203026666666666e-05,-0.3,-0.0237569
1,-0.27499999999999997,-1.5572326666666667e-05,-0.27499999999999997,-0.023449513333333335
2,-0.24999999999999994,-1.3757026666666668e-05,-0.24999999999999994,-0.023055826666666668
3,-0.22499999999999992,-1.1788093333333334e-05,-0.22499999999999992,-0.022571993333333335
4,-0.1999999999999999,-1.014942e-05,-0.1999999999999999,-0.02202684666666667
5,-0.17499999999999988,-8.527213333333334e-06,-0.17499999999999988,-0.02146462
6,-0.14999999999999986,-6.981253333333333e-06,-0.14999999999999986,-0.020923726666666666
7,-0.12499999999999983,-5.937237333333333e-06,-0.12499999999999983,-0.020405133333333336
8,-0.09999999999999981,-4.206224e-06,-0.09999999999999981,-0.019910173333333336
9,-0.07499999999999979,-2.8723933333333334e-06,-0.07499999999999979,-0.01944098
10,-0.04999999999999977,-1.5880053333333334e-06,-0.04999999999999977,-0.018983193333333336
11,-0.024999999999999745,-3.376332e-07,-0.024999999999999745,-0.018541273333333334
12,2.7755575615628914e-16,8.892206666666666e-07,2.7755575615628914e-16,-0.018124266666666666
13,0.0250000000000003,2.1478753333333333e-06,0.0250000000000003,-0.017702193333333335
14,0.05000000000000032,3.434096e-06,0.05000000000000032,-0.01730358666666667
15,0.07500000000000034,4.790148666666667e-06,0.07500000000000034,-0.016906033333333334
16,0.10000000000000037,6.298851333333334e-06,0.10000000000000037,-0.016509013333333333
17,0.1250000000000004,7.370326666666666e-06,0.1250000000000004,-0.01614572666666667
18,0.1500000000000004,9.684233333333333e-06,0.1500000000000004,-0.015781366666666668
19,0.17500000000000043,1.1972773333333334e-05,0.17500000000000043,-0.015410186666666669
20,0.20000000000000046,1.4674633333333333e-05,0.20000000000000046,-0.015030486666666669
21,0.22500000000000048,1.7753926666666667e-05,0.22500000000000048,-0.014672826666666666
22,0.2500000000000005,2.142606e-05,0.2500000000000005,-0.01431644
23,0.2750000000000005,2.5540573333333333e-05,0.2750000000000005,-0.013944506666666669
24,0.30000000000000054,3.0328700000000003e-05,0.30000000000000054,-0.013575526666666667
25,0.32500000000000057,3.57788e-05,0.32500000000000057,-0.013196553333333335
26,0.3500000000000006,4.1887226666666665e-05,0.3500000000000006,-0.012823766666666667
27,0.3750000000000006,4.902284666666667e-05,0.3750000000000006,-0.012430606666666668
28,0.40000000000000063,5.674728000000001e-05,0.40000000000000063,-0.012024246666666667
29,0.42500000000000066,6.568112e-05,0.42500000000000066,-0.011593686666666667
30,0.4500000000000007,7.499713333333333e-05,0.4500000000000007,-0.01118648
31,0.4750000000000007,8.723893333333334e-05,0.4750000000000007,-0.010750546666666668
32,0.5000000000000007,0.0001003798,0.5000000000000007,-0.01029126
33,0.5250000000000008,0.0001148818,0.5250000000000008,-0.009833586666666666
34,0.5500000000000007,0.00013110266666666666,0.5500000000000007,-0.009345280000000001
35,0.5750000000000008,0.00014907286666666667,0.5750000000000008,-0.008843053333333333
36,0.6000000000000008,0.0001685828,0.6000000000000008,-0.008336306666666666
37,0.6250000000000009,0.00019028826666666669,0.6250000000000009,-0.007807793333333333
38,0.6500000000000008,0.00021385613333333337,0.6500000000000008,-0.007265553333333333
39,0.6750000000000009,0.00023959813333333333,0.6750000000000009,-0.006709200000000001
40,0.7000000000000008,0.0002674644,0.7000000000000008,-0.00738396
41,0.7250000000000008,0.00029825353333333334,0.7250000000000008,-0.006821926666666666
42,0.7500000000000009,0.00033201026666666665,0.7500000000000009,-0.005704517333333333
43,0.775000000000001,0.0003686265333333334,0.775000000000001,-0.004908486
44,0.8000000000000009,0.0004092378,0.8000000000000009,-0.0041924480000000005
45,0.8250000000000008,0.0004548748000000001,0.8250000000000008,-0.0034926073333333336
46,0.850000000000001,0.0005072968666666667,0.850000000000001,-0.002799485333333333
47,0.8750000000000011,0.0005688618666666668,0.8750000000000011,-0.0021121033333333333
48,0.900000000000001,0.0006432202000000001,0.900000000000001,-0.001419654
49,0.9250000000000009,0.0007670426666666668,0.9250000000000009,-0.000718706
50,0.9500000000000011,0.0008839526666666667,0.9500000000000011,-0.0008754213333333333
51,0.9750000000000012,0.0010461933333333333,0.9750000000000012,-0.00010068226666666668
52,1.000000000000001,0.0012654713333333334,1.000000000000001,0.0004898763333333334
53,1.025000000000001,0.0015583126666666666,1.025000000000001,0.0015854573333333333
54,1.0500000000000012,0.001944242,1.0500000000000012,0.0025879040000000002
55,1.0750000000000013,0.002441448666666667,1.0750000000000013,0.003592925333333334
56,1.1000000000000012,0.0030673673333333337,1.1000000000000012,0.004630531333333333
57,1.125000000000001,0.0038325593333333333,1.125000000000001,0.005736330666666667
58,1.1500000000000012,0.004739919333333334,1.1500000000000012,0.006922166666666668
59,1.1750000000000014,0.00580905,1.1750000000000014,0.008139153333333333
60,1.2000000000000013,0.0077771133333333345,1.2000000000000013,0.009595433333333334
61,1.2250000000000012,0.008872006666666666,1.2250000000000012,0.011127080000000001
62,1.2500000000000013,0.010292446666666667,1.2500000000000013,0.012764039999999999
63,1.2750000000000015,0.011885840000000002,1.2750000000000015,0.014512259999999999
