,93_5R_V_D,93_5R_J_D,93_5R_V_L,93_5R_J_L
0,1.3,0.025279333333333334,1.3,0.03334293333333334
1,1.2750000000000001,0.024630166666666668,1.2750000000000001,0.031400693333333334
2,1.2500000000000002,0.022952586666666667,1.2500000000000002,0.029016953333333338
3,1.2250000000000003,0.021028480000000002,1.2250000000000003,0.02652644666666667
4,1.2000000000000004,0.01905546666666667,1.2000000000000004,0.02403406
5,1.1750000000000005,0.017100046666666667,1.1750000000000005,0.021571706666666666
6,1.1500000000000006,0.0152095,1.1500000000000006,0.019162059999999998
7,1.1250000000000007,0.013402406666666667,1.1250000000000007,0.01681894
8,1.1000000000000008,0.01170518,1.1000000000000008,0.014549046666666666
9,1.0750000000000008,0.010120833333333334,1.0750000000000008,0.012337753333333333
10,1.050000000000001,0.008668273333333334,1.050000000000001,0.010193406666666667
11,1.025000000000001,0.00735154,1.025000000000001,0.00811242
12,1.000000000000001,0.006066739333333334,1.000000000000001,0.006148033333333334
13,0.9750000000000012,0.005087489333333334,0.9750000000000012,0.004127473333333334
14,0.9500000000000013,0.00422426,0.9500000000000013,0.0022294033333333336
15,0.9250000000000014,0.003492722666666667,0.9250000000000014,0.0005482032666666666
16,0.9000000000000015,0.002884998666666667,0.9000000000000015,-0.001155736
17,0.8750000000000016,0.0023816733333333335,0.8750000000000016,-0.002969194666666667
18,0.8500000000000016,0.001970358,0.8500000000000016,-0.0045897686666666665
19,0.8250000000000017,0.001642386,0.8250000000000017,-0.006112812
20,0.8000000000000018,0.0013785266666666667,0.8000000000000018,-0.007216126666666667
21,0.7750000000000019,0.001169754,0.7750000000000019,-0.008710673333333334
22,0.750000000000002,0.0009999826666666667,0.750000000000002,-0.010000793333333334
23,0.7250000000000021,0.0008584700000000001,0.7250000000000021,-0.011167426666666666
24,0.7000000000000022,0.000753008,0.7000000000000022,-0.012232293333333333
25,0.6750000000000023,0.0006523166,0.6750000000000023,-0.013186166666666669
26,0.6500000000000024,0.0005793138666666666,0.6500000000000024,-0.014056613333333334
27,0.6250000000000024,0.0005182628666666667,0.6250000000000024,-0.014847746666666667
28,0.6000000000000025,0.0004672323333333333,0.6000000000000025,-0.01557012
29,0.5750000000000026,0.0004231982,0.5750000000000026,-0.016209813333333333
30,0.5500000000000027,0.00038369273333333333,0.5500000000000027,-0.01679197333333333
31,0.5250000000000028,0.0003492628,0.5250000000000028,-0.017318253333333335
32,0.5000000000000029,0.0003184198,0.5000000000000029,-0.017802873333333333
33,0.475000000000003,0.0002903948666666667,0.475000000000003,-0.018237233333333335
34,0.45000000000000306,0.0002646566666666667,0.45000000000000306,-0.018637813333333333
35,0.42500000000000315,0.00024029153333333331,0.42500000000000315,-0.019006053333333335
36,0.40000000000000324,0.00021807533333333335,0.40000000000000324,-0.019342686666666668
37,0.37500000000000333,0.00019685000000000001,0.37500000000000333,-0.0196516
38,0.3500000000000034,0.00017770440000000002,0.3500000000000034,-0.01993406
39,0.3250000000000035,0.00015897066666666667,0.3250000000000035,-0.02019656666666667
40,0.3000000000000036,0.00014192266666666667,0.3000000000000036,-0.02044352666666667
41,0.2750000000000037,0.00012514353333333334,0.2750000000000037,-0.020675159999999998
42,0.2500000000000038,0.00011032133333333332,0.2500000000000038,-0.02088296
43,0.22500000000000386,9.583073333333334e-05,0.22500000000000386,-0.021055886666666666
44,0.20000000000000395,8.249226666666666e-05,0.20000000000000395,-0.021249306666666665
45,0.17500000000000404,6.961326666666667e-05,0.17500000000000404,-0.021414486666666666
46,0.15000000000000413,5.7980593333333336e-05,0.15000000000000413,-0.021569533333333335
47,0.12500000000000422,4.5861053333333335e-05,0.12500000000000422,-0.02171168
48,0.10000000000000431,3.465490666666667e-05,0.10000000000000431,-0.021844753333333335
49,0.0750000000000044,2.316158e-05,0.0750000000000044,-0.021965266666666667
50,0.050000000000004485,1.2090226666666667e-05,0.050000000000004485,-0.022077153333333335
51,0.025000000000004574,1.4602826666666668e-06,0.025000000000004574,-0.022180226666666667
52,4.6629367034256575e-15,-9.308886666666666e-06,4.6629367034256575e-15,-0.02227632
53,-0.024999999999995248,-2.030078666666667e-05,-0.024999999999995248,-0.022366106666666666
54,-0.04999999999999516,-3.063655333333333e-05,-0.04999999999999516,-0.02245434
55,-0.07499999999999507,-4.117950666666667e-05,-0.07499999999999507,-0.022526353333333336
56,-0.09999999999999498,-5.224274e-05,-0.09999999999999498,-0.022595673333333333
57,-0.12499999999999489,-6.412302e-05,-0.12499999999999489,-0.022666093333333335
58,-0.1499999999999948,-7.623206666666666e-05,-0.1499999999999948,-0.022737486666666668
59,-0.17499999999999472,-8.781753333333334e-05,-0.17499999999999472,-0.02279442666666667
60,-0.19999999999999463,-0.00010048813333333334,-0.19999999999999463,-0.02284658666666667
61,-0.22499999999999454,-0.00011245786666666667,-0.22499999999999454,-0.022909766666666668
62,-0.24999999999999445,-0.00012432086666666668,-0.24999999999999445,-0.022966386666666668
63,-0.27499999999999436,-0.0001370602,-0.27499999999999436,-0.02302160666666667
