,93_5R_V_D,93_5R_J_D,93_5R_V_L,93_5R_J_L
0,1.3,0.0030721666666666666,1.3,0.011048460000000001
1,1.2750000000000001,0.0035148566666666665,1.2750000000000001,0.009905046666666667
2,1.2500000000000002,0.0038046033333333333,1.2500000000000002,0.008831373333333333
3,1.2250000000000003,0.0038800180000000003,1.2250000000000003,0.00779228
4,1.2000000000000004,0.003767781333333333,1.2000000000000004,0.006784593333333333
5,1.1750000000000005,0.003526389333333333,1.1750000000000005,0.005776324
6,1.1500000000000006,0.0032123233333333336,1.1500000000000006,0.004793884
7,1.1250000000000007,0.0028676026666666667,1.1250000000000007,0.003850738666666667
8,1.1000000000000008,0.002524368,1.1000000000000008,0.00292749
9,1.0750000000000008,0.002197168,1.0750000000000008,0.0020079760000000003
10,1.050000000000001,0.0018991433333333336,1.050000000000001,0.00108758
11,1.025000000000001,0.0016337860000000001,1.025000000000001,0.0002402556
12,1.000000000000001,0.0014063693333333334,1.000000000000001,-0.0006998333333333333
13,0.9750000000000012,0.0012161106666666668,0.9750000000000012,-0.0016180806666666668
14,0.9500000000000013,0.0010599326666666667,0.9500000000000013,-0.002647894
15,0.9250000000000014,0.0009333760000000001,0.9250000000000014,-0.0036453799999999997
16,0.9000000000000015,0.000830522,0.9000000000000015,-0.004633701333333334
17,0.8750000000000016,0.0007459486666666667,0.8750000000000016,-0.005609667333333334
18,0.8500000000000016,0.000674888,0.8500000000000016,-0.006573257333333333
19,0.8250000000000017,0.0006141709333333333,0.8250000000000017,-0.0072382466666666674
20,0.8000000000000018,0.0005586571333333334,0.8000000000000018,-0.008249406666666667
21,0.7750000000000019,0.0005101344,0.7750000000000019,-0.009196166666666668
22,0.750000000000002,0.00046571300000000003,0.750000000000002,-0.01009868
23,0.7250000000000021,0.00042485453333333334,0.7250000000000021,-0.01095736
24,0.7000000000000022,0.0003868382666666667,0.7000000000000022,-0.011779093333333334
25,0.6750000000000023,0.0003513232666666667,0.6750000000000023,-0.012562466666666668
26,0.6500000000000024,0.0003180998,0.6500000000000024,-0.013307766666666667
27,0.6250000000000024,0.000287068,0.6250000000000024,-0.014014146666666668
28,0.6000000000000025,0.0002580994,0.6000000000000025,-0.014688446666666667
29,0.5750000000000026,0.00023106233333333333,0.5750000000000026,-0.015332253333333332
30,0.5500000000000027,0.00020597026666666668,0.5500000000000027,-0.015928880000000003
31,0.5250000000000028,0.00018265773333333334,0.5250000000000028,-0.01649588
32,0.5000000000000029,0.00016119333333333333,0.5000000000000029,-0.017031973333333332
33,0.475000000000003,0.0001413074,0.475000000000003,-0.017541846666666666
34,0.45000000000000306,0.00012314606666666666,0.45000000000000306,-0.0180103
35,0.42500000000000315,0.00010650313333333334,0.42500000000000315,-0.018456073333333337
36,0.40000000000000324,9.1445e-05,0.40000000000000324,-0.01887204
37,0.37500000000000333,7.782613333333333e-05,0.37500000000000333,-0.019263273333333334
38,0.3500000000000034,6.622368666666668e-05,0.3500000000000034,-0.01962748
39,0.3250000000000035,5.468438666666667e-05,0.3250000000000035,-0.01996534
40,0.3000000000000036,4.508524666666667e-05,0.3000000000000036,-0.02027786666666667
41,0.2750000000000037,3.665452666666667e-05,0.2750000000000037,-0.020573533333333335
42,0.2500000000000038,2.934272666666667e-05,0.2500000000000038,-0.02084526
43,0.22500000000000386,2.3144620000000003e-05,0.22500000000000386,-0.02108132
44,0.20000000000000395,1.7719793333333333e-05,0.20000000000000395,-0.021316413333333332
45,0.17500000000000404,1.3175313333333334e-05,0.17500000000000404,-0.021529446666666667
46,0.15000000000000413,9.315626666666668e-06,0.15000000000000413,-0.021729893333333333
47,0.12500000000000422,7.248706666666667e-06,0.12500000000000422,-0.02190578
48,0.10000000000000431,4.542454e-06,0.10000000000000431,-0.022069673333333335
49,0.0750000000000044,1.5926553333333332e-06,0.0750000000000044,-0.022222133333333335
50,0.050000000000004485,-7.130226666666666e-07,0.050000000000004485,-0.0223603
51,0.025000000000004574,-2.777238e-06,0.025000000000004574,-0.022488146666666667
52,4.6629367034256575e-15,-4.827476666666667e-06,4.6629367034256575e-15,-0.022607253333333334
53,-0.024999999999995248,-6.826126666666666e-06,-0.024999999999995248,-0.022716180000000002
54,-0.04999999999999516,-7.78066e-06,-0.04999999999999516,-0.022816066666666666
55,-0.07499999999999507,-1.0259986666666666e-05,-0.07499999999999507,-0.022911466666666668
56,-0.09999999999999498,-1.2450819999999999e-05,-0.09999999999999498,-0.022995986666666666
57,-0.12499999999999489,-1.4678493333333334e-05,-0.12499999999999489,-0.023075353333333336
58,-0.1499999999999948,-1.7020086666666668e-05,-0.1499999999999948,-0.023151613333333335
59,-0.17499999999999472,-1.948422e-05,-0.17499999999999472,-0.02322588
60,-0.19999999999999463,-2.200082666666667e-05,-0.19999999999999463,-0.02328232666666667
61,-0.22499999999999454,-2.4682293333333333e-05,-0.22499999999999454,-0.023344280000000002
62,-0.24999999999999445,-2.7500140000000004e-05,-0.24999999999999445,-0.023401500000000002
63,-0.27499999999999436,-3.0438393333333334e-05,-0.27499999999999436,-0.023455793333333332
