,93_5R_V_D,93_5R_J_D,93_5R_V_L,93_5R_J_L
0,1.3,0.0118168,1.3,0.017837413333333333
1,1.2750000000000001,0.011224133333333334,1.2750000000000001,0.016306913333333332
2,1.2500000000000002,0.010205960000000002,1.2500000000000002,0.01459464
3,1.2250000000000003,0.009101733333333334,1.2250000000000003,0.01288008
4,1.2000000000000004,0.008010733333333334,1.2000000000000004,0.011214713333333334
5,1.1750000000000005,0.006965053333333334,1.1750000000000005,0.009617
6,1.1500000000000006,0.005895084666666667,1.1500000000000006,0.008087980000000002
7,1.1250000000000007,0.005060388000000001,1.1250000000000007,0.0065924193333333336
8,1.1000000000000008,0.004266264,1.1000000000000008,0.005172136666666667
9,1.0750000000000008,0.003552368,1.0750000000000008,0.0038056093333333338
10,1.050000000000001,0.002928846666666667,1.050000000000001,0.002469274666666667
11,1.025000000000001,0.0023969726666666666,1.025000000000001,0.00115574
12,1.000000000000001,0.0019529746666666666,1.000000000000001,-5.109010666666668e-05
13,0.9750000000000012,0.0015919233333333335,0.9750000000000012,-0.0013527773333333333
14,0.9500000000000013,0.0013051626666666667,0.9500000000000013,-0.002703233333333334
15,0.9250000000000014,0.001080596,0.9250000000000014,-0.003985381333333334
16,0.9000000000000015,0.0009066513333333333,0.9000000000000015,-0.005232347333333333
17,0.8750000000000016,0.000772842,0.8750000000000016,-0.006448615333333334
18,0.8500000000000016,0.0006677966666666668,0.8500000000000016,-0.007363233333333334
19,0.8250000000000017,0.0005792204666666668,0.8250000000000017,-0.008613826666666668
20,0.8000000000000018,0.0005132454,0.8000000000000018,-0.009748926666666668
21,0.7750000000000019,0.0004594452666666667,0.7750000000000019,-0.010810306666666667
22,0.750000000000002,0.0004141560666666667,0.750000000000002,-0.01180452
23,0.7250000000000021,0.00037487580000000005,0.7250000000000021,-0.0127317
24,0.7000000000000022,0.00034066420000000003,0.7000000000000022,-0.013597033333333335
25,0.6750000000000023,0.0003099484,0.6750000000000023,-0.014402906666666666
26,0.6500000000000024,0.00028213340000000003,0.6500000000000024,-0.015147053333333334
27,0.6250000000000024,0.00025680353333333334,0.6250000000000024,-0.01584028666666667
28,0.6000000000000025,0.00023404613333333335,0.6000000000000025,-0.016486340000000002
29,0.5750000000000026,0.00021296153333333334,0.5750000000000026,-0.017066
30,0.5500000000000027,0.0001930908,0.5500000000000027,-0.017604433333333332
31,0.5250000000000028,0.0001753104,0.5250000000000028,-0.018096526666666668
32,0.5000000000000029,0.00015845313333333336,0.5000000000000029,-0.018547906666666666
33,0.475000000000003,0.00014274273333333333,0.475000000000003,-0.01897298
34,0.45000000000000306,0.00012839613333333333,0.45000000000000306,-0.01935458666666667
35,0.42500000000000315,0.0001148028,0.42500000000000315,-0.019711353333333334
36,0.40000000000000324,0.00010214606666666667,0.40000000000000324,-0.020036046666666668
37,0.37500000000000333,9.045826666666667e-05,0.37500000000000333,-0.020335660000000002
38,0.3500000000000034,7.94808e-05,0.3500000000000034,-0.02060564
39,0.3250000000000035,6.965866666666667e-05,0.3250000000000035,-0.020853673333333336
40,0.3000000000000036,6.120862e-05,0.3000000000000036,-0.021082833333333335
41,0.2750000000000037,5.217410666666667e-05,0.2750000000000037,-0.021296946666666667
42,0.2500000000000038,4.4464173333333336e-05,0.2500000000000038,-0.02147942
43,0.22500000000000386,3.758144e-05,0.22500000000000386,-0.021632466666666666
44,0.20000000000000395,3.121550666666667e-05,0.20000000000000395,-0.021802353333333337
45,0.17500000000000404,2.5541033333333335e-05,0.17500000000000404,-0.02195634
46,0.15000000000000413,2.0347153333333332e-05,0.15000000000000413,-0.022078860000000002
47,0.12500000000000422,1.3727613333333333e-05,0.12500000000000422,-0.02219744666666667
48,0.10000000000000431,9.079433333333333e-06,0.10000000000000431,-0.022308846666666667
49,0.0750000000000044,5.860938666666667e-06,0.0750000000000044,-0.022406713333333335
50,0.050000000000004485,2.154346e-06,0.050000000000004485,-0.02250176666666667
51,0.025000000000004574,-1.0963653333333332e-06,0.025000000000004574,-0.022586726666666668
52,4.6629367034256575e-15,-4.328812e-06,4.6629367034256575e-15,-0.02266432
53,-0.024999999999995248,-6.8846333333333335e-06,-0.024999999999995248,-0.02273708666666667
54,-0.04999999999999516,-1.036488e-05,-0.04999999999999516,-0.0228075
55,-0.07499999999999507,-1.3563526666666667e-05,-0.07499999999999507,-0.02287282
56,-0.09999999999999498,-1.6800753333333335e-05,-0.09999999999999498,-0.0229322
57,-0.12499999999999489,-1.9944886666666667e-05,-0.12499999999999489,-0.022989193333333335
58,-0.1499999999999948,-2.3239480000000002e-05,-0.1499999999999948,-0.023050613333333334
59,-0.17499999999999472,-2.6522913333333335e-05,-0.17499999999999472,-0.02309966
60,-0.19999999999999463,-3.091289333333334e-05,-0.19999999999999463,-0.02314202666666667
61,-0.22499999999999454,-3.461684666666667e-05,-0.22499999999999454,-0.0231937
62,-0.24999999999999445,-4.1918886666666664e-05,-0.24999999999999445,-0.02324208666666667
63,-0.27499999999999436,-4.641447333333334e-05,-0.27499999999999436,-0.023288233333333335
