,93_5R_V_D,93_5R_J_D,93_5R_V_L,93_5R_J_L
0,1.3,0.030503353333333334,1.3,0.03900262
1,1.2750000000000001,0.029900273333333338,1.2750000000000001,0.03709866
2,1.2500000000000002,0.02808062,1.2500000000000002,0.03456659333333333
3,1.2250000000000003,0.02593274,1.2250000000000003,0.03185867333333334
4,1.2000000000000004,0.023708173333333336,1.2000000000000004,0.02910984
5,1.1750000000000005,0.021471193333333336,1.1750000000000005,0.026365726666666665
6,1.1500000000000006,0.019275720000000003,1.1500000000000006,0.02365103333333333
7,1.1250000000000007,0.01716228666666667,1.1250000000000007,0.02097944666666667
8,1.1000000000000008,0.01514362,1.1000000000000008,0.018402433333333332
9,1.0750000000000008,0.013239319999999999,1.0750000000000008,0.01586114666666667
10,1.050000000000001,0.011463666666666667,1.050000000000001,0.013394766666666667
11,1.025000000000001,0.009827673333333333,1.025000000000001,0.010995066666666668
12,1.000000000000001,0.008357900000000001,1.000000000000001,0.008668233333333334
13,0.9750000000000012,0.007043486666666667,0.9750000000000012,0.006491722
14,0.9500000000000013,0.0057440753333333336,0.9500000000000013,0.004259128
15,0.9250000000000014,0.0048116393333333335,0.9250000000000014,0.002169494
16,0.9000000000000015,0.004003254666666667,0.9000000000000015,0.00036976153333333336
17,0.8750000000000016,0.0033039613333333334,0.8750000000000016,-0.0014618993333333334
18,0.8500000000000016,0.002740764666666667,0.8500000000000016,-0.0033789153333333333
19,0.8250000000000017,0.002265638,0.8250000000000017,-0.005083073333333334
20,0.8000000000000018,0.0018814613333333334,0.8000000000000018,-0.006652812
21,0.7750000000000019,0.0015711546666666667,0.7750000000000019,-0.007745966666666667
22,0.750000000000002,0.0013246533333333334,0.750000000000002,-0.00925332
23,0.7250000000000021,0.0011326546666666666,0.7250000000000021,-0.010536253333333334
24,0.7000000000000022,0.0009716373333333334,0.7000000000000022,-0.011670380000000001
25,0.6750000000000023,0.0008424553333333332,0.6750000000000023,-0.01269526
26,0.6500000000000024,0.00073841,0.6500000000000024,-0.013614493333333333
27,0.6250000000000024,0.0006308559333333334,0.6250000000000024,-0.014441753333333333
28,0.6000000000000025,0.0005828655333333333,0.6000000000000025,-0.015185953333333333
29,0.5750000000000026,0.0005220449333333334,0.5750000000000026,-0.01586950666666667
30,0.5500000000000027,0.0004701501333333333,0.5500000000000027,-0.016463666666666668
31,0.5250000000000028,0.0004235883333333334,0.5250000000000028,-0.01700282666666667
32,0.5000000000000029,0.00038298606666666664,0.5000000000000029,-0.017493313333333333
33,0.475000000000003,0.0003476156,0.475000000000003,-0.01794343333333333
34,0.45000000000000306,0.0003159366,0.45000000000000306,-0.01833408666666667
35,0.42500000000000315,0.00028582920000000004,0.42500000000000315,-0.01869322
36,0.40000000000000324,0.0002575782666666667,0.40000000000000324,-0.019025953333333335
37,0.37500000000000333,0.0002326322,0.37500000000000333,-0.019328686666666667
38,0.3500000000000034,0.0002094186,0.3500000000000034,-0.019606600000000002
39,0.3250000000000035,0.00018694506666666667,0.3250000000000035,-0.019862246666666666
40,0.3000000000000036,0.000166259,0.3000000000000036,-0.020094
41,0.2750000000000037,0.00014824406666666667,0.2750000000000037,-0.020318226666666668
42,0.2500000000000038,0.0001298624,0.2500000000000038,-0.02052406
43,0.22500000000000386,0.00011329373333333335,0.22500000000000386,-0.02069615333333333
44,0.20000000000000395,9.797586666666668e-05,0.20000000000000395,-0.020885273333333332
45,0.17500000000000404,8.324453333333334e-05,0.17500000000000404,-0.021056953333333336
46,0.15000000000000413,6.846726666666666e-05,0.15000000000000413,-0.021223666666666665
47,0.12500000000000422,5.502086666666667e-05,0.12500000000000422,-0.02136658666666667
48,0.10000000000000431,4.055728666666667e-05,0.10000000000000431,-0.021502166666666666
49,0.0750000000000044,2.7338946666666666e-05,0.0750000000000044,-0.021630680000000003
50,0.050000000000004485,1.4304866666666667e-05,0.050000000000004485,-0.02174978666666667
51,0.025000000000004574,1.7512786666666668e-06,0.025000000000004574,-0.021863106666666667
52,4.6629367034256575e-15,-1.1112733333333333e-05,4.6629367034256575e-15,-0.021972246666666667
53,-0.024999999999995248,-2.4123720000000002e-05,-0.024999999999995248,-0.02206966
54,-0.04999999999999516,-3.726042666666667e-05,-0.04999999999999516,-0.022164773333333335
55,-0.07499999999999507,-5.028668666666667e-05,-0.07499999999999507,-0.02225062666666667
56,-0.09999999999999498,-6.378602666666667e-05,-0.09999999999999498,-0.02233254
57,-0.12499999999999489,-7.711513333333333e-05,-0.12499999999999489,-0.02241172666666667
58,-0.1499999999999948,-9.180033333333334e-05,-0.1499999999999948,-0.02248516
59,-0.17499999999999472,-0.00010589033333333335,-0.17499999999999472,-0.022564266666666666
60,-0.19999999999999463,-0.00012089153333333334,-0.19999999999999463,-0.022618473333333337
61,-0.22499999999999454,-0.00013660493333333333,-0.22499999999999454,-0.022689706666666667
62,-0.24999999999999445,-0.00015226793333333335,-0.24999999999999445,-0.022756446666666666
63,-0.27499999999999436,-0.00016853520000000003,-0.27499999999999436,-0.022821586666666668
