,93_5F_V_D,93_5F_J_D,93_5F_V_L,93_5F_J_L
0,-0.3,-1.6342073333333333e-05,-0.3,-0.023847913333333335
1,-0.27499999999999997,-1.4114793333333335e-05,-0.27499999999999997,-0.023543373333333333
2,-0.24999999999999994,-1.250804e-05,-0.24999999999999994,-0.023149
3,-0.22499999999999992,-1.0897526666666666e-05,-0.22499999999999992,-0.02266336
4,-0.1999999999999999,-9.499846666666667e-06,-0.1999999999999999,-0.022124273333333336
5,-0.17499999999999988,-8.036686666666667e-06,-0.17499999999999988,-0.02158396
6,-0.14999999999999986,-6.668946666666668e-06,-0.14999999999999986,-0.021068013333333333
7,-0.12499999999999983,-5.680138e-06,-0.12499999999999983,-0.020595953333333337
8,-0.09999999999999981,-4.053769333333333e-06,-0.09999999999999981,-0.020141713333333332
9,-0.07499999999999979,-2.7838946666666667e-06,-0.07499999999999979,-0.019707093333333335
10,-0.04999999999999977,-1.5687540000000001e-06,-0.04999999999999977,-0.01929456666666667
11,-0.024999999999999745,-3.9092713333333335e-07,-0.024999999999999745,-0.018895126666666668
12,2.7755575615628914e-16,7.827226666666667e-07,2.7755575615628914e-16,-0.01851326
13,0.0250000000000003,1.9884226666666668e-06,0.0250000000000003,-0.018133313333333335
14,0.05000000000000032,3.2053853333333336e-06,0.05000000000000032,-0.01777184
15,0.07500000000000034,4.499704e-06,0.07500000000000034,-0.017416140000000004
16,0.10000000000000037,5.906968666666667e-06,0.10000000000000037,-0.017063033333333335
17,0.1250000000000004,6.997020000000001e-06,0.1250000000000004,-0.016722486666666668
18,0.1500000000000004,9.295573333333334e-06,0.1500000000000004,-0.016376019999999998
19,0.17500000000000043,1.1463300000000001e-05,0.17500000000000043,-0.01601832666666667
20,0.20000000000000046,1.4084740000000002e-05,0.20000000000000046,-0.01569164
21,0.22500000000000048,1.7182253333333334e-05,0.22500000000000048,-0.015337546666666667
22,0.2500000000000005,2.102758666666667e-05,0.2500000000000005,-0.014989126666666668
23,0.2750000000000005,2.5608326666666664e-05,0.2750000000000005,-0.014629926666666668
24,0.30000000000000054,3.0434286666666666e-05,0.30000000000000054,-0.0142676
25,0.32500000000000057,3.6177506666666666e-05,0.32500000000000057,-0.013893373333333332
26,0.3500000000000006,4.2349086666666665e-05,0.3500000000000006,-0.013513426666666668
27,0.3750000000000006,4.96892e-05,0.3750000000000006,-0.013111066666666666
28,0.40000000000000063,5.7652993333333336e-05,0.40000000000000063,-0.012703373333333334
29,0.42500000000000066,6.662820666666666e-05,0.42500000000000066,-0.012281066666666667
30,0.4500000000000007,7.573233333333333e-05,0.4500000000000007,-0.011850180000000002
31,0.4750000000000007,8.794006666666667e-05,0.4750000000000007,-0.011390740000000002
32,0.5000000000000007,0.00010069426666666666,0.5000000000000007,-0.010905233333333333
33,0.5250000000000008,0.00011485786666666666,0.5250000000000008,-0.010436453333333333
34,0.5500000000000007,0.00013052886666666666,0.5500000000000007,-0.009930806666666667
35,0.5750000000000008,0.000147613,0.5750000000000008,-0.009418766666666667
36,0.6000000000000008,0.0001674806,0.6000000000000008,-0.008891660000000001
37,0.6250000000000009,0.00018796206666666667,0.6250000000000009,-0.008333153333333333
38,0.6500000000000008,0.0002104274,0.6500000000000008,-0.0077681600000000005
39,0.6750000000000009,0.0002349592,0.6750000000000009,-0.007196206666666667
40,0.7000000000000008,0.0002612640666666667,0.7000000000000008,-0.007905106666666667
41,0.7250000000000008,0.00029003253333333335,0.7250000000000008,-0.006750800000000001
42,0.7500000000000009,0.00032619273333333335,0.7500000000000009,-0.006547888666666667
43,0.775000000000001,0.00036154519999999997,0.775000000000001,-0.005469224666666666
44,0.8000000000000009,0.0004003854666666667,0.8000000000000009,-0.004667106666666666
45,0.8250000000000008,0.0004461229333333334,0.8250000000000008,-0.003921674
46,0.850000000000001,0.0004983008,0.850000000000001,-0.0032129500000000004
47,0.8750000000000011,0.0005606534666666666,0.8750000000000011,-0.0024949953333333334
48,0.900000000000001,0.0006386604,0.900000000000001,-0.0017853373333333333
49,0.9250000000000009,0.0007823706666666668,0.9250000000000009,-0.0010603953333333334
50,0.9500000000000011,0.0009066326666666666,0.9500000000000011,-0.0012564866666666668
51,0.9750000000000012,0.001087234,0.9750000000000012,-0.0004700579333333334
52,1.000000000000001,0.001331272,1.000000000000001,0.0006027459333333333
53,1.025000000000001,0.0016593573333333336,1.025000000000001,0.0011680373333333334
54,1.0500000000000012,0.0020877393333333335,1.0500000000000012,0.002300696
55,1.0750000000000013,0.002637720666666667,1.0750000000000013,0.003367421333333334
56,1.1000000000000012,0.0033157486666666666,1.1000000000000012,0.0044604606666666675
57,1.125000000000001,0.004131814,1.125000000000001,0.00561277
58,1.1500000000000012,0.005078379333333334,1.1500000000000012,0.006841593333333333
59,1.1750000000000014,0.006178894,1.1750000000000014,0.008137666666666666
60,1.2000000000000013,0.008069733333333334,1.2000000000000013,0.009608326666666667
61,1.2250000000000012,0.00919052,1.2250000000000012,0.011152713333333333
62,1.2500000000000013,0.01060908,1.2500000000000013,0.012797553333333335
63,1.2750000000000015,0.012187266666666668,1.2750000000000015,0.014544033333333335
