,93_5F_V_D,93_5F_J_D,93_5F_V_L,93_5F_J_L
0,-0.3,-1.3661433333333334e-05,-0.3,-0.023806680000000004
1,-0.27499999999999997,-1.109804e-05,-0.27499999999999997,-0.02365428666666667
2,-0.24999999999999994,-9.3934e-06,-0.24999999999999994,-0.023489426666666667
3,-0.22499999999999992,-7.95326e-06,-0.22499999999999992,-0.023301593333333332
4,-0.1999999999999999,-6.779273333333333e-06,-0.1999999999999999,-0.023075113333333334
5,-0.17499999999999988,-6.003739333333334e-06,-0.17499999999999988,-0.022809733333333332
6,-0.14999999999999986,-4.5595186666666665e-06,-0.14999999999999986,-0.02250048666666667
7,-0.12499999999999983,-3.5432760000000006e-06,-0.12499999999999983,-0.022143873333333335
8,-0.09999999999999981,-2.5410300000000003e-06,-0.09999999999999981,-0.02175564
9,-0.07499999999999979,-1.5942786666666666e-06,-0.07499999999999979,-0.02132742
10,-0.04999999999999977,-6.695613333333333e-07,-0.04999999999999977,-0.020870753333333335
11,-0.024999999999999745,2.547062e-07,-0.024999999999999745,-0.020385353333333335
12,2.7755575615628914e-16,1.17327e-06,2.7755575615628914e-16,-0.019895326666666668
13,0.0250000000000003,2.1409866666666666e-06,0.0250000000000003,-0.019377746666666668
14,0.05000000000000032,3.132084e-06,0.05000000000000032,-0.018855873333333335
15,0.07500000000000034,4.18805e-06,0.07500000000000034,-0.018327473333333337
16,0.10000000000000037,5.333840666666667e-06,0.10000000000000037,-0.017793886666666668
17,0.1250000000000004,6.651912666666666e-06,0.1250000000000004,-0.017259446666666668
18,0.1500000000000004,7.224413333333333e-06,0.1500000000000004,-0.016720166666666668
19,0.17500000000000043,9.544406666666667e-06,0.17500000000000043,-0.016181546666666668
20,0.20000000000000046,1.1564673333333334e-05,0.20000000000000046,-0.015643346666666665
21,0.22500000000000048,1.3943860000000001e-05,0.22500000000000048,-0.015102453333333333
22,0.2500000000000005,1.6642073333333334e-05,0.2500000000000005,-0.014572713333333334
23,0.2750000000000005,1.971806e-05,0.2750000000000005,-0.014033033333333333
24,0.30000000000000054,2.3241333333333334e-05,0.30000000000000054,-0.01348742
25,0.32500000000000057,2.7278353333333334e-05,0.32500000000000057,-0.012957560000000002
26,0.3500000000000006,3.192079333333334e-05,0.3500000000000006,-0.0124257
27,0.3750000000000006,3.73272e-05,0.3750000000000006,-0.011887553333333334
28,0.40000000000000063,4.363485333333334e-05,0.40000000000000063,-0.011362226666666668
29,0.42500000000000066,5.1040466666666674e-05,0.42500000000000066,-0.010814186666666668
30,0.4500000000000007,5.982574000000001e-05,0.4500000000000007,-0.010268406666666667
31,0.4750000000000007,7.17166e-05,0.4750000000000007,-0.009724953333333333
32,0.5000000000000007,8.481200000000001e-05,0.5000000000000007,-0.00916986
33,0.5250000000000008,9.90826e-05,0.5250000000000008,-0.00861302
34,0.5500000000000007,0.0001152972,0.5500000000000007,-0.008049873333333334
35,0.5750000000000008,0.00013379306666666668,0.5750000000000008,-0.007487306666666667
36,0.6000000000000008,0.000154637,0.6000000000000008,-0.006912593333333334
37,0.6250000000000009,0.00017801746666666667,0.6250000000000009,-0.0074178000000000004
38,0.6500000000000008,0.0002040202,0.6500000000000008,-0.006881
39,0.6750000000000009,0.0002330184,0.6750000000000009,-0.005897271333333334
40,0.7000000000000008,0.0002650590666666667,0.7000000000000008,-0.0051558006666666675
41,0.7250000000000008,0.00030070666666666667,0.7250000000000008,-0.004464923333333333
42,0.7500000000000009,0.00033996646666666666,0.7500000000000009,-0.003805212666666667
43,0.775000000000001,0.0003834034,0.775000000000001,-0.0031621713333333337
44,0.8000000000000009,0.0004313348,0.8000000000000009,-0.002539386666666667
45,0.8250000000000008,0.0004842958666666667,0.8250000000000008,-0.001927804
46,0.850000000000001,0.0005425604666666667,0.850000000000001,-0.0013295120000000001
47,0.8750000000000011,0.0006072526000000001,0.8750000000000011,-0.0007421266666666667
48,0.900000000000001,0.0006790673333333334,0.900000000000001,-0.0004476560666666667
49,0.9250000000000009,0.0007576546666666666,0.9250000000000009,0.0002320684
50,0.9500000000000011,0.0008515953333333334,0.9500000000000011,0.0006999706666666667
51,0.9750000000000012,0.0009595633333333333,0.9750000000000012,0.001103464
52,1.000000000000001,0.001084492,1.000000000000001,0.00179736
53,1.025000000000001,0.0012313393333333333,1.025000000000001,0.0024412793333333333
54,1.0500000000000012,0.00140371,1.0500000000000012,0.003082122
55,1.0750000000000013,0.0016080106666666667,1.0750000000000013,0.0037308226666666667
56,1.1000000000000012,0.001848592,1.1000000000000012,0.004390605333333334
57,1.125000000000001,0.0021341280000000003,1.125000000000001,0.005073119333333333
58,1.1500000000000012,0.0024706093333333335,1.1500000000000012,0.005779309333333333
59,1.1750000000000014,0.0028678,1.1750000000000014,0.006514278666666667
60,1.2000000000000013,0.0033286553333333334,1.2000000000000013,0.007104699999999999
61,1.2250000000000012,0.0038619660000000005,1.2250000000000012,0.007980553333333334
62,1.2500000000000013,0.004473868666666667,1.2500000000000013,0.008874106666666668
63,1.2750000000000015,0.005169568666666667,1.2750000000000015,0.009811293333333334
