,93_5F_V_D,93_5F_J_D,93_5F_V_L,93_5F_J_L
0,-0.3,-1.6006713333333332e-05,-0.3,-0.02399685333333333
1,-0.27499999999999997,-1.3532186666666667e-05,-0.27499999999999997,-0.02384494666666667
2,-0.24999999999999994,-1.1594546666666666e-05,-0.24999999999999994,-0.023666180000000002
3,-0.22499999999999992,-9.995526666666667e-06,-0.22499999999999992,-0.023436833333333334
4,-0.1999999999999999,-8.598226666666668e-06,-0.1999999999999999,-0.02314278666666667
5,-0.17499999999999988,-7.1201e-06,-0.17499999999999988,-0.02278696
6,-0.14999999999999986,-6.308726666666667e-06,-0.14999999999999986,-0.022385633333333335
7,-0.12499999999999983,-4.602824000000001e-06,-0.12499999999999983,-0.021954320000000003
8,-0.09999999999999981,-3.417678e-06,-0.09999999999999981,-0.02150758666666667
9,-0.07499999999999979,-2.234860666666667e-06,-0.07499999999999979,-0.021053373333333333
10,-0.04999999999999977,-1.1034706666666666e-06,-0.04999999999999977,-0.020585540000000003
11,-0.024999999999999745,1.1061206666666666e-08,-0.024999999999999745,-0.02011664
12,2.7755575615628914e-16,1.0599806666666668e-06,2.7755575615628914e-16,-0.01965408
13,0.0250000000000003,2.2410893333333335e-06,0.0250000000000003,-0.019180893333333334
14,0.05000000000000032,3.4077179999999997e-06,0.05000000000000032,-0.018710420000000002
15,0.07500000000000034,4.646122666666667e-06,0.07500000000000034,-0.01823798
16,0.10000000000000037,5.995710666666667e-06,0.10000000000000037,-0.017761353333333334
17,0.1250000000000004,6.9995e-06,0.1250000000000004,-0.01731187333333333
18,0.1500000000000004,8.477040000000001e-06,0.1500000000000004,-0.016852213333333334
19,0.17500000000000043,1.097664e-05,0.17500000000000043,-0.016394946666666667
20,0.20000000000000046,1.338224e-05,0.20000000000000046,-0.015953513333333332
21,0.22500000000000048,1.6100886666666665e-05,0.22500000000000048,-0.01548798
22,0.2500000000000005,1.9273220000000002e-05,0.2500000000000005,-0.015042006666666668
23,0.2750000000000005,2.300766e-05,0.2750000000000005,-0.014594953333333334
24,0.30000000000000054,2.7304406666666665e-05,0.30000000000000054,-0.014137900000000002
25,0.32500000000000057,3.2159040000000004e-05,0.32500000000000057,-0.013678753333333333
26,0.3500000000000006,3.764227333333333e-05,0.3500000000000006,-0.013214400000000001
27,0.3750000000000006,4.393784e-05,0.3750000000000006,-0.012752486666666667
28,0.40000000000000063,5.1438980000000005e-05,0.40000000000000063,-0.01228208
29,0.42500000000000066,5.981710000000001e-05,0.42500000000000066,-0.011787013333333334
30,0.4500000000000007,6.968973333333334e-05,0.4500000000000007,-0.011318080000000001
31,0.4750000000000007,8.123166666666668e-05,0.4750000000000007,-0.010825693333333334
32,0.5000000000000007,9.502573333333334e-05,0.5000000000000007,-0.010315586666666668
33,0.5250000000000008,0.00010996913333333334,0.5250000000000008,-0.009808986666666667
34,0.5500000000000007,0.0001268292,0.5500000000000007,-0.009276173333333334
35,0.5750000000000008,0.00014569260000000002,0.5750000000000008,-0.008738113333333334
36,0.6000000000000008,0.00016644326666666667,0.6000000000000008,-0.00819068
37,0.6250000000000009,0.00018985113333333336,0.6250000000000009,-0.007631453333333334
38,0.6500000000000008,0.00021534020000000002,0.6500000000000008,-0.007061173333333334
39,0.6750000000000009,0.0002430458,0.6750000000000009,-0.007732053333333334
40,0.7000000000000008,0.0002738649333333334,0.7000000000000008,-0.007509646666666667
41,0.7250000000000008,0.0003074304,0.7250000000000008,-0.006822286666666667
42,0.7500000000000009,0.00034469893333333336,0.7500000000000009,-0.005706904666666667
43,0.775000000000001,0.00038406173333333334,0.775000000000001,-0.004870839333333334
44,0.8000000000000009,0.0004282616666666667,0.8000000000000009,-0.004099129333333334
45,0.8250000000000008,0.00047751073333333335,0.8250000000000008,-0.003363654666666667
46,0.850000000000001,0.0005324947333333334,0.850000000000001,-0.0026418486666666668
47,0.8750000000000011,0.0005961875333333333,0.8750000000000011,-0.0019333993333333335
48,0.900000000000001,0.0006685486666666667,0.900000000000001,-0.0012304146666666667
49,0.9250000000000009,0.0007804693333333334,0.9250000000000009,-0.0013954093333333334
50,0.9500000000000011,0.0008829240000000001,0.9500000000000011,-0.0009820233333333334
51,0.9750000000000012,0.0010166873333333334,0.9750000000000012,-0.0004514284666666667
52,1.000000000000001,0.001186392,1.000000000000001,0.0006057582
53,1.025000000000001,0.0014017853333333334,1.025000000000001,0.0012272473333333333
54,1.0500000000000012,0.0016757033333333333,1.0500000000000012,0.0022657086666666667
55,1.0750000000000013,0.0020251373333333334,1.0750000000000013,0.0032368193333333333
56,1.1000000000000012,0.0024640693333333333,1.1000000000000012,0.004217571333333334
57,1.125000000000001,0.0030039946666666666,1.125000000000001,0.005226264
58,1.1500000000000012,0.003650625333333334,1.1500000000000012,0.006284361333333334
59,1.1750000000000014,0.004431223333333333,1.1750000000000014,0.0072967533333333345
60,1.2000000000000013,0.005341256666666667,1.2000000000000013,0.008582013333333333
61,1.2250000000000012,0.006383396666666667,1.2250000000000012,0.009923186666666667
62,1.2500000000000013,0.0084023,1.2500000000000013,0.011352486666666666
63,1.2750000000000015,0.009510686666666667,1.2750000000000015,0.012886060000000001
