,93_5F_V_D,93_5F_J_D,93_5F_V_L,93_5F_J_L
0,-0.3,-1.7883753333333334e-05,-0.3,-0.023734013333333335
1,-0.27499999999999997,-1.543014e-05,-0.27499999999999997,-0.023435606666666668
2,-0.24999999999999994,-1.3464693333333334e-05,-0.24999999999999994,-0.02305888
3,-0.22499999999999992,-1.1684173333333333e-05,-0.22499999999999992,-0.022592900000000003
4,-0.1999999999999999,-1.0026633333333333e-05,-0.1999999999999999,-0.02205834
5,-0.17499999999999988,-8.417560000000001e-06,-0.17499999999999988,-0.021497973333333333
6,-0.14999999999999986,-7.0457333333333336e-06,-0.14999999999999986,-0.020954160000000003
7,-0.12499999999999983,-5.949908000000001e-06,-0.12499999999999983,-0.020429926666666667
8,-0.09999999999999981,-4.260510666666667e-06,-0.09999999999999981,-0.01991802
9,-0.07499999999999979,-2.940748666666667e-06,-0.07499999999999979,-0.01943912
10,-0.04999999999999977,-1.645686e-06,-0.04999999999999977,-0.018968386666666667
11,-0.024999999999999745,-3.4260873333333333e-07,-0.024999999999999745,-0.0185105
12,2.7755575615628914e-16,8.831460000000001e-07,2.7755575615628914e-16,-0.018076953333333333
13,0.0250000000000003,2.229478666666667e-06,0.0250000000000003,-0.017636373333333333
14,0.05000000000000032,3.599628666666667e-06,0.05000000000000032,-0.017220686666666665
15,0.07500000000000034,5.094244000000001e-06,0.07500000000000034,-0.01680922
16,0.10000000000000037,6.578888e-06,0.10000000000000037,-0.01641278666666667
17,0.1250000000000004,7.708766666666668e-06,0.1250000000000004,-0.01602218
18,0.1500000000000004,1.0177493333333333e-05,0.1500000000000004,-0.01563954
19,0.17500000000000043,1.2505673333333334e-05,0.17500000000000043,-0.015263926666666667
20,0.20000000000000046,1.528788e-05,0.20000000000000046,-0.014880666666666667
21,0.22500000000000048,1.8262340000000002e-05,0.22500000000000048,-0.014499446666666669
22,0.2500000000000005,2.1902540000000002e-05,0.2500000000000005,-0.014130260000000002
23,0.2750000000000005,2.592376e-05,0.2750000000000005,-0.013752053333333335
24,0.30000000000000054,3.055800666666667e-05,0.30000000000000054,-0.013372920000000002
25,0.32500000000000057,3.5776293333333336e-05,0.32500000000000057,-0.012984273333333334
26,0.3500000000000006,4.188631333333333e-05,0.3500000000000006,-0.012607246666666667
27,0.3750000000000006,4.875162e-05,0.3750000000000006,-0.01220692
28,0.40000000000000063,5.641492666666667e-05,0.40000000000000063,-0.01179754
29,0.42500000000000066,6.551824e-05,0.42500000000000066,-0.011380446666666667
30,0.4500000000000007,7.450660000000001e-05,0.4500000000000007,-0.010953886666666668
31,0.4750000000000007,8.69026e-05,0.4750000000000007,-0.010514906666666667
32,0.5000000000000007,9.971546666666667e-05,0.5000000000000007,-0.010063873333333334
33,0.5250000000000008,0.00011357753333333335,0.5250000000000008,-0.00960002
34,0.5500000000000007,0.00012969293333333333,0.5500000000000007,-0.00909956
35,0.5750000000000008,0.00014701546666666667,0.5750000000000008,-0.008616799999999999
36,0.6000000000000008,0.00016661726666666667,0.6000000000000008,-0.008108613333333334
37,0.6250000000000009,0.00018901480000000002,0.6250000000000009,-0.007582740000000001
38,0.6500000000000008,0.00021198920000000003,0.6500000000000008,-0.007056353333333334
39,0.6750000000000009,0.00023717800000000003,0.6750000000000009,-0.007768093333333333
40,0.7000000000000008,0.0002654268666666667,0.7000000000000008,-0.00754008
41,0.7250000000000008,0.00029571333333333334,0.7250000000000008,-0.006874266666666668
42,0.7500000000000009,0.0003294224666666667,0.7500000000000009,-0.00573575
43,0.775000000000001,0.0003672104666666667,0.775000000000001,-0.004923123333333334
44,0.8000000000000009,0.00040758713333333336,0.8000000000000009,-0.004179025333333333
45,0.8250000000000008,0.00045402793333333333,0.8250000000000008,-0.0034664473333333337
46,0.850000000000001,0.000504489,0.850000000000001,-0.0027567853333333335
47,0.8750000000000011,0.0005647710666666667,0.8750000000000011,-0.0020712213333333334
48,0.900000000000001,0.0006367983333333334,0.900000000000001,-0.0013729573333333333
49,0.9250000000000009,0.0007544320000000001,0.9250000000000009,-0.0006698800000000001
50,0.9500000000000011,0.0008649746666666667,0.9500000000000011,-0.000895504
51,0.9750000000000012,0.0010170000000000001,0.9750000000000012,-0.00013481113333333334
52,1.000000000000001,0.0012181726666666668,1.000000000000001,0.0006999786666666667
53,1.025000000000001,0.00148726,1.025000000000001,0.0014182386666666668
54,1.0500000000000012,0.0018377726666666669,1.0500000000000012,0.002500014
55,1.0750000000000013,0.0022928786666666667,1.0750000000000013,0.003513944
56,1.1000000000000012,0.002868462,1.1000000000000012,0.004537936666666667
57,1.125000000000001,0.0035744013333333336,1.125000000000001,0.005618786000000001
58,1.1500000000000012,0.004419073333333334,1.1500000000000012,0.0067683333333333345
59,1.1750000000000014,0.005422808,1.1750000000000014,0.007925193333333334
60,1.2000000000000013,0.007350173333333333,1.2000000000000013,0.009340333333333334
61,1.2250000000000012,0.008375726666666668,1.2250000000000012,0.010823373333333334
62,1.2500000000000013,0.009744913333333334,1.2500000000000013,0.012403726666666667
63,1.2750000000000015,0.011269600000000001,1.2750000000000015,0.01409768
