,93_5F_V_D,93_5F_J_D,93_5F_V_L,93_5F_J_L
0,-0.3,-2.0967273333333334e-05,-0.3,-0.023752226666666668
1,-0.27499999999999997,-1.825324e-05,-0.27499999999999997,-0.02343852
2,-0.24999999999999994,-1.593890666666667e-05,-0.24999999999999994,-0.023038226666666665
3,-0.22499999999999992,-1.3892620000000001e-05,-0.22499999999999992,-0.022546386666666668
4,-0.1999999999999999,-1.2199953333333335e-05,-0.1999999999999999,-0.021992133333333334
5,-0.17499999999999988,-1.0261213333333333e-05,-0.17499999999999988,-0.021426473333333335
6,-0.14999999999999986,-8.567733333333333e-06,-0.14999999999999986,-0.0208831
7,-0.12499999999999983,-6.897526666666667e-06,-0.12499999999999983,-0.020376713333333334
8,-0.09999999999999981,-5.622455333333334e-06,-0.09999999999999981,-0.019885713333333336
9,-0.07499999999999979,-3.714794666666667e-06,-0.07499999999999979,-0.01941360666666667
10,-0.04999999999999977,-2.1600886666666666e-06,-0.04999999999999977,-0.018962000000000003
11,-0.024999999999999745,-6.010834666666667e-07,-0.024999999999999745,-0.018520133333333334
12,2.7755575615628914e-16,9.33702e-07,2.7755575615628914e-16,-0.018106753333333336
13,0.0250000000000003,2.512408e-06,0.0250000000000003,-0.017684433333333333
14,0.05000000000000032,4.0629986666666665e-06,0.05000000000000032,-0.01728370666666667
15,0.07500000000000034,5.811032e-06,0.07500000000000034,-0.016894653333333336
16,0.10000000000000037,7.046746666666666e-06,0.10000000000000037,-0.016518266666666667
17,0.1250000000000004,9.385780000000001e-06,0.1250000000000004,-0.016148053333333332
18,0.1500000000000004,1.1693266666666667e-05,0.1500000000000004,-0.01577614
19,0.17500000000000043,1.4306286666666669e-05,0.17500000000000043,-0.015397253333333335
20,0.20000000000000046,1.7176946666666667e-05,0.20000000000000046,-0.015045153333333335
21,0.22500000000000048,2.0715273333333334e-05,0.22500000000000048,-0.014682153333333333
22,0.2500000000000005,2.456806e-05,0.2500000000000005,-0.014323433333333335
23,0.2750000000000005,2.881410666666667e-05,0.2750000000000005,-0.013958246666666667
24,0.30000000000000054,3.38991e-05,0.30000000000000054,-0.013589633333333333
25,0.32500000000000057,3.956338e-05,0.32500000000000057,-0.013212033333333335
26,0.3500000000000006,4.601160666666667e-05,0.3500000000000006,-0.012832386666666667
27,0.3750000000000006,5.320761333333334e-05,0.3750000000000006,-0.012441866666666666
28,0.40000000000000063,6.137731333333334e-05,0.40000000000000063,-0.012040353333333333
29,0.42500000000000066,6.999666666666667e-05,0.42500000000000066,-0.011629073333333333
30,0.4500000000000007,7.95662e-05,0.4500000000000007,-0.011201586666666666
31,0.4750000000000007,9.19444e-05,0.4750000000000007,-0.010765353333333333
32,0.5000000000000007,0.0001052418,0.5000000000000007,-0.010295906666666667
33,0.5250000000000008,0.00011970653333333334,0.5250000000000008,-0.009839826666666666
34,0.5500000000000007,0.00013600606666666667,0.5500000000000007,-0.00935916
35,0.5750000000000008,0.00015388900000000002,0.5750000000000008,-0.008867766666666667
36,0.6000000000000008,0.00017351980000000002,0.6000000000000008,-0.008362626666666668
37,0.6250000000000009,0.00019502346666666666,0.6250000000000009,-0.007827866666666667
38,0.6500000000000008,0.00021858613333333333,0.6500000000000008,-0.007285353333333334
39,0.6750000000000009,0.0002445390666666667,0.6750000000000009,-0.006732773333333334
40,0.7000000000000008,0.000272377,0.7000000000000008,-0.00740494
41,0.7250000000000008,0.0003026718,0.7250000000000008,-0.006840553333333333
42,0.7500000000000009,0.0003362951333333333,0.7500000000000009,-0.005715131333333334
43,0.775000000000001,0.00037328686666666667,0.775000000000001,-0.004938626
44,0.8000000000000009,0.0004129182666666667,0.8000000000000009,-0.004210458
45,0.8250000000000008,0.00045762060000000004,0.8250000000000008,-0.0035085073333333337
46,0.850000000000001,0.0005101390000000001,0.850000000000001,-0.00282928
47,0.8750000000000011,0.0005712054666666667,0.8750000000000011,-0.0021323293333333337
48,0.900000000000001,0.0006460154,0.900000000000001,-0.0014388579999999999
49,0.9250000000000009,0.000781386,0.9250000000000009,-0.0007343693333333334
50,0.9500000000000011,0.0008982393333333335,0.9500000000000011,-0.0009945926666666668
51,0.9750000000000012,0.0010620326666666666,0.9750000000000012,-0.00021604013333333336
52,1.000000000000001,0.0012837846666666668,1.000000000000001,0.0006999753333333334
53,1.025000000000001,0.0015784813333333332,1.025000000000001,0.0013683153333333333
54,1.0500000000000012,0.0019648946666666668,1.0500000000000012,0.002479254
55,1.0750000000000013,0.002469662666666667,1.0750000000000013,0.0035213166666666663
56,1.1000000000000012,0.003102050666666667,1.1000000000000012,0.004586528666666667
57,1.125000000000001,0.0038741546666666666,1.125000000000001,0.005707398666666667
58,1.1500000000000012,0.004785765333333333,1.1500000000000012,0.006908173333333333
59,1.1750000000000014,0.005860225333333334,1.1750000000000014,0.008149173333333334
60,1.2000000000000013,0.00782818,1.2000000000000013,0.009614653333333334
61,1.2250000000000012,0.008910386666666667,1.2250000000000012,0.011155473333333334
62,1.2500000000000013,0.01035324,1.2500000000000013,0.0128013
63,1.2750000000000015,0.011943993333333335,1.2750000000000015,0.01455606666666667
