,93_5R_V_D,93_5R_J_D,93_5R_V_L,93_5R_J_L
0,1.3,0.03597326000000001,1.3,0.04511626666666667
1,1.2750000000000001,0.035728993333333334,1.2750000000000001,0.04353684
2,1.2500000000000002,0.03393646,1.2500000000000002,0.040999233333333336
3,1.2250000000000003,0.031727606666666665,1.2250000000000003,0.038163920000000004
4,1.2000000000000004,0.029341566666666666,1.2000000000000004,0.035233273333333336
5,1.1750000000000005,0.02689658666666667,1.1750000000000005,0.032288620000000004
6,1.1500000000000006,0.024446640000000002,1.1500000000000006,0.029343340000000002
7,1.1250000000000007,0.022042413333333337,1.1250000000000007,0.026413393333333333
8,1.1000000000000008,0.019727360000000003,1.1000000000000008,0.023534166666666665
9,1.0750000000000008,0.017518440000000003,1.0750000000000008,0.020703966666666667
10,1.050000000000001,0.01543692,1.050000000000001,0.017937833333333333
11,1.025000000000001,0.013447653333333334,1.025000000000001,0.01524084
12,1.000000000000001,0.011636906666666667,1.000000000000001,0.012635233333333334
13,0.9750000000000012,0.009997353333333334,0.9750000000000012,0.010099493333333334
14,0.9500000000000013,0.00851862,0.9500000000000013,0.0076655866666666675
15,0.9250000000000014,0.007199433333333334,0.9250000000000014,0.0053926320000000005
16,0.9000000000000015,0.005798696,0.9000000000000015,0.003100758666666667
17,0.8750000000000016,0.0049359926666666665,0.8750000000000016,0.0009750573333333335
18,0.8500000000000016,0.004130502,0.8500000000000016,-0.0010099946666666667
19,0.8250000000000017,0.0034468193333333334,0.8250000000000017,-0.002882776666666667
20,0.8000000000000018,0.002877092666666667,0.8000000000000018,-0.004619631333333334
21,0.7750000000000019,0.002394894,0.7750000000000019,-0.006229242
22,0.750000000000002,0.001995268666666667,0.750000000000002,-0.007267880000000001
23,0.7250000000000021,0.0016769346666666667,0.7250000000000021,-0.008901786666666666
24,0.7000000000000022,0.0014142526666666667,0.7000000000000022,-0.010202266666666668
25,0.6750000000000023,0.0012123486666666668,0.6750000000000023,-0.011358913333333333
26,0.6500000000000024,0.0010367233333333334,0.6500000000000024,-0.012393153333333334
27,0.6250000000000024,0.000896864,0.6250000000000024,-0.013258006666666666
28,0.6000000000000025,0.0007861933333333334,0.6000000000000025,-0.014135966666666668
29,0.5750000000000026,0.0006826633333333334,0.5750000000000026,-0.014884093333333334
30,0.5500000000000027,0.0006068772666666667,0.5500000000000027,-0.015560120000000002
31,0.5250000000000028,0.0005398652666666667,0.5250000000000028,-0.01614602
32,0.5000000000000029,0.00047818813333333336,0.5000000000000029,-0.01628938666666667
33,0.475000000000003,0.0004242135333333334,0.475000000000003,-0.016722566666666668
34,0.45000000000000306,0.000378481,0.45000000000000306,-0.017174353333333333
35,0.42500000000000315,0.0003357193333333334,0.42500000000000315,-0.01756718666666667
36,0.40000000000000324,0.0002988656,0.40000000000000324,-0.017936853333333336
37,0.37500000000000333,0.00026379800000000004,0.37500000000000333,-0.018268293333333335
38,0.3500000000000034,0.00023238380000000002,0.3500000000000034,-0.018583366666666667
39,0.3250000000000035,0.00020518773333333333,0.3250000000000035,-0.01887322
40,0.3000000000000036,0.00018041886666666666,0.3000000000000036,-0.019137393333333336
41,0.2750000000000037,0.0001599852,0.2750000000000037,-0.019386220000000003
42,0.2500000000000038,0.00013819626666666668,0.2500000000000038,-0.01962232666666667
43,0.22500000000000386,0.0001191204,0.22500000000000386,-0.01982178
44,0.20000000000000395,0.00010211353333333335,0.20000000000000395,-0.020043226666666667
45,0.17500000000000404,8.557560000000001e-05,0.17500000000000404,-0.020246426666666668
46,0.15000000000000413,7.004593333333333e-05,0.15000000000000413,-0.020432173333333335
47,0.12500000000000422,5.7006033333333336e-05,0.12500000000000422,-0.020621466666666668
48,0.10000000000000431,4.1733053333333337e-05,0.10000000000000431,-0.02078446
49,0.0750000000000044,2.759477333333333e-05,0.0750000000000044,-0.020943533333333333
50,0.050000000000004485,1.4344673333333333e-05,0.050000000000004485,-0.021103306666666665
51,0.025000000000004574,1.6231666666666666e-06,0.025000000000004574,-0.021253833333333333
52,4.6629367034256575e-15,-1.128652e-05,4.6629367034256575e-15,-0.021385913333333333
53,-0.024999999999995248,-2.422248666666667e-05,-0.024999999999995248,-0.02152631333333333
54,-0.04999999999999516,-3.766174e-05,-0.04999999999999516,-0.02165526666666667
55,-0.07499999999999507,-5.0528126666666666e-05,-0.07499999999999507,-0.021781373333333333
56,-0.09999999999999498,-6.397541333333334e-05,-0.09999999999999498,-0.021898073333333334
57,-0.12499999999999489,-9.019486666666667e-05,-0.12499999999999489,-0.022011073333333336
58,-0.1499999999999948,-0.00010657120000000001,-0.1499999999999948,-0.022116900000000002
59,-0.17499999999999472,-0.00012441233333333336,-0.17499999999999472,-0.022226673333333336
60,-0.19999999999999463,-0.0001430078666666667,-0.19999999999999463,-0.022327926666666668
61,-0.22499999999999454,-0.00015986106666666667,-0.22499999999999454,-0.0224304
62,-0.24999999999999445,-0.00017833433333333334,-0.24999999999999445,-0.02253102
63,-0.27499999999999436,-0.00019893393333333332,-0.27499999999999436,-0.022628580000000002
