,93_5F_V_D,93_5F_J_D,93_5F_V_L,93_5F_J_L
0,-0.3,-5.241030000000001e-05,-0.3,-0.024229046666666667
1,-0.27499999999999997,-4.825414666666667e-05,-0.27499999999999997,-0.023901313333333334
2,-0.24999999999999994,-4.366922e-05,-0.24999999999999994,-0.023506073333333335
3,-0.22499999999999992,-3.895586e-05,-0.22499999999999992,-0.02312174666666667
4,-0.1999999999999999,-3.4299860000000004e-05,-0.1999999999999999,-0.022768553333333334
5,-0.17499999999999988,-2.961900666666667e-05,-0.17499999999999988,-0.022429966666666665
6,-0.14999999999999986,-2.5038686666666666e-05,-0.14999999999999986,-0.022122286666666668
7,-0.12499999999999983,-2.072758e-05,-0.12499999999999983,-0.021837886666666667
8,-0.09999999999999981,-1.624584666666667e-05,-0.09999999999999981,-0.021576093333333334
9,-0.07499999999999979,-1.1904913333333334e-05,-0.07499999999999979,-0.0213238
10,-0.04999999999999977,-7.592046666666667e-06,-0.04999999999999977,-0.02108658
11,-0.024999999999999745,-3.430398666666667e-06,-0.024999999999999745,-0.020847546666666668
12,2.7755575615628914e-16,9.202073333333333e-07,2.7755575615628914e-16,-0.020615480000000002
13,0.0250000000000003,5.233166666666668e-06,0.0250000000000003,-0.020380906666666667
14,0.05000000000000032,9.339673333333334e-06,0.05000000000000032,-0.02014792
15,0.07500000000000034,1.3858546666666667e-05,0.07500000000000034,-0.019903320000000002
16,0.10000000000000037,1.838662666666667e-05,0.10000000000000037,-0.019645493333333333
17,0.1250000000000004,2.2976973333333333e-05,0.1250000000000004,-0.019400613333333334
18,0.1500000000000004,2.7927859999999998e-05,0.1500000000000004,-0.01913388
19,0.17500000000000043,3.3238020000000004e-05,0.17500000000000043,-0.0188484
20,0.20000000000000046,3.902894666666667e-05,0.20000000000000046,-0.018536953333333335
21,0.22500000000000048,4.532282000000001e-05,0.22500000000000048,-0.01822982
22,0.2500000000000005,5.2312946666666664e-05,0.2500000000000005,-0.017912693333333334
23,0.2750000000000005,6.035217333333334e-05,0.2750000000000005,-0.017556946666666667
24,0.30000000000000054,6.86572e-05,0.30000000000000054,-0.01718648
25,0.32500000000000057,7.765126666666667e-05,0.32500000000000057,-0.016788920000000002
26,0.3500000000000006,8.837760000000001e-05,0.3500000000000006,-0.016370306666666667
27,0.3750000000000006,9.934146666666668e-05,0.3750000000000006,-0.01592656
28,0.40000000000000063,0.00011161646666666666,0.40000000000000063,-0.015452606666666667
29,0.42500000000000066,0.0001245224,0.42500000000000066,-0.01493866
30,0.4500000000000007,0.00013847013333333333,0.4500000000000007,-0.014419080000000003
31,0.4750000000000007,0.00015355186666666666,0.4750000000000007,-0.013861453333333332
32,0.5000000000000007,0.00017058293333333335,0.5000000000000007,-0.013268886666666667
33,0.5250000000000008,0.00018924293333333334,0.5250000000000008,-0.01263426
34,0.5500000000000007,0.00020954653333333332,0.5500000000000007,-0.011992806666666666
35,0.5750000000000008,0.0002330442,0.5750000000000008,-0.011308906666666667
36,0.6000000000000008,0.0002594182,0.6000000000000008,-0.010584786666666667
37,0.6250000000000009,0.00029126573333333337,0.6250000000000009,-0.009827626666666667
38,0.6500000000000008,0.000327694,0.6500000000000008,-0.009037373333333334
39,0.6750000000000009,0.00037236420000000004,0.6750000000000009,-0.008213433333333334
40,0.7000000000000008,0.0004284244666666667,0.7000000000000008,-0.007350393333333333
41,0.7250000000000008,0.0004980466666666667,0.7250000000000008,-0.00764006
42,0.7500000000000009,0.0005884643333333333,0.7500000000000009,-0.00669492
43,0.775000000000001,0.00074165,0.775000000000001,-0.0052927573333333335
44,0.8000000000000009,0.0008872760000000001,0.8000000000000009,-0.004105568
45,0.8250000000000008,0.0010853173333333333,0.8250000000000008,-0.0029355213333333336
46,0.850000000000001,0.00134826,0.850000000000001,-0.0017448533333333336
47,0.8750000000000011,0.0016860473333333334,0.8750000000000011,-0.0012486526666666666
48,0.900000000000001,0.0021140340000000003,0.900000000000001,-0.0003224542
49,0.9250000000000009,0.002640676666666667,0.9250000000000009,0.0009529779999999999
50,0.9500000000000011,0.003285615333333333,0.9500000000000011,0.0025111473333333336
51,0.9750000000000012,0.004043184666666667,0.9750000000000012,0.003998886
52,1.000000000000001,0.0049233086666666676,1.000000000000001,0.005504033333333333
53,1.025000000000001,0.005922747333333334,1.025000000000001,0.00699992
54,1.0500000000000012,0.007377406666666667,1.0500000000000012,0.008459506666666668
55,1.0750000000000013,0.008472713333333333,1.0750000000000013,0.01019248
56,1.1000000000000012,0.009779046666666668,1.1000000000000012,0.011936466666666666
57,1.125000000000001,0.011254660000000001,1.125000000000001,0.01375922666666667
58,1.1500000000000012,0.012869013333333333,1.1500000000000012,0.015668166666666667
59,1.1750000000000014,0.01461992,1.1750000000000014,0.017670726666666667
60,1.2000000000000013,0.01649518,1.2000000000000013,0.019773133333333335
61,1.2250000000000012,0.018526186666666666,1.2250000000000012,0.0219776
62,1.2500000000000013,0.02068314666666667,1.2500000000000013,0.02428686
63,1.2750000000000015,0.022969706666666666,1.2750000000000015,0.026704106666666668
