,93_5F_V_D,93_5F_J_D,93_5F_V_L,93_5F_J_L
0,-0.3,-1.3773246666666668e-05,-0.3,-0.023883273333333337
1,-0.27499999999999997,-1.1353766666666666e-05,-0.27499999999999997,-0.023736913333333335
2,-0.24999999999999994,-9.649086666666667e-06,-0.24999999999999994,-0.0235821
3,-0.22499999999999992,-8.221406666666667e-06,-0.22499999999999992,-0.023404293333333333
4,-0.1999999999999999,-7.025273333333333e-06,-0.1999999999999999,-0.02319240666666667
5,-0.17499999999999988,-6.216589333333334e-06,-0.17499999999999988,-0.022938966666666668
6,-0.14999999999999986,-4.772971333333334e-06,-0.14999999999999986,-0.02264324666666667
7,-0.12499999999999983,-3.7042973333333335e-06,-0.12499999999999983,-0.022305726666666668
8,-0.09999999999999981,-2.7032753333333335e-06,-0.09999999999999981,-0.021928480000000004
9,-0.07499999999999979,-1.7338320000000003e-06,-0.07499999999999979,-0.021515346666666667
10,-0.04999999999999977,-7.77514e-07,-0.04999999999999977,-0.021076440000000002
11,-0.024999999999999745,1.736728e-07,-0.024999999999999745,-0.020606786666666668
12,2.7755575615628914e-16,1.0848726666666667e-06,2.7755575615628914e-16,-0.020124993333333334
13,0.0250000000000003,2.1178833333333334e-06,0.0250000000000003,-0.01961772
14,0.05000000000000032,3.1244566666666666e-06,0.05000000000000032,-0.01910962
15,0.07500000000000034,4.235256e-06,0.07500000000000034,-0.018586913333333337
16,0.10000000000000037,5.422687333333334e-06,0.10000000000000037,-0.018052813333333334
17,0.1250000000000004,6.7650066666666665e-06,0.1250000000000004,-0.017529133333333332
18,0.1500000000000004,7.477886666666666e-06,0.1500000000000004,-0.01699904
19,0.17500000000000043,9.86174e-06,0.17500000000000043,-0.016461673333333333
20,0.20000000000000046,1.2051126666666668e-05,0.20000000000000046,-0.01591558666666667
21,0.22500000000000048,1.4525406666666666e-05,0.22500000000000048,-0.015384893333333335
22,0.2500000000000005,1.7428913333333334e-05,0.2500000000000005,-0.014850906666666667
23,0.2750000000000005,2.0720826666666667e-05,0.2750000000000005,-0.01430868
24,0.30000000000000054,2.44988e-05,0.30000000000000054,-0.013770919999999999
25,0.32500000000000057,2.882508e-05,0.32500000000000057,-0.013229440000000002
26,0.3500000000000006,3.3778906666666665e-05,0.3500000000000006,-0.012689313333333334
27,0.3750000000000006,3.947377333333334e-05,0.3750000000000006,-0.012146246666666667
28,0.40000000000000063,4.6087806666666665e-05,0.40000000000000063,-0.011598520000000001
29,0.42500000000000066,5.3785046666666666e-05,0.42500000000000066,-0.011034766666666668
30,0.4500000000000007,6.277519333333333e-05,0.4500000000000007,-0.010486913333333334
31,0.4750000000000007,7.452726666666667e-05,0.4750000000000007,-0.009931226666666668
32,0.5000000000000007,8.758806666666667e-05,0.5000000000000007,-0.00936882
33,0.5250000000000008,0.00010174466666666668,0.5250000000000008,-0.008791460000000001
34,0.5500000000000007,0.00011771966666666667,0.5500000000000007,-0.008226653333333334
35,0.5750000000000008,0.0001357924,0.5750000000000008,-0.007650580000000001
36,0.6000000000000008,0.00015602266666666669,0.6000000000000008,-0.007069766666666667
37,0.6250000000000009,0.00017857993333333333,0.6250000000000009,-0.007590820000000001
38,0.6500000000000008,0.00020368973333333336,0.6500000000000008,-0.007368273333333334
39,0.6750000000000009,0.00023150360000000002,0.6750000000000009,-0.0067129600000000005
40,0.7000000000000008,0.00026213019999999997,0.7000000000000008,-0.00569695
41,0.7250000000000008,0.0002961304666666667,0.7250000000000008,-0.0048997426666666675
42,0.7500000000000009,0.00033355313333333336,0.7500000000000009,-0.004172826
43,0.775000000000001,0.0003749607333333333,0.775000000000001,-0.0034786826666666666
44,0.8000000000000009,0.00042034253333333337,0.8000000000000009,-0.0028112853333333333
45,0.8250000000000008,0.0004708144666666667,0.8250000000000008,-0.002161025333333333
46,0.850000000000001,0.0005264047333333334,0.850000000000001,-0.0015385206666666668
47,0.8750000000000011,0.0005880555333333334,0.8750000000000011,-0.0009275673333333334
48,0.900000000000001,0.0006562450666666667,0.900000000000001,-0.0009456746666666667
49,0.9250000000000009,0.0007317913333333333,0.9250000000000009,-0.0003757576
50,0.9500000000000011,0.0008219013333333335,0.9500000000000011,0.00036953686666666666
51,0.9750000000000012,0.0009262306666666666,0.9750000000000012,0.000730246
52,1.000000000000001,0.0010477746666666668,1.000000000000001,0.001465446
53,1.025000000000001,0.0011908153333333334,1.025000000000001,0.002141249333333333
54,1.0500000000000012,0.001358964,1.0500000000000012,0.002806866666666667
55,1.0750000000000013,0.0015599746666666667,1.0750000000000013,0.0034700453333333333
56,1.1000000000000012,0.0017985,1.1000000000000012,0.004142518
57,1.125000000000001,0.002083834,1.125000000000001,0.0048372373333333335
58,1.1500000000000012,0.0024215,1.1500000000000012,0.005556984
59,1.1750000000000014,0.002816264666666667,1.1750000000000014,0.006301138666666667
60,1.2000000000000013,0.003278095333333333,1.2000000000000013,0.006921633333333333
61,1.2250000000000012,0.0038145553333333334,1.2250000000000012,0.007811833333333333
62,1.2500000000000013,0.004430860666666666,1.2500000000000013,0.008719806666666666
63,1.2750000000000015,0.005130335333333334,1.2750000000000015,0.009676333333333334
