,93_5R_V_D,93_5R_J_D,93_5R_V_L,93_5R_J_L
0,1.3,0.01122266,1.3,0.014733340000000001
1,1.2750000000000001,0.01125028,1.2750000000000001,0.013365160000000001
2,1.2500000000000002,0.010431526666666666,1.2500000000000002,0.0118314
3,1.2250000000000003,0.009362473333333333,1.2250000000000003,0.0102453
4,1.2000000000000004,0.008210146666666668,1.2000000000000004,0.008659593333333333
5,1.1750000000000005,0.0070669466666666665,1.1750000000000005,0.00709348
6,1.1500000000000006,0.005827850666666666,1.1500000000000006,0.005592420000000001
7,1.1250000000000007,0.004939814666666667,1.1250000000000007,0.004075096
8,1.1000000000000008,0.00404727,1.1000000000000008,0.002632436
9,1.0750000000000008,0.0032561446666666666,1.0750000000000008,0.0012416486666666667
10,1.050000000000001,0.0025883133333333332,1.050000000000001,0.00014551826666666667
11,1.025000000000001,0.0020459826666666668,1.025000000000001,-0.001132152
12,1.000000000000001,0.0016212866666666667,1.000000000000001,-0.0024998513333333336
13,0.9750000000000012,0.0013002373333333333,0.9750000000000012,-0.0037308013333333333
14,0.9500000000000013,0.0010638,0.9500000000000013,-0.004890681333333334
15,0.9250000000000014,0.0008897933333333333,0.9250000000000014,-0.005984636666666667
16,0.9000000000000015,0.0007631733333333334,0.9000000000000015,-0.006990606666666667
17,0.8750000000000016,0.000667804,0.8750000000000016,-0.007569480000000001
18,0.8500000000000016,0.0005960886,0.8500000000000016,-0.008659633333333333
19,0.8250000000000017,0.0005349301333333334,0.8250000000000017,-0.009622793333333334
20,0.8000000000000018,0.00048380653333333337,0.8000000000000018,-0.010511260000000001
21,0.7750000000000019,0.0004398766,0.7750000000000019,-0.011340986666666667
22,0.750000000000002,0.0004004812666666667,0.750000000000002,-0.012119846666666666
23,0.7250000000000021,0.0003645158,0.7250000000000021,-0.012863953333333334
24,0.7000000000000022,0.00033144113333333333,0.7000000000000022,-0.013537206666666668
25,0.6750000000000023,0.0003006004,0.6750000000000023,-0.014184
26,0.6500000000000024,0.0002718748,0.6500000000000024,-0.014786900000000002
27,0.6250000000000024,0.00024503193333333335,0.6250000000000024,-0.015368226666666669
28,0.6000000000000025,0.000220198,0.6000000000000025,-0.015891906666666667
29,0.5750000000000026,0.00019692,0.5750000000000026,-0.016387166666666668
30,0.5500000000000027,0.00017555946666666667,0.5500000000000027,-0.016850706666666666
31,0.5250000000000028,0.0001555698,0.5250000000000028,-0.01728076
32,0.5000000000000029,0.00013733026666666668,0.5000000000000029,-0.017679013333333334
33,0.475000000000003,0.0001204538,0.475000000000003,-0.01805244666666667
34,0.45000000000000306,0.000105111,0.45000000000000306,-0.018387720000000003
35,0.42500000000000315,9.100033333333334e-05,0.42500000000000315,-0.01870756
36,0.40000000000000324,7.828773333333334e-05,0.40000000000000324,-0.019000060000000003
37,0.37500000000000333,6.701653333333333e-05,0.37500000000000333,-0.019267540000000003
38,0.3500000000000034,5.780292e-05,0.3500000000000034,-0.01951142
39,0.3250000000000035,4.7697233333333335e-05,0.3250000000000035,-0.0197434
40,0.3000000000000036,3.966463333333333e-05,0.3000000000000036,-0.019961606666666666
41,0.2750000000000037,3.257475333333333e-05,0.2750000000000037,-0.020143546666666668
42,0.2500000000000038,2.646756e-05,0.2500000000000038,-0.020323593333333334
43,0.22500000000000386,2.1523600000000002e-05,0.22500000000000386,-0.020466966666666666
44,0.20000000000000395,1.685440666666667e-05,0.20000000000000395,-0.020636933333333333
45,0.17500000000000404,1.3065413333333336e-05,0.17500000000000404,-0.020784800000000003
46,0.15000000000000413,9.84612e-06,0.15000000000000413,-0.02092330666666667
47,0.12500000000000422,6.916293333333333e-06,0.12500000000000422,-0.02105708666666667
48,0.10000000000000431,5.1237560000000004e-06,0.10000000000000431,-0.02118416
49,0.0750000000000044,2.31025e-06,0.0750000000000044,-0.02130428666666667
50,0.050000000000004485,1.0357906666666667e-07,0.050000000000004485,-0.021426006666666667
51,0.025000000000004574,-1.9568953333333335e-06,0.025000000000004574,-0.021539766666666668
52,4.6629367034256575e-15,-3.936236e-06,4.6629367034256575e-15,-0.02165658
53,-0.024999999999995248,-5.926814666666667e-06,-0.024999999999995248,-0.021774240000000004
54,-0.04999999999999516,-7.065826666666667e-06,-0.04999999999999516,-0.021877253333333336
55,-0.07499999999999507,-9.498800000000001e-06,-0.07499999999999507,-0.02198298666666667
56,-0.09999999999999498,-1.1577353333333333e-05,-0.09999999999999498,-0.022090300000000004
57,-0.12499999999999489,-1.3692579999999999e-05,-0.12499999999999489,-0.022186360000000002
58,-0.1499999999999948,-1.585294e-05,-0.1499999999999948,-0.02229118
59,-0.17499999999999472,-1.804750666666667e-05,-0.17499999999999472,-0.02238978
60,-0.19999999999999463,-2.0344846666666668e-05,-0.19999999999999463,-0.022472673333333335
61,-0.22499999999999454,-2.266334e-05,-0.22499999999999454,-0.02257084666666667
62,-0.24999999999999445,-2.5176653333333334e-05,-0.24999999999999445,-0.02265864
63,-0.27499999999999436,-2.7740293333333333e-05,-0.27499999999999436,-0.02274254
