,93_5R_V_D,93_5R_J_D,93_5R_V_L,93_5R_J_L
0,1.3,0.0031420086666666667,1.3,0.01080346
1,1.2750000000000001,0.0034310753333333336,1.2750000000000001,0.009722506666666667
2,1.2500000000000002,0.0036198460000000003,1.2500000000000002,0.0087045
3,1.2250000000000003,0.003660904,1.2250000000000003,0.007720159999999999
4,1.2000000000000004,0.003562536666666667,1.2000000000000004,0.006763906666666667
5,1.1750000000000005,0.003358334666666667,1.1750000000000005,0.005795302
6,1.1500000000000006,0.00308799,1.1500000000000006,0.004869844666666667
7,1.1250000000000007,0.0027866773333333336,1.1250000000000007,0.003979560666666666
8,1.1000000000000008,0.0024806100000000003,1.1000000000000008,0.0031075526666666667
9,1.0750000000000008,0.0021862073333333335,1.0750000000000008,0.0022389106666666665
10,1.050000000000001,0.0019141186666666666,1.050000000000001,0.0013664740000000001
11,1.025000000000001,0.0016698546666666669,1.025000000000001,0.0005362027333333333
12,1.000000000000001,0.0014570940000000001,1.000000000000001,-0.00040721180000000004
13,0.9750000000000012,0.0012740773333333334,0.9750000000000012,-0.001255912
14,0.9500000000000013,0.001120682,0.9500000000000013,-0.0022486573333333334
15,0.9250000000000014,0.0009932466666666667,0.9250000000000014,-0.003222964666666667
16,0.9000000000000015,0.0008876246666666667,0.9000000000000015,-0.0041958
17,0.8750000000000016,0.0007996186666666667,0.8750000000000016,-0.005166591333333334
18,0.8500000000000016,0.0007245413333333334,0.8500000000000016,-0.006129376000000001
19,0.8250000000000017,0.0006589275333333333,0.8250000000000017,-0.0069987
20,0.8000000000000018,0.0005996173333333334,0.8000000000000018,-0.00778272
21,0.7750000000000019,0.0005475222000000001,0.7750000000000019,-0.00876054
22,0.750000000000002,0.0004999054666666667,0.750000000000002,-0.009691453333333332
23,0.7250000000000021,0.0004556251333333334,0.7250000000000021,-0.010579360000000001
24,0.7000000000000022,0.00041454713333333333,0.7000000000000022,-0.011423613333333334
25,0.6750000000000023,0.00037627846666666665,0.6750000000000023,-0.012233013333333334
26,0.6500000000000024,0.0003403665333333333,0.6500000000000024,-0.013004453333333334
27,0.6250000000000024,0.00030682753333333336,0.6250000000000024,-0.013735740000000001
28,0.6000000000000025,0.00027534440000000004,0.6000000000000025,-0.014435266666666667
29,0.5750000000000026,0.0002462806666666667,0.5750000000000026,-0.01510198
30,0.5500000000000027,0.0002193396,0.5500000000000027,-0.015723153333333333
31,0.5250000000000028,0.00019429746666666667,0.5250000000000028,-0.01631062
32,0.5000000000000029,0.00017114913333333333,0.5000000000000029,-0.016869166666666668
33,0.475000000000003,0.0001499576,0.475000000000003,-0.01739896
34,0.45000000000000306,0.00013048353333333334,0.45000000000000306,-0.0178875
35,0.42500000000000315,0.0001127982,0.42500000000000315,-0.01834914
36,0.40000000000000324,9.666640000000001e-05,0.40000000000000324,-0.01878412
37,0.37500000000000333,8.215386666666667e-05,0.37500000000000333,-0.01918862
38,0.3500000000000034,6.922766666666666e-05,0.3500000000000034,-0.01956784
39,0.3250000000000035,5.8166606666666676e-05,0.3250000000000035,-0.019921073333333334
40,0.3000000000000036,4.7480053333333334e-05,0.3000000000000036,-0.020244093333333334
41,0.2750000000000037,3.859484e-05,0.2750000000000037,-0.020550866666666667
42,0.2500000000000038,3.095773333333334e-05,0.2500000000000038,-0.020830440000000002
43,0.22500000000000386,2.4435726666666668e-05,0.22500000000000386,-0.021078353333333334
44,0.20000000000000395,1.8736973333333333e-05,0.20000000000000395,-0.021321066666666666
45,0.17500000000000404,1.3998333333333335e-05,0.17500000000000404,-0.021540346666666668
46,0.15000000000000413,9.932053333333334e-06,0.15000000000000413,-0.02174736
47,0.12500000000000422,7.631426666666667e-06,0.12500000000000422,-0.021925020000000003
48,0.10000000000000431,4.790357333333334e-06,0.10000000000000431,-0.022093853333333333
49,0.0750000000000044,1.722788e-06,0.0750000000000044,-0.022247746666666665
50,0.050000000000004485,-6.76586e-07,0.050000000000004485,-0.022389080000000002
51,0.025000000000004574,-2.896670666666667e-06,0.025000000000004574,-0.022519906666666666
52,4.6629367034256575e-15,-5.024406e-06,4.6629367034256575e-15,-0.022639086666666666
53,-0.024999999999995248,-7.000753333333334e-06,-0.024999999999995248,-0.022746153333333335
54,-0.04999999999999516,-8.164686666666666e-06,-0.04999999999999516,-0.022847306666666668
55,-0.07499999999999507,-1.079802e-05,-0.07499999999999507,-0.02294058
56,-0.09999999999999498,-1.3164153333333335e-05,-0.09999999999999498,-0.023027273333333334
57,-0.12499999999999489,-1.5603720000000002e-05,-0.12499999999999489,-0.023103500000000003
58,-0.1499999999999948,-1.817240666666667e-05,-0.1499999999999948,-0.023179
59,-0.17499999999999472,-2.0901253333333334e-05,-0.17499999999999472,-0.023251773333333337
60,-0.19999999999999463,-2.370708666666667e-05,-0.19999999999999463,-0.023308073333333335
61,-0.22499999999999454,-2.672284e-05,-0.22499999999999454,-0.02336926
62,-0.24999999999999445,-2.9838613333333335e-05,-0.24999999999999445,-0.02342435333333333
63,-0.27499999999999436,-3.309190666666667e-05,-0.27499999999999436,-0.02348112
