,93_5F_V_D,93_5F_J_D,93_5F_V_L,93_5F_J_L
0,-0.3,-1.2527733333333334e-05,-0.3,-0.023605493333333335
1,-0.27499999999999997,-1.0154973333333334e-05,-0.27499999999999997,-0.023442140000000004
2,-0.24999999999999994,-8.544853333333335e-06,-0.24999999999999994,-0.02326206
3,-0.22499999999999992,-7.2080466666666665e-06,-0.22499999999999992,-0.02305302
4,-0.1999999999999999,-6.431552666666667e-06,-0.1999999999999999,-0.02281184
5,-0.17499999999999988,-5.050646666666667e-06,-0.17499999999999988,-0.02252116
6,-0.14999999999999986,-4.037405333333333e-06,-0.14999999999999986,-0.022186900000000002
7,-0.12499999999999983,-3.1284993333333335e-06,-0.12499999999999983,-0.021810620000000003
8,-0.09999999999999981,-2.2516973333333332e-06,-0.09999999999999981,-0.02139332
9,-0.07499999999999979,-1.4013186666666668e-06,-0.07499999999999979,-0.02094146666666667
10,-0.04999999999999977,-5.48009e-07,-0.04999999999999977,-0.02046130666666667
11,-0.024999999999999745,2.953982e-07,-0.024999999999999745,-0.01995706666666667
12,2.7755575615628914e-16,1.1026633333333334e-06,2.7755575615628914e-16,-0.019440753333333335
13,0.0250000000000003,2.026948e-06,0.0250000000000003,-0.018903113333333332
14,0.05000000000000032,2.9171893333333332e-06,0.05000000000000032,-0.018360073333333334
15,0.07500000000000034,3.891592666666667e-06,0.07500000000000034,-0.017811273333333332
16,0.10000000000000037,4.90513e-06,0.10000000000000037,-0.017251266666666668
17,0.1250000000000004,6.025786e-06,0.1250000000000004,-0.01670660666666667
18,0.1500000000000004,6.999486666666668e-06,0.1500000000000004,-0.016152406666666667
19,0.17500000000000043,7.787546666666667e-06,0.17500000000000043,-0.015601166666666666
20,0.20000000000000046,9.959433333333333e-06,0.20000000000000046,-0.015057033333333336
21,0.22500000000000048,1.1815586666666667e-05,0.22500000000000048,-0.014501786666666669
22,0.2500000000000005,1.3922333333333334e-05,0.2500000000000005,-0.013955893333333335
23,0.2750000000000005,1.627024e-05,0.2750000000000005,-0.01341352
24,0.30000000000000054,1.89331e-05,0.30000000000000054,-0.012865660000000001
25,0.32500000000000057,2.2067473333333334e-05,0.32500000000000057,-0.012323253333333332
26,0.3500000000000006,2.561196e-05,0.3500000000000006,-0.01177942
27,0.3750000000000006,2.9789333333333336e-05,0.3750000000000006,-0.01123664
28,0.40000000000000063,3.484293333333333e-05,0.40000000000000063,-0.01069102
29,0.42500000000000066,4.093701333333333e-05,0.42500000000000066,-0.010133066666666668
30,0.4500000000000007,4.836854666666667e-05,0.4500000000000007,-0.00959342
31,0.4750000000000007,5.7447260000000005e-05,0.4750000000000007,-0.009046473333333334
32,0.5000000000000007,6.845386666666667e-05,0.5000000000000007,-0.008490500000000002
33,0.5250000000000008,8.506733333333334e-05,0.5250000000000008,-0.007925046666666666
34,0.5500000000000007,0.00010102940000000001,0.5500000000000007,-0.007371493333333334
35,0.5750000000000008,0.00011870593333333334,0.5750000000000008,-0.006811360000000001
36,0.6000000000000008,0.00013896873333333332,0.6000000000000008,-0.00682882
37,0.6250000000000009,0.00016175466666666665,0.6250000000000009,-0.005972441333333333
38,0.6500000000000008,0.0001874984,0.6500000000000008,-0.005323778
39,0.6750000000000009,0.00021641606666666666,0.6750000000000009,-0.004715786666666667
40,0.7000000000000008,0.00024850560000000004,0.7000000000000008,-0.004122512666666667
41,0.7250000000000008,0.0002844498666666667,0.7250000000000008,-0.003532176
42,0.7500000000000009,0.0003244256666666667,0.7500000000000009,-0.00296433
43,0.775000000000001,0.0003688142,0.775000000000001,-0.002404948666666667
44,0.8000000000000009,0.0004175652,0.8000000000000009,-0.001853024666666667
45,0.8250000000000008,0.00047153153333333336,0.8250000000000008,-0.001306232
46,0.850000000000001,0.0005311415333333334,0.850000000000001,-0.0007767753333333333
47,0.8750000000000011,0.0005968084666666667,0.8750000000000011,-0.0005135895999999999
48,0.900000000000001,0.0006688526666666667,0.900000000000001,9.867926666666668e-05
49,0.9250000000000009,0.000746052,0.9250000000000009,0.0006570520666666667
50,0.9500000000000011,0.0008369946666666666,0.9500000000000011,0.0008773440000000001
51,0.9750000000000012,0.0009391753333333334,0.9750000000000012,0.0014995606666666666
52,1.000000000000001,0.00105454,1.000000000000001,0.0020789653333333335
53,1.025000000000001,0.0011856033333333333,1.025000000000001,0.0026517506666666668
54,1.0500000000000012,0.0013365333333333334,1.0500000000000012,0.0032278393333333333
55,1.0750000000000013,0.00150946,1.0750000000000013,0.0038152153333333334
56,1.1000000000000012,0.001709418,1.1000000000000012,0.0044192806666666674
57,1.125000000000001,0.0019423086666666668,1.125000000000001,0.005040420666666667
58,1.1500000000000012,0.0022119786666666666,1.1500000000000012,0.005684643333333334
59,1.1750000000000014,0.002524214,1.1750000000000014,0.006355883333333334
60,1.2000000000000013,0.0028874553333333337,1.2000000000000013,0.006999880000000001
61,1.2250000000000012,0.0033036413333333335,1.2250000000000012,0.007644926666666666
62,1.2500000000000013,0.0037791120000000003,1.2500000000000013,0.008459286666666668
63,1.2750000000000015,0.004315607333333333,1.2750000000000015,0.009296253333333334
