,93_5F_V_D,93_5F_J_D,93_5F_V_L,93_5F_J_L
0,-0.3,-1.684752e-05,-0.3,-0.02374152666666667
1,-0.27499999999999997,-1.4378133333333336e-05,-0.27499999999999997,-0.023462226666666666
2,-0.24999999999999994,-1.243638e-05,-0.24999999999999994,-0.023110713333333335
3,-0.22499999999999992,-1.0739639999999999e-05,-0.22499999999999992,-0.02267858666666667
4,-0.1999999999999999,-9.337473333333333e-06,-0.1999999999999999,-0.02218582
5,-0.17499999999999988,-7.71792e-06,-0.17499999999999988,-0.021667153333333335
6,-0.14999999999999986,-6.849526666666668e-06,-0.14999999999999986,-0.021156833333333333
7,-0.12499999999999983,-5.167803333333334e-06,-0.12499999999999983,-0.020655473333333334
8,-0.09999999999999981,-3.870821333333333e-06,-0.09999999999999981,-0.020169773333333335
9,-0.07499999999999979,-2.628508e-06,-0.07499999999999979,-0.019697553333333333
10,-0.04999999999999977,-1.4076826666666667e-06,-0.04999999999999977,-0.01923834666666667
11,-0.024999999999999745,-2.1558739999999998e-07,-0.024999999999999745,-0.0187819
12,2.7755575615628914e-16,9.683253333333333e-07,2.7755575615628914e-16,-0.01834942
13,0.0250000000000003,2.19621e-06,0.0250000000000003,-0.017905253333333336
14,0.05000000000000032,3.451758e-06,0.05000000000000032,-0.017488373333333335
15,0.07500000000000034,4.770488e-06,0.07500000000000034,-0.017068800000000002
16,0.10000000000000037,6.2082620000000006e-06,0.10000000000000037,-0.016647493333333332
17,0.1250000000000004,7.157460000000001e-06,0.1250000000000004,-0.016256386666666667
18,0.1500000000000004,9.445613333333334e-06,0.1500000000000004,-0.015868846666666665
19,0.17500000000000043,1.159196e-05,0.17500000000000043,-0.015471973333333333
20,0.20000000000000046,1.413128e-05,0.20000000000000046,-0.015070353333333335
21,0.22500000000000048,1.696926e-05,0.22500000000000048,-0.014693046666666666
22,0.2500000000000005,2.034986e-05,0.2500000000000005,-0.014311473333333333
23,0.2750000000000005,2.428426e-05,0.2750000000000005,-0.013926266666666668
24,0.30000000000000054,2.8708040000000003e-05,0.30000000000000054,-0.0135321
25,0.32500000000000057,3.36856e-05,0.32500000000000057,-0.013130746666666667
26,0.3500000000000006,3.950790666666667e-05,0.3500000000000006,-0.012736166666666668
27,0.3750000000000006,4.590674666666667e-05,0.3750000000000006,-0.012328393333333333
28,0.40000000000000063,5.3134800000000005e-05,0.40000000000000063,-0.01190318
29,0.42500000000000066,6.157253333333333e-05,0.42500000000000066,-0.011457033333333335
30,0.4500000000000007,7.043086666666667e-05,0.4500000000000007,-0.011029713333333333
31,0.4750000000000007,8.25138e-05,0.4750000000000007,-0.01057974
32,0.5000000000000007,9.52082e-05,0.5000000000000007,-0.010123493333333334
33,0.5250000000000008,0.00010952893333333335,0.5250000000000008,-0.009653993333333334
34,0.5500000000000007,0.00012546313333333334,0.5500000000000007,-0.009155853333333333
35,0.5750000000000008,0.0001428322,0.5750000000000008,-0.008652513333333334
36,0.6000000000000008,0.00016262993333333335,0.6000000000000008,-0.008137126666666666
37,0.6250000000000009,0.00018425286666666667,0.6250000000000009,-0.0076084866666666666
38,0.6500000000000008,0.00020798013333333336,0.6500000000000008,-0.007067353333333333
39,0.6750000000000009,0.00023391006666666667,0.6750000000000009,-0.007770646666666667
40,0.7000000000000008,0.00026222433333333335,0.7000000000000008,-0.006666946666666667
41,0.7250000000000008,0.0002940180666666667,0.7250000000000008,-0.006491058
42,0.7500000000000009,0.0003280157333333333,0.7500000000000009,-0.005445604
43,0.775000000000001,0.00036480066666666667,0.775000000000001,-0.004691234666666667
44,0.8000000000000009,0.0004059298,0.8000000000000009,-0.0039843353333333335
45,0.8250000000000008,0.0004519483333333333,0.8250000000000008,-0.003303874
46,0.850000000000001,0.0005039688000000001,0.850000000000001,-0.0026301646666666667
47,0.8750000000000011,0.0005638688000000001,0.8750000000000011,-0.0019602453333333334
48,0.900000000000001,0.0006339571333333334,0.900000000000001,-0.00128532
49,0.9250000000000009,0.0007538886666666666,0.9250000000000009,-0.0015487613333333334
50,0.9500000000000011,0.000859644,0.9500000000000011,-0.0011426713333333332
51,0.9750000000000012,0.0010027413333333333,0.9750000000000012,-0.0003305804666666667
52,1.000000000000001,0.0011935053333333335,1.000000000000001,0.0006878260000000001
53,1.025000000000001,0.0014452566666666668,1.025000000000001,0.0012524626666666667
54,1.0500000000000012,0.0017681206666666667,1.0500000000000012,0.0023150273333333335
55,1.0750000000000013,0.002190808,1.0750000000000013,0.0033105793333333337
56,1.1000000000000012,0.0027210133333333336,1.1000000000000012,0.004315193333333333
57,1.125000000000001,0.003380522666666667,1.125000000000001,0.005366585333333333
58,1.1500000000000012,0.004158754000000001,1.1500000000000012,0.006482384666666667
59,1.1750000000000014,0.00509092,1.1750000000000014,0.007590313333333334
60,1.2000000000000013,0.006159429333333333,1.2000000000000013,0.008951540000000001
61,1.2250000000000012,0.008148966666666667,1.2250000000000012,0.01037514
62,1.2500000000000013,0.009249826666666667,1.2500000000000013,0.01189274
63,1.2750000000000015,0.010661333333333333,1.2750000000000015,0.013516806666666667
