,93_5F_V_D,93_5F_J_D,93_5F_V_L,93_5F_J_L
0,-0.3,-1.8937953333333335e-05,-0.3,-0.02388418
1,-0.27499999999999997,-1.6488553333333335e-05,-0.27499999999999997,-0.023551433333333333
2,-0.24999999999999994,-1.4670086666666668e-05,-0.24999999999999994,-0.02310488
3,-0.22499999999999992,-1.2745360000000002e-05,-0.22499999999999992,-0.02256418666666667
4,-0.1999999999999999,-1.1059233333333332e-05,-0.1999999999999999,-0.022004020000000003
5,-0.17499999999999988,-9.3932e-06,-0.17499999999999988,-0.021454233333333333
6,-0.14999999999999986,-7.838046666666667e-06,-0.14999999999999986,-0.020957253333333335
7,-0.12499999999999983,-6.546684e-06,-0.12499999999999983,-0.02049234
8,-0.09999999999999981,-4.784675333333333e-06,-0.09999999999999981,-0.020050353333333333
9,-0.07499999999999979,-3.4733426666666664e-06,-0.07499999999999979,-0.019648326666666667
10,-0.04999999999999977,-2.029266e-06,-0.04999999999999977,-0.01926298666666667
11,-0.024999999999999745,-6.128798666666667e-07,-0.024999999999999745,-0.01889028666666667
12,2.7755575615628914e-16,7.308833333333334e-07,2.7755575615628914e-16,-0.01853444666666667
13,0.0250000000000003,2.193432e-06,0.0250000000000003,-0.018188060000000002
14,0.05000000000000032,3.650492666666667e-06,0.05000000000000032,-0.017854133333333334
15,0.07500000000000034,5.168936666666667e-06,0.07500000000000034,-0.0175193
16,0.10000000000000037,6.89706e-06,0.10000000000000037,-0.01719538666666667
17,0.1250000000000004,8.22026e-06,0.1250000000000004,-0.01687002
18,0.1500000000000004,1.0904106666666667e-05,0.1500000000000004,-0.016549706666666667
19,0.17500000000000043,1.3432060000000002e-05,0.17500000000000043,-0.016230900000000003
20,0.20000000000000046,1.654318666666667e-05,0.20000000000000046,-0.015902113333333336
21,0.22500000000000048,2.0006926666666667e-05,0.22500000000000048,-0.015564306666666668
22,0.2500000000000005,2.473926e-05,0.2500000000000005,-0.01523356
23,0.2750000000000005,2.958578666666667e-05,0.2750000000000005,-0.01488886
24,0.30000000000000054,3.516516e-05,0.30000000000000054,-0.014545833333333332
25,0.32500000000000057,4.13557e-05,0.32500000000000057,-0.014176726666666667
26,0.3500000000000006,4.843809333333333e-05,0.3500000000000006,-0.013800713333333332
27,0.3750000000000006,5.65754e-05,0.3750000000000006,-0.013410393333333335
28,0.40000000000000063,6.586054666666667e-05,0.40000000000000063,-0.013010253333333334
29,0.42500000000000066,7.580473333333334e-05,0.42500000000000066,-0.012587000000000001
30,0.4500000000000007,8.777800000000001e-05,0.4500000000000007,-0.012148273333333334
31,0.4750000000000007,0.0001005186,0.4750000000000007,-0.011696880000000002
32,0.5000000000000007,0.00011404786666666667,0.5000000000000007,-0.01121982
33,0.5250000000000008,0.0001293164,0.5250000000000008,-0.010730086666666666
34,0.5500000000000007,0.00014588406666666667,0.5500000000000007,-0.010202860000000001
35,0.5750000000000008,0.0001638374,0.5750000000000008,-0.0096874
36,0.6000000000000008,0.00019202326666666665,0.6000000000000008,-0.00914188
37,0.6250000000000009,0.00021339586666666667,0.6250000000000009,-0.008576933333333335
38,0.6500000000000008,0.00023648373333333335,0.6500000000000008,-0.007984306666666666
39,0.6750000000000009,0.00026385273333333337,0.6750000000000009,-0.0073994333333333336
40,0.7000000000000008,0.0002929226,0.7000000000000008,-0.006799253333333334
41,0.7250000000000008,0.00032517253333333337,0.7250000000000008,-0.0074993666666666675
42,0.7500000000000009,0.0003598538666666667,0.7500000000000009,-0.006886806666666668
43,0.775000000000001,0.00039719853333333336,0.775000000000001,-0.0057090813333333336
44,0.8000000000000009,0.00044099320000000005,0.8000000000000009,-0.0048539080000000005
45,0.8250000000000008,0.0004893188666666667,0.8250000000000008,-0.004069158666666667
46,0.850000000000001,0.0005491544666666667,0.850000000000001,-0.0033043726666666666
47,0.8750000000000011,0.0006238717333333333,0.8750000000000011,-0.0025507093333333336
48,0.900000000000001,0.0007647546666666667,0.900000000000001,-0.001782746666666667
49,0.9250000000000009,0.000877212,0.9250000000000009,-0.0010247186666666667
50,0.9500000000000011,0.0010469680000000001,0.9500000000000011,-0.0012277286666666667
51,0.9750000000000012,0.0012836846666666667,0.9750000000000012,-0.0008668253333333334
52,1.000000000000001,0.0016023666666666668,1.000000000000001,0.0001989666
53,1.025000000000001,0.00202404,1.025000000000001,0.0011832560000000002
54,1.0500000000000012,0.0025710766666666666,1.0500000000000012,0.002504762666666667
55,1.0750000000000013,0.0032671593333333335,1.0750000000000013,0.0037652573333333333
56,1.1000000000000012,0.0041102000000000005,1.1000000000000012,0.005054484
57,1.125000000000001,0.005107346666666667,1.125000000000001,0.006421462
58,1.1500000000000012,0.006252194666666667,1.1500000000000012,0.00782946
59,1.1750000000000014,0.00822052,1.1750000000000014,0.009435426666666667
60,1.2000000000000013,0.009407293333333334,1.2000000000000013,0.011106946666666668
61,1.2250000000000012,0.01092018,1.2250000000000012,0.012878866666666667
62,1.2500000000000013,0.012607833333333334,1.2500000000000013,0.014751606666666667
63,1.2750000000000015,0.01442372,1.2750000000000015,0.016739053333333333
