,93_5F_V_D,93_5F_J_D,93_5F_V_L,93_5F_J_L
0,-0.3,-1.673818e-05,-0.3,-0.023742793333333335
1,-0.27499999999999997,-1.4321440000000001e-05,-0.27499999999999997,-0.023439326666666666
2,-0.24999999999999994,-1.246898e-05,-0.24999999999999994,-0.02305850666666667
3,-0.22499999999999992,-1.0875333333333334e-05,-0.22499999999999992,-0.02258998666666667
4,-0.1999999999999999,-9.494353333333335e-06,-0.1999999999999999,-0.02205206666666667
5,-0.17499999999999988,-7.934546666666667e-06,-0.17499999999999988,-0.021490126666666668
6,-0.14999999999999986,-6.974686666666667e-06,-0.14999999999999986,-0.020944153333333333
7,-0.12499999999999983,-5.731131333333334e-06,-0.12499999999999983,-0.020415433333333333
8,-0.09999999999999981,-4.167151333333334e-06,-0.09999999999999981,-0.019909546666666667
9,-0.07499999999999979,-2.784468666666667e-06,-0.07499999999999979,-0.019427606666666666
10,-0.04999999999999977,-1.5295013333333333e-06,-0.04999999999999977,-0.018958440000000003
11,-0.024999999999999745,-3.109268e-07,-0.024999999999999745,-0.018510286666666667
12,2.7755575615628914e-16,8.984873333333334e-07,2.7755575615628914e-16,-0.0180767
13,0.0250000000000003,2.1551406666666664e-06,0.0250000000000003,-0.017640966666666667
14,0.05000000000000032,3.425828666666667e-06,0.05000000000000032,-0.0172301
15,0.07500000000000034,4.779183333333333e-06,0.07500000000000034,-0.016822546666666667
16,0.10000000000000037,6.2006566666666665e-06,0.10000000000000037,-0.01641806
17,0.1250000000000004,7.219606666666666e-06,0.1250000000000004,-0.016044246666666668
18,0.1500000000000004,9.625506666666667e-06,0.1500000000000004,-0.0156625
19,0.17500000000000043,1.1871160000000001e-05,0.17500000000000043,-0.015288186666666667
20,0.20000000000000046,1.4458046666666668e-05,0.20000000000000046,-0.014902053333333335
21,0.22500000000000048,1.7555593333333332e-05,0.22500000000000048,-0.0145392
22,0.2500000000000005,2.116002e-05,0.2500000000000005,-0.014174646666666665
23,0.2750000000000005,2.4948393333333334e-05,0.2750000000000005,-0.013807646666666668
24,0.30000000000000054,2.9698993333333335e-05,0.30000000000000054,-0.013425893333333334
25,0.32500000000000057,3.494586e-05,0.32500000000000057,-0.0130415
26,0.3500000000000006,4.087870666666667e-05,0.3500000000000006,-0.012655673333333334
27,0.3750000000000006,4.7901133333333335e-05,0.3750000000000006,-0.012269593333333334
28,0.40000000000000063,5.550629333333333e-05,0.40000000000000063,-0.011861886666666667
29,0.42500000000000066,6.430947333333334e-05,0.42500000000000066,-0.01143016
30,0.4500000000000007,7.33782e-05,0.4500000000000007,-0.011020013333333334
31,0.4750000000000007,8.522513333333335e-05,0.4750000000000007,-0.010585380000000002
32,0.5000000000000007,9.808540000000001e-05,0.5000000000000007,-0.010135333333333335
33,0.5250000000000008,0.00011262433333333335,0.5250000000000008,-0.009672793333333334
34,0.5500000000000007,0.00012864946666666668,0.5500000000000007,-0.009185500000000001
35,0.5750000000000008,0.00014694693333333335,0.5750000000000008,-0.008688126666666667
36,0.6000000000000008,0.000166494,0.6000000000000008,-0.008177886666666667
37,0.6250000000000009,0.00018709173333333334,0.6250000000000009,-0.007651906666666667
38,0.6500000000000008,0.00021056333333333336,0.6500000000000008,-0.007114246666666667
39,0.6750000000000009,0.0002362988,0.6750000000000009,-0.007846113333333333
40,0.7000000000000008,0.00026465093333333337,0.7000000000000008,-0.006711873333333333
41,0.7250000000000008,0.0002953346,0.7250000000000008,-0.006563098666666667
42,0.7500000000000009,0.00032902113333333334,0.7500000000000009,-0.005497743333333333
43,0.775000000000001,0.0003659712666666667,0.775000000000001,-0.004733810000000001
44,0.8000000000000009,0.00040684353333333333,0.8000000000000009,-0.004023664666666667
45,0.8250000000000008,0.0004521836,0.8250000000000008,-0.0033341160000000002
46,0.850000000000001,0.0005041914666666667,0.850000000000001,-0.0026584353333333334
47,0.8750000000000011,0.0005647834666666667,0.8750000000000011,-0.001980364666666667
48,0.900000000000001,0.0006366249333333334,0.900000000000001,-0.0012968546666666668
49,0.9250000000000009,0.0007596266666666668,0.9250000000000009,-0.0016062020000000002
50,0.9500000000000011,0.0008716626666666667,0.9500000000000011,-0.0011896726666666669
51,0.9750000000000012,0.0010279346666666666,0.9750000000000012,-0.0003481947333333333
52,1.000000000000001,0.0012353786666666666,1.000000000000001,0.0006976193333333334
53,1.025000000000001,0.0015143593333333334,1.025000000000001,0.0012938393333333333
54,1.0500000000000012,0.0018824506666666667,1.0500000000000012,0.0024116366666666667
55,1.0750000000000013,0.002355498,1.0750000000000013,0.003456328666666667
56,1.1000000000000012,0.002951786666666667,1.1000000000000012,0.004519848666666666
57,1.125000000000001,0.0036820320000000004,1.125000000000001,0.005637853333333333
58,1.1500000000000012,0.004569650000000001,1.1500000000000012,0.00682794
59,1.1750000000000014,0.005605124,1.1750000000000014,0.00804698
60,1.2000000000000013,0.007564866666666667,1.2000000000000013,0.00949874
61,1.2250000000000012,0.00862218,1.2250000000000012,0.011023426666666667
62,1.2500000000000013,0.010019633333333335,1.2500000000000013,0.01265046
63,1.2750000000000015,0.011590433333333334,1.2750000000000015,0.01438694666666667
