,93_5R_V_D,93_5R_J_D,93_5R_V_L,93_5R_J_L
0,1.3,0.013926346666666665,1.3,0.016972186666666667
1,1.2750000000000001,0.01375444,1.2750000000000001,0.015503453333333334
2,1.2500000000000002,0.012637586666666667,1.2500000000000002,0.01376782
3,1.2250000000000003,0.011285293333333335,1.2250000000000003,0.011962586666666667
4,1.2000000000000004,0.009875400000000001,1.2000000000000004,0.010154873333333335
5,1.1750000000000005,0.00849558,1.1750000000000005,0.008378626666666668
6,1.1500000000000006,0.00717422,1.1500000000000006,0.006667573333333334
7,1.1250000000000007,0.005804966666666667,1.1250000000000007,0.004961481333333333
8,1.1000000000000008,0.004819011333333333,1.1000000000000008,0.0033358600000000004
9,1.0750000000000008,0.0038752813333333335,1.0750000000000008,0.0017737073333333334
10,1.050000000000001,0.0030641446666666667,1.050000000000001,0.0004275414
11,1.025000000000001,0.002397254666666667,1.025000000000001,-0.0009117733333333333
12,1.000000000000001,0.0018701386666666667,1.000000000000001,-0.002399224
13,0.9750000000000012,0.0014710753333333334,0.9750000000000012,-0.0037331133333333333
14,0.9500000000000013,0.001177518,0.9500000000000013,-0.004982455333333333
15,0.9250000000000014,0.0009656006666666668,0.9250000000000014,-0.006152856
16,0.9000000000000015,0.0008152353333333334,0.9000000000000015,-0.006998666666666667
17,0.8750000000000016,0.0007034113333333333,0.8750000000000016,-0.00784862
18,0.8500000000000016,0.0006205178,0.8500000000000016,-0.008981853333333333
19,0.8250000000000017,0.0005562678,0.8250000000000017,-0.00997368
20,0.8000000000000018,0.0005035125333333333,0.8000000000000018,-0.010881380000000001
21,0.7750000000000019,0.0004587704666666667,0.7750000000000019,-0.011717086666666666
22,0.750000000000002,0.0004186633333333334,0.750000000000002,-0.01250276
23,0.7250000000000021,0.0003826152666666667,0.7250000000000021,-0.013245666666666668
24,0.7000000000000022,0.0003500035333333333,0.7000000000000022,-0.013917946666666667
25,0.6750000000000023,0.0003193498666666667,0.6750000000000023,-0.014556946666666667
26,0.6500000000000024,0.0002914370666666667,0.6500000000000024,-0.015151426666666667
27,0.6250000000000024,0.00026520546666666665,0.6250000000000024,-0.015716126666666667
28,0.6000000000000025,0.00024049666666666668,0.6000000000000025,-0.01622216666666667
29,0.5750000000000026,0.0002170132666666667,0.5750000000000026,-0.016702466666666665
30,0.5500000000000027,0.00019552153333333335,0.5500000000000027,-0.017145906666666665
31,0.5250000000000028,0.0001760622666666667,0.5250000000000028,-0.017554533333333334
32,0.5000000000000029,0.00015742326666666668,0.5000000000000029,-0.01793088
33,0.475000000000003,0.00013993346666666667,0.475000000000003,-0.018277786666666667
34,0.45000000000000306,0.00012391700000000003,0.45000000000000306,-0.01859788
35,0.42500000000000315,0.00010829146666666666,0.42500000000000315,-0.018891226666666667
36,0.40000000000000324,9.514853333333333e-05,0.40000000000000324,-0.019157913333333335
37,0.37500000000000333,8.3169e-05,0.37500000000000333,-0.01939952
38,0.3500000000000034,7.20976e-05,0.3500000000000034,-0.019622973333333335
39,0.3250000000000035,6.262716666666667e-05,0.3250000000000035,-0.01982524
40,0.3000000000000036,5.308690000000001e-05,0.3000000000000036,-0.02001738
41,0.2750000000000037,4.4702460000000005e-05,0.2750000000000037,-0.020179173333333335
42,0.2500000000000038,3.737375333333333e-05,0.2500000000000038,-0.020334733333333334
43,0.22500000000000386,3.124391333333333e-05,0.22500000000000386,-0.020454386666666668
44,0.20000000000000395,2.564410666666667e-05,0.20000000000000395,-0.02059738
45,0.17500000000000404,2.0410773333333334e-05,0.17500000000000404,-0.020730933333333333
46,0.15000000000000413,1.575786e-05,0.15000000000000413,-0.020848953333333333
47,0.12500000000000422,1.1913546666666667e-05,0.12500000000000422,-0.020971366666666668
48,0.10000000000000431,8.22634e-06,0.10000000000000431,-0.021081466666666666
49,0.0750000000000044,5.627794666666667e-06,0.0750000000000044,-0.021193713333333333
50,0.050000000000004485,1.9547013333333335e-06,0.050000000000004485,-0.021302833333333333
51,0.025000000000004574,-1.2533286666666667e-06,0.025000000000004574,-0.02141172
52,4.6629367034256575e-15,-4.3977046666666675e-06,4.6629367034256575e-15,-0.021515806666666668
53,-0.024999999999995248,-6.832546666666667e-06,-0.024999999999995248,-0.02163238
54,-0.04999999999999516,-1.0398766666666668e-05,-0.04999999999999516,-0.02173068
55,-0.07499999999999507,-1.3641806666666668e-05,-0.07499999999999507,-0.021835506666666667
56,-0.09999999999999498,-1.6713866666666666e-05,-0.09999999999999498,-0.021937993333333333
57,-0.12499999999999489,-2.0287366666666668e-05,-0.12499999999999489,-0.02204698
58,-0.1499999999999948,-2.3009566666666667e-05,-0.1499999999999948,-0.02213426666666667
59,-0.17499999999999472,-2.675135333333333e-05,-0.17499999999999472,-0.022229733333333335
60,-0.19999999999999463,-3.0380399999999998e-05,-0.19999999999999463,-0.022316266666666668
61,-0.22499999999999454,-3.4045980000000004e-05,-0.22499999999999454,-0.022410326666666668
62,-0.24999999999999445,-3.762702666666667e-05,-0.24999999999999445,-0.022500273333333334
63,-0.27499999999999436,-4.1419880000000005e-05,-0.27499999999999436,-0.022584553333333333
