,93_5F_V_D,93_5F_J_D,93_5F_V_L,93_5F_J_L
0,-0.3,-1.6103713333333335e-05,-0.3,-0.02387864
1,-0.27499999999999997,-1.3525340000000002e-05,-0.27499999999999997,-0.02367692
2,-0.24999999999999994,-1.1719753333333334e-05,-0.24999999999999994,-0.023421546666666668
3,-0.22499999999999992,-1.0182346666666666e-05,-0.22499999999999992,-0.023096773333333334
4,-0.1999999999999999,-8.679353333333335e-06,-0.1999999999999999,-0.02269756666666667
5,-0.17499999999999988,-7.203686666666667e-06,-0.17499999999999988,-0.022242653333333334
6,-0.14999999999999986,-6.355308e-06,-0.14999999999999986,-0.02177056
7,-0.12499999999999983,-4.736384666666667e-06,-0.12499999999999983,-0.02129008
8,-0.09999999999999981,-3.5007426666666668e-06,-0.09999999999999981,-0.020810373333333337
9,-0.07499999999999979,-2.3434493333333333e-06,-0.07499999999999979,-0.020340853333333336
10,-0.04999999999999977,-1.2149193333333334e-06,-0.04999999999999977,-0.019867146666666665
11,-0.024999999999999745,-9.93242e-08,-0.024999999999999745,-0.019410426666666668
12,2.7755575615628914e-16,9.686386666666666e-07,2.7755575615628914e-16,-0.01895728
13,0.0250000000000003,2.1656766666666667e-06,0.0250000000000003,-0.018497560000000003
14,0.05000000000000032,3.3440946666666672e-06,0.05000000000000032,-0.018056193333333335
15,0.07500000000000034,4.559782e-06,0.07500000000000034,-0.017616213333333335
16,0.10000000000000037,5.929526e-06,0.10000000000000037,-0.01717016
17,0.1250000000000004,6.9995066666666665e-06,0.1250000000000004,-0.016754393333333336
18,0.1500000000000004,8.52192e-06,0.1500000000000004,-0.01633868
19,0.17500000000000043,1.087972e-05,0.17500000000000043,-0.01591982
20,0.20000000000000046,1.3401053333333334e-05,0.20000000000000046,-0.015493353333333333
21,0.22500000000000048,1.613282666666667e-05,0.22500000000000048,-0.01508978
22,0.2500000000000005,1.939898e-05,0.2500000000000005,-0.014684286666666666
23,0.2750000000000005,2.3116333333333334e-05,0.2750000000000005,-0.014275580000000001
24,0.30000000000000054,2.7346493333333337e-05,0.30000000000000054,-0.013856940000000002
25,0.32500000000000057,3.228548e-05,0.32500000000000057,-0.013436946666666666
26,0.3500000000000006,3.79088e-05,0.3500000000000006,-0.013008446666666668
27,0.3750000000000006,4.434534e-05,0.3750000000000006,-0.012579273333333333
28,0.40000000000000063,5.146158666666666e-05,0.40000000000000063,-0.012138393333333334
29,0.42500000000000066,5.985992000000001e-05,0.42500000000000066,-0.01167524
30,0.4500000000000007,6.948893333333333e-05,0.4500000000000007,-0.0112288
31,0.4750000000000007,8.087180000000001e-05,0.4750000000000007,-0.01076494
32,0.5000000000000007,9.457153333333335e-05,0.5000000000000007,-0.010281646666666668
33,0.5250000000000008,0.00010911893333333333,0.5250000000000008,-0.009776466666666667
34,0.5500000000000007,0.0001254818,0.5500000000000007,-0.009287353333333333
35,0.5750000000000008,0.00014388480000000002,0.5750000000000008,-0.008769633333333334
36,0.6000000000000008,0.00016417460000000002,0.6000000000000008,-0.00824706
37,0.6250000000000009,0.0001863400666666667,0.6250000000000009,-0.00770562
38,0.6500000000000008,0.00021126173333333334,0.6500000000000008,-0.00715196
39,0.6750000000000009,0.0002380694,0.6750000000000009,-0.007852846666666668
40,0.7000000000000008,0.00026760773333333335,0.7000000000000008,-0.006745506666666666
41,0.7250000000000008,0.0002993908666666667,0.7250000000000008,-0.00655277
42,0.7500000000000009,0.0003342260666666667,0.7500000000000009,-0.005511098
43,0.775000000000001,0.0003722524666666667,0.775000000000001,-0.004732318666666667
44,0.8000000000000009,0.00041533140000000004,0.8000000000000009,-0.004029987333333334
45,0.8250000000000008,0.00046140480000000006,0.8250000000000008,-0.003340302
46,0.850000000000001,0.0005142706666666667,0.850000000000001,-0.0026558980000000003
47,0.8750000000000011,0.0005754204666666667,0.8750000000000011,-0.001978366
48,0.900000000000001,0.0006472115333333333,0.900000000000001,-0.001299512
49,0.9250000000000009,0.0007664433333333334,0.9250000000000009,-0.001544072
50,0.9500000000000011,0.0008750373333333334,0.9500000000000011,-0.0011419266666666667
51,0.9750000000000012,0.0010146366666666667,0.9750000000000012,-0.00033613020000000004
52,1.000000000000001,0.0011995413333333333,1.000000000000001,0.0006768933333333333
53,1.025000000000001,0.001439844,1.025000000000001,0.0012358986666666668
54,1.0500000000000012,0.0017527906666666667,1.0500000000000012,0.00228427
55,1.0750000000000013,0.0021505173333333334,1.0750000000000013,0.0032645466666666664
56,1.1000000000000012,0.002650060666666667,1.1000000000000012,0.00425337
57,1.125000000000001,0.003270902,1.125000000000001,0.0052856760000000004
58,1.1500000000000012,0.00401703,1.1500000000000012,0.006378221333333334
59,1.1750000000000014,0.004892892,1.1750000000000014,0.007452186666666667
60,1.2000000000000013,0.005907055333333334,1.2000000000000013,0.008784246666666667
61,1.2250000000000012,0.007841253333333334,1.2250000000000012,0.010176613333333334
62,1.2500000000000013,0.008895313333333333,1.2500000000000013,0.011661613333333334
63,1.2750000000000015,0.010262473333333334,1.2750000000000015,0.013252853333333333
