,93_5F_V_D,93_5F_J_D,93_5F_V_L,93_5F_J_L
0,-0.3,-1.4420286666666668e-05,-0.3,-0.024078206666666668
1,-0.27499999999999997,-1.1945073333333333e-05,-0.27499999999999997,-0.023943533333333333
2,-0.24999999999999994,-1.0164666666666668e-05,-0.24999999999999994,-0.023807113333333334
3,-0.22499999999999992,-8.664673333333335e-06,-0.22499999999999992,-0.02365214666666667
4,-0.1999999999999999,-7.39912e-06,-0.1999999999999999,-0.023471533333333336
5,-0.17499999999999988,-6.537505333333333e-06,-0.17499999999999988,-0.023249553333333332
6,-0.14999999999999986,-5.009559333333333e-06,-0.14999999999999986,-0.02298784666666667
7,-0.12499999999999983,-3.887126000000001e-06,-0.12499999999999983,-0.022683913333333333
8,-0.09999999999999981,-2.834176e-06,-0.09999999999999981,-0.0223355
9,-0.07499999999999979,-1.8235266666666668e-06,-0.07499999999999979,-0.02195436
10,-0.04999999999999977,-8.140926666666667e-07,-0.04999999999999977,-0.02154472
11,-0.024999999999999745,1.9078966666666666e-07,-0.024999999999999745,-0.02110684666666667
12,2.7755575615628914e-16,1.1946940000000002e-06,2.7755575615628914e-16,-0.020653053333333334
13,0.0250000000000003,2.2522180000000003e-06,0.0250000000000003,-0.020172786666666668
14,0.05000000000000032,3.298004666666667e-06,0.05000000000000032,-0.019684626666666667
15,0.07500000000000034,4.501438e-06,0.07500000000000034,-0.019187913333333334
16,0.10000000000000037,5.789063333333333e-06,0.10000000000000037,-0.018672433333333335
17,0.1250000000000004,6.999466666666667e-06,0.1250000000000004,-0.0181703
18,0.1500000000000004,7.967626666666667e-06,0.1500000000000004,-0.017652373333333336
19,0.17500000000000043,1.0585546666666666e-05,0.17500000000000043,-0.01712814
20,0.20000000000000046,1.2976926666666667e-05,0.20000000000000046,-0.016611446666666668
21,0.22500000000000048,1.5636760000000003e-05,0.22500000000000048,-0.01607222666666667
22,0.2500000000000005,1.8835740000000003e-05,0.2500000000000005,-0.015543846666666668
23,0.2750000000000005,2.23498e-05,0.2750000000000005,-0.015007566666666668
24,0.30000000000000054,2.6458206666666666e-05,0.30000000000000054,-0.014471066666666667
25,0.32500000000000057,3.109764e-05,0.32500000000000057,-0.013928286666666668
26,0.3500000000000006,3.643097333333333e-05,0.3500000000000006,-0.013389320000000001
27,0.3750000000000006,4.2668739999999996e-05,0.3750000000000006,-0.01283988
28,0.40000000000000063,4.999233333333334e-05,0.40000000000000063,-0.012284046666666668
29,0.42500000000000066,5.841405333333334e-05,0.42500000000000066,-0.011712633333333335
30,0.4500000000000007,6.84608e-05,0.4500000000000007,-0.01116278
31,0.4750000000000007,8.190486666666668e-05,0.4750000000000007,-0.010594646666666667
32,0.5000000000000007,9.62412e-05,0.5000000000000007,-0.010015953333333334
33,0.5250000000000008,0.00011176206666666666,0.5250000000000008,-0.00941956
34,0.5500000000000007,0.00012922933333333334,0.5500000000000007,-0.008835693333333334
35,0.5750000000000008,0.00014889666666666667,0.5750000000000008,-0.00823906
36,0.6000000000000008,0.00017081,0.6000000000000008,-0.0076368066666666675
37,0.6250000000000009,0.00019503293333333335,0.6250000000000009,-0.007020360000000001
38,0.6500000000000008,0.00022187419999999998,0.6500000000000008,-0.007529973333333334
39,0.6750000000000009,0.00025139586666666667,0.6750000000000009,-0.007292513333333334
40,0.7000000000000008,0.0002837053333333333,0.7000000000000008,-0.006605738
41,0.7250000000000008,0.0003194042,0.7250000000000008,-0.005550205333333334
42,0.7500000000000009,0.0003586274666666667,0.7500000000000009,-0.004725914666666667
43,0.775000000000001,0.00040192933333333335,0.775000000000001,-0.003953646666666667
44,0.8000000000000009,0.00044947786666666665,0.8000000000000009,-0.003220572666666667
45,0.8250000000000008,0.0005018688000000001,0.8250000000000008,-0.0025210873333333336
46,0.850000000000001,0.0005601219333333334,0.850000000000001,-0.0018344446666666667
47,0.8750000000000011,0.0006250402000000001,0.8750000000000011,-0.0011735033333333334
48,0.900000000000001,0.0006982286666666667,0.900000000000001,-0.0012064620000000002
49,0.9250000000000009,0.0007803286666666667,0.9250000000000009,-0.0005880726
50,0.9500000000000011,0.0008778346666666667,0.9500000000000011,0.00022032453333333335
51,0.9750000000000012,0.0009927413333333335,0.9750000000000012,0.0004904274
52,1.000000000000001,0.0011288786666666668,1.000000000000001,0.001307828
53,1.025000000000001,0.0012912053333333335,1.025000000000001,0.002056164
54,1.0500000000000012,0.0014859506666666667,1.0500000000000012,0.0027885473333333333
55,1.0750000000000013,0.001720194666666667,1.0750000000000013,0.003521296666666667
56,1.1000000000000012,0.002001956,1.1000000000000012,0.004262554666666666
57,1.125000000000001,0.0023399546666666667,1.125000000000001,0.005029952
58,1.1500000000000012,0.0027437433333333335,1.1500000000000012,0.005824106666666667
59,1.1750000000000014,0.0032215986666666667,1.1750000000000014,0.006653363333333334
60,1.2000000000000013,0.003781968666666667,1.2000000000000013,0.007396880000000001
61,1.2250000000000012,0.004434672,1.2250000000000012,0.008390560000000002
62,1.2500000000000013,0.005179671333333333,1.2500000000000013,0.009422020000000001
63,1.2750000000000015,0.006019093333333334,1.2750000000000015,0.01051682
