,93_5R_V_D,93_5R_J_D,93_5R_V_L,93_5R_J_L
0,1.3,0.0109149,1.3,0.014689780000000001
1,1.2750000000000001,0.011020553333333334,1.2750000000000001,0.013313006666666667
2,1.2500000000000002,0.010258453333333334,1.2500000000000002,0.011787413333333335
3,1.2250000000000003,0.009225680000000002,1.2250000000000003,0.010212853333333332
4,1.2000000000000004,0.008105833333333333,1.2000000000000004,0.008635073333333333
5,1.1750000000000005,0.006978886666666667,1.1750000000000005,0.007079826666666667
6,1.1500000000000006,0.00575462,1.1500000000000006,0.005589968000000001
7,1.1250000000000007,0.004887829333333334,1.1250000000000007,0.004082416666666667
8,1.1000000000000008,0.004010985333333334,1.1000000000000008,0.002647262
9,1.0750000000000008,0.003236185333333333,1.0750000000000008,0.00126699
10,1.050000000000001,0.0025808913333333332,1.050000000000001,0.00019054293333333334
11,1.025000000000001,0.002050074666666667,1.025000000000001,-0.001052196
12,1.000000000000001,0.0016347733333333333,1.000000000000001,-0.00240873
13,0.9750000000000012,0.0013198626666666667,0.9750000000000012,-0.0036283553333333334
14,0.9500000000000013,0.0010867713333333334,0.9500000000000013,-0.004769538666666667
15,0.9250000000000014,0.0009170913333333334,0.9250000000000014,-0.005852778666666667
16,0.9000000000000015,0.0007909613333333333,0.9000000000000015,-0.00687792
17,0.8750000000000016,0.0006960813333333334,0.8750000000000016,-0.007392980000000001
18,0.8500000000000016,0.0006226254666666667,0.8500000000000016,-0.008481426666666667
19,0.8250000000000017,0.0005601069333333334,0.8250000000000017,-0.009440693333333335
20,0.8000000000000018,0.0005087156666666667,0.8000000000000018,-0.01032946
21,0.7750000000000019,0.0004627627333333333,0.7750000000000019,-0.011158046666666668
22,0.750000000000002,0.00042193993333333334,0.750000000000002,-0.011936873333333334
23,0.7250000000000021,0.000384124,0.7250000000000021,-0.012669973333333334
24,0.7000000000000022,0.00034988866666666666,0.7000000000000022,-0.013356146666666667
25,0.6750000000000023,0.0003171966,0.6750000000000023,-0.01400768
26,0.6500000000000024,0.00028731073333333333,0.6500000000000024,-0.014614393333333333
27,0.6250000000000024,0.00025934506666666667,0.6250000000000024,-0.015186186666666665
28,0.6000000000000025,0.00023277773333333336,0.6000000000000025,-0.01573188
29,0.5750000000000026,0.00020820393333333332,0.5750000000000026,-0.01622568666666667
30,0.5500000000000027,0.0001855246,0.5500000000000027,-0.016689233333333334
31,0.5250000000000028,0.0001646752,0.5250000000000028,-0.017118800000000003
32,0.5000000000000029,0.000145463,0.5000000000000029,-0.01751908
33,0.475000000000003,0.00012771713333333334,0.475000000000003,-0.017896166666666668
34,0.45000000000000306,0.00011173246666666667,0.45000000000000306,-0.0182452
35,0.42500000000000315,9.70396e-05,0.42500000000000315,-0.018565893333333333
36,0.40000000000000324,8.345706666666666e-05,0.40000000000000324,-0.01886388666666667
37,0.37500000000000333,7.138126666666668e-05,0.37500000000000333,-0.019136740000000003
38,0.3500000000000034,6.168271333333334e-05,0.3500000000000034,-0.01938762
39,0.3250000000000035,5.122232666666667e-05,0.3250000000000035,-0.01961902
40,0.3000000000000036,4.285850666666667e-05,0.3000000000000036,-0.019835473333333332
41,0.2750000000000037,3.525277333333334e-05,0.2750000000000037,-0.0200468
42,0.2500000000000038,2.854184666666667e-05,0.2500000000000038,-0.020223826666666667
43,0.22500000000000386,2.338028e-05,0.22500000000000386,-0.020374886666666668
44,0.20000000000000395,1.8439186666666666e-05,0.20000000000000395,-0.02055092
45,0.17500000000000404,1.4360193333333336e-05,0.17500000000000404,-0.020696386666666667
46,0.15000000000000413,1.0843986666666666e-05,0.15000000000000413,-0.0208516
47,0.12500000000000422,7.7801e-06,0.12500000000000422,-0.020988486666666667
48,0.10000000000000431,5.701955333333334e-06,0.10000000000000431,-0.0211209
49,0.0750000000000044,2.6329620000000003e-06,0.0750000000000044,-0.021250433333333332
50,0.050000000000004485,1.960528e-07,0.050000000000004485,-0.021377673333333333
51,0.025000000000004574,-2.072507333333333e-06,0.025000000000004574,-0.02150024
52,4.6629367034256575e-15,-4.271997333333333e-06,4.6629367034256575e-15,-0.021619906666666668
53,-0.024999999999995248,-6.412396666666668e-06,-0.024999999999995248,-0.021740053333333335
54,-0.04999999999999516,-7.80478e-06,-0.04999999999999516,-0.021862333333333334
55,-0.07499999999999507,-1.0421986666666667e-05,-0.07499999999999507,-0.021964753333333333
56,-0.09999999999999498,-1.2742073333333334e-05,-0.09999999999999498,-0.022076973333333333
57,-0.12499999999999489,-1.4943993333333334e-05,-0.12499999999999489,-0.02217996
58,-0.1499999999999948,-1.7330853333333335e-05,-0.1499999999999948,-0.02227768
59,-0.17499999999999472,-1.9837533333333334e-05,-0.17499999999999472,-0.022382806666666668
60,-0.19999999999999463,-2.2443253333333334e-05,-0.19999999999999463,-0.022471393333333332
61,-0.22499999999999454,-2.4709226666666668e-05,-0.22499999999999454,-0.02256892
62,-0.24999999999999445,-2.7993813333333335e-05,-0.24999999999999445,-0.02265992
63,-0.27499999999999436,-3.080306666666667e-05,-0.27499999999999436,-0.022746926666666667
