,93_5F_V_D,93_5F_J_D,93_5F_V_L,93_5F_J_L
0,-0.3,-3.259818e-05,-0.3,-0.02418394
1,-0.27499999999999997,-2.968841333333333e-05,-0.27499999999999997,-0.023876626666666668
2,-0.24999999999999994,-2.6878380000000002e-05,-0.24999999999999994,-0.023473340000000002
3,-0.22499999999999992,-2.3841966666666666e-05,-0.22499999999999992,-0.023066266666666668
4,-0.1999999999999999,-2.0949333333333336e-05,-0.1999999999999999,-0.0226844
5,-0.17499999999999988,-1.7783453333333335e-05,-0.17499999999999988,-0.022324986666666668
6,-0.14999999999999986,-1.5113826666666667e-05,-0.14999999999999986,-0.02200658
7,-0.12499999999999983,-1.2355173333333334e-05,-0.12499999999999983,-0.0217123
8,-0.09999999999999981,-9.711326666666667e-06,-0.09999999999999981,-0.021433626666666667
9,-0.07499999999999979,-7.09586e-06,-0.07499999999999979,-0.02118536
10,-0.04999999999999977,-4.638696666666667e-06,-0.04999999999999977,-0.020943833333333335
11,-0.024999999999999745,-1.9422433333333335e-06,-0.024999999999999745,-0.020703133333333335
12,2.7755575615628914e-16,6.291283333333333e-07,2.7755575615628914e-16,-0.020466293333333333
13,0.0250000000000003,3.2421820000000004e-06,0.0250000000000003,-0.02023722
14,0.05000000000000032,5.89329e-06,0.05000000000000032,-0.020000613333333337
15,0.07500000000000034,8.4101e-06,0.07500000000000034,-0.019762953333333336
16,0.10000000000000037,1.1383206666666667e-05,0.10000000000000037,-0.019514566666666667
17,0.1250000000000004,1.419632e-05,0.1250000000000004,-0.019257953333333334
18,0.1500000000000004,1.7402073333333333e-05,0.1500000000000004,-0.018998106666666667
19,0.17500000000000043,2.100470666666667e-05,0.17500000000000043,-0.01871578
20,0.20000000000000046,2.4950686666666666e-05,0.20000000000000046,-0.01842304
21,0.22500000000000048,2.9656386666666668e-05,0.22500000000000048,-0.0181084
22,0.2500000000000005,3.523527333333334e-05,0.2500000000000005,-0.017789
23,0.2750000000000005,4.166484666666667e-05,0.2750000000000005,-0.01744184
24,0.30000000000000054,4.8378286666666665e-05,0.30000000000000054,-0.01707705333333333
25,0.32500000000000057,5.575658666666666e-05,0.32500000000000057,-0.016673066666666667
26,0.3500000000000006,6.477029333333334e-05,0.3500000000000006,-0.0162761
27,0.3750000000000006,7.57498e-05,0.3750000000000006,-0.015843526666666666
28,0.40000000000000063,8.601673333333333e-05,0.40000000000000063,-0.01537816
29,0.42500000000000066,9.791646666666667e-05,0.42500000000000066,-0.014900953333333335
30,0.4500000000000007,0.0001100592,0.4500000000000007,-0.01437902
31,0.4750000000000007,0.00012401786666666666,0.4750000000000007,-0.013836453333333333
32,0.5000000000000007,0.00013892586666666668,0.5000000000000007,-0.013265533333333334
33,0.5250000000000008,0.00015556033333333336,0.5250000000000008,-0.012665299999999999
34,0.5500000000000007,0.00017346073333333333,0.5500000000000007,-0.01203488
35,0.5750000000000008,0.00019350733333333334,0.5750000000000008,-0.011376926666666667
36,0.6000000000000008,0.00021721253333333333,0.6000000000000008,-0.010690993333333334
37,0.6250000000000009,0.0002428570666666667,0.6250000000000009,-0.009968893333333334
38,0.6500000000000008,0.000273155,0.6500000000000008,-0.009206313333333334
39,0.6750000000000009,0.00030996513333333335,0.6750000000000009,-0.008434886666666667
40,0.7000000000000008,0.0003547990666666667,0.7000000000000008,-0.007631506666666667
41,0.7250000000000008,0.00041086260000000005,0.7250000000000008,-0.006788173333333333
42,0.7500000000000009,0.00048304040000000004,0.7500000000000009,-0.006564953333333333
43,0.775000000000001,0.0005760961333333334,0.775000000000001,-0.005335945333333333
44,0.8000000000000009,0.0007295386666666667,0.8000000000000009,-0.0042829186666666665
45,0.8250000000000008,0.0008777520000000001,0.8250000000000008,-0.0032451466666666667
46,0.850000000000001,0.0010866706666666666,0.850000000000001,-0.002186382
47,0.8750000000000011,0.001360154,0.8750000000000011,-0.0010922540000000002
48,0.900000000000001,0.0017113040000000003,0.900000000000001,-0.000983558
49,0.9250000000000009,0.002154790666666667,0.9250000000000009,0.0002656214
50,0.9500000000000011,0.0026981353333333335,0.9500000000000011,0.0014289626666666667
51,0.9750000000000012,0.003355338,0.9750000000000012,0.0029286926666666664
52,1.000000000000001,0.004123030666666667,1.000000000000001,0.0043696180000000005
53,1.025000000000001,0.0050140846666666666,1.025000000000001,0.005830594666666667
54,1.0500000000000012,0.006021963333333333,1.0500000000000012,0.007115413333333333
55,1.0750000000000013,0.007447833333333333,1.0750000000000013,0.00877266
56,1.1000000000000012,0.008538726666666666,1.1000000000000012,0.010427426666666666
57,1.125000000000001,0.009860473333333333,1.125000000000001,0.012156326666666667
58,1.1500000000000012,0.011332273333333334,1.1500000000000012,0.01396552
59,1.1750000000000014,0.01294574,1.1750000000000014,0.015863060000000002
60,1.2000000000000013,0.014690873333333335,1.2000000000000013,0.01785758
61,1.2250000000000012,0.016567113333333335,1.2250000000000012,0.01995312
62,1.2500000000000013,0.018579500000000002,1.2500000000000013,0.02215028
63,1.2750000000000015,0.020725566666666667,1.2750000000000015,0.024451833333333332
