,93_5R_V_D,93_5R_J_D,93_5R_V_L,93_5R_J_L
0,1.3,0.010050073333333335,1.3,0.014516426666666667
1,1.2750000000000001,0.010377593333333334,1.2750000000000001,0.013144293333333333
2,1.2500000000000002,0.009776326666666668,1.2500000000000002,0.011638933333333334
3,1.2250000000000003,0.008854253333333334,1.2250000000000003,0.010087673333333333
4,1.2000000000000004,0.007816513333333334,1.2000000000000004,0.008534153333333334
5,1.1750000000000005,0.006754200000000001,1.1750000000000005,0.0070009600000000005
6,1.1500000000000006,0.0055831453333333335,1.1500000000000006,0.005533085333333333
7,1.1250000000000007,0.004759402666666667,1.1250000000000007,0.0040448466666666676
8,1.1000000000000008,0.003915128666666667,1.1000000000000008,0.002630890666666667
9,1.0750000000000008,0.0031641906666666666,1.0750000000000008,0.0012693706666666667
10,1.050000000000001,0.002529726,1.050000000000001,0.0002075292
11,1.025000000000001,0.002013926,1.025000000000001,-0.0010205953333333334
12,1.000000000000001,0.0016101506666666666,1.000000000000001,-0.002365784
13,0.9750000000000012,0.0013023913333333333,0.9750000000000012,-0.0035755253333333336
14,0.9500000000000013,0.0010748566666666667,0.9500000000000013,-0.004710211333333333
15,0.9250000000000014,0.0009074946666666667,0.9250000000000014,-0.005782497333333333
16,0.9000000000000015,0.0007847613333333334,0.9000000000000015,-0.006803493333333334
17,0.8750000000000016,0.000690878,0.8750000000000016,-0.0073149800000000004
18,0.8500000000000016,0.0006185213333333334,0.8500000000000016,-0.008399853333333334
19,0.8250000000000017,0.0005565114,0.8250000000000017,-0.009359066666666667
20,0.8000000000000018,0.0005056790666666666,0.8000000000000018,-0.010247593333333334
21,0.7750000000000019,0.00046036766666666674,0.7750000000000019,-0.011077993333333334
22,0.750000000000002,0.0004195666666666667,0.750000000000002,-0.011858500000000001
23,0.7250000000000021,0.0003824608666666667,0.7250000000000021,-0.012593100000000001
24,0.7000000000000022,0.000348247,0.7000000000000022,-0.013280573333333335
25,0.6750000000000023,0.0003150702666666667,0.6750000000000023,-0.013929286666666669
26,0.6500000000000024,0.000284979,0.6500000000000024,-0.014542613333333333
27,0.6250000000000024,0.0002568766666666667,0.6250000000000024,-0.015112033333333335
28,0.6000000000000025,0.00023073539999999998,0.6000000000000025,-0.0156625
29,0.5750000000000026,0.00020651966666666665,0.5750000000000026,-0.016159140000000002
30,0.5500000000000027,0.000183828,0.5500000000000027,-0.016625393333333335
31,0.5250000000000028,0.00016322553333333333,0.5250000000000028,-0.0170588
32,0.5000000000000029,0.00014446993333333335,0.5000000000000029,-0.017459766666666668
33,0.475000000000003,0.0001268052,0.475000000000003,-0.017842173333333336
34,0.45000000000000306,0.00011054486666666667,0.45000000000000306,-0.018190373333333336
35,0.42500000000000315,9.601440000000001e-05,0.42500000000000315,-0.018511346666666668
36,0.40000000000000324,8.284226666666667e-05,0.40000000000000324,-0.018812053333333332
37,0.37500000000000333,7.104126666666668e-05,0.37500000000000333,-0.019089713333333334
38,0.3500000000000034,6.161636e-05,0.3500000000000034,-0.01934422
39,0.3250000000000035,5.107656000000001e-05,0.3250000000000035,-0.01957614666666667
40,0.3000000000000036,4.271904e-05,0.3000000000000036,-0.019793540000000002
41,0.2750000000000037,3.5232666666666666e-05,0.2750000000000037,-0.02000654
42,0.2500000000000038,2.9089773333333337e-05,0.2500000000000038,-0.02018804
43,0.22500000000000386,2.3510833333333332e-05,0.22500000000000386,-0.020340446666666668
44,0.20000000000000395,1.862954e-05,0.20000000000000395,-0.020517573333333334
45,0.17500000000000404,1.4534460000000002e-05,0.17500000000000404,-0.020672686666666665
46,0.15000000000000413,1.1030646666666666e-05,0.15000000000000413,-0.02082272
47,0.12500000000000422,7.820379999999999e-06,0.12500000000000422,-0.020961106666666666
48,0.10000000000000431,5.751012666666667e-06,0.10000000000000431,-0.02109816
49,0.0750000000000044,2.7407593333333336e-06,0.0750000000000044,-0.02122716666666667
50,0.050000000000004485,2.816660666666667e-07,0.050000000000004485,-0.0213566
51,0.025000000000004574,-2.0157280000000004e-06,0.025000000000004574,-0.021481526666666667
52,4.6629367034256575e-15,-4.236112e-06,4.6629367034256575e-15,-0.021604540000000002
53,-0.024999999999995248,-6.506503333333333e-06,-0.024999999999995248,-0.02172246666666667
54,-0.04999999999999516,-7.956686666666668e-06,-0.04999999999999516,-0.021847546666666665
55,-0.07499999999999507,-1.0780299999999999e-05,-0.07499999999999507,-0.02195572
56,-0.09999999999999498,-1.3277980000000001e-05,-0.09999999999999498,-0.02206262
57,-0.12499999999999489,-1.5659493333333332e-05,-0.12499999999999489,-0.022171740000000002
58,-0.1499999999999948,-1.8198733333333332e-05,-0.1499999999999948,-0.02228222
59,-0.17499999999999472,-2.0825593333333333e-05,-0.17499999999999472,-0.022376993333333334
60,-0.19999999999999463,-2.3499653333333333e-05,-0.19999999999999463,-0.02246548666666667
61,-0.22499999999999454,-2.6243593333333338e-05,-0.22499999999999454,-0.022565293333333333
62,-0.24999999999999445,-2.911182e-05,-0.24999999999999445,-0.022653493333333333
63,-0.27499999999999436,-3.218912e-05,-0.27499999999999436,-0.022744133333333336
