,93_5F_V_D,93_5F_J_D,93_5F_V_L,93_5F_J_L
0,-0.3,-2.2374420000000002e-05,-0.3,-0.02418318666666667
1,-0.27499999999999997,-2.0124233333333336e-05,-0.27499999999999997,-0.023977373333333333
2,-0.24999999999999994,-1.8140653333333335e-05,-0.24999999999999994,-0.023692500000000002
3,-0.22499999999999992,-1.6144793333333332e-05,-0.22499999999999992,-0.023342986666666666
4,-0.1999999999999999,-1.4269426666666667e-05,-0.1999999999999999,-0.022964613333333335
5,-0.17499999999999988,-1.2363453333333334e-05,-0.17499999999999988,-0.022585093333333334
6,-0.14999999999999986,-1.0453033333333335e-05,-0.14999999999999986,-0.02222834
7,-0.12499999999999983,-8.600073333333333e-06,-0.12499999999999983,-0.02189732
8,-0.09999999999999981,-6.753e-06,-0.09999999999999981,-0.021573306666666667
9,-0.07499999999999979,-5.074142e-06,-0.07499999999999979,-0.021264706666666668
10,-0.04999999999999977,-3.106945333333333e-06,-0.04999999999999977,-0.020954413333333335
11,-0.024999999999999745,-1.2608493333333333e-06,-0.024999999999999745,-0.020671073333333335
12,2.7755575615628914e-16,5.863978666666667e-07,2.7755575615628914e-16,-0.020386280000000003
13,0.0250000000000003,2.4631386666666666e-06,0.0250000000000003,-0.02010164
14,0.05000000000000032,4.37072e-06,0.05000000000000032,-0.01981268
15,0.07500000000000034,6.343538666666667e-06,0.07500000000000034,-0.01952746
16,0.10000000000000037,8.163066666666668e-06,0.10000000000000037,-0.019241006666666668
17,0.1250000000000004,1.0613006666666668e-05,0.1250000000000004,-0.01894044666666667
18,0.1500000000000004,1.3099306666666666e-05,0.1500000000000004,-0.018635606666666665
19,0.17500000000000043,1.5896313333333334e-05,0.17500000000000043,-0.018319726666666668
20,0.20000000000000046,1.913090666666667e-05,0.20000000000000046,-0.01799154
21,0.22500000000000048,2.2872773333333335e-05,0.22500000000000048,-0.017642460000000002
22,0.2500000000000005,2.7179453333333334e-05,0.2500000000000005,-0.017287473333333334
23,0.2750000000000005,3.2084633333333335e-05,0.2750000000000005,-0.016897433333333333
24,0.30000000000000054,3.7664786666666674e-05,0.30000000000000054,-0.016514126666666667
25,0.32500000000000057,4.379842666666667e-05,0.32500000000000057,-0.016094193333333336
26,0.3500000000000006,5.059650666666667e-05,0.3500000000000006,-0.015661093333333334
27,0.3750000000000006,5.8015333333333333e-05,0.3750000000000006,-0.015217293333333335
28,0.40000000000000063,6.643651333333333e-05,0.40000000000000063,-0.014732406666666668
29,0.42500000000000066,7.44642e-05,0.42500000000000066,-0.014238593333333334
30,0.4500000000000007,8.492546666666667e-05,0.4500000000000007,-0.013716253333333334
31,0.4750000000000007,9.55306e-05,0.4750000000000007,-0.013176486666666666
32,0.5000000000000007,0.00010703753333333335,0.5000000000000007,-0.012616213333333334
33,0.5250000000000008,0.0001193796,0.5250000000000008,-0.012038446666666668
34,0.5500000000000007,0.00013296473333333333,0.5500000000000007,-0.011441453333333334
35,0.5750000000000008,0.00014782140000000002,0.5750000000000008,-0.01081686
36,0.6000000000000008,0.000163906,0.6000000000000008,-0.010166920000000001
37,0.6250000000000009,0.0001814952,0.6250000000000009,-0.009523993333333335
38,0.6500000000000008,0.00020097346666666667,0.6500000000000008,-0.008853946666666666
39,0.6750000000000009,0.00022224080000000002,0.6750000000000009,-0.008169233333333335
40,0.7000000000000008,0.0002660255333333333,0.7000000000000008,-0.007464020000000001
41,0.7250000000000008,0.0002969530666666667,0.7250000000000008,-0.006759613333333334
42,0.7500000000000009,0.0003315775333333334,0.7500000000000009,-0.006657974
43,0.775000000000001,0.00037256686666666667,0.775000000000001,-0.005626740666666667
44,0.8000000000000009,0.0004207072,0.8000000000000009,-0.0047811320000000004
45,0.8250000000000008,0.0004784308666666667,0.8250000000000008,-0.003972338000000001
46,0.850000000000001,0.0005547048666666666,0.850000000000001,-0.0031714313333333333
47,0.8750000000000011,0.0006504646,0.8750000000000011,-0.0023681453333333335
48,0.900000000000001,0.0008143126666666666,0.900000000000001,-0.0015519653333333334
49,0.9250000000000009,0.0009474586666666667,0.9250000000000009,-0.0007401500000000001
50,0.9500000000000011,0.0011366893333333333,0.9500000000000011,-0.000215137
51,0.9750000000000012,0.00137896,0.9750000000000012,0.0006999766666666667
52,1.000000000000001,0.00167914,1.000000000000001,0.0013501000000000001
53,1.025000000000001,0.0020531946666666667,1.025000000000001,0.0023657540000000003
54,1.0500000000000012,0.0025023426666666666,1.0500000000000012,0.0033359940000000005
55,1.0750000000000013,0.0030374913333333334,1.0750000000000013,0.004323477333333333
56,1.1000000000000012,0.003656654666666667,1.1000000000000012,0.005341406666666667
57,1.125000000000001,0.004370944666666667,1.125000000000001,0.006410576
58,1.1500000000000012,0.005172240666666667,1.1500000000000012,0.007437393333333334
59,1.1750000000000014,0.006089474666666667,1.1750000000000014,0.008655446666666667
60,1.2000000000000013,0.007550213333333333,1.2000000000000013,0.009932353333333333
61,1.2250000000000012,0.008509113333333334,1.2250000000000012,0.011297333333333335
62,1.2500000000000013,0.0096976,1.2500000000000013,0.012756466666666667
63,1.2750000000000015,0.011039473333333334,1.2750000000000015,0.014322666666666668
