,93_5R_V_D,93_5R_J_D,93_5R_V_L,93_5R_J_L
0,1.3,0.019770193333333335,1.3,0.02622376
1,1.2750000000000001,0.018864366666666667,1.2750000000000001,0.024200673333333336
2,1.2500000000000002,0.01728882666666667,1.2500000000000002,0.021975813333333333
3,1.2250000000000003,0.015595873333333335,1.2250000000000003,0.019738833333333334
4,1.2000000000000004,0.013903293333333332,1.2000000000000004,0.017544846666666666
5,1.1750000000000005,0.012264633333333334,1.1750000000000005,0.015423939999999999
6,1.1500000000000006,0.010713173333333334,1.1500000000000006,0.01338334
7,1.1250000000000007,0.009255673333333334,1.1250000000000007,0.011417726666666668
8,1.1000000000000008,0.007913040000000001,1.1000000000000008,0.009539993333333335
9,1.0750000000000008,0.006689433333333333,1.0750000000000008,0.007722226666666667
10,1.050000000000001,0.005507720000000001,1.050000000000001,0.006001609333333334
11,1.025000000000001,0.004560923333333334,1.025000000000001,0.004247844666666667
12,1.000000000000001,0.0037268713333333332,1.000000000000001,0.0025894953333333334
13,0.9750000000000012,0.003012778,0.9750000000000012,0.0009822473333333333
14,0.9500000000000013,0.0024189733333333336,0.9500000000000013,-0.0004571706
15,0.9250000000000014,0.001935866,0.9250000000000014,-0.0019703040000000004
16,0.9000000000000015,0.0015507133333333334,0.9000000000000015,-0.003549637333333333
17,0.8750000000000016,0.0012475126666666668,0.8750000000000016,-0.005011468
18,0.8500000000000016,0.001016788,0.8500000000000016,-0.006397396666666667
19,0.8250000000000017,0.000837074,0.8250000000000017,-0.007445033333333334
20,0.8000000000000018,0.0006985113333333333,0.8000000000000018,-0.008832153333333334
21,0.7750000000000019,0.0005892743333333334,0.7750000000000019,-0.0100628
22,0.750000000000002,0.0005038081333333333,0.750000000000002,-0.011198486666666667
23,0.7250000000000021,0.00043596693333333334,0.7250000000000021,-0.01222898
24,0.7000000000000022,0.0003808902,0.7000000000000022,-0.013185146666666668
25,0.6750000000000023,0.00034421466666666666,0.6750000000000023,-0.014064613333333333
26,0.6500000000000024,0.00030932020000000004,0.6500000000000024,-0.014869026666666667
27,0.6250000000000024,0.0002781044666666667,0.6250000000000024,-0.015597326666666666
28,0.6000000000000025,0.0002506306666666667,0.6000000000000025,-0.01627588666666667
29,0.5750000000000026,0.00022695213333333335,0.5750000000000026,-0.016872480000000002
30,0.5500000000000027,0.00020544846666666666,0.5500000000000027,-0.017424986666666666
31,0.5250000000000028,0.00018614626666666668,0.5250000000000028,-0.017927346666666667
32,0.5000000000000029,0.00016862346666666667,0.5000000000000029,-0.018395226666666667
33,0.475000000000003,0.00015216806666666668,0.475000000000003,-0.01880625333333333
34,0.45000000000000306,0.00013731586666666668,0.45000000000000306,-0.01918770666666667
35,0.42500000000000315,0.0001234106,0.42500000000000315,-0.01954038
36,0.40000000000000324,0.0001107018,0.40000000000000324,-0.019864353333333334
37,0.37500000000000333,9.895080000000001e-05,0.37500000000000333,-0.020160920000000002
38,0.3500000000000034,8.791146666666667e-05,0.3500000000000034,-0.020433393333333334
39,0.3250000000000035,7.771653333333333e-05,0.3250000000000035,-0.020683113333333333
40,0.3000000000000036,6.820393333333333e-05,0.3000000000000036,-0.020912446666666668
41,0.2750000000000037,6.0174140000000007e-05,0.2750000000000037,-0.02112288
42,0.2500000000000038,5.182054e-05,0.2500000000000038,-0.021314386666666667
43,0.22500000000000386,4.459625333333333e-05,0.22500000000000386,-0.021471646666666667
44,0.20000000000000395,3.77673e-05,0.20000000000000395,-0.021641026666666667
45,0.17500000000000404,3.1608553333333335e-05,0.17500000000000404,-0.021795400000000003
46,0.15000000000000413,2.593144e-05,0.15000000000000413,-0.02192408666666667
47,0.12500000000000422,2.0364960000000003e-05,0.12500000000000422,-0.02204196
48,0.10000000000000431,1.5147406666666666e-05,0.10000000000000431,-0.022149286666666667
49,0.0750000000000044,1.0046346666666668e-05,0.0750000000000044,-0.02224572
50,0.050000000000004485,5.345649333333333e-06,0.050000000000004485,-0.022338966666666668
51,0.025000000000004574,1.143894e-07,0.025000000000004574,-0.022422686666666667
52,4.6629367034256575e-15,-4.8340773333333336e-06,4.6629367034256575e-15,-0.02249802
53,-0.024999999999995248,-9.423893333333334e-06,-0.024999999999995248,-0.022567720000000003
54,-0.04999999999999516,-1.4608893333333336e-05,-0.04999999999999516,-0.022635233333333334
55,-0.07499999999999507,-1.95249e-05,-0.07499999999999507,-0.022696120000000004
56,-0.09999999999999498,-2.442576e-05,-0.09999999999999498,-0.02275632
57,-0.12499999999999489,-2.9240653333333334e-05,-0.12499999999999489,-0.022813140000000003
58,-0.1499999999999948,-3.432262e-05,-0.1499999999999948,-0.022872753333333332
59,-0.17499999999999472,-3.937476666666667e-05,-0.17499999999999472,-0.02291774
60,-0.19999999999999463,-4.4290973333333336e-05,-0.19999999999999463,-0.022959946666666668
61,-0.22499999999999454,-4.942510666666667e-05,-0.22499999999999454,-0.02301358666666667
62,-0.24999999999999445,-5.459248666666667e-05,-0.24999999999999445,-0.02305556
63,-0.27499999999999436,-5.971441333333334e-05,-0.27499999999999436,-0.023104653333333336
