,93_5R_V_D,93_5R_J_D,93_5R_V_L,93_5R_J_L
0,1.3,0.020672326666666668,1.3,0.027348240000000003
1,1.2750000000000001,0.019783706666666668,1.2750000000000001,0.02531264
2,1.2500000000000002,0.01817758666666667,1.2500000000000002,0.023046413333333335
3,1.2250000000000003,0.01643172,1.2250000000000003,0.02075564
4,1.2000000000000004,0.014685646666666666,1.2000000000000004,0.018506413333333332
5,1.1750000000000005,0.01298908,1.1750000000000005,0.016325953333333334
6,1.1500000000000006,0.01137466,1.1500000000000006,0.014221433333333333
7,1.1250000000000007,0.0098594,1.1250000000000007,0.012194966666666666
8,1.1000000000000008,0.008456753333333334,1.1000000000000008,0.01025074
9,1.0750000000000008,0.007170793333333334,1.0750000000000008,0.0083717
10,1.050000000000001,0.005927358000000001,1.050000000000001,0.006589878
11,1.025000000000001,0.004929750666666666,1.025000000000001,0.004775988666666667
12,1.000000000000001,0.004045944666666667,1.000000000000001,0.0030618313333333333
13,0.9750000000000012,0.0032861340000000005,0.9750000000000012,0.0014027706666666668
14,0.9500000000000013,0.0026491273333333334,0.9500000000000013,-8.3186e-05
15,0.9250000000000014,0.0021275926666666665,0.9250000000000014,-0.0016326466666666667
16,0.9000000000000015,0.0017103146666666666,0.9000000000000015,-0.0032599673333333335
17,0.8750000000000016,0.0013821113333333335,0.8750000000000016,-0.004756913333333334
18,0.8500000000000016,0.0011260626666666667,0.8500000000000016,-0.006177404
19,0.8250000000000017,0.000927468,0.8250000000000017,-0.007248946666666667
20,0.8000000000000018,0.00077349,0.8000000000000018,-0.008666546666666667
21,0.7750000000000019,0.0006507254,0.7750000000000019,-0.009920333333333335
22,0.750000000000002,0.0005561553333333334,0.750000000000002,-0.011072093333333335
23,0.7250000000000021,0.0004825253333333334,0.7250000000000021,-0.01213148
24,0.7000000000000022,0.00042316533333333335,0.7000000000000022,-0.013099000000000001
25,0.6750000000000023,0.0003746755333333334,0.6750000000000023,-0.013987466666666669
26,0.6500000000000024,0.0003334061333333334,0.6500000000000024,-0.014804186666666668
27,0.6250000000000024,0.00029936986666666667,0.6250000000000024,-0.015543713333333336
28,0.6000000000000025,0.00027002933333333335,0.6000000000000025,-0.016223826666666667
29,0.5750000000000026,0.000244457,0.5750000000000026,-0.016827980000000003
30,0.5500000000000027,0.00022139813333333337,0.5500000000000027,-0.01737932666666667
31,0.5250000000000028,0.0002003376,0.5250000000000028,-0.01788148666666667
32,0.5000000000000029,0.0001816374,0.5000000000000029,-0.018354773333333334
33,0.475000000000003,0.0001642776666666667,0.475000000000003,-0.018765226666666666
34,0.45000000000000306,0.00014849173333333335,0.45000000000000306,-0.0191487
35,0.42500000000000315,0.00013403146666666666,0.42500000000000315,-0.019504446666666668
36,0.40000000000000324,0.00012039446666666667,0.40000000000000324,-0.01982972666666667
37,0.37500000000000333,0.00010800680000000001,0.37500000000000333,-0.02012818666666667
38,0.3500000000000034,9.65026e-05,0.3500000000000034,-0.02040438
39,0.3250000000000035,8.539293333333333e-05,0.3250000000000035,-0.020655086666666666
40,0.3000000000000036,7.525460000000001e-05,0.3000000000000036,-0.020887666666666665
41,0.2750000000000037,6.69832e-05,0.2750000000000037,-0.021107466666666668
42,0.2500000000000038,5.767255333333334e-05,0.2500000000000038,-0.021296773333333335
43,0.22500000000000386,4.9832253333333335e-05,0.22500000000000386,-0.021455873333333337
44,0.20000000000000395,4.246530666666667e-05,0.20000000000000395,-0.021631953333333336
45,0.17500000000000404,3.564866e-05,0.17500000000000404,-0.021787806666666666
46,0.15000000000000413,2.9209993333333334e-05,0.15000000000000413,-0.02191842
47,0.12500000000000422,2.303084666666667e-05,0.12500000000000422,-0.022038406666666666
48,0.10000000000000431,1.7097593333333334e-05,0.10000000000000431,-0.022152433333333332
49,0.0750000000000044,1.1380933333333333e-05,0.0750000000000044,-0.022250646666666665
50,0.050000000000004485,6.084646666666666e-06,0.050000000000004485,-0.022344486666666667
51,0.025000000000004574,2.494012e-07,0.025000000000004574,-0.02242938
52,4.6629367034256575e-15,-5.330774e-06,4.6629367034256575e-15,-0.022508453333333334
53,-0.024999999999995248,-1.0542486666666666e-05,-0.024999999999995248,-0.02258012
54,-0.04999999999999516,-1.6311993333333336e-05,-0.04999999999999516,-0.02264770666666667
55,-0.07499999999999507,-2.196542666666667e-05,-0.07499999999999507,-0.022709660000000003
56,-0.09999999999999498,-2.7548773333333332e-05,-0.09999999999999498,-0.022768666666666666
57,-0.12499999999999489,-3.312446e-05,-0.12499999999999489,-0.022826353333333334
58,-0.1499999999999948,-3.8646973333333334e-05,-0.1499999999999948,-0.022887846666666666
59,-0.17499999999999472,-4.4211440000000004e-05,-0.17499999999999472,-0.02293354666666667
60,-0.19999999999999463,-4.99262e-05,-0.19999999999999463,-0.022974566666666668
61,-0.22499999999999454,-5.609092666666667e-05,-0.22499999999999454,-0.023029786666666666
62,-0.24999999999999445,-6.209783333333334e-05,-0.24999999999999445,-0.02307336
63,-0.27499999999999436,-6.78822e-05,-0.27499999999999436,-0.023121886666666668
