,93_5R_V_D,93_5R_J_D,93_5R_V_L,93_5R_J_L
0,1.3,0.003036046,1.3,0.010910553333333335
1,1.2750000000000001,0.0034820133333333335,1.2750000000000001,0.009773906666666667
2,1.2500000000000002,0.0037749273333333336,1.2500000000000002,0.00870746
3,1.2250000000000003,0.0038514493333333334,1.2250000000000003,0.007676333333333334
4,1.2000000000000004,0.0037392080000000004,1.2000000000000004,0.00667572
5,1.1750000000000005,0.0034988339999999997,1.1750000000000005,0.005678214000000001
6,1.1500000000000006,0.003186042666666667,1.1500000000000006,0.004702298666666667
7,1.1250000000000007,0.002844318666666667,1.1250000000000007,0.003764807333333334
8,1.1000000000000008,0.00250293,1.1000000000000008,0.0028456253333333332
9,1.0750000000000008,0.002177469333333333,1.0750000000000008,0.001929610666666667
10,1.050000000000001,0.0018801933333333334,1.050000000000001,0.0010115893333333334
11,1.025000000000001,0.0016169913333333335,1.025000000000001,0.00016663353333333332
12,1.000000000000001,0.0013918426666666669,1.000000000000001,-0.0007302606666666667
13,0.9750000000000012,0.0012028100000000001,0.9750000000000012,-0.0017621780000000003
14,0.9500000000000013,0.0010479886666666667,0.9500000000000013,-0.0027540060000000002
15,0.9250000000000014,0.0009224626666666667,0.9250000000000014,-0.003740534666666667
16,0.9000000000000015,0.0008208033333333334,0.9000000000000015,-0.004724319333333333
17,0.8750000000000016,0.0007371213333333334,0.8750000000000016,-0.005696250000000001
18,0.8500000000000016,0.0006672233333333334,0.8500000000000016,-0.006658335333333334
19,0.8250000000000017,0.0006073265333333334,0.8250000000000017,-0.007322413333333334
20,0.8000000000000018,0.0005524124,0.8000000000000018,-0.00833752
21,0.7750000000000019,0.0005047238000000001,0.7750000000000019,-0.009279493333333333
22,0.750000000000002,0.0004609714,0.750000000000002,-0.010179093333333333
23,0.7250000000000021,0.0004205976666666667,0.7250000000000021,-0.011040186666666667
24,0.7000000000000022,0.000383142,0.7000000000000022,-0.011860593333333334
25,0.6750000000000023,0.0003480607333333334,0.6750000000000023,-0.01264174
26,0.6500000000000024,0.0003152816666666667,0.6500000000000024,-0.01338526
27,0.6250000000000024,0.00028463113333333334,0.6250000000000024,-0.014093360000000001
28,0.6000000000000025,0.00025605546666666667,0.6000000000000025,-0.014764266666666666
29,0.5750000000000026,0.00022936126666666667,0.5750000000000026,-0.015402560000000001
30,0.5500000000000027,0.0002045678,0.5500000000000027,-0.016000413333333335
31,0.5250000000000028,0.00018157446666666667,0.5250000000000028,-0.01656832
32,0.5000000000000029,0.0001602968,0.5000000000000029,-0.017104746666666667
33,0.475000000000003,0.00014063353333333334,0.475000000000003,-0.017614646666666667
34,0.45000000000000306,0.00012267826666666667,0.45000000000000306,-0.018083000000000002
35,0.42500000000000315,0.00010624546666666668,0.42500000000000315,-0.01852434
36,0.40000000000000324,9.126426666666667e-05,0.40000000000000324,-0.018940466666666666
37,0.37500000000000333,7.770886666666666e-05,0.37500000000000333,-0.01933586
38,0.3500000000000034,6.621916666666667e-05,0.3500000000000034,-0.01969466
39,0.3250000000000035,5.474533333333333e-05,0.3250000000000035,-0.020032513333333335
40,0.3000000000000036,4.5157893333333334e-05,0.3000000000000036,-0.020347720000000003
41,0.2750000000000037,3.674334666666667e-05,0.2750000000000037,-0.020635533333333334
42,0.2500000000000038,2.9452540000000002e-05,0.2500000000000038,-0.020906206666666666
43,0.22500000000000386,2.3268786666666668e-05,0.22500000000000386,-0.02114178666666667
44,0.20000000000000395,1.7832773333333336e-05,0.20000000000000395,-0.021378233333333333
45,0.17500000000000404,1.32681e-05,0.17500000000000404,-0.0215897
46,0.15000000000000413,9.404386666666667e-06,0.15000000000000413,-0.0217893
47,0.12500000000000422,7.320426666666667e-06,0.12500000000000422,-0.021960853333333332
48,0.10000000000000431,4.599995333333334e-06,0.10000000000000431,-0.022126753333333336
49,0.0750000000000044,1.6355080000000003e-06,0.0750000000000044,-0.022276713333333333
50,0.050000000000004485,-6.783100000000001e-07,0.050000000000004485,-0.022417253333333335
51,0.025000000000004574,-2.806318e-06,0.025000000000004574,-0.022539026666666667
52,4.6629367034256575e-15,-4.845456666666666e-06,4.6629367034256575e-15,-0.022653586666666666
53,-0.024999999999995248,-6.837066666666667e-06,-0.024999999999995248,-0.022760520000000003
54,-0.04999999999999516,-7.816446666666667e-06,-0.04999999999999516,-0.022860766666666667
55,-0.07499999999999507,-1.0294433333333334e-05,-0.07499999999999507,-0.022951266666666668
56,-0.09999999999999498,-1.2489626666666667e-05,-0.09999999999999498,-0.023034786666666668
57,-0.12499999999999489,-1.4701013333333334e-05,-0.12499999999999489,-0.023115086666666666
58,-0.1499999999999948,-1.707838e-05,-0.1499999999999948,-0.023185853333333332
59,-0.17499999999999472,-1.9524546666666668e-05,-0.17499999999999472,-0.023256506666666666
60,-0.19999999999999463,-2.2041646666666668e-05,-0.19999999999999463,-0.023316026666666666
61,-0.22499999999999454,-2.4746846666666667e-05,-0.22499999999999454,-0.02337584666666667
62,-0.24999999999999445,-2.7537046666666666e-05,-0.24999999999999445,-0.023431913333333335
63,-0.27499999999999436,-3.0442973333333336e-05,-0.27499999999999436,-0.023486433333333334
