,93_5F_V_D,93_5F_J_D,93_5F_V_L,93_5F_J_L
0,-0.3,-3.550131333333334e-05,-0.3,-0.024154126666666668
1,-0.27499999999999997,-3.244392666666667e-05,-0.27499999999999997,-0.02386392666666667
2,-0.24999999999999994,-2.9025693333333333e-05,-0.24999999999999994,-0.023462386666666668
3,-0.22499999999999992,-2.5700753333333338e-05,-0.22499999999999992,-0.02304114
4,-0.1999999999999999,-2.2708266666666667e-05,-0.1999999999999999,-0.022637473333333335
5,-0.17499999999999988,-1.9688966666666667e-05,-0.17499999999999988,-0.022258633333333333
6,-0.14999999999999986,-1.6522440000000002e-05,-0.14999999999999986,-0.021919273333333333
7,-0.12499999999999983,-1.3478626666666667e-05,-0.12499999999999983,-0.02160844
8,-0.09999999999999981,-1.0695233333333334e-05,-0.09999999999999981,-0.021315300000000002
9,-0.07499999999999979,-7.782033333333333e-06,-0.07499999999999979,-0.02105298
10,-0.04999999999999977,-5.077088e-06,-0.04999999999999977,-0.02079948666666667
11,-0.024999999999999745,-2.1010026666666666e-06,-0.024999999999999745,-0.020548073333333333
12,2.7755575615628914e-16,7.019266666666667e-07,2.7755575615628914e-16,-0.02029764666666667
13,0.0250000000000003,3.5224420000000002e-06,0.0250000000000003,-0.020057960000000003
14,0.05000000000000032,6.270694666666667e-06,0.05000000000000032,-0.0198142
15,0.07500000000000034,8.969386666666667e-06,0.07500000000000034,-0.019571933333333336
16,0.10000000000000037,1.2132993333333335e-05,0.10000000000000037,-0.01931776
17,0.1250000000000004,1.5294660000000002e-05,0.1250000000000004,-0.01905790666666667
18,0.1500000000000004,1.9115113333333335e-05,0.1500000000000004,-0.018790773333333333
19,0.17500000000000043,2.286246666666667e-05,0.17500000000000043,-0.018505360000000002
20,0.20000000000000046,2.709216e-05,0.20000000000000046,-0.018208946666666666
21,0.22500000000000048,3.152015333333333e-05,0.22500000000000048,-0.017892493333333336
22,0.2500000000000005,3.700079333333334e-05,0.2500000000000005,-0.017571040000000003
23,0.2750000000000005,4.292635333333334e-05,0.2750000000000005,-0.017226540000000002
24,0.30000000000000054,4.976130666666667e-05,0.30000000000000054,-0.016862726666666668
25,0.32500000000000057,5.702329333333334e-05,0.32500000000000057,-0.01645688666666667
26,0.3500000000000006,6.561654666666668e-05,0.3500000000000006,-0.016059473333333334
27,0.3750000000000006,7.397339999999999e-05,0.3750000000000006,-0.015626506666666665
28,0.40000000000000063,8.43068e-05,0.40000000000000063,-0.015166906666666665
29,0.42500000000000066,9.55994e-05,0.42500000000000066,-0.014685066666666666
30,0.4500000000000007,0.00010735626666666666,0.4500000000000007,-0.014175180000000003
31,0.4750000000000007,0.00012026313333333334,0.4750000000000007,-0.013631166666666668
32,0.5000000000000007,0.00013446200000000001,0.5000000000000007,-0.013069333333333336
33,0.5250000000000008,0.00014974566666666668,0.5250000000000008,-0.012477440000000001
34,0.5500000000000007,0.000166918,0.5500000000000007,-0.01185958
35,0.5750000000000008,0.00018506533333333334,0.5750000000000008,-0.011216146666666668
36,0.6000000000000008,0.0002058872666666667,0.6000000000000008,-0.010550226666666667
37,0.6250000000000009,0.00022961706666666667,0.6250000000000009,-0.009850586666666666
38,0.6500000000000008,0.00025668433333333335,0.6500000000000008,-0.009112306666666667
39,0.6750000000000009,0.00028845213333333333,0.6750000000000009,-0.008369306666666666
40,0.7000000000000008,0.0003271934,0.7000000000000008,-0.007598673333333333
41,0.7250000000000008,0.00037481073333333335,0.7250000000000008,-0.006790433333333333
42,0.7500000000000009,0.00043407953333333336,0.7500000000000009,-0.006611328666666668
43,0.775000000000001,0.0005114302666666666,0.775000000000001,-0.0054228060000000005
44,0.8000000000000009,0.0006121746,0.8000000000000009,-0.0044271273333333335
45,0.8250000000000008,0.000798302,0.8250000000000008,-0.0034460680000000005
46,0.850000000000001,0.0009571093333333334,0.850000000000001,-0.002448534666666667
47,0.8750000000000011,0.00118225,0.8750000000000011,-0.0014259146666666667
48,0.900000000000001,0.0014747306666666668,0.900000000000001,-0.0011509780000000002
49,0.9250000000000009,0.0018493453333333332,0.9250000000000009,-0.00037785653333333337
50,0.9500000000000011,0.0023145686666666667,0.9500000000000011,0.000781418
51,0.9750000000000012,0.002879802,0.9750000000000012,0.002228738
52,1.000000000000001,0.0035563620000000004,1.000000000000001,0.003602625333333333
53,1.025000000000001,0.004348455333333333,1.025000000000001,0.004990555333333334
54,1.0500000000000012,0.00525861,1.0500000000000012,0.006423814000000001
55,1.0750000000000013,0.006292427333333334,1.0750000000000013,0.007720886666666667
56,1.1000000000000012,0.0077408933333333345,1.1000000000000012,0.009355253333333334
57,1.125000000000001,0.008846406666666667,1.125000000000001,0.011002873333333333
58,1.1500000000000012,0.010184293333333334,1.1500000000000012,0.012726666666666667
59,1.1750000000000014,0.011674273333333334,1.1750000000000014,0.014533480000000001
60,1.2000000000000013,0.01330022,1.2000000000000013,0.016436433333333333
61,1.2250000000000012,0.015055926666666667,1.2250000000000012,0.018437553333333336
62,1.2500000000000013,0.016949400000000003,1.2500000000000013,0.020538566666666667
63,1.2750000000000015,0.01897106,1.2750000000000015,0.022745406666666666
