,93_5F_V_D,93_5F_J_D,93_5F_V_L,93_5F_J_L
0,-0.3,-1.711674e-05,-0.3,-0.023884293333333334
1,-0.27499999999999997,-1.490196e-05,-0.27499999999999997,-0.02356206666666667
2,-0.24999999999999994,-1.3118880000000001e-05,-0.24999999999999994,-0.023139000000000003
3,-0.22499999999999992,-1.1445973333333333e-05,-0.22499999999999992,-0.022621913333333334
4,-0.1999999999999999,-9.93954e-06,-0.1999999999999999,-0.022070733333333332
5,-0.17499999999999988,-8.436566666666666e-06,-0.17499999999999988,-0.021529393333333334
6,-0.14999999999999986,-7.029300000000001e-06,-0.14999999999999986,-0.021033233333333335
7,-0.12499999999999983,-5.9742573333333336e-06,-0.12499999999999983,-0.020571246666666668
8,-0.09999999999999981,-4.337878666666667e-06,-0.09999999999999981,-0.020135693333333333
9,-0.07499999999999979,-3.0365573333333333e-06,-0.07499999999999979,-0.019721513333333333
10,-0.04999999999999977,-1.7581813333333334e-06,-0.04999999999999977,-0.01932974
11,-0.024999999999999745,-4.867743333333333e-07,-0.024999999999999745,-0.018952093333333333
12,2.7755575615628914e-16,7.729033333333334e-07,2.7755575615628914e-16,-0.018589586666666668
13,0.0250000000000003,2.076200666666667e-06,0.0250000000000003,-0.018238813333333336
14,0.05000000000000032,3.404636e-06,0.05000000000000032,-0.017896833333333334
15,0.07500000000000034,4.796139333333333e-06,0.07500000000000034,-0.017546980000000004
16,0.10000000000000037,6.365058666666667e-06,0.10000000000000037,-0.017230153333333335
17,0.1250000000000004,7.5363399999999996e-06,0.1250000000000004,-0.01690572666666667
18,0.1500000000000004,9.963220000000001e-06,0.1500000000000004,-0.016574573333333335
19,0.17500000000000043,1.2354393333333334e-05,0.17500000000000043,-0.016232126666666666
20,0.20000000000000046,1.5094320000000002e-05,0.20000000000000046,-0.01591532
21,0.22500000000000048,1.8291300000000002e-05,0.22500000000000048,-0.015574926666666667
22,0.2500000000000005,2.2141553333333333e-05,0.2500000000000005,-0.015240426666666668
23,0.2750000000000005,2.6715313333333334e-05,0.2750000000000005,-0.014894173333333333
24,0.30000000000000054,3.179137333333334e-05,0.30000000000000054,-0.014540753333333335
25,0.32500000000000057,3.7560453333333335e-05,0.32500000000000057,-0.014169086666666667
26,0.3500000000000006,4.42299e-05,0.3500000000000006,-0.013791300000000001
27,0.3750000000000006,5.1694479999999996e-05,0.3750000000000006,-0.013389820000000002
28,0.40000000000000063,6.004950666666667e-05,0.40000000000000063,-0.012970240000000001
29,0.42500000000000066,6.94902e-05,0.42500000000000066,-0.012559926666666667
30,0.4500000000000007,7.912493333333333e-05,0.4500000000000007,-0.01213042
31,0.4750000000000007,9.172633333333333e-05,0.4750000000000007,-0.011672553333333334
32,0.5000000000000007,0.00010494626666666666,0.5000000000000007,-0.011211313333333334
33,0.5250000000000008,0.00011943173333333334,0.5250000000000008,-0.010713726666666668
34,0.5500000000000007,0.00013542826666666666,0.5500000000000007,-0.010203686666666668
35,0.5750000000000008,0.00015286626666666668,0.5750000000000008,-0.009683453333333335
36,0.6000000000000008,0.00017362213333333335,0.6000000000000008,-0.009137293333333333
37,0.6250000000000009,0.00019498793333333334,0.6250000000000009,-0.008580926666666667
38,0.6500000000000008,0.00021815086666666667,0.6500000000000008,-0.008008573333333333
39,0.6750000000000009,0.0002429652,0.6750000000000009,-0.00742536
40,0.7000000000000008,0.0002690680666666667,0.7000000000000008,-0.006827453333333334
41,0.7250000000000008,0.0002982988,0.7250000000000008,-0.007495993333333334
42,0.7500000000000009,0.0003311098666666667,0.7500000000000009,-0.0068920000000000006
43,0.775000000000001,0.0003663968,0.775000000000001,-0.005740528666666667
44,0.8000000000000009,0.0004088716,0.8000000000000009,-0.004905746666666667
45,0.8250000000000008,0.0004558930666666667,0.8250000000000008,-0.0041353353333333336
46,0.850000000000001,0.0005113107333333334,0.850000000000001,-0.003389444
47,0.8750000000000011,0.0005794251333333334,0.8750000000000011,-0.0026509226666666668
48,0.900000000000001,0.0006667066666666667,0.900000000000001,-0.0019151213333333333
49,0.9250000000000009,0.0008353806666666667,0.9250000000000009,-0.0011640253333333335
50,0.9500000000000011,0.0009743286666666667,0.9500000000000011,-0.001346996
51,0.9750000000000012,0.0011818533333333334,0.9750000000000012,-0.0005073889333333334
52,1.000000000000001,0.0014646306666666667,1.000000000000001,0.0006225698666666666
53,1.025000000000001,0.0018449200000000001,1.025000000000001,0.0012567140000000001
54,1.0500000000000012,0.0023329006666666665,1.0500000000000012,0.002454856666666667
55,1.0750000000000013,0.0029610853333333336,1.0750000000000013,0.0035983586666666666
56,1.1000000000000012,0.003727568666666667,1.1000000000000012,0.004773292
57,1.125000000000001,0.00463693,1.125000000000001,0.006018170000000001
58,1.1500000000000012,0.0056862020000000004,1.1500000000000012,0.007280453333333334
59,1.1750000000000014,0.0075293600000000006,1.1750000000000014,0.008775600000000001
60,1.2000000000000013,0.008615633333333334,1.2000000000000013,0.010331006666666667
61,1.2250000000000012,0.010011646666666667,1.2250000000000012,0.011979273333333334
62,1.2500000000000013,0.011586446666666667,1.2500000000000013,0.0137301
63,1.2750000000000015,0.013285739999999999,1.2750000000000015,0.015586706666666669
