,93_5F_V_D,93_5F_J_D,93_5F_V_L,93_5F_J_L
0,-0.3,-1.5033186666666667e-05,-0.3,-0.023798733333333336
1,-0.27499999999999997,-1.279464e-05,-0.27499999999999997,-0.023494513333333335
2,-0.24999999999999994,-1.11223e-05,-0.24999999999999994,-0.023107506666666666
3,-0.22499999999999992,-9.710673333333334e-06,-0.22499999999999992,-0.022624400000000003
4,-0.1999999999999999,-8.406413333333335e-06,-0.1999999999999999,-0.02208132
5,-0.17499999999999988,-7.0157066666666664e-06,-0.17499999999999988,-0.021525373333333334
6,-0.14999999999999986,-6.1650466666666665e-06,-0.14999999999999986,-0.020995953333333334
7,-0.12499999999999983,-4.675016e-06,-0.12499999999999983,-0.0204885
8,-0.09999999999999981,-3.515227333333334e-06,-0.09999999999999981,-0.020006653333333332
9,-0.07499999999999979,-2.4035586666666665e-06,-0.07499999999999979,-0.01954944
10,-0.04999999999999977,-1.3146740000000002e-06,-0.04999999999999977,-0.019110353333333333
11,-0.024999999999999745,-2.36296e-07,-0.024999999999999745,-0.018680873333333334
12,2.7755575615628914e-16,8.314873333333333e-07,2.7755575615628914e-16,-0.01827932
13,0.0250000000000003,1.9437913333333334e-06,0.0250000000000003,-0.017871113333333334
14,0.05000000000000032,3.0867873333333337e-06,0.05000000000000032,-0.01748118666666667
15,0.07500000000000034,4.307369333333334e-06,0.07500000000000034,-0.01710274666666667
16,0.10000000000000037,5.635386666666667e-06,0.10000000000000037,-0.01671792
17,0.1250000000000004,6.999546666666667e-06,0.1250000000000004,-0.016366146666666668
18,0.1500000000000004,8.327773333333333e-06,0.1500000000000004,-0.016012453333333336
19,0.17500000000000043,1.0879e-05,0.17500000000000043,-0.015650880000000002
20,0.20000000000000046,1.3442546666666666e-05,0.20000000000000046,-0.015278393333333334
21,0.22500000000000048,1.642302e-05,0.22500000000000048,-0.014928880000000002
22,0.2500000000000005,1.9957393333333334e-05,0.2500000000000005,-0.014578866666666666
23,0.2750000000000005,2.4062986666666668e-05,0.2750000000000005,-0.014220960000000001
24,0.30000000000000054,2.8739953333333334e-05,0.30000000000000054,-0.013849053333333335
25,0.32500000000000057,3.4066713333333336e-05,0.32500000000000057,-0.013472233333333333
26,0.3500000000000006,4.018515333333333e-05,0.3500000000000006,-0.013096086666666666
27,0.3750000000000006,4.696925333333333e-05,0.3750000000000006,-0.01270102
28,0.40000000000000063,5.474230666666667e-05,0.40000000000000063,-0.012296786666666667
29,0.42500000000000066,6.345475333333334e-05,0.42500000000000066,-0.011865786666666668
30,0.4500000000000007,7.244013333333334e-05,0.4500000000000007,-0.011450060000000001
31,0.4750000000000007,8.466033333333334e-05,0.4750000000000007,-0.011012033333333332
32,0.5000000000000007,9.74256e-05,0.5000000000000007,-0.0105504
33,0.5250000000000008,0.00011156126666666667,0.5250000000000008,-0.010090826666666667
34,0.5500000000000007,0.00012738540000000002,0.5500000000000007,-0.0095922
35,0.5750000000000008,0.0001447752,0.5750000000000008,-0.00908622
36,0.6000000000000008,0.00016398613333333333,0.6000000000000008,-0.008567700000000001
37,0.6250000000000009,0.00018488333333333335,0.6250000000000009,-0.00803184
38,0.6500000000000008,0.00020772780000000003,0.6500000000000008,-0.00748228
39,0.6750000000000009,0.0002327758666666667,0.6750000000000009,-0.0069203733333333345
40,0.7000000000000008,0.00025995173333333337,0.7000000000000008,-0.007617320000000001
41,0.7250000000000008,0.0002896708666666667,0.7250000000000008,-0.007366973333333333
42,0.7500000000000009,0.0003221008,0.7500000000000009,-0.006684246666666667
43,0.775000000000001,0.0003579614,0.775000000000001,-0.005528537333333334
44,0.8000000000000009,0.00039769033333333334,0.8000000000000009,-0.004696450666666667
45,0.8250000000000008,0.0004424326666666667,0.8250000000000008,-0.003914566666666668
46,0.850000000000001,0.0004940830000000001,0.850000000000001,-0.0031829040000000003
47,0.8750000000000011,0.0005553464666666666,0.8750000000000011,-0.002458071333333333
48,0.900000000000001,0.0006306549333333333,0.900000000000001,-0.0017299480000000002
49,0.9250000000000009,0.0007603906666666666,0.9250000000000009,-0.0010027046666666666
50,0.9500000000000011,0.0008801233333333334,0.9500000000000011,-0.0011807186666666666
51,0.9750000000000012,0.00105027,0.9750000000000012,-0.00039584986666666664
52,1.000000000000001,0.0012810546666666668,1.000000000000001,0.000671184
53,1.025000000000001,0.0015907573333333333,1.025000000000001,0.001226334666666667
54,1.0500000000000012,0.0019922313333333337,1.0500000000000012,0.0023588973333333336
55,1.0750000000000013,0.002519114666666667,1.0750000000000013,0.0034231086666666665
56,1.1000000000000012,0.0031749153333333335,1.1000000000000012,0.0045108226666666675
57,1.125000000000001,0.003970924666666667,1.125000000000001,0.005658658666666667
58,1.1500000000000012,0.004905917333333334,1.1500000000000012,0.006886140000000001
59,1.1750000000000014,0.0060040273333333335,1.1750000000000014,0.008172753333333333
60,1.2000000000000013,0.00796018,1.2000000000000013,0.009657893333333334
61,1.2250000000000012,0.009063126666666668,1.2250000000000012,0.011220266666666668
62,1.2500000000000013,0.010519006666666667,1.2500000000000013,0.012885066666666667
63,1.2750000000000015,0.012119126666666667,1.2750000000000015,0.014659300000000002
