,93_5F_V_D,93_5F_J_D,93_5F_V_L,93_5F_J_L
0,-0.3,-1.4467446666666667e-05,-0.3,-0.02400152666666667
1,-0.27499999999999997,-1.1943153333333334e-05,-0.27499999999999997,-0.023864166666666665
2,-0.24999999999999994,-1.0191886666666668e-05,-0.24999999999999994,-0.023714793333333335
3,-0.22499999999999992,-8.669086666666666e-06,-0.22499999999999992,-0.023543166666666667
4,-0.1999999999999999,-7.438266666666667e-06,-0.1999999999999999,-0.023335726666666667
5,-0.17499999999999988,-6.599522e-06,-0.17499999999999988,-0.023084733333333333
6,-0.14999999999999986,-5.0694333333333335e-06,-0.14999999999999986,-0.022795253333333335
7,-0.12499999999999983,-3.953797333333333e-06,-0.12499999999999983,-0.022459326666666668
8,-0.09999999999999981,-2.8850966666666667e-06,-0.09999999999999981,-0.022090766666666668
9,-0.07499999999999979,-1.862404e-06,-0.07499999999999979,-0.021687513333333335
10,-0.04999999999999977,-8.435326666666667e-07,-0.04999999999999977,-0.02125918666666667
11,-0.024999999999999745,1.7595373333333333e-07,-0.024999999999999745,-0.02081108
12,2.7755575615628914e-16,1.1947073333333333e-06,2.7755575615628914e-16,-0.020354006666666667
13,0.0250000000000003,2.2692006666666665e-06,0.0250000000000003,-0.01986978
14,0.05000000000000032,3.377031333333334e-06,0.05000000000000032,-0.019386133333333333
15,0.07500000000000034,4.550123333333333e-06,0.07500000000000034,-0.01889264
16,0.10000000000000037,5.838690666666667e-06,0.10000000000000037,-0.018381246666666667
17,0.1250000000000004,6.999466666666667e-06,0.1250000000000004,-0.017884093333333333
18,0.1500000000000004,8.032e-06,0.1500000000000004,-0.01737642
19,0.17500000000000043,1.0601640000000001e-05,0.17500000000000043,-0.01686356
20,0.20000000000000046,1.2989420000000001e-05,0.20000000000000046,-0.016336840000000002
21,0.22500000000000048,1.5657486666666665e-05,0.22500000000000048,-0.015825766666666668
22,0.2500000000000005,1.8752053333333334e-05,0.2500000000000005,-0.015310673333333335
23,0.2750000000000005,2.2347713333333335e-05,0.2750000000000005,-0.014789226666666667
24,0.30000000000000054,2.638700666666667e-05,0.30000000000000054,-0.01426076
25,0.32500000000000057,3.105902666666667e-05,0.32500000000000057,-0.013729366666666666
26,0.3500000000000006,3.6414060000000005e-05,0.3500000000000006,-0.013193100000000001
27,0.3750000000000006,4.263685333333333e-05,0.3750000000000006,-0.012657293333333333
28,0.40000000000000063,4.988285333333333e-05,0.40000000000000063,-0.01211448
29,0.42500000000000066,5.834734666666666e-05,0.42500000000000066,-0.011551700000000002
30,0.4500000000000007,6.838526666666667e-05,0.4500000000000007,-0.011011653333333333
31,0.4750000000000007,8.187946666666667e-05,0.4750000000000007,-0.010451513333333334
32,0.5000000000000007,9.620726666666668e-05,0.5000000000000007,-0.009886566666666667
33,0.5250000000000008,0.000111715,0.5250000000000008,-0.009294926666666667
34,0.5500000000000007,0.0001292928,0.5500000000000007,-0.008721360000000001
35,0.5750000000000008,0.00014888826666666668,0.5750000000000008,-0.008128066666666668
36,0.6000000000000008,0.00017075653333333335,0.6000000000000008,-0.007527046666666666
37,0.6250000000000009,0.0001950052,0.6250000000000009,-0.006921726666666667
38,0.6500000000000008,0.0002218967333333333,0.6500000000000008,-0.007436906666666667
39,0.6750000000000009,0.00025134653333333334,0.6750000000000009,-0.00686182
40,0.7000000000000008,0.00028364486666666665,0.7000000000000008,-0.00584924
41,0.7250000000000008,0.00031926066666666667,0.7250000000000008,-0.005058823333333334
42,0.7500000000000009,0.00035840986666666667,0.7500000000000009,-0.0043220260000000005
43,0.775000000000001,0.0004017306666666667,0.775000000000001,-0.0036090260000000004
44,0.8000000000000009,0.0004492887333333334,0.8000000000000009,-0.0029298953333333337
45,0.8250000000000008,0.0005017168,0.8250000000000008,-0.002269178
46,0.850000000000001,0.0005598243333333334,0.850000000000001,-0.0016200686666666669
47,0.8750000000000011,0.0006250681333333333,0.8750000000000011,-0.0009878953333333335
48,0.900000000000001,0.0006980686666666667,0.900000000000001,-0.0010550593333333333
49,0.9250000000000009,0.0007804506666666667,0.9250000000000009,-0.00046261760000000006
50,0.9500000000000011,0.0008783626666666666,0.9500000000000011,0.0003288706666666667
51,0.9750000000000012,0.0009934513333333334,0.9750000000000012,0.0006941933333333334
52,1.000000000000001,0.0011296053333333335,1.000000000000001,0.0014784106666666666
53,1.025000000000001,0.0012922926666666668,1.025000000000001,0.002203722
54,1.0500000000000012,0.00148638,1.0500000000000012,0.002914194
55,1.0750000000000013,0.0017221753333333334,1.0750000000000013,0.003630488
56,1.1000000000000012,0.002004876,1.1000000000000012,0.004359588
57,1.125000000000001,0.0023437673333333337,1.125000000000001,0.0051123493333333336
58,1.1500000000000012,0.0027460593333333335,1.1500000000000012,0.005893924
59,1.1750000000000014,0.0032270226666666667,1.1750000000000014,0.006709226666666667
60,1.2000000000000013,0.0037914006666666666,1.2000000000000013,0.007427266666666667
61,1.2250000000000012,0.0044443953333333334,1.2250000000000012,0.008408453333333335
62,1.2500000000000013,0.005194476666666667,1.2500000000000013,0.009424920000000002
63,1.2750000000000015,0.006045631333333333,1.2750000000000015,0.010503926666666668
