,93_5F_V_D,93_5F_J_D,93_5F_V_L,93_5F_J_L
0,-0.3,-1.6852513333333334e-05,-0.3,-0.023844933333333335
1,-0.27499999999999997,-1.4843226666666668e-05,-0.27499999999999997,-0.023478386666666667
2,-0.24999999999999994,-1.281686e-05,-0.24999999999999994,-0.022997020000000003
3,-0.22499999999999992,-1.103106e-05,-0.22499999999999992,-0.022435013333333333
4,-0.1999999999999999,-9.56526e-06,-0.1999999999999999,-0.02186976666666667
5,-0.17499999999999988,-8.093633333333333e-06,-0.17499999999999988,-0.021330953333333333
6,-0.14999999999999986,-6.72184e-06,-0.14999999999999986,-0.02084192
7,-0.12499999999999983,-5.643054e-06,-0.12499999999999983,-0.020385733333333333
8,-0.09999999999999981,-4.103040666666667e-06,-0.09999999999999981,-0.01995684
9,-0.07499999999999979,-2.8761993333333334e-06,-0.07499999999999979,-0.019559680000000003
10,-0.04999999999999977,-1.6690966666666666e-06,-0.04999999999999977,-0.01917472
11,-0.024999999999999745,-4.7362660000000004e-07,-0.024999999999999745,-0.018810953333333335
12,2.7755575615628914e-16,7.397346666666668e-07,2.7755575615628914e-16,-0.01846812
13,0.0250000000000003,1.976190666666667e-06,0.0250000000000003,-0.01811554
14,0.05000000000000032,3.245023333333334e-06,0.05000000000000032,-0.017790346666666665
15,0.07500000000000034,4.61083e-06,0.07500000000000034,-0.017458933333333333
16,0.10000000000000037,6.116841333333333e-06,0.10000000000000037,-0.01712092
17,0.1250000000000004,7.259573333333333e-06,0.1250000000000004,-0.01681432
18,0.1500000000000004,9.641766666666666e-06,0.1500000000000004,-0.016498973333333337
19,0.17500000000000043,1.1958386666666667e-05,0.17500000000000043,-0.016174133333333333
20,0.20000000000000046,1.4978833333333333e-05,0.20000000000000046,-0.015837433333333335
21,0.22500000000000048,1.832004e-05,0.22500000000000048,-0.015516420000000001
22,0.2500000000000005,2.2403286666666667e-05,0.2500000000000005,-0.015190206666666666
23,0.2750000000000005,2.6758120000000002e-05,0.2750000000000005,-0.014847980000000002
24,0.30000000000000054,3.21003e-05,0.30000000000000054,-0.014499640000000001
25,0.32500000000000057,3.80369e-05,0.32500000000000057,-0.014137793333333334
26,0.3500000000000006,4.510042666666666e-05,0.3500000000000006,-0.013763826666666668
27,0.3750000000000006,5.2980280000000004e-05,0.3750000000000006,-0.013376500000000001
28,0.40000000000000063,6.181929333333333e-05,0.40000000000000063,-0.012968406666666666
29,0.42500000000000066,7.068753333333334e-05,0.42500000000000066,-0.012539986666666668
30,0.4500000000000007,8.242420000000001e-05,0.4500000000000007,-0.01211946
31,0.4750000000000007,9.461220000000001e-05,0.4750000000000007,-0.011676086666666667
32,0.5000000000000007,0.00010830013333333334,0.5000000000000007,-0.01120052
33,0.5250000000000008,0.00012318833333333333,0.5250000000000008,-0.010695620000000001
34,0.5500000000000007,0.00014001413333333335,0.5500000000000007,-0.010199226666666667
35,0.5750000000000008,0.0001585918,0.5750000000000008,-0.009667393333333333
36,0.6000000000000008,0.00018186873333333334,0.6000000000000008,-0.009123653333333334
37,0.6250000000000009,0.00020671133333333337,0.6250000000000009,-0.008565699999999999
38,0.6500000000000008,0.00022964506666666668,0.6500000000000008,-0.0079903
39,0.6750000000000009,0.0002550392666666667,0.6750000000000009,-0.0073974800000000005
40,0.7000000000000008,0.0002827037333333334,0.7000000000000008,-0.006792500000000001
41,0.7250000000000008,0.0003131586,0.7250000000000008,-0.007488046666666667
42,0.7500000000000009,0.00034645633333333335,0.7500000000000009,-0.006876200000000001
43,0.775000000000001,0.0003841591333333333,0.775000000000001,-0.005700920666666667
44,0.8000000000000009,0.0004256560666666667,0.8000000000000009,-0.004866822666666667
45,0.8250000000000008,0.00047585346666666667,0.8250000000000008,-0.004088190666666667
46,0.850000000000001,0.0005352811333333333,0.850000000000001,-0.003327001333333333
47,0.8750000000000011,0.0006082092666666667,0.8750000000000011,-0.00258078
48,0.900000000000001,0.0007386840000000001,0.900000000000001,-0.0018260466666666668
49,0.9250000000000009,0.0008516326666666668,0.9250000000000009,-0.0010660933333333333
50,0.9500000000000011,0.0010168260000000002,0.9500000000000011,-0.0012566406666666668
51,0.9750000000000012,0.0012441306666666667,0.9750000000000012,-0.00039994313333333335
52,1.000000000000001,0.0015536553333333333,1.000000000000001,0.0006999780000000001
53,1.025000000000001,0.001965192666666667,1.025000000000001,0.0014218466666666668
54,1.0500000000000012,0.002496612666666667,1.0500000000000012,0.002661432666666667
55,1.0750000000000013,0.003169316,1.0750000000000013,0.0038406973333333337
56,1.1000000000000012,0.0039937413333333335,1.1000000000000012,0.005065219333333333
57,1.125000000000001,0.004968907333333334,1.125000000000001,0.006362982
58,1.1500000000000012,0.006090298666666667,1.1500000000000012,0.007687673333333334
59,1.1750000000000014,0.008019413333333334,1.1750000000000014,0.009241346666666667
60,1.2000000000000013,0.009174186666666667,1.2000000000000013,0.010861093333333334
61,1.2250000000000012,0.010656146666666666,1.2250000000000012,0.012578726666666666
62,1.2500000000000013,0.012301426666666667,1.2500000000000013,0.014400273333333335
63,1.2750000000000015,0.01408968,1.2750000000000015,0.016328726666666668
