,93_5F_V_D,93_5F_J_D,93_5F_V_L,93_5F_J_L
0,-0.3,-1.8387133333333332e-05,-0.3,-0.02374082666666667
1,-0.27499999999999997,-1.5852886666666667e-05,-0.27499999999999997,-0.023443566666666665
2,-0.24999999999999994,-1.3842820000000002e-05,-0.24999999999999994,-0.023066093333333336
3,-0.22499999999999992,-1.1990046666666668e-05,-0.22499999999999992,-0.022603393333333333
4,-0.1999999999999999,-1.0325933333333334e-05,-0.1999999999999999,-0.02206894666666667
5,-0.17499999999999988,-8.653033333333333e-06,-0.17499999999999988,-0.021512113333333333
6,-0.14999999999999986,-7.161073333333333e-06,-0.14999999999999986,-0.020964573333333333
7,-0.12499999999999983,-6.107136666666667e-06,-0.12499999999999983,-0.020437133333333336
8,-0.09999999999999981,-4.388794666666667e-06,-0.09999999999999981,-0.01993082666666667
9,-0.07499999999999979,-3.0576086666666667e-06,-0.07499999999999979,-0.01944638
10,-0.04999999999999977,-1.6750399999999999e-06,-0.04999999999999977,-0.018971686666666668
11,-0.024999999999999745,-3.7727073333333335e-07,-0.024999999999999745,-0.018513526666666665
12,2.7755575615628914e-16,8.844606666666667e-07,2.7755575615628914e-16,-0.018084833333333335
13,0.0250000000000003,2.2366853333333335e-06,0.0250000000000003,-0.017641546666666667
14,0.05000000000000032,3.5852593333333337e-06,0.05000000000000032,-0.017218873333333332
15,0.07500000000000034,5.018574e-06,0.07500000000000034,-0.01681206
16,0.10000000000000037,6.579378e-06,0.10000000000000037,-0.01640166
17,0.1250000000000004,7.67258e-06,0.1250000000000004,-0.0160252
18,0.1500000000000004,1.0082473333333333e-05,0.1500000000000004,-0.015644706666666668
19,0.17500000000000043,1.2454933333333333e-05,0.17500000000000043,-0.01525874
20,0.20000000000000046,1.527044e-05,0.20000000000000046,-0.014869920000000002
21,0.22500000000000048,1.842474e-05,0.22500000000000048,-0.014502966666666665
22,0.2500000000000005,2.212328e-05,0.2500000000000005,-0.014132566666666669
23,0.2750000000000005,2.6329666666666666e-05,0.2750000000000005,-0.013763833333333333
24,0.30000000000000054,3.1006526666666666e-05,0.30000000000000054,-0.013379286666666667
25,0.32500000000000057,3.6427686666666665e-05,0.32500000000000057,-0.012993506666666666
26,0.3500000000000006,4.256371333333333e-05,0.3500000000000006,-0.012607620000000002
27,0.3750000000000006,4.9451573333333335e-05,0.3750000000000006,-0.012212006666666667
28,0.40000000000000063,5.7203933333333336e-05,0.40000000000000063,-0.011804973333333333
29,0.42500000000000066,6.585192666666668e-05,0.42500000000000066,-0.011374226666666667
30,0.4500000000000007,7.51534e-05,0.4500000000000007,-0.010967093333333334
31,0.4750000000000007,8.718220000000001e-05,0.4750000000000007,-0.01052646
32,0.5000000000000007,0.0001001416,0.5000000000000007,-0.01007732
33,0.5250000000000008,0.00011472366666666667,0.5250000000000008,-0.00959008
34,0.5500000000000007,0.00013074446666666667,0.5500000000000007,-0.009122773333333334
35,0.5750000000000008,0.00014813273333333336,0.5750000000000008,-0.008627326666666667
36,0.6000000000000008,0.00016798933333333333,0.6000000000000008,-0.008121920000000001
37,0.6250000000000009,0.00018977726666666666,0.6250000000000009,-0.007594533333333334
38,0.6500000000000008,0.00021331119999999998,0.6500000000000008,-0.007056093333333333
39,0.6750000000000009,0.00023878673333333335,0.6750000000000009,-0.007778793333333333
40,0.7000000000000008,0.00026688033333333337,0.7000000000000008,-0.00754852
41,0.7250000000000008,0.0002973784666666667,0.7250000000000008,-0.006887273333333334
42,0.7500000000000009,0.0003307718,0.7500000000000009,-0.0057438413333333336
43,0.775000000000001,0.00036662773333333336,0.775000000000001,-0.0049333346666666665
44,0.8000000000000009,0.0004074900666666667,0.8000000000000009,-0.004188272000000001
45,0.8250000000000008,0.00045267120000000004,0.8250000000000008,-0.00346488
46,0.850000000000001,0.0005044052,0.850000000000001,-0.0027695633333333337
47,0.8750000000000011,0.0005652869333333334,0.8750000000000011,-0.0020768720000000004
48,0.900000000000001,0.0006386078666666667,0.900000000000001,-0.0013798473333333334
49,0.9250000000000009,0.0007644366666666667,0.9250000000000009,-0.000678446
50,0.9500000000000011,0.000874138,0.9500000000000011,-0.0009059993333333333
51,0.9750000000000012,0.0010250026666666667,0.9750000000000012,-0.0001422096
52,1.000000000000001,0.0012278446666666668,1.000000000000001,0.0006999773333333333
53,1.025000000000001,0.0014974706666666666,1.025000000000001,0.001411682
54,1.0500000000000012,0.0018519706666666666,1.0500000000000012,0.0024959780000000003
55,1.0750000000000013,0.002310602,1.0750000000000013,0.003509504666666667
56,1.1000000000000012,0.002891692,1.1000000000000012,0.004541155333333333
57,1.125000000000001,0.003605406,1.125000000000001,0.005625749333333334
58,1.1500000000000012,0.004455232666666667,1.1500000000000012,0.006782966666666668
59,1.1750000000000014,0.005466653333333333,1.1750000000000014,0.007946486666666667
60,1.2000000000000013,0.007400446666666667,1.2000000000000013,0.009367293333333334
61,1.2250000000000012,0.008437053333333333,1.2250000000000012,0.010856773333333333
62,1.2500000000000013,0.009801226666666668,1.2500000000000013,0.012448393333333333
63,1.2750000000000015,0.011336793333333333,1.2750000000000015,0.014148753333333333
