,93_5R_V_D,93_5R_J_D,93_5R_V_L,93_5R_J_L
0,1.3,0.013040986666666667,1.3,0.018470153333333333
1,1.2750000000000001,0.012319273333333334,1.2750000000000001,0.016806086666666668
2,1.2500000000000002,0.011168413333333333,1.2500000000000002,0.015001913333333335
3,1.2250000000000003,0.009941513333333334,1.2250000000000003,0.013212666666666668
4,1.2000000000000004,0.008734800000000001,1.2000000000000004,0.011484026666666668
5,1.1750000000000005,0.007583466666666667,1.1750000000000005,0.009829286666666668
6,1.1500000000000006,0.006418936,1.1500000000000006,0.008245813333333334
7,1.1250000000000007,0.005492486,1.1250000000000007,0.006729406666666667
8,1.1000000000000008,0.004619251333333334,1.1000000000000008,0.005283014
9,1.0750000000000008,0.0038312726666666665,1.0750000000000008,0.003840576666666667
10,1.050000000000001,0.0031500413333333333,1.050000000000001,0.0024632953333333335
11,1.025000000000001,0.0025662066666666664,1.025000000000001,0.0011157066666666667
12,1.000000000000001,0.0020763820000000003,1.000000000000001,-0.00012377620000000002
13,0.9750000000000012,0.0016796626666666667,0.9750000000000012,-0.0014151880000000002
14,0.9500000000000013,0.001364894,0.9500000000000013,-0.0027873460000000004
15,0.9250000000000014,0.0011206926666666667,0.9250000000000014,-0.004082974666666667
16,0.9000000000000015,0.0009306000000000001,0.9000000000000015,-0.005340809333333334
17,0.8750000000000016,0.0007856093333333333,0.8750000000000016,-0.006564082666666668
18,0.8500000000000016,0.00067241,0.8500000000000016,-0.007488793333333334
19,0.8250000000000017,0.0005799498,0.8250000000000017,-0.008737713333333334
20,0.8000000000000018,0.0005088024666666667,0.8000000000000018,-0.009866846666666668
21,0.7750000000000019,0.00045239673333333333,0.7750000000000019,-0.01091696
22,0.750000000000002,0.0004056064,0.750000000000002,-0.011902059999999999
23,0.7250000000000021,0.00036545980000000005,0.7250000000000021,-0.012818153333333334
24,0.7000000000000022,0.0003296102666666667,0.7000000000000022,-0.013672426666666666
25,0.6750000000000023,0.00029934473333333335,0.6750000000000023,-0.014476080000000002
26,0.6500000000000024,0.0002709246,0.6500000000000024,-0.015204733333333335
27,0.6250000000000024,0.0002459815333333333,0.6250000000000024,-0.0158819
28,0.6000000000000025,0.00022311833333333336,0.6000000000000025,-0.016507393333333335
29,0.5750000000000026,0.0002019454666666667,0.5750000000000026,-0.01709182
30,0.5500000000000027,0.00018270293333333334,0.5500000000000027,-0.017610366666666665
31,0.5250000000000028,0.00016480433333333332,0.5250000000000028,-0.01809355333333333
32,0.5000000000000029,0.0001473966,0.5000000000000029,-0.018539666666666666
33,0.475000000000003,0.0001332942666666667,0.475000000000003,-0.0189481
34,0.45000000000000306,0.0001213668,0.45000000000000306,-0.019322393333333333
35,0.42500000000000315,0.00010803093333333334,0.42500000000000315,-0.019665593333333335
36,0.40000000000000324,9.61024e-05,0.40000000000000324,-0.01998352
37,0.37500000000000333,8.492126666666668e-05,0.37500000000000333,-0.020273286666666668
38,0.3500000000000034,7.40272e-05,0.3500000000000034,-0.02054294
39,0.3250000000000035,6.503911333333334e-05,0.3250000000000035,-0.020783593333333333
40,0.3000000000000036,5.529106e-05,0.3000000000000036,-0.021003479999999998
41,0.2750000000000037,4.7073806666666666e-05,0.2750000000000037,-0.021205033333333335
42,0.2500000000000038,3.980710000000001e-05,0.2500000000000038,-0.02139836666666667
43,0.22500000000000386,3.366349333333334e-05,0.22500000000000386,-0.021538853333333333
44,0.20000000000000395,2.743882e-05,0.20000000000000395,-0.021703193333333332
45,0.17500000000000404,2.253103333333333e-05,0.17500000000000404,-0.021844806666666668
46,0.15000000000000413,1.630426e-05,0.15000000000000413,-0.021970746666666666
47,0.12500000000000422,1.2023013333333334e-05,0.12500000000000422,-0.02208586
48,0.10000000000000431,8.393186666666668e-06,0.10000000000000431,-0.022189966666666668
49,0.0750000000000044,5.498328666666667e-06,0.0750000000000044,-0.022286486666666667
50,0.050000000000004485,2.038748666666667e-06,0.050000000000004485,-0.022373693333333333
51,0.025000000000004574,-9.72058e-07,0.025000000000004574,-0.02245756
52,4.6629367034256575e-15,-3.920515333333333e-06,4.6629367034256575e-15,-0.022535266666666668
53,-0.024999999999995248,-6.81456e-06,-0.024999999999995248,-0.022607453333333333
54,-0.04999999999999516,-9.06466e-06,-0.04999999999999516,-0.022670573333333336
55,-0.07499999999999507,-1.2225746666666666e-05,-0.07499999999999507,-0.022743466666666667
56,-0.09999999999999498,-1.5151633333333334e-05,-0.09999999999999498,-0.022797360000000003
57,-0.12499999999999489,-1.7942580000000002e-05,-0.12499999999999489,-0.022854
58,-0.1499999999999948,-2.0894646666666667e-05,-0.1499999999999948,-0.02291544666666667
59,-0.17499999999999472,-2.3820613333333332e-05,-0.17499999999999472,-0.022965113333333335
60,-0.19999999999999463,-2.6742853333333336e-05,-0.19999999999999463,-0.023011553333333334
61,-0.22499999999999454,-2.9807246666666667e-05,-0.22499999999999454,-0.023068433333333336
62,-0.24999999999999445,-3.266527333333333e-05,-0.24999999999999445,-0.023116360000000002
63,-0.27499999999999436,-3.570388e-05,-0.27499999999999436,-0.023165713333333334
