,93_5F_V_D,93_5F_J_D,93_5F_V_L,93_5F_J_L
0,-0.3,-1.6628313333333333e-05,-0.3,-0.02404300666666667
1,-0.27499999999999997,-1.4866666666666666e-05,-0.27499999999999997,-0.023798673333333336
2,-0.24999999999999994,-1.3329226666666667e-05,-0.24999999999999994,-0.023460226666666667
3,-0.22499999999999992,-1.1888426666666667e-05,-0.22499999999999992,-0.023041773333333335
4,-0.1999999999999999,-1.0506486666666666e-05,-0.1999999999999999,-0.022597833333333334
5,-0.17499999999999988,-9.036220000000001e-06,-0.17499999999999988,-0.022168740000000003
6,-0.14999999999999986,-7.64662e-06,-0.14999999999999986,-0.021772073333333333
7,-0.12499999999999983,-6.459972e-06,-0.12499999999999983,-0.021400086666666665
8,-0.09999999999999981,-4.921428666666667e-06,-0.09999999999999981,-0.021042666666666668
9,-0.07499999999999979,-3.5483433333333337e-06,-0.07499999999999979,-0.02071866
10,-0.04999999999999977,-2.1791233333333336e-06,-0.04999999999999977,-0.02039916666666667
11,-0.024999999999999745,-8.077893333333335e-07,-0.024999999999999745,-0.020096173333333335
12,2.7755575615628914e-16,5.600442666666667e-07,2.7755575615628914e-16,-0.019789173333333333
13,0.0250000000000003,1.9637193333333334e-06,0.0250000000000003,-0.0195016
14,0.05000000000000032,3.3891e-06,0.05000000000000032,-0.019214846666666667
15,0.07500000000000034,4.8775966666666675e-06,0.07500000000000034,-0.018921193333333336
16,0.10000000000000037,6.491012e-06,0.10000000000000037,-0.01862874
17,0.1250000000000004,7.897993333333334e-06,0.1250000000000004,-0.0183296
18,0.1500000000000004,1.0177113333333335e-05,0.1500000000000004,-0.01802888
19,0.17500000000000043,1.2516506666666667e-05,0.17500000000000043,-0.017723433333333337
20,0.20000000000000046,1.526118e-05,0.20000000000000046,-0.017397953333333334
21,0.22500000000000048,1.8461426666666667e-05,0.22500000000000048,-0.017060386666666667
22,0.2500000000000005,2.2305113333333333e-05,0.2500000000000005,-0.016717213333333335
23,0.2750000000000005,2.6775200000000004e-05,0.2750000000000005,-0.016356813333333334
24,0.30000000000000054,3.181103333333333e-05,0.30000000000000054,-0.015980213333333333
25,0.32500000000000057,3.758190666666667e-05,0.32500000000000057,-0.01557118
26,0.3500000000000006,4.398077333333334e-05,0.3500000000000006,-0.01517146
27,0.3750000000000006,5.1142066666666666e-05,0.3750000000000006,-0.014741406666666667
28,0.40000000000000063,5.9053719999999995e-05,0.40000000000000063,-0.014298306666666667
29,0.42500000000000066,6.77984e-05,0.42500000000000066,-0.013825213333333334
30,0.4500000000000007,7.655240000000001e-05,0.4500000000000007,-0.013334946666666668
31,0.4750000000000007,8.793013333333333e-05,0.4750000000000007,-0.012822433333333334
32,0.5000000000000007,9.952266666666667e-05,0.5000000000000007,-0.012296020000000001
33,0.5250000000000008,0.00011220146666666669,0.5250000000000008,-0.011748353333333334
34,0.5500000000000007,0.00012589013333333334,0.5500000000000007,-0.011182466666666668
35,0.5750000000000008,0.000140813,0.5750000000000008,-0.010598013333333333
36,0.6000000000000008,0.00015703533333333335,0.6000000000000008,-0.010000586666666667
37,0.6250000000000009,0.0001746104,0.6250000000000009,-0.009380953333333334
38,0.6500000000000008,0.000193743,0.6500000000000008,-0.00873696
39,0.6750000000000009,0.00021476320000000002,0.6750000000000009,-0.008104273333333334
40,0.7000000000000008,0.00023809793333333333,0.7000000000000008,-0.007455486666666667
41,0.7250000000000008,0.0002641086666666667,0.7250000000000008,-0.006786433333333334
42,0.7500000000000009,0.0002936238,0.7500000000000009,-0.006760933333333333
43,0.775000000000001,0.00032776066666666666,0.775000000000001,-0.00574944
44,0.8000000000000009,0.0003681086666666667,0.8000000000000009,-0.0049560080000000005
45,0.8250000000000008,0.00041726453333333337,0.8250000000000008,-0.004201612
46,0.850000000000001,0.0004785224,0.850000000000001,-0.003452261333333334
47,0.8750000000000011,0.0005554630666666667,0.8750000000000011,-0.0027068253333333335
48,0.900000000000001,0.0006557784,0.900000000000001,-0.001958830666666667
49,0.9250000000000009,0.0008324886666666667,0.9250000000000009,-0.001198784
50,0.9500000000000011,0.0009820213333333334,0.9500000000000011,-0.0011207926666666665
51,0.9750000000000012,0.00119648,0.9750000000000012,-0.00029564853333333336
52,1.000000000000001,0.0014746773333333336,1.000000000000001,0.0006983346666666666
53,1.025000000000001,0.0018267826666666669,1.025000000000001,0.0014086740000000002
54,1.0500000000000012,0.002255252,1.0500000000000012,0.002448182
55,1.0750000000000013,0.0027786426666666668,1.0750000000000013,0.003443258
56,1.1000000000000012,0.0033903446666666667,1.1000000000000012,0.004451693333333334
57,1.125000000000001,0.0040940813333333334,1.125000000000001,0.0055030800000000005
58,1.1500000000000012,0.004889415333333333,1.1500000000000012,0.006606984000000001
59,1.1750000000000014,0.0057910159999999995,1.1750000000000014,0.007724493333333333
60,1.2000000000000013,0.00721696,1.2000000000000013,0.008995586666666668
61,1.2250000000000012,0.008146253333333334,1.2250000000000012,0.010321066666666667
62,1.2500000000000013,0.00931262,1.2500000000000013,0.011730706666666667
63,1.2750000000000015,0.010613146666666668,1.2750000000000015,0.013233226666666667
