,93_5F_V_D,93_5F_J_D,93_5F_V_L,93_5F_J_L
0,-0.3,-1.4421866666666667e-05,-0.3,-0.024004406666666665
1,-0.27499999999999997,-1.191616e-05,-0.27499999999999997,-0.023867393333333334
2,-0.24999999999999994,-1.0146833333333334e-05,-0.24999999999999994,-0.023723566666666668
3,-0.22499999999999992,-8.626013333333334e-06,-0.22499999999999992,-0.023559493333333334
4,-0.1999999999999999,-7.415940000000001e-06,-0.1999999999999999,-0.023363333333333333
5,-0.17499999999999988,-6.580574666666667e-06,-0.17499999999999988,-0.023128786666666668
6,-0.14999999999999986,-5.084096000000001e-06,-0.14999999999999986,-0.022851233333333335
7,-0.12499999999999983,-3.975806666666667e-06,-0.12499999999999983,-0.022534206666666667
8,-0.09999999999999981,-2.8974133333333333e-06,-0.09999999999999981,-0.022175133333333336
9,-0.07499999999999979,-1.878948e-06,-0.07499999999999979,-0.021782586666666666
10,-0.04999999999999977,-8.71904e-07,-0.04999999999999977,-0.021359626666666666
11,-0.024999999999999745,1.4279193333333335e-07,-0.024999999999999745,-0.0209166
12,2.7755575615628914e-16,1.1533966666666666e-06,2.7755575615628914e-16,-0.02045164
13,0.0250000000000003,2.21714e-06,0.0250000000000003,-0.019964226666666668
14,0.05000000000000032,3.3068313333333336e-06,0.05000000000000032,-0.019471593333333332
15,0.07500000000000034,4.474509333333334e-06,0.07500000000000034,-0.018965473333333333
16,0.10000000000000037,5.740206e-06,0.10000000000000037,-0.018445306666666668
17,0.1250000000000004,6.999473333333334e-06,0.1250000000000004,-0.017935266666666668
18,0.1500000000000004,7.965866666666668e-06,0.1500000000000004,-0.017416913333333332
19,0.17500000000000043,1.0486133333333333e-05,0.17500000000000043,-0.01688798
20,0.20000000000000046,1.287768e-05,0.20000000000000046,-0.016349773333333335
21,0.22500000000000048,1.5490480000000002e-05,0.22500000000000048,-0.0158253
22,0.2500000000000005,1.8495553333333334e-05,0.2500000000000005,-0.015296386666666668
23,0.2750000000000005,2.2070826666666666e-05,0.2750000000000005,-0.014764473333333335
24,0.30000000000000054,2.610062666666667e-05,0.30000000000000054,-0.01422472
25,0.32500000000000057,3.069548e-05,0.32500000000000057,-0.01368316
26,0.3500000000000006,3.600564e-05,0.3500000000000006,-0.013139053333333333
27,0.3750000000000006,4.201961333333334e-05,0.3750000000000006,-0.012596073333333332
28,0.40000000000000063,4.910144666666667e-05,0.40000000000000063,-0.012044406666666667
29,0.42500000000000066,5.732692000000001e-05,0.42500000000000066,-0.011475746666666667
30,0.4500000000000007,6.7005e-05,0.4500000000000007,-0.01092364
31,0.4750000000000007,7.978866666666667e-05,0.4750000000000007,-0.010359546666666667
32,0.5000000000000007,9.366373333333334e-05,0.5000000000000007,-0.009791433333333334
33,0.5250000000000008,0.00010862299999999999,0.5250000000000008,-0.009217186666666667
34,0.5500000000000007,0.00012558026666666667,0.5500000000000007,-0.008623273333333334
35,0.5750000000000008,0.00014456473333333334,0.5750000000000008,-0.00803088
36,0.6000000000000008,0.00016574866666666668,0.6000000000000008,-0.007435633333333334
37,0.6250000000000009,0.0001894868,0.6250000000000009,-0.006828853333333333
38,0.6500000000000008,0.00021550566666666667,0.6500000000000008,-0.006827920000000001
39,0.6750000000000009,0.00024436220000000004,0.6750000000000009,-0.005910028666666667
40,0.7000000000000008,0.00027596,0.7000000000000008,-0.005212158666666667
41,0.7250000000000008,0.00031088233333333333,0.7250000000000008,-0.004535698
42,0.7500000000000009,0.00034934513333333334,0.7500000000000009,-0.003890407333333334
43,0.775000000000001,0.00039167833333333333,0.775000000000001,-0.0032568953333333333
44,0.8000000000000009,0.0004382711333333333,0.8000000000000009,-0.002630392
45,0.8250000000000008,0.0004897011333333334,0.8250000000000008,-0.002014548666666667
46,0.850000000000001,0.0005467224666666667,0.850000000000001,-0.001406024
47,0.8750000000000011,0.0006102702666666667,0.8750000000000011,-0.0008088886666666668
48,0.900000000000001,0.0006814953333333333,0.900000000000001,-0.0005317932
49,0.9250000000000009,0.0007612166666666667,0.9250000000000009,0.00016739106666666668
50,0.9500000000000011,0.000855928,0.9500000000000011,0.0006999700000000001
51,0.9750000000000012,0.0009667813333333335,0.9750000000000012,0.0010367586666666668
52,1.000000000000001,0.0010974673333333336,1.000000000000001,0.001754308
53,1.025000000000001,0.001252786,1.025000000000001,0.002425308666666667
54,1.0500000000000012,0.0014384880000000001,1.0500000000000012,0.0030884773333333337
55,1.0750000000000013,0.0016603433333333333,1.0750000000000013,0.003757756
56,1.1000000000000012,0.0019271499999999999,1.1000000000000012,0.004442948
57,1.125000000000001,0.0022457933333333334,1.125000000000001,0.005151423333333334
58,1.1500000000000012,0.002621976666666667,1.1500000000000012,0.005887846
59,1.1750000000000014,0.0030716706666666666,1.1750000000000014,0.006655604666666666
60,1.2000000000000013,0.0035969920000000002,1.2000000000000013,0.007295146666666668
61,1.2250000000000012,0.004204312666666667,1.2250000000000012,0.008221286666666668
62,1.2500000000000013,0.004895415333333333,1.2500000000000013,0.009176466666666667
63,1.2750000000000015,0.005691058000000001,1.2750000000000015,0.010186726666666668
