,93_5F_V_D,93_5F_J_D,93_5F_V_L,93_5F_J_L
0,-0.3,-8.373366666666667e-05,-0.3,-0.024072333333333334
1,-0.27499999999999997,-8.34448e-05,-0.27499999999999997,-0.02357574
2,-0.24999999999999994,-7.622406666666667e-05,-0.24999999999999994,-0.023118073333333336
3,-0.22499999999999992,-6.765740000000001e-05,-0.22499999999999992,-0.022728366666666666
4,-0.1999999999999999,-5.682308666666666e-05,-0.1999999999999999,-0.022386273333333335
5,-0.17499999999999988,-4.9312873333333336e-05,-0.17499999999999988,-0.02206406
6,-0.14999999999999986,-4.138320666666667e-05,-0.14999999999999986,-0.021777333333333336
7,-0.12499999999999983,-3.3443660000000004e-05,-0.12499999999999983,-0.021509393333333335
8,-0.09999999999999981,-2.579846666666667e-05,-0.09999999999999981,-0.021255973333333334
9,-0.07499999999999979,-1.874846e-05,-0.07499999999999979,-0.021017213333333336
10,-0.04999999999999977,-1.1816380000000001e-05,-0.04999999999999977,-0.020778246666666667
11,-0.024999999999999745,-5.1770880000000005e-06,-0.024999999999999745,-0.020546940000000003
12,2.7755575615628914e-16,1.3651013333333334e-06,2.7755575615628914e-16,-0.02032336666666667
13,0.0250000000000003,7.600560000000001e-06,0.0250000000000003,-0.020085306666666667
14,0.05000000000000032,1.438696e-05,0.05000000000000032,-0.01984804
15,0.07500000000000034,2.1057893333333334e-05,0.07500000000000034,-0.019597686666666666
16,0.10000000000000037,2.8031300000000004e-05,0.10000000000000037,-0.019357106666666665
17,0.1250000000000004,3.5094913333333334e-05,0.1250000000000004,-0.019107073333333335
18,0.1500000000000004,4.281100666666667e-05,0.1500000000000004,-0.018835213333333337
19,0.17500000000000043,5.075041333333333e-05,0.17500000000000043,-0.018541766666666668
20,0.20000000000000046,5.942604666666667e-05,0.20000000000000046,-0.018257273333333334
21,0.22500000000000048,6.879713333333333e-05,0.22500000000000048,-0.017942660000000003
22,0.2500000000000005,8.017886666666667e-05,0.2500000000000005,-0.017619466666666667
23,0.2750000000000005,9.094946666666667e-05,0.2750000000000005,-0.01726586
24,0.30000000000000054,0.00010414393333333333,0.30000000000000054,-0.016887993333333334
25,0.32500000000000057,0.00011687413333333334,0.32500000000000057,-0.016497113333333334
26,0.3500000000000006,0.00013183846666666666,0.3500000000000006,-0.016075326666666667
27,0.3750000000000006,0.00014723173333333335,0.3750000000000006,-0.015586306666666667
28,0.40000000000000063,0.00016505546666666668,0.40000000000000063,-0.015124253333333334
29,0.42500000000000066,0.00020511753333333336,0.42500000000000066,-0.014630326666666667
30,0.4500000000000007,0.00022807860000000004,0.4500000000000007,-0.014084433333333335
31,0.4750000000000007,0.0002538072,0.4750000000000007,-0.013505746666666665
32,0.5000000000000007,0.0002845678666666667,0.5000000000000007,-0.012887753333333333
33,0.5250000000000008,0.00031654066666666667,0.5250000000000008,-0.01225312
34,0.5500000000000007,0.0003517468666666667,0.5500000000000007,-0.011561506666666667
35,0.5750000000000008,0.00039507213333333336,0.5750000000000008,-0.01082708
36,0.6000000000000008,0.0004424136666666667,0.6000000000000008,-0.010055106666666667
37,0.6250000000000009,0.0004981146,0.6250000000000009,-0.0092381
38,0.6500000000000008,0.0005647121333333334,0.6500000000000008,-0.00834262
39,0.6750000000000009,0.0006465475333333334,0.6750000000000009,-0.007424066666666666
40,0.7000000000000008,0.0007859886666666667,0.7000000000000008,-0.0076782533333333335
41,0.7250000000000008,0.0009090473333333333,0.7250000000000008,-0.006588436666666668
42,0.7500000000000009,0.0010740493333333333,0.7500000000000009,-0.0050407153333333335
43,0.775000000000001,0.001288626,0.775000000000001,-0.0037366166666666666
44,0.8000000000000009,0.0015699180000000002,0.8000000000000009,-0.002391626
45,0.8250000000000008,0.00193415,0.8250000000000008,-0.001003676
46,0.850000000000001,0.0024017233333333337,0.850000000000001,7.471680000000001e-05
47,0.8750000000000011,0.00298873,0.8750000000000011,0.001400102
48,0.900000000000001,0.0037231033333333338,0.900000000000001,0.0032109373333333337
49,0.9250000000000009,0.004604513333333333,0.9250000000000009,0.005003835333333333
50,0.9500000000000011,0.005653668000000001,0.9500000000000011,0.006802066666666667
51,0.9750000000000012,0.007300906666666667,0.9750000000000012,0.00846212
52,1.000000000000001,0.008480220000000002,1.000000000000001,0.010498213333333332
53,1.025000000000001,0.009941893333333333,1.025000000000001,0.012591766666666667
54,1.0500000000000012,0.01159236,1.0500000000000012,0.014705826666666668
55,1.0750000000000013,0.013423846666666666,1.0750000000000013,0.01677030666666667
56,1.1000000000000012,0.015397146666666668,1.1000000000000012,0.019010266666666668
57,1.125000000000001,0.01753260666666667,1.125000000000001,0.021564240000000002
58,1.1500000000000012,0.01979788,1.1500000000000012,0.024137586666666665
59,1.1750000000000014,0.022209306666666668,1.1750000000000014,0.02672976666666667
60,1.2000000000000013,0.024745373333333334,1.2000000000000013,0.029398153333333333
61,1.2250000000000012,0.02743077333333333,1.2250000000000012,0.03222036666666667
62,1.2500000000000013,0.030227833333333332,1.2500000000000013,0.03513923333333334
63,1.2750000000000015,0.033149953333333336,1.2750000000000015,0.03814816666666667
