,93_5R_V_D,93_5R_J_D,93_5R_V_L,93_5R_J_L
0,1.3,0.009098566666666667,1.3,0.011993033333333335
1,1.2750000000000001,0.008761053333333333,1.2750000000000001,0.010770513333333334
2,1.2500000000000002,0.008003306666666666,1.2500000000000002,0.009486033333333333
3,1.2250000000000003,0.007145820000000001,1.2250000000000003,0.00820744
4,1.2000000000000004,0.006208067333333333,1.2000000000000004,0.0069603
5,1.1750000000000005,0.0054387893333333335,1.1750000000000005,0.005747338
6,1.1500000000000006,0.004644366666666667,1.1500000000000006,0.004556089333333334
7,1.1250000000000007,0.0039035406666666664,1.1250000000000007,0.003408728
8,1.1000000000000008,0.003235872666666667,1.1000000000000008,0.0022876226666666668
9,1.0750000000000008,0.0026456953333333336,1.0750000000000008,0.0011790866666666667
10,1.050000000000001,0.0021391773333333335,1.050000000000001,0.00016027613333333336
11,1.025000000000001,0.0017173206666666666,1.025000000000001,-0.0009031546666666667
12,1.000000000000001,0.0013771246666666667,1.000000000000001,-0.002079549333333333
13,0.9750000000000012,0.001111628,0.9750000000000012,-0.003205518666666667
14,0.9500000000000013,0.0009091453333333332,0.9500000000000013,-0.004304539333333334
15,0.9250000000000014,0.0007582186666666667,0.9250000000000014,-0.005394380000000001
16,0.9000000000000015,0.0006466653333333333,0.9000000000000015,-0.006463202
17,0.8750000000000016,0.0005601893333333334,0.8750000000000016,-0.0072052466666666665
18,0.8500000000000016,0.0004958838000000001,0.8500000000000016,-0.00833096
19,0.8250000000000017,0.0004447946666666667,0.8250000000000017,-0.009363546666666667
20,0.8000000000000018,0.00040272253333333333,0.8000000000000018,-0.010340953333333335
21,0.7750000000000019,0.0003667774,0.7750000000000019,-0.011251506666666668
22,0.750000000000002,0.00033461493333333337,0.750000000000002,-0.012117086666666667
23,0.7250000000000021,0.0003059998666666667,0.7250000000000021,-0.012934393333333334
24,0.7000000000000022,0.00027982673333333335,0.7000000000000022,-0.013701133333333332
25,0.6750000000000023,0.00025567073333333335,0.6750000000000023,-0.014426719999999999
26,0.6500000000000024,0.00023302633333333335,0.6500000000000024,-0.015101513333333334
27,0.6250000000000024,0.00021213653333333336,0.6250000000000024,-0.015733406666666668
28,0.6000000000000025,0.00019256273333333334,0.6000000000000025,-0.016323933333333335
29,0.5750000000000026,0.00017419053333333335,0.5750000000000026,-0.016872873333333337
30,0.5500000000000027,0.00015712446666666668,0.5500000000000027,-0.017380406666666667
31,0.5250000000000028,0.00014117966666666668,0.5250000000000028,-0.017854853333333334
32,0.5000000000000029,0.000126303,0.5000000000000029,-0.01829596666666667
33,0.475000000000003,0.0001124892,0.475000000000003,-0.01871164
34,0.45000000000000306,9.96972e-05,0.45000000000000306,-0.019078633333333334
35,0.42500000000000315,8.78118e-05,0.42500000000000315,-0.019427553333333337
36,0.40000000000000324,7.684326666666666e-05,0.40000000000000324,-0.019752913333333334
37,0.37500000000000333,6.673133333333334e-05,0.37500000000000333,-0.020058893333333334
38,0.3500000000000034,5.8515880000000005e-05,0.3500000000000034,-0.02032596
39,0.3250000000000035,4.9383666666666666e-05,0.3250000000000035,-0.020581233333333334
40,0.3000000000000036,4.171232e-05,0.3000000000000036,-0.02081102
41,0.2750000000000037,3.493378e-05,0.2750000000000037,-0.02102688
42,0.2500000000000038,2.8943420000000003e-05,0.2500000000000038,-0.02122354
43,0.22500000000000386,2.3810686666666667e-05,0.22500000000000386,-0.02138489333333333
44,0.20000000000000395,1.9123526666666668e-05,0.20000000000000395,-0.021559313333333333
45,0.17500000000000404,1.5155526666666668e-05,0.17500000000000404,-0.021712173333333334
46,0.15000000000000413,1.1677713333333334e-05,0.15000000000000413,-0.02185982666666667
47,0.12500000000000422,8.599573333333334e-06,0.12500000000000422,-0.021978913333333332
48,0.10000000000000431,6.451390666666666e-06,0.10000000000000431,-0.022096573333333334
49,0.0750000000000044,3.4137146666666667e-06,0.0750000000000044,-0.02220636
50,0.050000000000004485,9.273026666666667e-07,0.050000000000004485,-0.02231314666666667
51,0.025000000000004574,-1.4398366666666666e-06,0.025000000000004574,-0.022399246666666667
52,4.6629367034256575e-15,-3.694616666666667e-06,4.6629367034256575e-15,-0.022487213333333332
53,-0.024999999999995248,-6.001893333333333e-06,-0.024999999999995248,-0.02257084666666667
54,-0.04999999999999516,-7.540693333333334e-06,-0.04999999999999516,-0.0226503
55,-0.07499999999999507,-1.0140113333333333e-05,-0.07499999999999507,-0.022725506666666666
56,-0.09999999999999498,-1.239388e-05,-0.09999999999999498,-0.022794193333333334
57,-0.12499999999999489,-1.4619953333333334e-05,-0.12499999999999489,-0.02286576
58,-0.1499999999999948,-1.6804793333333336e-05,-0.1499999999999948,-0.0229356
59,-0.17499999999999472,-1.9034433333333332e-05,-0.17499999999999472,-0.0230004
60,-0.19999999999999463,-2.1229453333333335e-05,-0.19999999999999463,-0.023057646666666667
61,-0.22499999999999454,-2.3591700000000003e-05,-0.22499999999999454,-0.02312344666666667
62,-0.24999999999999445,-2.5673173333333336e-05,-0.24999999999999445,-0.023180806666666668
63,-0.27499999999999436,-2.7831453333333334e-05,-0.27499999999999436,-0.023247186666666666
