,93_5F_V_D,93_5F_J_D,93_5F_V_L,93_5F_J_L
0,-0.3,-1.4367833333333335e-05,-0.3,-0.02404978
1,-0.27499999999999997,-1.1876933333333335e-05,-0.27499999999999997,-0.023916306666666668
2,-0.24999999999999994,-1.0146066666666668e-05,-0.24999999999999994,-0.023777633333333333
3,-0.22499999999999992,-8.649120000000001e-06,-0.22499999999999992,-0.02361716
4,-0.1999999999999999,-7.392093333333334e-06,-0.1999999999999999,-0.023428333333333336
5,-0.17499999999999988,-6.567666666666667e-06,-0.17499999999999988,-0.02320278
6,-0.14999999999999986,-5.070146e-06,-0.14999999999999986,-0.022936706666666667
7,-0.12499999999999983,-3.946262000000001e-06,-0.12499999999999983,-0.022623826666666666
8,-0.09999999999999981,-2.881331333333333e-06,-0.09999999999999981,-0.022272666666666666
9,-0.07499999999999979,-1.8511480000000002e-06,-0.07499999999999979,-0.02188804
10,-0.04999999999999977,-8.402393333333335e-07,-0.04999999999999977,-0.02147306666666667
11,-0.024999999999999745,1.6936713333333334e-07,-0.024999999999999745,-0.02103162
12,2.7755575615628914e-16,1.176374e-06,2.7755575615628914e-16,-0.020575720000000002
13,0.0250000000000003,2.2311886666666667e-06,0.0250000000000003,-0.020090366666666665
14,0.05000000000000032,3.321792e-06,0.05000000000000032,-0.019602166666666667
15,0.07500000000000034,4.474184666666667e-06,0.07500000000000034,-0.019104593333333333
16,0.10000000000000037,5.736109333333334e-06,0.10000000000000037,-0.018586366666666666
17,0.1250000000000004,6.999473333333334e-06,0.1250000000000004,-0.0180814
18,0.1500000000000004,7.91976e-06,0.1500000000000004,-0.01756314
19,0.17500000000000043,1.0468333333333333e-05,0.17500000000000043,-0.017038220000000003
20,0.20000000000000046,1.278128e-05,0.20000000000000046,-0.0165193
21,0.22500000000000048,1.5383166666666665e-05,0.22500000000000048,-0.015980106666666667
22,0.2500000000000005,1.8415913333333333e-05,0.2500000000000005,-0.015449873333333334
23,0.2750000000000005,2.201378e-05,0.2750000000000005,-0.01491882
24,0.30000000000000054,2.6010586666666666e-05,0.30000000000000054,-0.014382506666666666
25,0.32500000000000057,3.06047e-05,0.32500000000000057,-0.013839526666666666
26,0.3500000000000006,3.590227333333334e-05,0.3500000000000006,-0.01329176
27,0.3750000000000006,4.206314666666667e-05,0.3750000000000006,-0.012745866666666666
28,0.40000000000000063,4.9198073333333335e-05,0.40000000000000063,-0.01219306
29,0.42500000000000066,5.7529866666666666e-05,0.42500000000000066,-0.011622913333333333
30,0.4500000000000007,6.73572e-05,0.4500000000000007,-0.011069773333333333
31,0.4750000000000007,8.051940000000001e-05,0.4750000000000007,-0.0105047
32,0.5000000000000007,9.46194e-05,0.5000000000000007,-0.009926246666666668
33,0.5250000000000008,0.000109926,0.5250000000000008,-0.009354346666666668
34,0.5500000000000007,0.00012713433333333334,0.5500000000000007,-0.008758433333333333
35,0.5750000000000008,0.00014648660000000002,0.5750000000000008,-0.00816046
36,0.6000000000000008,0.00016794586666666667,0.6000000000000008,-0.00755576
37,0.6250000000000009,0.00019189913333333335,0.6250000000000009,-0.006945300000000001
38,0.6500000000000008,0.000218407,0.6500000000000008,-0.00744598
39,0.6750000000000009,0.000247628,0.6750000000000009,-0.006867466666666667
40,0.7000000000000008,0.0002795690666666667,0.7000000000000008,-0.005854852666666667
41,0.7250000000000008,0.0003149358666666667,0.7250000000000008,-0.005061782666666667
42,0.7500000000000009,0.0003537237333333333,0.7500000000000009,-0.004324114666666667
43,0.775000000000001,0.0003966167333333334,0.775000000000001,-0.0036214566666666666
44,0.8000000000000009,0.0004436830666666667,0.8000000000000009,-0.0029387686666666668
45,0.8250000000000008,0.0004957673333333334,0.8250000000000008,-0.0022766293333333332
46,0.850000000000001,0.0005535240666666667,0.850000000000001,-0.001629694
47,0.8750000000000011,0.0006180159333333333,0.8750000000000011,-0.000997388
48,0.900000000000001,0.0006901153333333333,0.900000000000001,-0.0010587313333333334
49,0.9250000000000009,0.0007711053333333334,0.9250000000000009,-0.00046922120000000004
50,0.9500000000000011,0.0008675093333333333,0.9500000000000011,0.00031716173333333334
51,0.9750000000000012,0.0009806206666666667,0.9750000000000012,0.0006802280000000001
52,1.000000000000001,0.0011139613333333333,1.000000000000001,0.00145918
53,1.025000000000001,0.0012732593333333333,1.025000000000001,0.0021752193333333335
54,1.0500000000000012,0.0014628033333333333,1.0500000000000012,0.002879466666666667
55,1.0750000000000013,0.0016919726666666667,1.0750000000000013,0.003586187333333334
56,1.1000000000000012,0.0019662833333333333,1.1000000000000012,0.004304375333333333
57,1.125000000000001,0.002295262,1.125000000000001,0.005046118666666667
58,1.1500000000000012,0.0026836633333333334,1.1500000000000012,0.005816391333333334
59,1.1750000000000014,0.0031475193333333337,1.1750000000000014,0.006619036666666666
60,1.2000000000000013,0.0036917533333333335,1.2000000000000013,0.0073222800000000005
61,1.2250000000000012,0.004319826000000001,1.2250000000000012,0.00828716
62,1.2500000000000013,0.005041597333333333,1.2500000000000013,0.009285893333333335
63,1.2750000000000015,0.005861184,1.2750000000000015,0.010345380000000001
