,93_5R_V_D,93_5R_J_D,93_5R_V_L,93_5R_J_L
0,1.3,0.019068193333333334,1.3,0.02471134666666667
1,1.2750000000000001,0.01814068,1.2750000000000001,0.022678386666666668
2,1.2500000000000002,0.016576959999999998,1.2500000000000002,0.02048818
3,1.2250000000000003,0.014895393333333333,1.2250000000000003,0.018302106666666665
4,1.2000000000000004,0.013225106666666668,1.2000000000000004,0.016170106666666666
5,1.1750000000000005,0.011617513333333334,1.1750000000000005,0.01411626
6,1.1500000000000006,0.0100996,1.1500000000000006,0.012140233333333333
7,1.1250000000000007,0.008677426666666667,1.1250000000000007,0.010242746666666667
8,1.1000000000000008,0.007379473333333334,1.1000000000000008,0.008424053333333334
9,1.0750000000000008,0.00609438,1.0750000000000008,0.006669573333333333
10,1.050000000000001,0.0050818013333333335,1.050000000000001,0.005027088666666667
11,1.025000000000001,0.004166526,1.025000000000001,0.003320239333333333
12,1.000000000000001,0.0033727506666666666,1.000000000000001,0.0017176646666666668
13,0.9750000000000012,0.0027031693333333336,0.9750000000000012,0.0002825385333333333
14,0.9500000000000013,0.002153864666666667,0.9500000000000013,-0.0012021586666666668
15,0.9250000000000014,0.0017130213333333333,0.9250000000000014,-0.0027778580000000002
16,0.9000000000000015,0.0013668493333333332,0.9000000000000015,-0.004227091333333334
17,0.8750000000000016,0.0011000133333333333,0.8750000000000016,-0.005614644
18,0.8500000000000016,0.0008960439999999999,0.8500000000000016,-0.006944573333333334
19,0.8250000000000017,0.0007414906666666667,0.8250000000000017,-0.007922266666666667
20,0.8000000000000018,0.0006226236666666667,0.8000000000000018,-0.009251346666666667
21,0.7750000000000019,0.0005305436000000001,0.7750000000000019,-0.010426346666666668
22,0.750000000000002,0.000459639,0.750000000000002,-0.011505586666666666
23,0.7250000000000021,0.00040339680000000004,0.7250000000000021,-0.01250422
24,0.7000000000000022,0.00035758193333333335,0.7000000000000022,-0.013417173333333332
25,0.6750000000000023,0.00031922293333333334,0.6750000000000023,-0.014267900000000002
26,0.6500000000000024,0.00028700953333333335,0.6500000000000024,-0.015034180000000001
27,0.6250000000000024,0.00025879286666666664,0.6250000000000024,-0.015736026666666666
28,0.6000000000000025,0.00023442733333333332,0.6000000000000025,-0.01637876666666667
29,0.5750000000000026,0.00021178726666666665,0.5750000000000026,-0.016974140000000002
30,0.5500000000000027,0.00019140126666666667,0.5500000000000027,-0.017500706666666668
31,0.5250000000000028,0.00017317786666666668,0.5250000000000028,-0.017991073333333336
32,0.5000000000000029,0.00015689966666666667,0.5000000000000029,-0.018433353333333333
33,0.475000000000003,0.00014155986666666666,0.475000000000003,-0.01884372
34,0.45000000000000306,0.00012717606666666668,0.45000000000000306,-0.019220053333333334
35,0.42500000000000315,0.0001140496,0.42500000000000315,-0.019563373333333335
36,0.40000000000000324,0.0001019384,0.40000000000000324,-0.019880666666666668
37,0.37500000000000333,9.030346666666667e-05,0.37500000000000333,-0.020172080000000002
38,0.3500000000000034,8.00206e-05,0.3500000000000034,-0.02043702
39,0.3250000000000035,7.00842e-05,0.3250000000000035,-0.020680820000000003
40,0.3000000000000036,6.210028666666667e-05,0.3000000000000036,-0.020900686666666668
41,0.2750000000000037,5.361307333333334e-05,0.2750000000000037,-0.0211024
42,0.2500000000000038,4.6116680000000004e-05,0.2500000000000038,-0.021294213333333336
43,0.22500000000000386,3.9392566666666666e-05,0.22500000000000386,-0.021437866666666666
44,0.20000000000000395,3.317356666666667e-05,0.20000000000000395,-0.021597233333333334
45,0.17500000000000404,2.757248666666667e-05,0.17500000000000404,-0.021740393333333337
46,0.15000000000000413,2.2384073333333334e-05,0.15000000000000413,-0.021862653333333336
47,0.12500000000000422,1.750998e-05,0.12500000000000422,-0.0219774
48,0.10000000000000431,1.3022580000000002e-05,0.10000000000000431,-0.02207822
49,0.0750000000000044,8.5837e-06,0.0750000000000044,-0.022174080000000002
50,0.050000000000004485,4.482199333333334e-06,0.050000000000004485,-0.022260253333333334
51,0.025000000000004574,-5.461147333333334e-08,0.025000000000004574,-0.022338513333333334
52,4.6629367034256575e-15,-4.272406666666667e-06,4.6629367034256575e-15,-0.022411693333333333
53,-0.024999999999995248,-8.08106e-06,-0.024999999999995248,-0.022480066666666666
54,-0.04999999999999516,-1.257354e-05,-0.04999999999999516,-0.02254514666666667
55,-0.07499999999999507,-1.6901346666666666e-05,-0.07499999999999507,-0.022613980000000002
56,-0.09999999999999498,-2.118166e-05,-0.09999999999999498,-0.022666826666666667
57,-0.12499999999999489,-2.5419553333333334e-05,-0.12499999999999489,-0.022721026666666668
58,-0.1499999999999948,-2.9896553333333336e-05,-0.1499999999999948,-0.022777346666666667
59,-0.17499999999999472,-3.424771333333333e-05,-0.17499999999999472,-0.022823253333333335
60,-0.19999999999999463,-3.876924666666667e-05,-0.19999999999999463,-0.022872906666666668
61,-0.22499999999999454,-4.347925333333334e-05,-0.22499999999999454,-0.022928493333333334
62,-0.24999999999999445,-4.805342666666667e-05,-0.24999999999999445,-0.0229791
63,-0.27499999999999436,-5.260974000000001e-05,-0.27499999999999436,-0.02302650666666667
