,93_5R_V_D,93_5R_J_D,93_5R_V_L,93_5R_J_L
0,1.3,0.003506862666666667,1.3,0.012425960000000002
1,1.2750000000000001,0.004163526666666667,1.2750000000000001,0.011165973333333334
2,1.2500000000000002,0.004581678,1.2500000000000002,0.009952213333333333
3,1.2250000000000003,0.004681011333333333,1.2250000000000003,0.008763753333333334
4,1.2000000000000004,0.004527634666666667,1.2000000000000004,0.007599266666666667
5,1.1750000000000005,0.004221251333333334,1.1750000000000005,0.006422732666666667
6,1.1500000000000006,0.0038280133333333335,1.1500000000000006,0.005288996666666667
7,1.1250000000000007,0.003407243333333333,1.1250000000000007,0.004181493333333334
8,1.1000000000000008,0.00298453,1.1000000000000008,0.0030972233333333332
9,1.0750000000000008,0.002585186,1.0750000000000008,0.0020155946666666666
10,1.050000000000001,0.0022155806666666667,1.050000000000001,0.0009322906666666666
11,1.025000000000001,0.0018885593333333333,1.025000000000001,-6.806700000000001e-05
12,1.000000000000001,0.0016096573333333334,1.000000000000001,-0.0011219146666666666
13,0.9750000000000012,0.001379646,0.9750000000000012,-0.0022928753333333334
14,0.9500000000000013,0.0011927973333333334,0.9500000000000013,-0.003417306666666667
15,0.9250000000000014,0.001044592,0.9250000000000014,-0.004524351333333333
16,0.9000000000000015,0.0009261386666666667,0.9000000000000015,-0.005614028666666666
17,0.8750000000000016,0.000829096,0.8750000000000016,-0.00668472
18,0.8500000000000016,0.0007499226666666667,0.8500000000000016,-0.007451753333333333
19,0.8250000000000017,0.0006824046666666667,0.8250000000000017,-0.00855102
20,0.8000000000000018,0.0006251576000000001,0.8000000000000018,-0.009577593333333334
21,0.7750000000000019,0.000568805,0.7750000000000019,-0.010550986666666668
22,0.750000000000002,0.0005210515333333334,0.750000000000002,-0.01147626
23,0.7250000000000021,0.0004756942666666667,0.7250000000000021,-0.012353353333333334
24,0.7000000000000022,0.00043388560000000005,0.7000000000000022,-0.01318174
25,0.6750000000000023,0.00039531326666666667,0.6750000000000023,-0.013965440000000003
26,0.6500000000000024,0.0003589422,0.6500000000000024,-0.014706513333333334
27,0.6250000000000024,0.00032487326666666666,0.6250000000000024,-0.015400020000000002
28,0.6000000000000025,0.00029222353333333337,0.6000000000000025,-0.016056373333333332
29,0.5750000000000026,0.0002625024666666667,0.5750000000000026,-0.016677053333333334
30,0.5500000000000027,0.0002345222,0.5500000000000027,-0.017245966666666668
31,0.5250000000000028,0.00020894273333333334,0.5250000000000028,-0.01778186
32,0.5000000000000029,0.00018521180000000001,0.5000000000000029,-0.01827974666666667
33,0.475000000000003,0.00016328706666666668,0.475000000000003,-0.018744093333333333
34,0.45000000000000306,0.00014258993333333335,0.45000000000000306,-0.019185486666666668
35,0.42500000000000315,0.000124105,0.42500000000000315,-0.01959074
36,0.40000000000000324,0.00010699940000000001,0.40000000000000324,-0.01996426
37,0.37500000000000333,9.142966666666668e-05,0.37500000000000333,-0.020315513333333333
38,0.3500000000000034,7.765686666666667e-05,0.3500000000000034,-0.020638686666666666
39,0.3250000000000035,6.595872666666667e-05,0.3250000000000035,-0.020934753333333337
40,0.3000000000000036,5.412950666666667e-05,0.3000000000000036,-0.021205006666666668
41,0.2750000000000037,4.435252666666667e-05,0.2750000000000037,-0.021455833333333334
42,0.2500000000000038,3.581168666666667e-05,0.2500000000000038,-0.02168788
43,0.22500000000000386,2.840746666666667e-05,0.22500000000000386,-0.02188058
44,0.20000000000000395,2.194382e-05,0.20000000000000395,-0.022072553333333335
45,0.17500000000000404,1.635818e-05,0.17500000000000404,-0.022245193333333333
46,0.15000000000000413,1.1640726666666666e-05,0.15000000000000413,-0.022401013333333334
47,0.12500000000000422,7.635213333333333e-06,0.12500000000000422,-0.02254052
48,0.10000000000000431,5.007964666666667e-06,0.10000000000000431,-0.02266608
49,0.0750000000000044,1.5490466666666666e-06,0.0750000000000044,-0.022780513333333335
50,0.050000000000004485,-1.1065773333333333e-06,0.050000000000004485,-0.022883913333333335
51,0.025000000000004574,-3.5533320000000004e-06,0.025000000000004574,-0.022979733333333335
52,4.6629367034256575e-15,-5.884198666666667e-06,4.6629367034256575e-15,-0.02306472
53,-0.024999999999995248,-6.962626666666667e-06,-0.024999999999995248,-0.023141166666666668
54,-0.04999999999999516,-9.735866666666666e-06,-0.04999999999999516,-0.023212653333333336
55,-0.07499999999999507,-1.206266e-05,-0.07499999999999507,-0.0232864
56,-0.09999999999999498,-1.4521973333333333e-05,-0.09999999999999498,-0.02334722666666667
57,-0.12499999999999489,-1.6966593333333335e-05,-0.12499999999999489,-0.02340478
58,-0.1499999999999948,-1.9580433333333333e-05,-0.1499999999999948,-0.0234572
59,-0.17499999999999472,-2.219974666666667e-05,-0.17499999999999472,-0.023506473333333337
60,-0.19999999999999463,-2.481184e-05,-0.19999999999999463,-0.023549686666666667
61,-0.22499999999999454,-2.771550666666667e-05,-0.22499999999999454,-0.023596773333333335
62,-0.24999999999999445,-3.0559493333333335e-05,-0.24999999999999445,-0.023634380000000003
63,-0.27499999999999436,-3.346483333333333e-05,-0.27499999999999436,-0.02367576
