,93_5R_V_D,93_5R_J_D,93_5R_V_L,93_5R_J_L
0,1.3,0.011975993333333334,1.3,0.015162606666666668
1,1.2750000000000001,0.011843900000000001,1.2750000000000001,0.013760346666666666
2,1.2500000000000002,0.010912833333333333,1.2500000000000002,0.012171093333333334
3,1.2250000000000003,0.009770333333333334,1.2250000000000003,0.01053658
4,1.2000000000000004,0.008566506666666666,1.2000000000000004,0.0089066
5,1.1750000000000005,0.00737638,1.1750000000000005,0.007303966666666667
6,1.1500000000000006,0.006111853333333334,1.1500000000000006,0.005765124
7,1.1250000000000007,0.005172171333333334,1.1250000000000007,0.004215642
8,1.1000000000000008,0.004241310666666667,1.1000000000000008,0.0027400533333333333
9,1.0750000000000008,0.0034147673333333336,1.0750000000000008,0.0013130133333333334
10,1.050000000000001,0.0027125026666666666,1.050000000000001,0.00013833593333333334
11,1.025000000000001,0.0021378293333333335,1.025000000000001,-0.0011666546666666668
12,1.000000000000001,0.0016860080000000001,1.000000000000001,-0.002558050666666667
13,0.9750000000000012,0.0013415033333333333,0.9750000000000012,-0.003820629333333334
14,0.9500000000000013,0.0010882706666666667,0.9500000000000013,-0.005007421333333334
15,0.9250000000000014,0.0009026586666666667,0.9250000000000014,-0.006134599333333333
16,0.9000000000000015,0.0007689320000000001,0.9000000000000015,-0.006998659999999999
17,0.8750000000000016,0.00066909,0.8750000000000016,-0.007813066666666669
18,0.8500000000000016,0.0005932763333333334,0.8500000000000016,-0.008916133333333333
19,0.8250000000000017,0.000530209,0.8250000000000017,-0.009889006666666667
20,0.8000000000000018,0.00048007946666666664,0.8000000000000018,-0.010786506666666666
21,0.7750000000000019,0.00043620819999999995,0.7750000000000019,-0.011621766666666667
22,0.750000000000002,0.0003986415333333333,0.750000000000002,-0.01240306
23,0.7250000000000021,0.00036348126666666664,0.7250000000000021,-0.013138593333333335
24,0.7000000000000022,0.00033081386666666666,0.7000000000000022,-0.013825886666666667
25,0.6750000000000023,0.00029987080000000004,0.6750000000000023,-0.0144726
26,0.6500000000000024,0.00027218866666666667,0.6500000000000024,-0.015074146666666666
27,0.6250000000000024,0.00024628780000000004,0.6250000000000024,-0.015645006666666666
28,0.6000000000000025,0.0002220850666666667,0.6000000000000025,-0.016183313333333334
29,0.5750000000000026,0.00019956133333333333,0.5750000000000026,-0.01666822
30,0.5500000000000027,0.00017848833333333335,0.5500000000000027,-0.01712406
31,0.5250000000000028,0.00015877920000000002,0.5250000000000028,-0.017545
32,0.5000000000000029,0.00014054766666666668,0.5000000000000029,-0.017933633333333334
33,0.475000000000003,0.00012408093333333335,0.475000000000003,-0.018304400000000002
34,0.45000000000000306,0.00010858466666666667,0.45000000000000306,-0.01863894666666667
35,0.42500000000000315,9.42986e-05,0.42500000000000315,-0.018946993333333335
36,0.40000000000000324,8.198073333333333e-05,0.40000000000000324,-0.019236593333333336
37,0.37500000000000333,7.00778e-05,0.37500000000000333,-0.01950114
38,0.3500000000000034,6.084198666666667e-05,0.3500000000000034,-0.019741273333333337
39,0.3250000000000035,5.05651e-05,0.3250000000000035,-0.019965573333333334
40,0.3000000000000036,4.224936e-05,0.3000000000000036,-0.020166913333333335
41,0.2750000000000037,3.5006100000000004e-05,0.2750000000000037,-0.02036356666666667
42,0.2500000000000038,2.8560439999999998e-05,0.2500000000000038,-0.02052818
43,0.22500000000000386,2.3243973333333336e-05,0.22500000000000386,-0.020662286666666668
44,0.20000000000000395,1.8438386666666668e-05,0.20000000000000395,-0.020823593333333335
45,0.17500000000000404,1.445042e-05,0.17500000000000404,-0.020953186666666665
46,0.15000000000000413,1.094258e-05,0.15000000000000413,-0.021086360000000002
47,0.12500000000000422,7.898473333333333e-06,0.12500000000000422,-0.02120420666666667
48,0.10000000000000431,5.899538666666667e-06,0.10000000000000431,-0.021320153333333335
49,0.0750000000000044,2.903393333333333e-06,0.0750000000000044,-0.021432193333333335
50,0.050000000000004485,5.421648e-07,0.050000000000004485,-0.021542313333333334
51,0.025000000000004574,-1.6720700000000003e-06,0.025000000000004574,-0.0216468
52,4.6629367034256575e-15,-3.826720666666667e-06,4.6629367034256575e-15,-0.021751586666666666
53,-0.024999999999995248,-5.936105333333333e-06,-0.024999999999995248,-0.021851786666666668
54,-0.04999999999999516,-7.3028066666666675e-06,-0.04999999999999516,-0.02196152
55,-0.07499999999999507,-9.90596e-06,-0.07499999999999507,-0.022052193333333334
56,-0.09999999999999498,-1.2157713333333334e-05,-0.09999999999999498,-0.02214934
57,-0.12499999999999489,-1.4374560000000002e-05,-0.12499999999999489,-0.022247086666666666
58,-0.1499999999999948,-1.670447333333333e-05,-0.1499999999999948,-0.022345233333333332
59,-0.17499999999999472,-1.9063413333333333e-05,-0.17499999999999472,-0.022425373333333335
60,-0.19999999999999463,-2.1472646666666667e-05,-0.19999999999999463,-0.02250594666666667
61,-0.22499999999999454,-2.3867653333333333e-05,-0.22499999999999454,-0.02259732
62,-0.24999999999999445,-2.6613853333333334e-05,-0.24999999999999445,-0.022679753333333334
63,-0.27499999999999436,-2.930928666666667e-05,-0.27499999999999436,-0.022759153333333334
