,93_5R_V_D,93_5R_J_D,93_5R_V_L,93_5R_J_L
0,1.3,0.01824266,1.3,0.02347446666666667
1,1.2750000000000001,0.01737386,1.2750000000000001,0.02147824666666667
2,1.2500000000000002,0.015853086666666665,1.2500000000000002,0.01934988
3,1.2250000000000003,0.01422266,1.2250000000000003,0.017229826666666666
4,1.2000000000000004,0.012600966666666666,1.2000000000000004,0.01516802
5,1.1750000000000005,0.011039533333333334,1.1750000000000005,0.013180846666666668
6,1.1500000000000006,0.009569546666666666,1.1500000000000006,0.011268140000000001
7,1.1250000000000007,0.008192766666666667,1.1250000000000007,0.009433133333333333
8,1.1000000000000008,0.006931753333333334,1.1000000000000008,0.0076722533333333336
9,1.0750000000000008,0.005694150666666667,1.0750000000000008,0.006015764666666667
10,1.050000000000001,0.0047239353333333334,1.050000000000001,0.00431328
11,1.025000000000001,0.0038485660000000003,1.025000000000001,0.00271003
12,1.000000000000001,0.0030952473333333333,1.000000000000001,0.0011658880000000001
13,0.9750000000000012,0.0024640253333333335,0.9750000000000012,-0.00020645319999999998
14,0.9500000000000013,0.0019480959999999999,0.9500000000000013,-0.0016441239999999998
15,0.9250000000000014,0.0015409686666666667,0.9250000000000014,-0.0031725793333333336
16,0.9000000000000015,0.0012236626666666667,0.9000000000000015,-0.004579489333333334
17,0.8750000000000016,0.0009807153333333334,0.8750000000000016,-0.0059196480000000004
18,0.8500000000000016,0.000798946,0.8500000000000016,-0.006912473333333334
19,0.8250000000000017,0.0006590432666666667,0.8250000000000017,-0.008275353333333334
20,0.8000000000000018,0.0005544338666666667,0.8000000000000018,-0.00948732
21,0.7750000000000019,0.00047468913333333334,0.7750000000000019,-0.010605353333333335
22,0.750000000000002,0.0004142256666666667,0.750000000000002,-0.011642566666666668
23,0.7250000000000021,0.0003648580666666667,0.7250000000000021,-0.012599093333333334
24,0.7000000000000022,0.0003243182666666667,0.7000000000000022,-0.013486053333333333
25,0.6750000000000023,0.0002905870666666667,0.6750000000000023,-0.01430812
26,0.6500000000000024,0.000261528,0.6500000000000024,-0.015060686666666668
27,0.6250000000000024,0.00023603986666666666,0.6250000000000024,-0.015746426666666667
28,0.6000000000000025,0.00021317133333333333,0.6000000000000025,-0.016380833333333334
29,0.5750000000000026,0.000192628,0.5750000000000026,-0.016967906666666668
30,0.5500000000000027,0.00017380406666666669,0.5500000000000027,-0.0174895
31,0.5250000000000028,0.00015694746666666668,0.5250000000000028,-0.01797182666666667
32,0.5000000000000029,0.0001415088,0.5000000000000029,-0.018416053333333335
33,0.475000000000003,0.00012687200000000001,0.475000000000003,-0.018832440000000002
34,0.45000000000000306,0.00011361773333333333,0.45000000000000306,-0.019199526666666668
35,0.42500000000000315,0.00010115346666666667,0.42500000000000315,-0.01953828
36,0.40000000000000324,8.952806666666668e-05,0.40000000000000324,-0.019853453333333333
37,0.37500000000000333,7.879813333333333e-05,0.37500000000000333,-0.020138873333333335
38,0.3500000000000034,6.954993333333333e-05,0.3500000000000034,-0.02040344666666667
39,0.3250000000000035,6.172120666666668e-05,0.3250000000000035,-0.020644253333333334
40,0.3000000000000036,5.312827333333334e-05,0.3000000000000036,-0.020860660000000003
41,0.2750000000000037,4.561904666666667e-05,0.2750000000000037,-0.021059973333333332
42,0.2500000000000038,3.8850500000000004e-05,0.2500000000000038,-0.021239273333333336
43,0.22500000000000386,3.295621333333333e-05,0.22500000000000386,-0.02138386
44,0.20000000000000395,2.7637306666666666e-05,0.20000000000000395,-0.021544320000000002
45,0.17500000000000404,2.2515946666666668e-05,0.17500000000000404,-0.02167874
46,0.15000000000000413,1.85119e-05,0.15000000000000413,-0.02180836
47,0.12500000000000422,1.4290966666666666e-05,0.12500000000000422,-0.02190826666666667
48,0.10000000000000431,1.0420926666666666e-05,0.10000000000000431,-0.022008033333333336
49,0.0750000000000044,6.790293333333334e-06,0.0750000000000044,-0.022097533333333332
50,0.050000000000004485,3.668859333333333e-06,0.050000000000004485,-0.022179813333333336
51,0.025000000000004574,-1.7734286666666667e-07,0.025000000000004574,-0.02225764666666667
52,4.6629367034256575e-15,-3.721575333333333e-06,4.6629367034256575e-15,-0.022329540000000002
53,-0.024999999999995248,-6.9639533333333335e-06,-0.024999999999995248,-0.02239636
54,-0.04999999999999516,-9.91812e-06,-0.04999999999999516,-0.022459946666666668
55,-0.07499999999999507,-1.353918e-05,-0.07499999999999507,-0.02252032666666667
56,-0.09999999999999498,-1.7000933333333335e-05,-0.09999999999999498,-0.02257406
57,-0.12499999999999489,-2.0313653333333333e-05,-0.12499999999999489,-0.022634353333333336
58,-0.1499999999999948,-2.365952e-05,-0.1499999999999948,-0.0226913
59,-0.17499999999999472,-2.6851633333333336e-05,-0.17499999999999472,-0.022752500000000002
60,-0.19999999999999463,-3.0470973333333333e-05,-0.19999999999999463,-0.022791853333333334
61,-0.22499999999999454,-3.389211333333334e-05,-0.22499999999999454,-0.022847060000000002
62,-0.24999999999999445,-3.7362346666666665e-05,-0.24999999999999445,-0.022898480000000002
63,-0.27499999999999436,-4.0877893333333334e-05,-0.27499999999999436,-0.022951653333333332
