,93_5R_V_D,93_5R_J_D,93_5R_V_L,93_5R_J_L
0,1.3,0.019119226666666666,1.3,0.024818246666666665
1,1.2750000000000001,0.0182335,1.2750000000000001,0.02278398666666667
2,1.2500000000000002,0.01667664666666667,1.2500000000000002,0.020593166666666666
3,1.2250000000000003,0.014992346666666666,1.2250000000000003,0.01840446
4,1.2000000000000004,0.013322553333333332,1.2000000000000004,0.016273386666666667
5,1.1750000000000005,0.01170918,1.1750000000000005,0.0142147
6,1.1500000000000006,0.010183880000000001,1.1500000000000006,0.012234473333333334
7,1.1250000000000007,0.008759566666666668,1.1250000000000007,0.010334000000000001
8,1.1000000000000008,0.007450193333333333,1.1000000000000008,0.008508293333333333
9,1.0750000000000008,0.006158251333333334,1.0750000000000008,0.0067529600000000006
10,1.050000000000001,0.005138254666666667,1.050000000000001,0.005105666666666667
11,1.025000000000001,0.004214564666666667,1.025000000000001,0.0033987553333333334
12,1.000000000000001,0.0034121886666666668,1.000000000000001,0.0017895440000000001
13,0.9750000000000012,0.002735375333333333,0.9750000000000012,0.00035027733333333334
14,0.9500000000000013,0.0021771006666666667,0.9500000000000013,-0.0011369166666666667
15,0.9250000000000014,0.001728968,0.9250000000000014,-0.00271555
16,0.9000000000000015,0.0013772246666666668,0.9000000000000015,-0.004173129333333333
17,0.8750000000000016,0.0011054493333333333,0.8750000000000016,-0.005563704000000001
18,0.8500000000000016,0.00089793,0.8500000000000016,-0.006898746666666667
19,0.8250000000000017,0.0007407960000000001,0.8250000000000017,-0.007882479999999999
20,0.8000000000000018,0.0006191133333333334,0.8000000000000018,-0.009215726666666669
21,0.7750000000000019,0.0005260881333333334,0.7750000000000019,-0.01039676
22,0.750000000000002,0.0004556914,0.750000000000002,-0.011479606666666668
23,0.7250000000000021,0.0003986162666666667,0.7250000000000021,-0.012479386666666667
24,0.7000000000000022,0.0003528462,0.7000000000000022,-0.013396206666666667
25,0.6750000000000023,0.00031480386666666666,0.6750000000000023,-0.014252953333333332
26,0.6500000000000024,0.00028228380000000004,0.6500000000000024,-0.015016873333333333
27,0.6250000000000024,0.000255288,0.6250000000000024,-0.01572278666666667
28,0.6000000000000025,0.00023057000000000004,0.6000000000000025,-0.016365206666666667
29,0.5750000000000026,0.00020872153333333334,0.5750000000000026,-0.016950173333333332
30,0.5500000000000027,0.00018868913333333333,0.5500000000000027,-0.01749294
31,0.5250000000000028,0.00017092466666666667,0.5250000000000028,-0.01798188666666667
32,0.5000000000000029,0.000154557,0.5000000000000029,-0.01842702
33,0.475000000000003,0.0001392618,0.475000000000003,-0.018838393333333335
34,0.45000000000000306,0.00012509160000000001,0.45000000000000306,-0.019217553333333335
35,0.42500000000000315,0.00011228253333333333,0.42500000000000315,-0.0195613
36,0.40000000000000324,0.0001000338,0.40000000000000324,-0.019876693333333334
37,0.37500000000000333,8.892473333333334e-05,0.37500000000000333,-0.02016844
38,0.3500000000000034,7.871433333333333e-05,0.3500000000000034,-0.020442873333333333
39,0.3250000000000035,6.93662e-05,0.3250000000000035,-0.020677693333333334
40,0.3000000000000036,6.169131333333334e-05,0.3000000000000036,-0.020899073333333334
41,0.2750000000000037,5.3343706666666665e-05,0.2750000000000037,-0.021104653333333334
42,0.2500000000000038,4.603232666666667e-05,0.2500000000000038,-0.021282773333333335
43,0.22500000000000386,3.962606666666667e-05,0.22500000000000386,-0.021434406666666666
44,0.20000000000000395,3.3472726666666666e-05,0.20000000000000395,-0.021598486666666666
45,0.17500000000000404,2.812684666666667e-05,0.17500000000000404,-0.02173942
46,0.15000000000000413,2.2975540000000003e-05,0.15000000000000413,-0.02186564
47,0.12500000000000422,1.7989886666666667e-05,0.12500000000000422,-0.02198132
48,0.10000000000000431,1.3355813333333332e-05,0.10000000000000431,-0.022082206666666666
49,0.0750000000000044,8.787286666666666e-06,0.0750000000000044,-0.02217356
50,0.050000000000004485,4.713272666666667e-06,0.050000000000004485,-0.02226196
51,0.025000000000004574,1.3557946666666667e-08,0.025000000000004574,-0.022348253333333335
52,4.6629367034256575e-15,-4.397564000000001e-06,4.6629367034256575e-15,-0.02241487333333333
53,-0.024999999999995248,-8.25358e-06,-0.024999999999995248,-0.022482786666666667
54,-0.04999999999999516,-1.2835073333333334e-05,-0.04999999999999516,-0.02254484
55,-0.07499999999999507,-1.7026686666666665e-05,-0.07499999999999507,-0.022615760000000002
56,-0.09999999999999498,-2.14618e-05,-0.09999999999999498,-0.022668933333333335
57,-0.12499999999999489,-2.5773733333333334e-05,-0.12499999999999489,-0.022723800000000002
58,-0.1499999999999948,-3.0006260000000005e-05,-0.1499999999999948,-0.022779200000000003
59,-0.17499999999999472,-3.4115620000000004e-05,-0.17499999999999472,-0.022830413333333334
60,-0.19999999999999463,-3.8414333333333336e-05,-0.19999999999999463,-0.0228749
61,-0.22499999999999454,-4.3036906666666664e-05,-0.22499999999999454,-0.02293186666666667
62,-0.24999999999999445,-4.752736666666667e-05,-0.24999999999999445,-0.022979426666666667
63,-0.27499999999999436,-5.259535333333334e-05,-0.27499999999999436,-0.023028406666666668
