,93_5R_V_D,93_5R_J_D,93_5R_V_L,93_5R_J_L
0,1.3,0.01231398,1.3,0.015194446666666667
1,1.2750000000000001,0.01208458,1.2750000000000001,0.013794166666666666
2,1.2500000000000002,0.011090206666666666,1.2500000000000002,0.012205233333333333
3,1.2250000000000003,0.009902800000000002,1.2250000000000003,0.0105696
4,1.2000000000000004,0.008672966666666667,1.2000000000000004,0.008939513333333335
5,1.1750000000000005,0.007459453333333334,1.1750000000000005,0.007334166666666667
6,1.1500000000000006,0.006177435333333333,1.1500000000000006,0.0057931273333333335
7,1.1250000000000007,0.005219586,1.1250000000000007,0.004242010666666667
8,1.1000000000000008,0.00427948,1.1000000000000008,0.0027637313333333338
9,1.0750000000000008,0.0034415513333333333,1.0750000000000008,0.0013350346666666667
10,1.050000000000001,0.0027327333333333334,1.050000000000001,0.00015696973333333334
11,1.025000000000001,0.002152884,1.025000000000001,-0.0011515806666666667
12,1.000000000000001,0.0016981993333333334,1.000000000000001,-0.0025460193333333337
13,0.9750000000000012,0.0013527493333333335,0.9750000000000012,-0.0038098933333333336
14,0.9500000000000013,0.0010963146666666667,0.9500000000000013,-0.004997642666666667
15,0.9250000000000014,0.0009102013333333334,0.9250000000000014,-0.006124515333333334
16,0.9000000000000015,0.0007751953333333334,0.9000000000000015,-0.006998653333333334
17,0.8750000000000016,0.0006748253333333334,0.8750000000000016,-0.007803053333333334
18,0.8500000000000016,0.0005995496,0.8500000000000016,-0.008905906666666668
19,0.8250000000000017,0.0005375329333333333,0.8250000000000017,-0.00988032
20,0.8000000000000018,0.00048644500000000006,0.8000000000000018,-0.01077872
21,0.7750000000000019,0.0004422528666666667,0.7750000000000019,-0.011614506666666666
22,0.750000000000002,0.00040334686666666667,0.750000000000002,-0.012397226666666667
23,0.7250000000000021,0.0003678252,0.7250000000000021,-0.01313262
24,0.7000000000000022,0.0003353154,0.7000000000000022,-0.013822120000000002
25,0.6750000000000023,0.00030536333333333333,0.6750000000000023,-0.014466746666666665
26,0.6500000000000024,0.0002771244666666667,0.6500000000000024,-0.015070693333333333
27,0.6250000000000024,0.0002513494,0.6250000000000024,-0.015635000000000003
28,0.6000000000000025,0.0002265716,0.6000000000000025,-0.01617716
29,0.5750000000000026,0.00020381373333333336,0.5750000000000026,-0.016661093333333335
30,0.5500000000000027,0.00018284686666666667,0.5500000000000027,-0.017118
31,0.5250000000000028,0.00016297613333333334,0.5250000000000028,-0.017546073333333332
32,0.5000000000000029,0.0001456932,0.5000000000000029,-0.01793474
33,0.475000000000003,0.00012856560000000001,0.475000000000003,-0.018303133333333332
34,0.45000000000000306,0.00011272233333333333,0.45000000000000306,-0.018638786666666667
35,0.42500000000000315,9.862046666666667e-05,0.42500000000000315,-0.018946240000000003
36,0.40000000000000324,8.590386666666666e-05,0.40000000000000324,-0.0192346
37,0.37500000000000333,7.377553333333334e-05,0.37500000000000333,-0.01949836
38,0.3500000000000034,6.412324e-05,0.3500000000000034,-0.019739620000000003
39,0.3250000000000035,5.359832666666666e-05,0.3250000000000035,-0.019960326666666667
40,0.3000000000000036,4.5433586666666666e-05,0.3000000000000036,-0.02016330666666667
41,0.2750000000000037,3.776665333333334e-05,0.2750000000000037,-0.020360573333333336
42,0.2500000000000038,3.103505333333334e-05,0.2500000000000038,-0.02052858
43,0.22500000000000386,2.5439433333333336e-05,0.22500000000000386,-0.020663333333333332
44,0.20000000000000395,2.0573206666666668e-05,0.20000000000000395,-0.020819613333333334
45,0.17500000000000404,1.6158946666666668e-05,0.17500000000000404,-0.020956373333333337
46,0.15000000000000413,1.2165113333333333e-05,0.15000000000000413,-0.021086880000000002
47,0.12500000000000422,8.79464e-06,0.12500000000000422,-0.021203800000000002
48,0.10000000000000431,6.552808666666667e-06,0.10000000000000431,-0.021323266666666667
49,0.0750000000000044,3.360006666666667e-06,0.0750000000000044,-0.021432746666666665
50,0.050000000000004485,7.336393333333333e-07,0.050000000000004485,-0.021541053333333334
51,0.025000000000004574,-1.6715153333333336e-06,0.025000000000004574,-0.021646826666666667
52,4.6629367034256575e-15,-3.918646e-06,4.6629367034256575e-15,-0.02175016
53,-0.024999999999995248,-6.154608666666667e-06,-0.024999999999995248,-0.02184858666666667
54,-0.04999999999999516,-7.520386666666666e-06,-0.04999999999999516,-0.021956793333333335
55,-0.07499999999999507,-1.0161433333333334e-05,-0.07499999999999507,-0.0220484
56,-0.09999999999999498,-1.2436426666666667e-05,-0.09999999999999498,-0.022143866666666668
57,-0.12499999999999489,-1.4782999999999999e-05,-0.12499999999999489,-0.0222356
58,-0.1499999999999948,-1.7117066666666666e-05,-0.1499999999999948,-0.022338733333333336
59,-0.17499999999999472,-1.952228666666667e-05,-0.17499999999999472,-0.02242158666666667
60,-0.19999999999999463,-2.199062e-05,-0.19999999999999463,-0.02250176666666667
61,-0.22499999999999454,-2.4622380000000002e-05,-0.22499999999999454,-0.022589633333333334
62,-0.24999999999999445,-2.7339933333333336e-05,-0.24999999999999445,-0.022674946666666668
63,-0.27499999999999436,-3.0027840000000004e-05,-0.27499999999999436,-0.022754260000000002
