,93_5R_V_D,93_5R_J_D,93_5R_V_L,93_5R_J_L
0,1.3,0.0032750000000000006,1.3,0.010763453333333332
1,1.2750000000000001,0.0036841626666666667,1.2750000000000001,0.00968252
2,1.2500000000000002,0.003933594666666667,1.2500000000000002,0.008652400000000001
3,1.2250000000000003,0.003973463333333333,1.2250000000000003,0.007650206666666667
4,1.2000000000000004,0.00384152,1.2000000000000004,0.006676253333333333
5,1.1750000000000005,0.0035926853333333336,1.1750000000000005,0.0056922173333333334
6,1.1500000000000006,0.0032782960000000004,1.1500000000000006,0.004736882
7,1.1250000000000007,0.002938870666666667,1.1250000000000007,0.0038138160000000003
8,1.1000000000000008,0.0026012886666666665,1.1000000000000008,0.0029057366666666667
9,1.0750000000000008,0.0022781453333333337,1.0750000000000008,0.00199718
10,1.050000000000001,0.001981216,1.050000000000001,0.00108343
11,1.025000000000001,0.0017171246666666665,1.025000000000001,0.0002228198
12,1.000000000000001,0.0014903366666666666,1.000000000000001,-0.0006912706666666668
13,0.9750000000000012,0.0012957413333333334,0.9750000000000012,-0.001718008
14,0.9500000000000013,0.0011344773333333334,0.9500000000000013,-0.0027142373333333336
15,0.9250000000000014,0.0010015646666666667,0.9250000000000014,-0.0037085986666666668
16,0.9000000000000015,0.0008943353333333334,0.9000000000000015,-0.004699415333333333
17,0.8750000000000016,0.0008046166666666667,0.8750000000000016,-0.005684896666666667
18,0.8500000000000016,0.0007306933333333334,0.8500000000000016,-0.006657290000000001
19,0.8250000000000017,0.0006642325333333333,0.8250000000000017,-0.007366333333333333
20,0.8000000000000018,0.0006044780666666666,0.8000000000000018,-0.00838544
21,0.7750000000000019,0.0005523566666666667,0.7750000000000019,-0.009335333333333333
22,0.750000000000002,0.0005040504,0.750000000000002,-0.010246526666666667
23,0.7250000000000021,0.00046005073333333334,0.7250000000000021,-0.011118393333333334
24,0.7000000000000022,0.0004183650666666667,0.7000000000000022,-0.011945566666666668
25,0.6750000000000023,0.00037990120000000005,0.6750000000000023,-0.012738986666666667
26,0.6500000000000024,0.0003436166666666667,0.6500000000000024,-0.013494986666666669
27,0.6250000000000024,0.00030909906666666667,0.6250000000000024,-0.014206779999999999
28,0.6000000000000025,0.00027766453333333334,0.6000000000000025,-0.014886706666666668
29,0.5750000000000026,0.0002485619333333333,0.5750000000000026,-0.015529240000000001
30,0.5500000000000027,0.00022146573333333336,0.5500000000000027,-0.01613564
31,0.5250000000000028,0.00019666233333333336,0.5250000000000028,-0.01670942666666667
32,0.5000000000000029,0.0001733576,0.5000000000000029,-0.01725146
33,0.475000000000003,0.0001520824,0.475000000000003,-0.017766513333333334
34,0.45000000000000306,0.00013263666666666666,0.45000000000000306,-0.018238273333333332
35,0.42500000000000315,0.00011494146666666668,0.42500000000000315,-0.018683946666666666
36,0.40000000000000324,9.896873333333334e-05,0.40000000000000324,-0.01910406
37,0.37500000000000333,8.45074e-05,0.37500000000000333,-0.01950168
38,0.3500000000000034,7.11608e-05,0.3500000000000034,-0.019857333333333334
39,0.3250000000000035,5.982234666666667e-05,0.3250000000000035,-0.02019668
40,0.3000000000000036,4.889940666666667e-05,0.3000000000000036,-0.020509393333333334
41,0.2750000000000037,3.988354666666667e-05,0.2750000000000037,-0.02079888
42,0.2500000000000038,3.201105333333334e-05,0.2500000000000038,-0.02106608
43,0.22500000000000386,2.5425606666666665e-05,0.22500000000000386,-0.02130092
44,0.20000000000000395,1.9380993333333334e-05,0.20000000000000395,-0.02153018666666667
45,0.17500000000000404,1.4442733333333333e-05,0.17500000000000404,-0.021737813333333335
46,0.15000000000000413,1.0229386666666667e-05,0.15000000000000413,-0.021932406666666668
47,0.12500000000000422,7.77964e-06,0.12500000000000422,-0.022101453333333333
48,0.10000000000000431,4.826784e-06,0.10000000000000431,-0.022256626666666668
49,0.0750000000000044,1.6377306666666669e-06,0.0750000000000044,-0.02240027333333333
50,0.050000000000004485,-8.553433333333334e-07,0.050000000000004485,-0.022534000000000002
51,0.025000000000004574,-3.170419333333333e-06,0.025000000000004574,-0.0226534
52,4.6629367034256575e-15,-5.362681333333334e-06,4.6629367034256575e-15,-0.02276222
53,-0.024999999999995248,-7.0007600000000005e-06,-0.024999999999995248,-0.022860526666666665
54,-0.04999999999999516,-8.635953333333333e-06,-0.04999999999999516,-0.022952293333333335
55,-0.07499999999999507,-1.128792e-05,-0.07499999999999507,-0.023040253333333333
56,-0.09999999999999498,-1.3686126666666668e-05,-0.09999999999999498,-0.02311908
57,-0.12499999999999489,-1.611264e-05,-0.12499999999999489,-0.023191973333333334
58,-0.1499999999999948,-1.8699766666666667e-05,-0.1499999999999948,-0.023258833333333336
59,-0.17499999999999472,-2.1348313333333332e-05,-0.17499999999999472,-0.023322733333333335
60,-0.19999999999999463,-2.409402e-05,-0.19999999999999463,-0.023378693333333336
61,-0.22499999999999454,-2.697052e-05,-0.22499999999999454,-0.023436033333333335
62,-0.24999999999999445,-2.9939626666666668e-05,-0.24999999999999445,-0.02348758
63,-0.27499999999999436,-3.319498666666667e-05,-0.27499999999999436,-0.023538633333333336
