,93_5F_V_D,93_5F_J_D,93_5F_V_L,93_5F_J_L
0,-0.3,-4.083020666666667e-05,-0.3,-0.0242066
1,-0.27499999999999997,-3.581806666666667e-05,-0.27499999999999997,-0.024003493333333334
2,-0.24999999999999994,-3.176937333333334e-05,-0.24999999999999994,-0.02372316666666667
3,-0.22499999999999992,-2.7809160000000002e-05,-0.22499999999999992,-0.023382913333333335
4,-0.1999999999999999,-2.436996666666667e-05,-0.1999999999999999,-0.023019693333333334
5,-0.17499999999999988,-2.066098666666667e-05,-0.17499999999999988,-0.022656193333333335
6,-0.14999999999999986,-1.7104213333333333e-05,-0.14999999999999986,-0.022316453333333337
7,-0.12499999999999983,-1.393046e-05,-0.12499999999999983,-0.021989633333333335
8,-0.09999999999999981,-1.0751713333333333e-05,-0.09999999999999981,-0.021672086666666666
9,-0.07499999999999979,-7.72582e-06,-0.07499999999999979,-0.02137738
10,-0.04999999999999977,-5.079817333333334e-06,-0.04999999999999977,-0.021089613333333333
11,-0.024999999999999745,-2.059786e-06,-0.024999999999999745,-0.0208009
12,2.7755575615628914e-16,7.754246666666667e-07,2.7755575615628914e-16,-0.020515413333333333
13,0.0250000000000003,3.6846706666666668e-06,0.0250000000000003,-0.020241413333333333
14,0.05000000000000032,6.678086666666667e-06,0.05000000000000032,-0.019959633333333334
15,0.07500000000000034,9.702926666666667e-06,0.07500000000000034,-0.019685193333333333
16,0.10000000000000037,1.3243453333333334e-05,0.10000000000000037,-0.0193949
17,0.1250000000000004,1.6818066666666667e-05,0.1250000000000004,-0.019098253333333332
18,0.1500000000000004,2.098932e-05,0.1500000000000004,-0.018794513333333335
19,0.17500000000000043,2.5181253333333334e-05,0.17500000000000043,-0.01848876
20,0.20000000000000046,3.0157953333333333e-05,0.20000000000000046,-0.01816264
21,0.22500000000000048,3.526582666666667e-05,0.22500000000000048,-0.017812873333333333
22,0.2500000000000005,4.153255333333333e-05,0.2500000000000005,-0.017465480000000002
23,0.2750000000000005,4.8415700000000005e-05,0.2750000000000005,-0.017088206666666668
24,0.30000000000000054,5.591098666666667e-05,0.30000000000000054,-0.016706746666666668
25,0.32500000000000057,6.425102e-05,0.32500000000000057,-0.016276440000000003
26,0.3500000000000006,0.0001387344,0.3500000000000006,-0.01585908
27,0.3750000000000006,0.00015554086666666667,0.3750000000000006,-0.015409666666666667
28,0.40000000000000063,0.00017108080000000002,0.40000000000000063,-0.014936346666666668
29,0.42500000000000066,0.00018715426666666667,0.42500000000000066,-0.014442346666666666
30,0.4500000000000007,0.0002067674,0.4500000000000007,-0.013927506666666669
31,0.4750000000000007,0.00022374759999999999,0.4750000000000007,-0.012939126666666667
32,0.5000000000000007,0.00024306446666666666,0.5000000000000007,-0.012345346666666668
33,0.5250000000000008,0.0002633313333333333,0.5250000000000008,-0.01173866
34,0.5500000000000007,0.0002865602666666667,0.5500000000000007,-0.011126573333333334
35,0.5750000000000008,0.0003131860666666667,0.5750000000000008,-0.010480726666666667
36,0.6000000000000008,0.0003334379333333334,0.6000000000000008,-0.0098319
37,0.6250000000000009,0.0003569745333333333,0.6250000000000009,-0.009124846666666667
38,0.6500000000000008,0.00038649993333333336,0.6500000000000008,-0.00840546
39,0.6750000000000009,0.00041873553333333333,0.6750000000000009,-0.007715293333333333
40,0.7000000000000008,0.00045279086666666666,0.7000000000000008,-0.006994226666666666
41,0.7250000000000008,0.0004931963333333334,0.7250000000000008,-0.007385633333333334
42,0.7500000000000009,0.0005320231333333334,0.7500000000000009,-0.006835346666666667
43,0.775000000000001,0.0005837403333333334,0.775000000000001,-0.0056722199999999995
44,0.8000000000000009,0.0006356776000000001,0.8000000000000009,-0.00472422
45,0.8250000000000008,0.0006867226666666667,0.8250000000000008,-0.003819208666666667
46,0.850000000000001,0.0005845744666666667,0.850000000000001,-0.002937348
47,0.8750000000000011,0.0006802413333333333,0.8750000000000011,-0.0020157026666666666
48,0.900000000000001,0.0007920133333333334,0.900000000000001,-0.0010949406666666667
49,0.9250000000000009,0.0009414886666666666,0.9250000000000009,-0.0005226772
50,0.9500000000000011,0.0011531086666666667,0.9500000000000011,0.0005040523333333333
51,0.9750000000000012,0.0014071580000000002,0.9750000000000012,0.0004043376666666667
52,1.000000000000001,0.0017194086666666667,1.000000000000001,0.0014777726666666668
53,1.025000000000001,0.00211112,1.025000000000001,0.0024964033333333335
54,1.0500000000000012,0.0025799153333333335,1.0500000000000012,0.003517719333333334
55,1.0750000000000013,0.00314296,1.0750000000000013,0.004564513333333333
56,1.1000000000000012,0.0037844946666666665,1.1000000000000012,0.005645855333333334
57,1.125000000000001,0.004531260666666667,1.125000000000001,0.0067850133333333335
58,1.1500000000000012,0.005369463333333334,1.1500000000000012,0.007924800000000001
59,1.1750000000000014,0.006338434666666667,1.1750000000000014,0.009207713333333334
60,1.2000000000000013,0.007897873333333333,1.2000000000000013,0.010567506666666667
61,1.2250000000000012,0.008904946666666667,1.2250000000000012,0.012024766666666667
62,1.2500000000000013,0.01017746,1.2500000000000013,0.013586
63,1.2750000000000015,0.011607306666666666,1.2750000000000015,0.015261686666666668
