,93_5R_V_D,93_5R_J_D,93_5R_V_L,93_5R_J_L
0,1.3,0.02794841333333334,1.3,0.0365161
1,1.2750000000000001,0.027379186666666666,1.2750000000000001,0.03459983333333334
2,1.2500000000000002,0.025643113333333335,1.2500000000000002,0.03213970666666667
3,1.2250000000000003,0.023626066666666667,1.2250000000000003,0.029530220000000003
4,1.2000000000000004,0.02153176,1.2000000000000004,0.026897866666666666
5,1.1750000000000005,0.01942626,1.1750000000000005,0.02427710666666667
6,1.1500000000000006,0.01738398,1.1500000000000006,0.02170452
7,1.1250000000000007,0.015423200000000001,1.1250000000000007,0.019185093333333333
8,1.1000000000000008,0.013552906666666666,1.1000000000000008,0.016729713333333333
9,1.0750000000000008,0.011801466666666668,1.0750000000000008,0.014333033333333333
10,1.050000000000001,0.010182000000000002,1.050000000000001,0.012008086666666667
11,1.025000000000001,0.008712386666666667,1.025000000000001,0.009746800000000002
12,1.000000000000001,0.0073875066666666675,1.000000000000001,0.007552766666666667
13,0.9750000000000012,0.006078056,0.9750000000000012,0.005512120666666667
14,0.9500000000000013,0.005138193333333334,0.9500000000000013,0.00338886
15,0.9250000000000014,0.004295704666666667,0.9250000000000014,0.001415524
16,0.9000000000000015,0.0035779873333333335,0.9000000000000015,-0.0002924954666666667
17,0.8750000000000016,0.0029781580000000003,0.8750000000000016,-0.0020397253333333336
18,0.8500000000000016,0.0024867,0.8500000000000016,-0.0038736933333333337
19,0.8250000000000017,0.002080812,0.8250000000000017,-0.005504767333333334
20,0.8000000000000018,0.0017517053333333333,0.8000000000000018,-0.006986246666666668
21,0.7750000000000019,0.0014859666666666668,0.7750000000000019,-0.00807852
22,0.750000000000002,0.0012756793333333332,0.750000000000002,-0.009530006666666667
23,0.7250000000000021,0.001099298,0.7250000000000021,-0.01078022
24,0.7000000000000022,0.0009607346666666666,0.7000000000000022,-0.01187652
25,0.6750000000000023,0.0008482606666666667,0.6750000000000023,-0.012874466666666667
26,0.6500000000000024,0.0007552433333333333,0.6500000000000024,-0.013776773333333334
27,0.6250000000000024,0.000677422,0.6250000000000024,-0.014585793333333333
28,0.6000000000000025,0.0006119305333333333,0.6000000000000025,-0.015317780000000001
29,0.5750000000000026,0.0005539334666666666,0.5750000000000026,-0.015976753333333333
30,0.5500000000000027,0.0005042592,0.5500000000000027,-0.016567873333333333
31,0.5250000000000028,0.00046086513333333333,0.5250000000000028,-0.01710814
32,0.5000000000000029,0.000421782,0.5000000000000029,-0.017593506666666668
33,0.475000000000003,0.00038594493333333335,0.475000000000003,-0.01803476
34,0.45000000000000306,0.0003525154,0.45000000000000306,-0.01843382666666667
35,0.42500000000000315,0.00032137206666666665,0.42500000000000315,-0.01880172
36,0.40000000000000324,0.0002928164,0.40000000000000324,-0.019146006666666666
37,0.37500000000000333,0.00026584300000000004,0.37500000000000333,-0.019441873333333335
38,0.3500000000000034,0.00024083273333333334,0.3500000000000034,-0.019722606666666666
39,0.3250000000000035,0.00021648553333333335,0.3250000000000035,-0.01998884
40,0.3000000000000036,0.0001945434,0.3000000000000036,-0.020229246666666666
41,0.2750000000000037,0.00017386500000000002,0.2750000000000037,-0.020457533333333337
42,0.2500000000000038,0.000152335,0.2500000000000038,-0.02066608666666667
43,0.22500000000000386,0.00013332093333333334,0.22500000000000386,-0.020837473333333332
44,0.20000000000000395,0.00011540526666666666,0.20000000000000395,-0.021034586666666667
45,0.17500000000000404,9.747333333333333e-05,0.17500000000000404,-0.021207140000000003
46,0.15000000000000413,8.044066666666666e-05,0.15000000000000413,-0.021363366666666668
47,0.12500000000000422,6.409514e-05,0.12500000000000422,-0.02151094666666667
48,0.10000000000000431,4.748406e-05,0.10000000000000431,-0.02164814
49,0.0750000000000044,3.178456666666667e-05,0.0750000000000044,-0.021782946666666667
50,0.050000000000004485,1.6715333333333336e-05,0.050000000000004485,-0.021894373333333335
51,0.025000000000004574,2.125928666666667e-06,0.025000000000004574,-0.022001993333333334
52,4.6629367034256575e-15,-1.2672653333333334e-05,4.6629367034256575e-15,-0.022103826666666666
53,-0.024999999999995248,-2.7190220000000004e-05,-0.024999999999995248,-0.022207193333333333
54,-0.04999999999999516,-4.107030666666667e-05,-0.04999999999999516,-0.02228752
55,-0.07499999999999507,-5.546888e-05,-0.07499999999999507,-0.022367753333333334
56,-0.09999999999999498,-6.989666666666666e-05,-0.09999999999999498,-0.022449013333333333
57,-0.12499999999999489,-8.442246666666667e-05,-0.12499999999999489,-0.02252342666666667
58,-0.1499999999999948,-9.920273333333334e-05,-0.1499999999999948,-0.022593473333333332
59,-0.17499999999999472,-0.0001145076,-0.17499999999999472,-0.022661753333333333
60,-0.19999999999999463,-0.00013016006666666667,-0.19999999999999463,-0.02272092
61,-0.22499999999999454,-0.0001468214,-0.22499999999999454,-0.022784886666666667
62,-0.24999999999999445,-0.00016380026666666666,-0.24999999999999445,-0.02285456
63,-0.27499999999999436,-0.0001800836,-0.27499999999999436,-0.022908906666666666
