,93_5F_V_D,93_5F_J_D,93_5F_V_L,93_5F_J_L
0,-0.3,-1.4697733333333333e-05,-0.3,-0.02405560666666667
1,-0.27499999999999997,-1.2121353333333335e-05,-0.27499999999999997,-0.023919806666666668
2,-0.24999999999999994,-1.0376573333333334e-05,-0.24999999999999994,-0.02377806
3,-0.22499999999999992,-8.857306666666667e-06,-0.22499999999999992,-0.02361806
4,-0.1999999999999999,-7.57122e-06,-0.1999999999999999,-0.023429333333333333
5,-0.17499999999999988,-6.703586666666667e-06,-0.17499999999999988,-0.023200293333333333
6,-0.14999999999999986,-5.1553213333333335e-06,-0.14999999999999986,-0.022929353333333336
7,-0.12499999999999983,-4.002334e-06,-0.12499999999999983,-0.02261548
8,-0.09999999999999981,-2.9548713333333333e-06,-0.09999999999999981,-0.022267273333333334
9,-0.07499999999999979,-1.8917013333333334e-06,-0.07499999999999979,-0.021880313333333335
10,-0.04999999999999977,-8.397486666666667e-07,-0.04999999999999977,-0.021463180000000002
11,-0.024999999999999745,1.775778e-07,-0.024999999999999745,-0.021022640000000002
12,2.7755575615628914e-16,1.1970666666666667e-06,2.7755575615628914e-16,-0.020565053333333333
13,0.0250000000000003,2.263538666666667e-06,0.0250000000000003,-0.020083273333333335
14,0.05000000000000032,3.3802953333333333e-06,0.05000000000000032,-0.01959282
15,0.07500000000000034,4.557157333333333e-06,0.07500000000000034,-0.019094433333333334
16,0.10000000000000037,5.842196666666668e-06,0.10000000000000037,-0.018578093333333334
17,0.1250000000000004,6.999473333333334e-06,0.1250000000000004,-0.018073026666666665
18,0.1500000000000004,8.055666666666668e-06,0.1500000000000004,-0.017556786666666668
19,0.17500000000000043,1.065782e-05,0.17500000000000043,-0.01703640666666667
20,0.20000000000000046,1.3026426666666669e-05,0.20000000000000046,-0.016519233333333334
21,0.22500000000000048,1.5730573333333334e-05,0.22500000000000048,-0.015982926666666668
22,0.2500000000000005,1.8866526666666667e-05,0.2500000000000005,-0.015455046666666668
23,0.2750000000000005,2.244326666666667e-05,0.2750000000000005,-0.01492094
24,0.30000000000000054,2.6461153333333338e-05,0.30000000000000054,-0.01438444
25,0.32500000000000057,3.114412000000001e-05,0.32500000000000057,-0.01384448
26,0.3500000000000006,3.646526e-05,0.3500000000000006,-0.013300526666666666
27,0.3750000000000006,4.267254666666667e-05,0.3750000000000006,-0.012755886666666667
28,0.40000000000000063,4.99073e-05,0.40000000000000063,-0.01220454
29,0.42500000000000066,5.835000666666667e-05,0.42500000000000066,-0.011636986666666667
30,0.4500000000000007,6.83268e-05,0.4500000000000007,-0.01108924
31,0.4750000000000007,8.18662e-05,0.4750000000000007,-0.01052602
32,0.5000000000000007,9.60602e-05,0.5000000000000007,-0.0099482
33,0.5250000000000008,0.0001115486,0.5250000000000008,-0.009366826666666666
34,0.5500000000000007,0.0001290358,0.5500000000000007,-0.008776293333333334
35,0.5750000000000008,0.00014873653333333334,0.5750000000000008,-0.008177973333333333
36,0.6000000000000008,0.00017061606666666666,0.6000000000000008,-0.007579826666666667
37,0.6250000000000009,0.00019477186666666668,0.6250000000000009,-0.006967226666666666
38,0.6500000000000008,0.0002215752,0.6500000000000008,-0.007473360000000001
39,0.6750000000000009,0.0002509862666666667,0.6750000000000009,-0.006894233333333334
40,0.7000000000000008,0.00028337793333333333,0.7000000000000008,-0.0058806046666666665
41,0.7250000000000008,0.00031897693333333337,0.7250000000000008,-0.005085984666666667
42,0.7500000000000009,0.00035815600000000005,0.7500000000000009,-0.004347692666666667
43,0.775000000000001,0.0004013370666666667,0.775000000000001,-0.003643612666666667
44,0.8000000000000009,0.00044884826666666673,0.8000000000000009,-0.0029569753333333333
45,0.8250000000000008,0.0005013817333333334,0.8250000000000008,-0.002294964
46,0.850000000000001,0.0005595112666666667,0.850000000000001,-0.0016438626666666668
47,0.8750000000000011,0.0006246380666666667,0.8750000000000011,-0.0010087893333333333
48,0.900000000000001,0.0006976626666666667,0.900000000000001,-0.0010734553333333332
49,0.9250000000000009,0.000779558,0.9250000000000009,-0.00048120513333333337
50,0.9500000000000011,0.0008771426666666668,0.9500000000000011,0.00030918160000000005
51,0.9750000000000012,0.0009917186666666667,0.9750000000000012,0.0006730813333333333
52,1.000000000000001,0.0011270126666666667,1.000000000000001,0.0014572360000000002
53,1.025000000000001,0.001288972,1.025000000000001,0.002179036
54,1.0500000000000012,0.0014817873333333334,1.0500000000000012,0.00288885
55,1.0750000000000013,0.001715528,1.0750000000000013,0.0036012473333333333
56,1.1000000000000012,0.0019950379999999998,1.1000000000000012,0.004325501333333333
57,1.125000000000001,0.002330728,1.125000000000001,0.005073914
58,1.1500000000000012,0.0027276880000000002,1.1500000000000012,0.0058510720000000006
59,1.1750000000000014,0.0032020286666666667,1.1750000000000014,0.0066613413333333335
60,1.2000000000000013,0.003757539333333333,1.2000000000000013,0.007373806666666666
61,1.2250000000000012,0.00440304,1.2250000000000012,0.00834782
62,1.2500000000000013,0.005139706,1.2500000000000013,0.009357313333333334
63,1.2750000000000015,0.005978096666666667,1.2750000000000015,0.010428340000000001
