,93_5F_V_D,93_5F_J_D,93_5F_V_L,93_5F_J_L
0,-0.3,-1.7386366666666667e-05,-0.3,-0.02368488666666667
1,-0.27499999999999997,-1.4896786666666667e-05,-0.27499999999999997,-0.023363426666666666
2,-0.24999999999999994,-1.2889820000000001e-05,-0.24999999999999994,-0.022957019999999998
3,-0.22499999999999992,-1.1268133333333335e-05,-0.22499999999999992,-0.02246658
4,-0.1999999999999999,-9.783333333333333e-06,-0.1999999999999999,-0.021923173333333334
5,-0.17499999999999988,-8.151566666666668e-06,-0.17499999999999988,-0.021366986666666667
6,-0.14999999999999986,-6.742413333333334e-06,-0.14999999999999986,-0.020828093333333336
7,-0.12499999999999983,-5.766468666666667e-06,-0.12499999999999983,-0.020314500000000003
8,-0.09999999999999981,-4.063527333333334e-06,-0.09999999999999981,-0.01981788
9,-0.07499999999999979,-2.8038853333333337e-06,-0.07499999999999979,-0.019344853333333335
10,-0.04999999999999977,-1.5483546666666668e-06,-0.04999999999999977,-0.018878253333333334
11,-0.024999999999999745,-2.9241313333333334e-07,-0.024999999999999745,-0.018429093333333334
12,2.7755575615628914e-16,8.823386666666668e-07,2.7755575615628914e-16,-0.01800272
13,0.0250000000000003,2.1790866666666667e-06,0.0250000000000003,-0.01756876666666667
14,0.05000000000000032,3.45991e-06,0.05000000000000032,-0.01715930666666667
15,0.07500000000000034,4.841873333333334e-06,0.07500000000000034,-0.01675452666666667
16,0.10000000000000037,6.357198e-06,0.10000000000000037,-0.016346506666666667
17,0.1250000000000004,7.39206e-06,0.1250000000000004,-0.015971660000000002
18,0.1500000000000004,9.721966666666666e-06,0.1500000000000004,-0.015595186666666669
19,0.17500000000000043,1.2009053333333333e-05,0.17500000000000043,-0.015213893333333336
20,0.20000000000000046,1.4565946666666666e-05,0.20000000000000046,-0.014824240000000002
21,0.22500000000000048,1.757988666666667e-05,0.22500000000000048,-0.014459546666666668
22,0.2500000000000005,2.1016946666666667e-05,0.2500000000000005,-0.014095286666666668
23,0.2750000000000005,2.5107060000000003e-05,0.2750000000000005,-0.013724833333333334
24,0.30000000000000054,2.968078666666667e-05,0.30000000000000054,-0.013340820000000001
25,0.32500000000000057,3.485910666666667e-05,0.32500000000000057,-0.012956666666666667
26,0.3500000000000006,4.0888846666666666e-05,0.3500000000000006,-0.012570726666666667
27,0.3750000000000006,4.755698e-05,0.3750000000000006,-0.012179233333333334
28,0.40000000000000063,5.5256893333333333e-05,0.40000000000000063,-0.011772213333333333
29,0.42500000000000066,6.411678666666667e-05,0.42500000000000066,-0.011339920000000002
30,0.4500000000000007,7.24604e-05,0.4500000000000007,-0.010925760000000001
31,0.4750000000000007,8.501673333333334e-05,0.4750000000000007,-0.010494266666666667
32,0.5000000000000007,9.787246666666667e-05,0.5000000000000007,-0.010044086666666667
33,0.5250000000000008,0.00011225773333333333,0.5250000000000008,-0.009584733333333335
34,0.5500000000000007,0.00012825113333333332,0.5500000000000007,-0.009097313333333334
35,0.5750000000000008,0.0001457538,0.5750000000000008,-0.008599213333333335
36,0.6000000000000008,0.00016472353333333334,0.6000000000000008,-0.008099086666666668
37,0.6250000000000009,0.00018684033333333334,0.6250000000000009,-0.007573806666666667
38,0.6500000000000008,0.0002107606,0.6500000000000008,-0.0070368466666666666
39,0.6750000000000009,0.00023607266666666665,0.6750000000000009,-0.007752406666666667
40,0.7000000000000008,0.0002650912666666667,0.7000000000000008,-0.007521700000000001
41,0.7250000000000008,0.0002954746,0.7250000000000008,-0.0068605
42,0.7500000000000009,0.00032905120000000003,0.7500000000000009,-0.00572919
43,0.775000000000001,0.0003661548,0.775000000000001,-0.004918382666666667
44,0.8000000000000009,0.0004066976,0.8000000000000009,-0.0041783233333333334
45,0.8250000000000008,0.00045103,0.8250000000000008,-0.003469223333333333
46,0.850000000000001,0.0005039965333333334,0.850000000000001,-0.0027677973333333334
47,0.8750000000000011,0.0005635258,0.8750000000000011,-0.0020765093333333334
48,0.900000000000001,0.0006348408666666666,0.900000000000001,-0.0013801520000000002
49,0.9250000000000009,0.000748808,0.9250000000000009,-0.0006795740000000001
50,0.9500000000000011,0.0008582279999999999,0.9500000000000011,-0.0008985706666666667
51,0.9750000000000012,0.0010072506666666669,0.9750000000000012,-0.0001405904
52,1.000000000000001,0.0012069826666666666,1.000000000000001,0.0006999793333333334
53,1.025000000000001,0.00147071,1.025000000000001,0.001398638
54,1.0500000000000012,0.0018192266666666667,1.0500000000000012,0.0024737813333333336
55,1.0750000000000013,0.002268684,1.0750000000000013,0.0034776620000000003
56,1.1000000000000012,0.0028360846666666668,1.1000000000000012,0.004498589333333333
57,1.125000000000001,0.003534184,1.125000000000001,0.005570692
58,1.1500000000000012,0.004368271333333333,1.1500000000000012,0.006711093333333334
59,1.1750000000000014,0.005359114000000001,1.1750000000000014,0.007853666666666667
60,1.2000000000000013,0.006488821333333334,1.2000000000000013,0.009256326666666667
61,1.2250000000000012,0.008546100000000001,1.2250000000000012,0.01072572
62,1.2500000000000013,0.00970344,1.2500000000000013,0.01229516
63,1.2750000000000015,0.01118506,1.2750000000000015,0.013974626666666667
