,93_5F_V_D,93_5F_J_D,93_5F_V_L,93_5F_J_L
0,-0.3,-1.5783086666666666e-05,-0.3,-0.023843013333333333
1,-0.27499999999999997,-1.359718e-05,-0.27499999999999997,-0.023537413333333333
2,-0.24999999999999994,-1.2037753333333333e-05,-0.24999999999999994,-0.023144146666666667
3,-0.22499999999999992,-1.0399373333333333e-05,-0.22499999999999992,-0.022658726666666667
4,-0.1999999999999999,-9.01268e-06,-0.1999999999999999,-0.022120033333333334
5,-0.17499999999999988,-7.638766666666667e-06,-0.17499999999999988,-0.02157586666666667
6,-0.14999999999999986,-6.6619353333333344e-06,-0.14999999999999986,-0.0210585
7,-0.12499999999999983,-5.077187333333334e-06,-0.12499999999999983,-0.020584293333333333
8,-0.09999999999999981,-3.850749333333333e-06,-0.09999999999999981,-0.020126266666666667
9,-0.07499999999999979,-2.671906666666667e-06,-0.07499999999999979,-0.01968652666666667
10,-0.04999999999999977,-1.5128906666666666e-06,-0.04999999999999977,-0.0192694
11,-0.024999999999999745,-3.6253106666666666e-07,-0.024999999999999745,-0.018864693333333335
12,2.7755575615628914e-16,7.870173333333333e-07,2.7755575615628914e-16,-0.018479846666666667
13,0.0250000000000003,1.9748686666666666e-06,0.0250000000000003,-0.018104926666666667
14,0.05000000000000032,3.1751440000000003e-06,0.05000000000000032,-0.017732960000000002
15,0.07500000000000034,4.388366666666667e-06,0.07500000000000034,-0.017372833333333334
16,0.10000000000000037,5.76076e-06,0.10000000000000037,-0.017023453333333334
17,0.1250000000000004,6.99954e-06,0.1250000000000004,-0.016673793333333332
18,0.1500000000000004,8.59126e-06,0.1500000000000004,-0.01632508666666667
19,0.17500000000000043,1.13396e-05,0.17500000000000043,-0.015965146666666666
20,0.20000000000000046,1.4344606666666668e-05,0.20000000000000046,-0.01562828
21,0.22500000000000048,1.7179066666666666e-05,0.22500000000000048,-0.015277880000000002
22,0.2500000000000005,2.101484666666667e-05,0.2500000000000005,-0.014930093333333335
23,0.2750000000000005,2.514658e-05,0.2750000000000005,-0.0145704
24,0.30000000000000054,3.0429313333333336e-05,0.30000000000000054,-0.014207666666666667
25,0.32500000000000057,3.584394e-05,0.32500000000000057,-0.013832546666666667
26,0.3500000000000006,4.244956e-05,0.3500000000000006,-0.013453880000000001
27,0.3750000000000006,4.950504666666667e-05,0.3750000000000006,-0.01305126
28,0.40000000000000063,5.7661440000000006e-05,0.40000000000000063,-0.012645346666666666
29,0.42500000000000066,6.62615e-05,0.42500000000000066,-0.012221820000000001
30,0.4500000000000007,7.543153333333334e-05,0.4500000000000007,-0.011791853333333333
31,0.4750000000000007,8.766473333333333e-05,0.4750000000000007,-0.011334773333333334
32,0.5000000000000007,0.00010043906666666667,0.5000000000000007,-0.01084878
33,0.5250000000000008,0.00011457126666666667,0.5250000000000008,-0.010377366666666667
34,0.5500000000000007,0.0001303426,0.5500000000000007,-0.009878093333333334
35,0.5750000000000008,0.0001475202,0.5750000000000008,-0.009358546666666667
36,0.6000000000000008,0.00016621846666666667,0.6000000000000008,-0.008811593333333333
37,0.6250000000000009,0.00018662433333333333,0.6250000000000009,-0.00827612
38,0.6500000000000008,0.00020866033333333337,0.6500000000000008,-0.00771702
39,0.6750000000000009,0.00023224273333333334,0.6750000000000009,-0.007141386666666667
40,0.7000000000000008,0.0002591274,0.7000000000000008,-0.007851266666666667
41,0.7250000000000008,0.00028800306666666665,0.7250000000000008,-0.006706926666666667
42,0.7500000000000009,0.00031945620000000004,0.7500000000000009,-0.006502514666666667
43,0.775000000000001,0.00035384273333333334,0.775000000000001,-0.005427391333333334
44,0.8000000000000009,0.0003923024666666667,0.8000000000000009,-0.004628874
45,0.8250000000000008,0.00043620653333333335,0.8250000000000008,-0.0038922
46,0.850000000000001,0.0004870386,0.850000000000001,-0.00316598
47,0.8750000000000011,0.000548844,0.8750000000000011,-0.002463158
48,0.900000000000001,0.000625427,0.900000000000001,-0.001756972
49,0.9250000000000009,0.0007651206666666667,0.9250000000000009,-0.0010383093333333334
50,0.9500000000000011,0.000886968,0.9500000000000011,-0.0012409553333333333
51,0.9750000000000012,0.0010634773333333333,0.9750000000000012,-0.000461301
52,1.000000000000001,0.0013023633333333333,1.000000000000001,0.0006064618666666667
53,1.025000000000001,0.0016249686666666668,1.025000000000001,0.0011603006666666667
54,1.0500000000000012,0.002044828666666667,1.0500000000000012,0.0022833266666666668
55,1.0750000000000013,0.00258293,1.0750000000000013,0.0033426000000000003
56,1.1000000000000012,0.003250134,1.1000000000000012,0.004426432
57,1.125000000000001,0.004046778,1.125000000000001,0.0055694893333333335
58,1.1500000000000012,0.004998395333333333,1.1500000000000012,0.006785753333333333
59,1.1750000000000014,0.0060844466666666675,1.1750000000000014,0.008065780000000002
60,1.2000000000000013,0.007971273333333334,1.2000000000000013,0.009526546666666668
61,1.2250000000000012,0.0090729,1.2250000000000012,0.011059020000000001
62,1.2500000000000013,0.010485266666666666,1.2500000000000013,0.012691093333333334
63,1.2750000000000015,0.012054093333333333,1.2750000000000015,0.014426913333333334
