,93_5R_V_D,93_5R_J_D,93_5R_V_L,93_5R_J_L
0,1.3,0.0031837673333333333,1.3,0.011297473333333334
1,1.2750000000000001,0.0037423806666666668,1.2750000000000001,0.01012028
2,1.2500000000000002,0.0040930946666666666,1.2500000000000002,0.009012260000000001
3,1.2250000000000003,0.004169376000000001,1.2250000000000003,0.007937393333333334
4,1.2000000000000004,0.00402987,1.2000000000000004,0.006894126666666667
5,1.1750000000000005,0.0037518386666666667,1.1750000000000005,0.005848217333333333
6,1.1500000000000006,0.0034017386666666664,1.1500000000000006,0.0048291820000000004
7,1.1250000000000007,0.003026608,1.1250000000000007,0.0038481553333333334
8,1.1000000000000008,0.002653117333333333,1.1000000000000008,0.0028846073333333336
9,1.0750000000000008,0.0022986826666666666,1.0750000000000008,0.0019234433333333335
10,1.050000000000001,0.001975146666666667,1.050000000000001,0.0009615146666666667
11,1.025000000000001,0.0016890026666666665,1.025000000000001,9.934886666666667e-05
12,1.000000000000001,0.0014452706666666668,1.000000000000001,-0.0008958873333333333
13,0.9750000000000012,0.001242172,0.9750000000000012,-0.001975035333333333
14,0.9500000000000013,0.0010771466666666667,0.9500000000000013,-0.003014934
15,0.9250000000000014,0.0009445746666666667,0.9250000000000014,-0.004047510666666667
16,0.9000000000000015,0.0008383606666666668,0.9000000000000015,-0.0050676693333333335
17,0.8750000000000016,0.000752126,0.8750000000000016,-0.006077044
18,0.8500000000000016,0.0006801926666666667,0.8500000000000016,-0.006998693333333334
19,0.8250000000000017,0.0006195081333333334,0.8250000000000017,-0.007769393333333334
20,0.8000000000000018,0.0005636215333333334,0.8000000000000018,-0.00879616
21,0.7750000000000019,0.0005153376666666667,0.7750000000000019,-0.00975812
22,0.750000000000002,0.0004711311333333334,0.750000000000002,-0.010672473333333333
23,0.7250000000000021,0.0004303628,0.7250000000000021,-0.011542693333333333
24,0.7000000000000022,0.000392469,0.7000000000000022,-0.012363133333333333
25,0.6750000000000023,0.00035713633333333335,0.6750000000000023,-0.013151246666666666
26,0.6500000000000024,0.00032404013333333336,0.6500000000000024,-0.013899620000000001
27,0.6250000000000024,0.00029305280000000003,0.6250000000000024,-0.014605533333333334
28,0.6000000000000025,0.0002640682,0.6000000000000025,-0.015279480000000002
29,0.5750000000000026,0.00023700733333333334,0.5750000000000026,-0.01590506
30,0.5500000000000027,0.00021180506666666668,0.5500000000000027,-0.01649744666666667
31,0.5250000000000028,0.00018835433333333333,0.5250000000000028,-0.017053306666666667
32,0.5000000000000029,0.0001665996,0.5000000000000029,-0.017585953333333335
33,0.475000000000003,0.00014654999999999998,0.475000000000003,-0.0180737
34,0.45000000000000306,0.00012818486666666667,0.45000000000000306,-0.01853198
35,0.42500000000000315,0.00011116920000000002,0.42500000000000315,-0.0189638
36,0.40000000000000324,9.570993333333334e-05,0.40000000000000324,-0.019366653333333334
37,0.37500000000000333,8.167973333333334e-05,0.37500000000000333,-0.019741153333333334
38,0.3500000000000034,6.9089e-05,0.3500000000000034,-0.020089093333333335
39,0.3250000000000035,5.850917333333334e-05,0.3250000000000035,-0.020410653333333334
40,0.3000000000000036,4.786398e-05,0.3000000000000036,-0.020708153333333333
41,0.2750000000000037,3.901542666666667e-05,0.2750000000000037,-0.020991966666666667
42,0.2500000000000038,3.136924666666667e-05,0.2500000000000038,-0.021244273333333334
43,0.22500000000000386,2.484846e-05,0.22500000000000386,-0.021463286666666668
44,0.20000000000000395,1.911592666666667e-05,0.20000000000000395,-0.021685333333333334
45,0.17500000000000404,1.430378e-05,0.17500000000000404,-0.021875786666666668
46,0.15000000000000413,1.0236153333333333e-05,0.15000000000000413,-0.022057426666666668
47,0.12500000000000422,6.7368533333333336e-06,0.12500000000000422,-0.022220566666666667
48,0.10000000000000431,4.537999333333333e-06,0.10000000000000431,-0.022370433333333335
49,0.0750000000000044,1.4162693333333334e-06,0.0750000000000044,-0.022506226666666667
50,0.050000000000004485,-1.0271286666666667e-06,0.050000000000004485,-0.022629073333333333
51,0.025000000000004574,-3.2798313333333337e-06,0.025000000000004574,-0.022743700000000002
52,4.6629367034256575e-15,-5.419406666666667e-06,4.6629367034256575e-15,-0.022846453333333332
53,-0.024999999999995248,-7.000753333333334e-06,-0.024999999999995248,-0.02294224666666667
54,-0.04999999999999516,-8.56728e-06,-0.04999999999999516,-0.023033173333333334
55,-0.07499999999999507,-1.1147506666666667e-05,-0.07499999999999507,-0.023110266666666667
56,-0.09999999999999498,-1.346502e-05,-0.09999999999999498,-0.023187613333333336
57,-0.12499999999999489,-1.580334e-05,-0.12499999999999489,-0.023250426666666667
58,-0.1499999999999948,-1.820830666666667e-05,-0.1499999999999948,-0.023320720000000003
59,-0.17499999999999472,-2.0792233333333334e-05,-0.17499999999999472,-0.023378286666666668
60,-0.19999999999999463,-2.343116e-05,-0.19999999999999463,-0.02342654666666667
61,-0.22499999999999454,-2.6244700000000003e-05,-0.22499999999999454,-0.023481253333333334
62,-0.24999999999999445,-2.9095553333333334e-05,-0.24999999999999445,-0.023534846666666668
63,-0.27499999999999436,-3.2084926666666666e-05,-0.27499999999999436,-0.023577706666666667
