,93_5R_V_D,93_5R_J_D,93_5R_V_L,93_5R_J_L
0,1.3,0.01171374,1.3,0.014695020000000001
1,1.2750000000000001,0.011560333333333334,1.2750000000000001,0.013333406666666667
2,1.2500000000000002,0.010642146666666668,1.2500000000000002,0.0117994
3,1.2250000000000003,0.009506633333333334,1.2250000000000003,0.010218246666666667
4,1.2000000000000004,0.00832504,1.2000000000000004,0.008641393333333334
5,1.1750000000000005,0.007160386666666667,1.1750000000000005,0.007086953333333334
6,1.1500000000000006,0.005923651333333333,1.1500000000000006,0.005595168
7,1.1250000000000007,0.005008009333333333,1.1250000000000007,0.004085424000000001
8,1.1000000000000008,0.004104802666666667,1.1000000000000008,0.0026477833333333335
9,1.0750000000000008,0.0033026793333333334,1.0750000000000008,0.0012574286666666666
10,1.050000000000001,0.0026260273333333336,1.050000000000001,0.00013082413333333334
11,1.025000000000001,0.0020730440000000004,1.025000000000001,-0.001161078
12,1.000000000000001,0.0016387300000000001,1.000000000000001,-0.0025328
13,0.9750000000000012,0.0013115106666666666,0.9750000000000012,-0.003773800666666667
14,0.9500000000000013,0.0010668280000000001,0.9500000000000013,-0.0049415426666666665
15,0.9250000000000014,0.0008900906666666667,0.9250000000000014,-0.006054292
16,0.9000000000000015,0.0007614713333333334,0.9000000000000015,-0.006998666666666667
17,0.8750000000000016,0.0006664714666666668,0.8750000000000016,-0.00770506
18,0.8500000000000016,0.000591098,0.8500000000000016,-0.00880062
19,0.8250000000000017,0.0005323317333333333,0.8250000000000017,-0.009771466666666668
20,0.8000000000000018,0.0004826607333333334,0.8000000000000018,-0.010667973333333334
21,0.7750000000000019,0.00043944320000000004,0.7750000000000019,-0.011504140000000001
22,0.750000000000002,0.0004009966,0.750000000000002,-0.012289873333333333
23,0.7250000000000021,0.00036605053333333337,0.7250000000000021,-0.013037606666666668
24,0.7000000000000022,0.00033379453333333333,0.7000000000000022,-0.013718406666666667
25,0.6750000000000023,0.00030355173333333334,0.6750000000000023,-0.014367873333333333
26,0.6500000000000024,0.0002759480666666667,0.6500000000000024,-0.014977599999999999
27,0.6250000000000024,0.00024992766666666664,0.6250000000000024,-0.015556433333333333
28,0.6000000000000025,0.00022550466666666666,0.6000000000000025,-0.01608136
29,0.5750000000000026,0.0002022244,0.5750000000000026,-0.016576926666666665
30,0.5500000000000027,0.0001809062666666667,0.5500000000000027,-0.017034993333333335
31,0.5250000000000028,0.00016103620000000002,0.5250000000000028,-0.017468113333333337
32,0.5000000000000029,0.00014402633333333333,0.5000000000000029,-0.01786708
33,0.475000000000003,0.00012717146666666666,0.475000000000003,-0.018228800000000003
34,0.45000000000000306,0.0001122074,0.45000000000000306,-0.018568313333333333
35,0.42500000000000315,9.750073333333335e-05,0.42500000000000315,-0.018888433333333336
36,0.40000000000000324,8.470926666666667e-05,0.40000000000000324,-0.01918028
37,0.37500000000000333,7.27288e-05,0.37500000000000333,-0.01944876
38,0.3500000000000034,6.330876000000001e-05,0.3500000000000034,-0.019690113333333335
39,0.3250000000000035,5.2752286666666675e-05,0.3250000000000035,-0.019916446666666667
40,0.3000000000000036,4.462694e-05,0.3000000000000036,-0.020133453333333336
41,0.2750000000000037,3.7043673333333335e-05,0.2750000000000037,-0.020316586666666667
42,0.2500000000000038,3.0515106666666665e-05,0.2500000000000038,-0.020492673333333333
43,0.22500000000000386,2.4978306666666667e-05,0.22500000000000386,-0.02062894666666667
44,0.20000000000000395,2.0021000000000004e-05,0.20000000000000395,-0.02078964
45,0.17500000000000404,1.5811726666666667e-05,0.17500000000000404,-0.02093464
46,0.15000000000000413,1.2065400000000001e-05,0.15000000000000413,-0.021065206666666666
47,0.12500000000000422,8.785846666666667e-06,0.12500000000000422,-0.02119188
48,0.10000000000000431,6.468219333333334e-06,0.10000000000000431,-0.021310386666666667
49,0.0750000000000044,3.3199486666666665e-06,0.0750000000000044,-0.02142482
50,0.050000000000004485,7.842186666666667e-07,0.050000000000004485,-0.021536893333333335
51,0.025000000000004574,-1.6827420000000003e-06,0.025000000000004574,-0.021640753333333335
52,4.6629367034256575e-15,-4.054875333333334e-06,4.6629367034256575e-15,-0.021746093333333334
53,-0.024999999999995248,-6.5171420000000006e-06,-0.024999999999995248,-0.0218612
54,-0.04999999999999516,-8.095706666666667e-06,-0.04999999999999516,-0.02195394
55,-0.07499999999999507,-1.095524e-05,-0.07499999999999507,-0.022053073333333333
56,-0.09999999999999498,-1.341278e-05,-0.09999999999999498,-0.022153100000000002
57,-0.12499999999999489,-1.5831246666666667e-05,-0.12499999999999489,-0.02224132
58,-0.1499999999999948,-1.8446606666666667e-05,-0.1499999999999948,-0.02234006666666667
59,-0.17499999999999472,-2.0970566666666665e-05,-0.17499999999999472,-0.022432960000000002
60,-0.19999999999999463,-2.352948e-05,-0.19999999999999463,-0.022514973333333334
61,-0.22499999999999454,-2.631002666666667e-05,-0.22499999999999454,-0.02260864
62,-0.24999999999999445,-2.9278133333333337e-05,-0.24999999999999445,-0.022692533333333334
63,-0.27499999999999436,-3.2456306666666666e-05,-0.27499999999999436,-0.022774553333333336
