,93_5F_V_D,93_5F_J_D,93_5F_V_L,93_5F_J_L
0,-0.3,-0.00010657006666666666,-0.3,-0.024087740000000003
1,-0.27499999999999997,-9.7907e-05,-0.27499999999999997,-0.02378988
2,-0.24999999999999994,-9.398326666666667e-05,-0.24999999999999994,-0.023402806666666668
3,-0.22499999999999992,-9.090666666666667e-05,-0.22499999999999992,-0.022942773333333336
4,-0.1999999999999999,-8.807553333333333e-05,-0.1999999999999999,-0.02246648
5,-0.17499999999999988,-8.516133333333334e-05,-0.17499999999999988,-0.022005140000000003
6,-0.14999999999999986,-8.268086666666667e-05,-0.14999999999999986,-0.02158184
7,-0.12499999999999983,-8.022113333333334e-05,-0.12499999999999983,-0.02118776666666667
8,-0.09999999999999981,-7.785533333333334e-05,-0.09999999999999981,-0.020821693333333332
9,-0.07499999999999979,-7.538320000000001e-05,-0.07499999999999979,-0.02048144
10,-0.04999999999999977,-7.3107e-05,-0.04999999999999977,-0.020152406666666667
11,-0.024999999999999745,-7.08038e-05,-0.024999999999999745,-0.019836013333333333
12,2.7755575615628914e-16,-6.840686666666666e-05,2.7755575615628914e-16,-0.019542253333333332
13,0.0250000000000003,-6.83296e-05,0.0250000000000003,-0.019232593333333332
14,0.05000000000000032,-6.398023333333333e-05,0.05000000000000032,-0.018937313333333334
15,0.07500000000000034,-6.116260000000001e-05,0.07500000000000034,-0.018644553333333334
16,0.10000000000000037,-5.830976666666666e-05,0.10000000000000037,-0.018334780000000002
17,0.1250000000000004,-5.527662666666667e-05,0.1250000000000004,-0.018047793333333336
18,0.1500000000000004,-5.19451e-05,0.1500000000000004,-0.017748220000000002
19,0.17500000000000043,-4.821562e-05,0.17500000000000043,-0.017442779999999998
20,0.20000000000000046,-4.403912e-05,0.20000000000000046,-0.01711018
21,0.22500000000000048,-3.9390353333333336e-05,0.22500000000000048,-0.016790786666666665
22,0.2500000000000005,-3.389084666666666e-05,0.2500000000000005,-0.016458086666666667
23,0.2750000000000005,-2.777938e-05,0.2750000000000005,-0.01610906
24,0.30000000000000054,-2.0967853333333334e-05,0.30000000000000054,-0.01574210666666667
25,0.32500000000000057,-1.3268173333333334e-05,0.32500000000000057,-0.015357900000000002
26,0.3500000000000006,-1.0701953333333333e-05,0.3500000000000006,-0.014966706666666666
27,0.3750000000000006,-1.2587193333333334e-06,0.3750000000000006,-0.014548953333333335
28,0.40000000000000063,8.11778e-06,0.40000000000000063,-0.014108546666666668
29,0.42500000000000066,2.336276e-05,0.42500000000000066,-0.013638046666666667
30,0.4500000000000007,3.6893180000000006e-05,0.4500000000000007,-0.01317178
31,0.4750000000000007,5.137158666666667e-05,0.4750000000000007,-0.012680153333333334
32,0.5000000000000007,6.701413333333334e-05,0.5000000000000007,-0.012163553333333334
33,0.5250000000000008,7.757033333333334e-05,0.5250000000000008,-0.011635073333333332
34,0.5500000000000007,9.995233333333334e-05,0.5500000000000007,-0.0110699
35,0.5750000000000008,0.0001202766,0.5750000000000008,-0.010494466666666667
36,0.6000000000000008,0.00014261166666666668,0.6000000000000008,-0.00989258
37,0.6250000000000009,0.00016537846666666667,0.6250000000000009,-0.009278660000000001
38,0.6500000000000008,0.00019068946666666667,0.6500000000000008,-0.008648906666666668
39,0.6750000000000009,0.00021761826666666668,0.6750000000000009,-0.008003233333333333
40,0.7000000000000008,0.0002464859333333333,0.7000000000000008,-0.007352546666666666
41,0.7250000000000008,0.0002785048,0.7250000000000008,-0.0066799400000000005
42,0.7500000000000009,0.00031391393333333334,0.7500000000000009,-0.00672854
43,0.775000000000001,0.00035376406666666666,0.775000000000001,-0.005666981333333334
44,0.8000000000000009,0.0003997908,0.8000000000000009,-0.004857832666666667
45,0.8250000000000008,0.00045367499999999996,0.8250000000000008,-0.004093737333333334
46,0.850000000000001,0.0005188538000000001,0.850000000000001,-0.0033394680000000004
47,0.8750000000000011,0.0006000654,0.8750000000000011,-0.002584526
48,0.900000000000001,0.0007366866666666667,0.900000000000001,-0.001829016666666667
49,0.9250000000000009,0.0008637533333333334,0.9250000000000009,-0.0010600513333333334
50,0.9500000000000011,0.0010431273333333334,0.9500000000000011,-0.0012559613333333335
51,0.9750000000000012,0.0012864793333333333,0.9750000000000012,-0.0004046556
52,1.000000000000001,0.0016089046666666667,1.000000000000001,0.0006999266666666667
53,1.025000000000001,0.0020290593333333333,1.025000000000001,0.001405754
54,1.0500000000000012,0.002562256,1.0500000000000012,0.0026169773333333335
55,1.0750000000000013,0.0032296566666666668,1.0750000000000013,0.003774085333333333
56,1.1000000000000012,0.004019199333333334,1.1000000000000012,0.004959341333333334
57,1.125000000000001,0.004961734,1.125000000000001,0.006208356
58,1.1500000000000012,0.006037630666666667,1.1500000000000012,0.007440573333333334
59,1.1750000000000014,0.007822133333333333,1.1750000000000014,0.008918140000000001
60,1.2000000000000013,0.008914553333333334,1.2000000000000013,0.01044448
61,1.2250000000000012,0.010293006666666667,1.2250000000000012,0.012055526666666667
62,1.2500000000000013,0.0118289,1.2500000000000013,0.01375882
63,1.2750000000000015,0.013471446666666668,1.2750000000000015,0.015559406666666668
