,93_5R_V_D,93_5R_J_D,93_5R_V_L,93_5R_J_L
0,1.3,0.013474380000000001,1.3,0.01861576
1,1.2750000000000001,0.012729193333333333,1.2750000000000001,0.016899706666666667
2,1.2500000000000002,0.01153196,1.2500000000000002,0.01506444
3,1.2250000000000003,0.01026236,1.2250000000000003,0.013253520000000001
4,1.2000000000000004,0.009013853333333334,1.2000000000000004,0.011505666666666666
5,1.1750000000000005,0.007821166666666667,1.1750000000000005,0.009828573333333333
6,1.1500000000000006,0.006704693333333334,1.1500000000000006,0.008225986666666667
7,1.1250000000000007,0.0055900993333333334,1.1250000000000007,0.006698346666666667
8,1.1000000000000008,0.004721354,1.1000000000000008,0.005241926666666667
9,1.0750000000000008,0.003920717333333334,1.0750000000000008,0.0037805993333333335
10,1.050000000000001,0.003209141333333333,1.050000000000001,0.0023931953333333335
11,1.025000000000001,0.0026025413333333335,1.025000000000001,0.0010350773333333335
12,1.000000000000001,0.002104456,1.000000000000001,-0.00020618553333333334
13,0.9750000000000012,0.0016920973333333332,0.9750000000000012,-0.0015040720000000002
14,0.9500000000000013,0.001368862,0.9500000000000013,-0.002884040666666667
15,0.9250000000000014,0.0011177686666666666,0.9250000000000014,-0.004181291333333333
16,0.9000000000000015,0.0009280826666666666,0.9000000000000015,-0.005438482
17,0.8750000000000016,0.0007800053333333333,0.8750000000000016,-0.006657776
18,0.8500000000000016,0.0006618126666666667,0.8500000000000016,-0.007577326666666668
19,0.8250000000000017,0.0005727716,0.8250000000000017,-0.008821873333333334
20,0.8000000000000018,0.0005041933333333334,0.8000000000000018,-0.009943513333333334
21,0.7750000000000019,0.0004487394,0.7750000000000019,-0.010989413333333333
22,0.750000000000002,0.0004013792,0.750000000000002,-0.011966206666666668
23,0.7250000000000021,0.00036186113333333336,0.7250000000000021,-0.012878026666666667
24,0.7000000000000022,0.0003276538,0.7000000000000022,-0.013722866666666667
25,0.6750000000000023,0.0002967027333333334,0.6750000000000023,-0.014520666666666668
26,0.6500000000000024,0.0002693096,0.6500000000000024,-0.015240866666666667
27,0.6250000000000024,0.0002446328,0.6250000000000024,-0.015909446666666667
28,0.6000000000000025,0.0002217276,0.6000000000000025,-0.016527493333333334
29,0.5750000000000026,0.0002007556,0.5750000000000026,-0.01710734
30,0.5500000000000027,0.0001817912666666667,0.5500000000000027,-0.017621993333333336
31,0.5250000000000028,0.00016432180000000002,0.5250000000000028,-0.01810048666666667
32,0.5000000000000029,0.00014765153333333333,0.5000000000000029,-0.01854342
33,0.475000000000003,0.00013231813333333334,0.475000000000003,-0.018946633333333334
34,0.45000000000000306,0.00011858506666666667,0.45000000000000306,-0.01931920666666667
35,0.42500000000000315,0.00010558713333333335,0.42500000000000315,-0.019659440000000004
36,0.40000000000000324,9.34404e-05,0.40000000000000324,-0.019972820000000002
37,0.37500000000000333,8.227133333333333e-05,0.37500000000000333,-0.020258706666666668
38,0.3500000000000034,7.189740000000001e-05,0.3500000000000034,-0.020523226666666665
39,0.3250000000000035,6.359809333333333e-05,0.3250000000000035,-0.020763973333333335
40,0.3000000000000036,5.411323333333333e-05,0.3000000000000036,-0.020979753333333333
41,0.2750000000000037,4.639454666666667e-05,0.2750000000000037,-0.021179593333333337
42,0.2500000000000038,3.9161560000000005e-05,0.2500000000000038,-0.02136838
43,0.22500000000000386,3.268681333333333e-05,0.22500000000000386,-0.02150688666666667
44,0.20000000000000395,2.7244733333333334e-05,0.20000000000000395,-0.021670453333333336
45,0.17500000000000404,2.2313806666666666e-05,0.17500000000000404,-0.02180724666666667
46,0.15000000000000413,1.7644406666666666e-05,0.15000000000000413,-0.02193078
47,0.12500000000000422,1.3446959999999999e-05,0.12500000000000422,-0.022043713333333333
48,0.10000000000000431,9.513726666666667e-06,0.10000000000000431,-0.022146433333333333
49,0.0750000000000044,6.452446666666667e-06,0.0750000000000044,-0.02224338
50,0.050000000000004485,2.59632e-06,0.050000000000004485,-0.0223288
51,0.025000000000004574,-7.917853333333333e-07,0.025000000000004574,-0.02240798
52,4.6629367034256575e-15,-4.054793333333333e-06,4.6629367034256575e-15,-0.02248306
53,-0.024999999999995248,-7.0007199999999994e-06,-0.024999999999995248,-0.022551726666666667
54,-0.04999999999999516,-9.94582e-06,-0.04999999999999516,-0.022615540000000003
55,-0.07499999999999507,-1.348996e-05,-0.07499999999999507,-0.022690426666666666
56,-0.09999999999999498,-1.6474273333333335e-05,-0.09999999999999498,-0.02274843333333333
57,-0.12499999999999489,-1.94823e-05,-0.12499999999999489,-0.022806760000000002
58,-0.1499999999999948,-2.2640533333333335e-05,-0.1499999999999948,-0.022862486666666668
59,-0.17499999999999472,-2.5597899999999998e-05,-0.17499999999999472,-0.02291912
60,-0.19999999999999463,-2.8772586666666668e-05,-0.19999999999999463,-0.022963846666666666
61,-0.22499999999999454,-3.1408520000000004e-05,-0.22499999999999454,-0.023019933333333333
62,-0.24999999999999445,-3.527727333333333e-05,-0.24999999999999445,-0.02306680666666667
63,-0.27499999999999436,-3.840179333333333e-05,-0.27499999999999436,-0.023119446666666668
