,93_5R_V_D,93_5R_J_D,93_5R_V_L,93_5R_J_L
0,1.3,0.0037796513333333333,1.3,0.013083413333333333
1,1.2750000000000001,0.004761142,1.2750000000000001,0.011719420000000001
2,1.2500000000000002,0.00530349,1.2500000000000002,0.010389653333333334
3,1.2250000000000003,0.005384754666666667,1.2250000000000003,0.009078880000000001
4,1.2000000000000004,0.005148873333333334,1.2000000000000004,0.007794680000000001
5,1.1750000000000005,0.004736047333333333,1.1750000000000005,0.006516660666666667
6,1.1500000000000006,0.004240924666666666,1.1500000000000006,0.0052587373333333335
7,1.1250000000000007,0.0037215573333333335,1.1250000000000007,0.004036481333333334
8,1.1000000000000008,0.003212358666666667,1.1000000000000008,0.0028360146666666667
9,1.0750000000000008,0.0027332320000000004,1.0750000000000008,0.0016481320000000003
10,1.050000000000001,0.002305348,1.050000000000001,0.0005623751333333334
11,1.025000000000001,0.0019351473333333333,1.025000000000001,-0.0006685686666666667
12,1.000000000000001,0.0016276786666666668,1.000000000000001,-0.0017025986666666668
13,0.9750000000000012,0.0013795506666666668,0.9750000000000012,-0.0029351353333333333
14,0.9500000000000013,0.0011836806666666666,0.9500000000000013,-0.004096745333333334
15,0.9250000000000014,0.0010308686666666666,0.9250000000000014,-0.0052267120000000005
16,0.9000000000000015,0.0009114593333333335,0.9000000000000015,-0.006326826666666667
17,0.8750000000000016,0.0008161493333333333,0.8750000000000016,-0.007067713333333333
18,0.8500000000000016,0.0007371593333333333,0.8500000000000016,-0.00820352
19,0.8250000000000017,0.000670644,0.8250000000000017,-0.0092527
20,0.8000000000000018,0.0006131717333333333,0.8000000000000018,-0.010238806666666666
21,0.7750000000000019,0.0005588848,0.7750000000000019,-0.011179786666666667
22,0.750000000000002,0.0005112964,0.750000000000002,-0.012066486666666668
23,0.7250000000000021,0.0004668513333333333,0.7250000000000021,-0.012901880000000001
24,0.7000000000000022,0.0004261738,0.7000000000000022,-0.013687333333333334
25,0.6750000000000023,0.0003878896666666667,0.6750000000000023,-0.014430386666666668
26,0.6500000000000024,0.0003519332666666667,0.6500000000000024,-0.015127033333333333
27,0.6250000000000024,0.0003184720666666667,0.6250000000000024,-0.015778153333333333
28,0.6000000000000025,0.00028737946666666667,0.6000000000000025,-0.01639152
29,0.5750000000000026,0.00025802353333333335,0.5750000000000026,-0.016971080000000003
30,0.5500000000000027,0.00023095826666666666,0.5500000000000027,-0.01750014
31,0.5250000000000028,0.00020554700000000002,0.5250000000000028,-0.017998260000000002
32,0.5000000000000029,0.00018210346666666668,0.5000000000000029,-0.018465486666666666
33,0.475000000000003,0.000160251,0.475000000000003,-0.01891198666666667
34,0.45000000000000306,0.00014027806666666668,0.45000000000000306,-0.01931394
35,0.42500000000000315,0.00012198060000000001,0.42500000000000315,-0.019694746666666665
36,0.40000000000000324,0.00010541686666666668,0.40000000000000324,-0.020049993333333332
37,0.37500000000000333,9.015933333333334e-05,0.37500000000000333,-0.02037810666666667
38,0.3500000000000034,7.649333333333334e-05,0.3500000000000034,-0.020681773333333334
39,0.3250000000000035,6.491966666666667e-05,0.3250000000000035,-0.020959313333333333
40,0.3000000000000036,5.324692666666667e-05,0.3000000000000036,-0.021213313333333334
41,0.2750000000000037,4.353106e-05,0.2750000000000037,-0.0214498
42,0.2500000000000038,3.5052986666666666e-05,0.2500000000000038,-0.02166342
43,0.22500000000000386,2.7854793333333337e-05,0.22500000000000386,-0.021847786666666667
44,0.20000000000000395,2.144896e-05,0.20000000000000395,-0.022030293333333333
45,0.17500000000000404,1.6205653333333334e-05,0.17500000000000404,-0.022193873333333333
46,0.15000000000000413,1.1596526666666667e-05,0.15000000000000413,-0.022349066666666667
47,0.12500000000000422,7.722826666666667e-06,0.12500000000000422,-0.02247786666666667
48,0.10000000000000431,5.162075333333333e-06,0.10000000000000431,-0.022598800000000002
49,0.0750000000000044,1.6478953333333333e-06,0.0750000000000044,-0.022710626666666667
50,0.050000000000004485,-1.0791279999999999e-06,0.050000000000004485,-0.02281264666666667
51,0.025000000000004574,-3.5933653333333334e-06,0.025000000000004574,-0.022904240000000003
52,4.6629367034256575e-15,-5.989831333333334e-06,4.6629367034256575e-15,-0.02299002
53,-0.024999999999995248,-7.167173333333334e-06,-0.024999999999995248,-0.023068493333333336
54,-0.04999999999999516,-1.0041680000000001e-05,-0.04999999999999516,-0.02314102666666667
55,-0.07499999999999507,-1.247446e-05,-0.07499999999999507,-0.023211166666666668
56,-0.09999999999999498,-1.5060986666666668e-05,-0.09999999999999498,-0.02327338
57,-0.12499999999999489,-1.7698233333333336e-05,-0.12499999999999489,-0.02333346
58,-0.1499999999999948,-2.0311373333333336e-05,-0.1499999999999948,-0.023388060000000002
59,-0.17499999999999472,-2.2995006666666665e-05,-0.17499999999999472,-0.023445293333333336
60,-0.19999999999999463,-2.5752693333333336e-05,-0.19999999999999463,-0.023487013333333334
61,-0.22499999999999454,-2.8918066666666667e-05,-0.22499999999999454,-0.0235383
62,-0.24999999999999445,-3.203044e-05,-0.24999999999999445,-0.02358296666666667
63,-0.27499999999999436,-3.4989260000000005e-05,-0.27499999999999436,-0.023622006666666667
