,93_5R_V_D,93_5R_J_D,93_5R_V_L,93_5R_J_L
0,1.3,0.011120073333333334,1.3,0.014551933333333334
1,1.2750000000000001,0.011137266666666668,1.2750000000000001,0.01319672
2,1.2500000000000002,0.01031418,1.2500000000000002,0.01167782
3,1.2250000000000003,0.009254880000000002,1.2250000000000003,0.010112053333333332
4,1.2000000000000004,0.008119713333333334,1.2000000000000004,0.008543693333333335
5,1.1750000000000005,0.006988533333333333,1.1750000000000005,0.006997326666666667
6,1.1500000000000006,0.005770040666666667,1.1500000000000006,0.005514072
7,1.1250000000000007,0.00488773,1.1250000000000007,0.004013360666666667
8,1.1000000000000008,0.004004530666666667,1.1000000000000008,0.0025864786666666664
9,1.0750000000000008,0.0032224173333333336,1.0750000000000008,0.0012059173333333335
10,1.050000000000001,0.0025599346666666666,1.050000000000001,0.00010718193333333332
11,1.025000000000001,0.002022204666666667,1.025000000000001,-0.0011675213333333333
12,1.000000000000001,0.0016012286666666666,1.000000000000001,-0.002526072
13,0.9750000000000012,0.001282158,0.9750000000000012,-0.0037581600000000004
14,0.9500000000000013,0.0010464546666666666,0.9500000000000013,-0.00491627
15,0.9250000000000014,0.0008755686666666667,0.9250000000000014,-0.006019714666666667
16,0.9000000000000015,0.0007495420000000001,0.9000000000000015,-0.006998519999999999
17,0.8750000000000016,0.0006571033333333333,0.8750000000000016,-0.007619306666666667
18,0.8500000000000016,0.000582776,0.8500000000000016,-0.008705926666666667
19,0.8250000000000017,0.0005244824000000001,0.8250000000000017,-0.009673253333333335
20,0.8000000000000018,0.0004752579333333334,0.8000000000000018,-0.01056164
21,0.7750000000000019,0.0004322554,0.7750000000000019,-0.011399326666666668
22,0.750000000000002,0.00039390380000000003,0.750000000000002,-0.012191013333333334
23,0.7250000000000021,0.0003586766666666667,0.7250000000000021,-0.012913573333333334
24,0.7000000000000022,0.0003264805333333333,0.7000000000000022,-0.013597353333333334
25,0.6750000000000023,0.00029624526666666666,0.6750000000000023,-0.01425172
26,0.6500000000000024,0.0002681912666666667,0.6500000000000024,-0.014871266666666667
27,0.6250000000000024,0.000241957,0.6250000000000024,-0.01543412
28,0.6000000000000025,0.00021757546666666667,0.6000000000000025,-0.01596506666666667
29,0.5750000000000026,0.0001948792,0.5750000000000026,-0.016458213333333332
30,0.5500000000000027,0.0001740308,0.5500000000000027,-0.01692318
31,0.5250000000000028,0.00015452146666666667,0.5250000000000028,-0.017355386666666667
32,0.5000000000000029,0.00013652926666666667,0.5000000000000029,-0.017749746666666667
33,0.475000000000003,0.00011999866666666667,0.475000000000003,-0.018118553333333336
34,0.45000000000000306,0.00010523573333333334,0.45000000000000306,-0.018464026666666668
35,0.42500000000000315,9.1113e-05,0.42500000000000315,-0.01878154
36,0.40000000000000324,7.864166666666668e-05,0.40000000000000324,-0.019074133333333333
37,0.37500000000000333,6.728446666666667e-05,0.37500000000000333,-0.019339513333333336
38,0.3500000000000034,5.821591333333334e-05,0.3500000000000034,-0.0195877
39,0.3250000000000035,4.8164226666666666e-05,0.3250000000000035,-0.019825866666666667
40,0.3000000000000036,4.008926666666667e-05,0.3000000000000036,-0.020022886666666666
41,0.2750000000000037,3.2913e-05,0.2750000000000037,-0.020217193333333335
42,0.2500000000000038,2.6879453333333337e-05,0.2500000000000038,-0.02039492
43,0.22500000000000386,2.1836386666666668e-05,0.22500000000000386,-0.020528853333333336
44,0.20000000000000395,1.7372333333333333e-05,0.20000000000000395,-0.020700606666666666
45,0.17500000000000404,1.3351026666666667e-05,0.17500000000000404,-0.020845040000000002
46,0.15000000000000413,1.0097853333333333e-05,0.15000000000000413,-0.02098522
47,0.12500000000000422,7.213153333333334e-06,0.12500000000000422,-0.021115260000000004
48,0.10000000000000431,5.350048666666666e-06,0.10000000000000431,-0.021238260000000002
49,0.0750000000000044,2.5108653333333336e-06,0.0750000000000044,-0.021354113333333334
50,0.050000000000004485,2.61906e-07,0.050000000000004485,-0.021470266666666668
51,0.025000000000004574,-1.8625533333333333e-06,0.025000000000004574,-0.021585973333333335
52,4.6629367034256575e-15,-3.908194e-06,4.6629367034256575e-15,-0.02170326
53,-0.024999999999995248,-5.9492600000000005e-06,-0.024999999999995248,-0.021803753333333335
54,-0.04999999999999516,-7.163166666666667e-06,-0.04999999999999516,-0.021910986666666667
55,-0.07499999999999507,-9.677446666666667e-06,-0.07499999999999507,-0.022015426666666667
56,-0.09999999999999498,-1.1753780000000001e-05,-0.09999999999999498,-0.022111613333333335
57,-0.12499999999999489,-1.3958026666666668e-05,-0.12499999999999489,-0.022216780000000002
58,-0.1499999999999948,-1.612004e-05,-0.1499999999999948,-0.022315726666666667
59,-0.17499999999999472,-1.8402673333333335e-05,-0.17499999999999472,-0.022407580000000003
60,-0.19999999999999463,-2.071892666666667e-05,-0.19999999999999463,-0.02249292
61,-0.22499999999999454,-2.2998293333333334e-05,-0.22499999999999454,-0.022588706666666666
62,-0.24999999999999445,-2.546779333333333e-05,-0.24999999999999445,-0.022675806666666666
63,-0.27499999999999436,-2.7993546666666668e-05,-0.27499999999999436,-0.0227581
