,93_5F_V_D,93_5F_J_D,93_5F_V_L,93_5F_J_L
0,-0.3,-2.5897600000000004e-05,-0.3,-0.024134586666666666
1,-0.27499999999999997,-2.3352606666666667e-05,-0.27499999999999997,-0.023825100000000002
2,-0.24999999999999994,-2.1026733333333333e-05,-0.24999999999999994,-0.0234042
3,-0.22499999999999992,-1.8697133333333334e-05,-0.22499999999999992,-0.022966880000000002
4,-0.1999999999999999,-1.6504453333333332e-05,-0.1999999999999999,-0.0225539
5,-0.17499999999999988,-1.4165133333333334e-05,-0.17499999999999988,-0.022171180000000002
6,-0.14999999999999986,-1.1949406666666667e-05,-0.14999999999999986,-0.02183566
7,-0.12499999999999983,-9.826286666666666e-06,-0.12499999999999983,-0.021527913333333336
8,-0.09999999999999981,-7.68276e-06,-0.09999999999999981,-0.021242653333333333
9,-0.07499999999999979,-5.753492e-06,-0.07499999999999979,-0.020974893333333335
10,-0.04999999999999977,-3.5460373333333335e-06,-0.04999999999999977,-0.020720873333333334
11,-0.024999999999999745,-1.4902146666666668e-06,-0.024999999999999745,-0.02047178666666667
12,2.7755575615628914e-16,5.563135333333333e-07,2.7755575615628914e-16,-0.02023210666666667
13,0.0250000000000003,2.665054666666667e-06,0.0250000000000003,-0.01998838
14,0.05000000000000032,4.7734026666666675e-06,0.05000000000000032,-0.019746073333333333
15,0.07500000000000034,6.9704333333333345e-06,0.07500000000000034,-0.019491013333333335
16,0.10000000000000037,9.00946e-06,0.10000000000000037,-0.01925236
17,0.1250000000000004,1.16293e-05,0.1250000000000004,-0.018995493333333332
18,0.1500000000000004,1.4423646666666667e-05,0.1500000000000004,-0.018727333333333335
19,0.17500000000000043,1.7485286666666668e-05,0.17500000000000043,-0.018435633333333337
20,0.20000000000000046,2.0974606666666667e-05,0.20000000000000046,-0.018157446666666667
21,0.22500000000000048,2.4977740000000003e-05,0.22500000000000048,-0.017845573333333337
22,0.2500000000000005,2.963754e-05,0.2500000000000005,-0.01753624
23,0.2750000000000005,3.487754666666667e-05,0.2750000000000005,-0.01719062
24,0.30000000000000054,4.0804546666666664e-05,0.30000000000000054,-0.01683343333333333
25,0.32500000000000057,4.757518666666667e-05,0.32500000000000057,-0.016454026666666666
26,0.3500000000000006,5.494500666666667e-05,0.3500000000000006,-0.016058553333333333
27,0.3750000000000006,6.331801333333333e-05,0.3750000000000006,-0.015631613333333332
28,0.40000000000000063,7.16748e-05,0.40000000000000063,-0.01517402
29,0.42500000000000066,8.219666666666667e-05,0.42500000000000066,-0.014716453333333336
30,0.4500000000000007,9.297186666666667e-05,0.4500000000000007,-0.01422866
31,0.4750000000000007,0.00010481993333333335,0.4750000000000007,-0.013710146666666666
32,0.5000000000000007,0.0001179988,0.5000000000000007,-0.01315726
33,0.5250000000000008,0.00013204606666666666,0.5250000000000008,-0.012603
34,0.5500000000000007,0.00014750993333333335,0.5500000000000007,-0.012018533333333333
35,0.5750000000000008,0.0001645356666666667,0.5750000000000008,-0.011401013333333333
36,0.6000000000000008,0.00018322933333333335,0.6000000000000008,-0.01075916
37,0.6250000000000009,0.0002041484,0.6250000000000009,-0.010095953333333333
38,0.6500000000000008,0.000227641,0.6500000000000008,-0.009407546666666667
39,0.6750000000000009,0.0002546658,0.6750000000000009,-0.008695706666666667
40,0.7000000000000008,0.0002867106,0.7000000000000008,-0.007968146666666667
41,0.7250000000000008,0.00032709380000000004,0.7250000000000008,-0.007208333333333333
42,0.7500000000000009,0.0003743658666666667,0.7500000000000009,-0.007586873333333334
43,0.775000000000001,0.0004341826,0.775000000000001,-0.00675894
44,0.8000000000000009,0.0005111147333333334,0.8000000000000009,-0.005496374666666666
45,0.8250000000000008,0.0006119801333333333,0.8250000000000008,-0.004462755333333334
46,0.850000000000001,0.0007858833333333334,0.850000000000001,-0.0034472773333333335
47,0.8750000000000011,0.0009426293333333334,0.8750000000000011,-0.002444436
48,0.900000000000001,0.001160042,0.900000000000001,-0.00142412
49,0.9250000000000009,0.0014434553333333335,0.9250000000000009,-0.0010069433333333333
50,0.9500000000000011,0.001805568,0.9500000000000011,0.00010033713333333335
51,0.9750000000000012,0.002254136,0.9750000000000012,0.0011477686666666667
52,1.000000000000001,0.0027967273333333337,1.000000000000001,0.00250086
53,1.025000000000001,0.00344151,1.025000000000001,0.0038009433333333334
54,1.0500000000000012,0.004203850666666667,1.0500000000000012,0.0051244
55,1.0750000000000013,0.0050813586666666665,1.0750000000000013,0.006502578666666667
56,1.1000000000000012,0.006074290666666667,1.1000000000000012,0.0077840466666666665
57,1.125000000000001,0.007508786666666667,1.125000000000001,0.00934834
58,1.1500000000000012,0.008585746666666668,1.1500000000000012,0.01094508
59,1.1750000000000014,0.009897860000000001,1.1750000000000014,0.012621186666666666
60,1.2000000000000013,0.011360186666666668,1.2000000000000013,0.014388999999999999
61,1.2250000000000012,0.012953713333333334,1.2250000000000012,0.016255020000000002
62,1.2500000000000013,0.014692840000000002,1.2500000000000013,0.018228153333333334
63,1.2750000000000015,0.016573553333333334,1.2750000000000015,0.020302806666666666
