,93_5F_V_D,93_5F_J_D,93_5F_V_L,93_5F_J_L
0,-0.3,-3.141020666666667e-05,-0.3,-0.024142693333333333
1,-0.27499999999999997,-2.828068e-05,-0.27499999999999997,-0.02385138
2,-0.24999999999999994,-2.5340886666666668e-05,-0.24999999999999994,-0.023441166666666666
3,-0.22499999999999992,-2.236836e-05,-0.22499999999999992,-0.023008446666666668
4,-0.1999999999999999,-1.9677206666666668e-05,-0.1999999999999999,-0.022593686666666668
5,-0.17499999999999988,-1.6922973333333336e-05,-0.17499999999999988,-0.022206686666666666
6,-0.14999999999999986,-1.4130613333333335e-05,-0.14999999999999986,-0.02186096
7,-0.12499999999999983,-1.153828e-05,-0.12499999999999983,-0.021542413333333336
8,-0.09999999999999981,-8.972646666666667e-06,-0.09999999999999981,-0.02124142
9,-0.07499999999999979,-6.607212e-06,-0.07499999999999979,-0.020976253333333333
10,-0.04999999999999977,-4.044039333333333e-06,-0.04999999999999977,-0.02071566
11,-0.024999999999999745,-1.71245e-06,-0.024999999999999745,-0.0204596
12,2.7755575615628914e-16,6.302865333333333e-07,2.7755575615628914e-16,-0.02020514
13,0.0250000000000003,2.991134666666667e-06,0.0250000000000003,-0.01996258
14,0.05000000000000032,5.391240666666667e-06,0.05000000000000032,-0.019721346666666667
15,0.07500000000000034,7.746833333333334e-06,0.07500000000000034,-0.019472640000000003
16,0.10000000000000037,1.0564053333333334e-05,0.10000000000000037,-0.019221540000000002
17,0.1250000000000004,1.3431633333333335e-05,0.1250000000000004,-0.018955973333333334
18,0.1500000000000004,1.6440813333333336e-05,0.1500000000000004,-0.01868808
19,0.17500000000000043,1.9994073333333335e-05,0.17500000000000043,-0.01840006
20,0.20000000000000046,2.40095e-05,0.20000000000000046,-0.01810572
21,0.22500000000000048,2.851544666666667e-05,0.22500000000000048,-0.01779064
22,0.2500000000000005,3.3529006666666666e-05,0.2500000000000005,-0.01747034
23,0.2750000000000005,3.940956000000001e-05,0.2750000000000005,-0.017126026666666665
24,0.30000000000000054,4.573297333333333e-05,0.30000000000000054,-0.016762100000000002
25,0.32500000000000057,5.310006666666667e-05,0.32500000000000057,-0.01636532666666667
26,0.3500000000000006,6.114056000000001e-05,0.3500000000000006,-0.01596914
27,0.3750000000000006,6.987340000000001e-05,0.3750000000000006,-0.015544286666666667
28,0.40000000000000063,7.798413333333334e-05,0.40000000000000063,-0.01509158
29,0.42500000000000066,8.974706666666667e-05,0.42500000000000066,-0.014624906666666666
30,0.4500000000000007,0.00010124186666666667,0.4500000000000007,-0.014116446666666668
31,0.4750000000000007,0.0001137904,0.4750000000000007,-0.013587946666666666
32,0.5000000000000007,0.00012735893333333336,0.5000000000000007,-0.013032393333333335
33,0.5250000000000008,0.00014249100000000002,0.5250000000000008,-0.01246412
34,0.5500000000000007,0.00015817093333333335,0.5500000000000007,-0.011856426666666668
35,0.5750000000000008,0.00017654513333333335,0.5750000000000008,-0.011227573333333333
36,0.6000000000000008,0.00019616526666666666,0.6000000000000008,-0.010574706666666666
37,0.6250000000000009,0.00021875913333333334,0.6250000000000009,-0.00989078
38,0.6500000000000008,0.0002435184,0.6500000000000008,-0.009172073333333334
39,0.6750000000000009,0.000272441,0.6750000000000009,-0.008452913333333334
40,0.7000000000000008,0.0003066238,0.7000000000000008,-0.007707473333333333
41,0.7250000000000008,0.00034919973333333336,0.7250000000000008,-0.0069246666666666675
42,0.7500000000000009,0.00040322253333333334,0.7500000000000009,-0.006778626666666667
43,0.775000000000001,0.00047009520000000003,0.775000000000001,-0.005613073333333334
44,0.8000000000000009,0.0005630050666666668,0.8000000000000009,-0.004653407333333334
45,0.8250000000000008,0.0007107386666666667,0.8250000000000008,-0.003707791333333334
46,0.850000000000001,0.000847748,0.850000000000001,-0.0027472280000000004
47,0.8750000000000011,0.001041924,0.8750000000000011,-0.0017656613333333336
48,0.900000000000001,0.0012977386666666669,0.900000000000001,-0.0007511253333333333
49,0.9250000000000009,0.0016291380000000002,0.9250000000000009,-6.831873333333333e-05
50,0.9500000000000011,0.0020395546666666666,0.9500000000000011,0.0007754453333333334
51,0.9750000000000012,0.002550242666666667,0.9750000000000012,0.0021200040000000004
52,1.000000000000001,0.0031635453333333334,1.000000000000001,0.003404127333333333
53,1.025000000000001,0.003887208,1.025000000000001,0.0047004920000000006
54,1.0500000000000012,0.004724077333333334,1.0500000000000012,0.0060477506666666665
55,1.0750000000000013,0.005679827333333333,1.0750000000000013,0.007235013333333334
56,1.1000000000000012,0.00675582,1.1000000000000012,0.00878928
57,1.125000000000001,0.008257513333333334,1.125000000000001,0.010367993333333334
58,1.1500000000000012,0.009415106666666666,1.1500000000000012,0.012017866666666668
59,1.1750000000000014,0.010802946666666667,1.1750000000000014,0.013756039999999999
60,1.2000000000000013,0.012348660000000001,1.2000000000000013,0.015583653333333334
61,1.2250000000000012,0.014026513333333334,1.2250000000000012,0.017513333333333336
62,1.2500000000000013,0.015836633333333336,1.2500000000000013,0.019544186666666668
63,1.2750000000000015,0.017797033333333333,1.2750000000000015,0.021681633333333335
