,93_5R_V_D,93_5R_J_D,93_5R_V_L,93_5R_J_L
0,1.3,0.0032741186666666667,1.3,0.010644686666666668
1,1.2750000000000001,0.0035970446666666665,1.2750000000000001,0.009580886666666667
2,1.2500000000000002,0.003798652,1.2500000000000002,0.008566953333333334
3,1.2250000000000003,0.0038359193333333333,1.2250000000000003,0.007580379999999999
4,1.2000000000000004,0.0037247673333333335,1.2000000000000004,0.006575952
5,1.1750000000000005,0.0035029406666666667,1.1750000000000005,0.005619324666666667
6,1.1500000000000006,0.003214486,1.1500000000000006,0.004694664666666667
7,1.1250000000000007,0.0028989213333333336,1.1250000000000007,0.0037846673333333334
8,1.1000000000000008,0.0025786013333333334,1.1000000000000008,0.0028857726666666667
9,1.0750000000000008,0.0022736786666666666,1.0750000000000008,0.0019826633333333336
10,1.050000000000001,0.0019904673333333333,1.050000000000001,0.001072756
11,1.025000000000001,0.0017352393333333333,1.025000000000001,0.00020298673333333335
12,1.000000000000001,0.0015137206666666666,1.000000000000001,-0.000718848
13,0.9750000000000012,0.0013228106666666668,0.9750000000000012,-0.0017393233333333332
14,0.9500000000000013,0.0011628026666666666,0.9500000000000013,-0.002741526
15,0.9250000000000014,0.001031074,0.9250000000000014,-0.003742518
16,0.9000000000000015,0.000921302,0.9000000000000015,-0.0047447773333333335
17,0.8750000000000016,0.0008302320000000001,0.8750000000000016,-0.005739104
18,0.8500000000000016,0.000751758,0.8500000000000016,-0.006724513333333333
19,0.8250000000000017,0.0006850620000000001,0.8250000000000017,-0.007464526666666666
20,0.8000000000000018,0.000624788,0.8000000000000018,-0.008480113333333334
21,0.7750000000000019,0.0005695991333333334,0.7750000000000019,-0.009444086666666667
22,0.750000000000002,0.0005199037333333333,0.750000000000002,-0.010362533333333333
23,0.7250000000000021,0.00047406213333333334,0.7250000000000021,-0.011239733333333333
24,0.7000000000000022,0.0004318226666666667,0.7000000000000022,-0.01207698
25,0.6750000000000023,0.0003919578,0.6750000000000023,-0.012877046666666668
26,0.6500000000000024,0.0003550530666666667,0.6500000000000024,-0.013637193333333334
27,0.6250000000000024,0.00032044753333333335,0.6250000000000024,-0.014356200000000001
28,0.6000000000000025,0.00028807780000000003,0.6000000000000025,-0.015038046666666667
29,0.5750000000000026,0.00025792513333333336,0.5750000000000026,-0.015691966666666668
30,0.5500000000000027,0.0002300052,0.5500000000000027,-0.01629624
31,0.5250000000000028,0.00020389466666666665,0.5250000000000028,-0.016872826666666667
32,0.5000000000000029,0.0001798028,0.5000000000000029,-0.017411793333333335
33,0.475000000000003,0.00015734893333333333,0.475000000000003,-0.017916593333333335
34,0.45000000000000306,0.00013708946666666667,0.45000000000000306,-0.018398806666666667
35,0.42500000000000315,0.00011856233333333333,0.42500000000000315,-0.01884460666666667
36,0.40000000000000324,0.00010183486666666668,0.40000000000000324,-0.019259733333333334
37,0.37500000000000333,8.643366666666667e-05,0.37500000000000333,-0.019652080000000002
38,0.3500000000000034,7.28602e-05,0.3500000000000034,-0.020015853333333333
39,0.3250000000000035,6.116002e-05,0.3250000000000035,-0.020352193333333334
40,0.3000000000000036,5.000150666666667e-05,0.3000000000000036,-0.02066162
41,0.2750000000000037,4.070094e-05,0.2750000000000037,-0.020946386666666667
42,0.2500000000000038,3.252974e-05,0.2500000000000038,-0.021214513333333334
43,0.22500000000000386,2.5711546666666668e-05,0.22500000000000386,-0.02144242
44,0.20000000000000395,1.969358666666667e-05,0.20000000000000395,-0.021668906666666668
45,0.17500000000000404,1.47196e-05,0.17500000000000404,-0.021870840000000003
46,0.15000000000000413,1.0388753333333332e-05,0.15000000000000413,-0.02205676666666667
47,0.12500000000000422,6.731946666666667e-06,0.12500000000000422,-0.02222466666666667
48,0.10000000000000431,4.400682e-06,0.10000000000000431,-0.022372926666666668
49,0.0750000000000044,1.21285e-06,0.0750000000000044,-0.022512013333333334
50,0.050000000000004485,-1.3063626666666668e-06,0.050000000000004485,-0.022639433333333334
51,0.025000000000004574,-3.6277066666666664e-06,0.025000000000004574,-0.022752866666666666
52,4.6629367034256575e-15,-5.788303333333333e-06,4.6629367034256575e-15,-0.022859033333333334
53,-0.024999999999995248,-6.824320000000001e-06,-0.024999999999995248,-0.022952526666666667
54,-0.04999999999999516,-9.506353333333334e-06,-0.04999999999999516,-0.02303844
55,-0.07499999999999507,-1.1841733333333334e-05,-0.07499999999999507,-0.02312436
56,-0.09999999999999498,-1.4264333333333333e-05,-0.09999999999999498,-0.023197093333333335
57,-0.12499999999999489,-1.674506e-05,-0.12499999999999489,-0.023266766666666668
58,-0.1499999999999948,-1.9427266666666666e-05,-0.1499999999999948,-0.02333054666666667
59,-0.17499999999999472,-2.20624e-05,-0.17499999999999472,-0.023394186666666667
60,-0.19999999999999463,-2.505128e-05,-0.19999999999999463,-0.02344307333333333
61,-0.22499999999999454,-2.7910166666666666e-05,-0.22499999999999454,-0.023498086666666668
62,-0.24999999999999445,-3.1056800000000004e-05,-0.24999999999999445,-0.02354640666666667
63,-0.27499999999999436,-3.41362e-05,-0.27499999999999436,-0.02359176666666667
