,93_5R_V_D,93_5R_J_D,93_5R_V_L,93_5R_J_L
0,1.3,0.010308853333333335,1.3,0.014098586666666666
1,1.2750000000000001,0.009823053333333333,1.2750000000000001,0.012714906666666668
2,1.2500000000000002,0.008920206666666666,1.2500000000000002,0.01125518
3,1.2250000000000003,0.007946526666666667,1.2250000000000003,0.009813173333333335
4,1.2000000000000004,0.006977753333333334,1.2000000000000004,0.008422106666666667
5,1.1750000000000005,0.005958639333333334,1.1750000000000005,0.007090400000000001
6,1.1500000000000006,0.005154284666666667,1.1500000000000006,0.005801818666666667
7,1.1250000000000007,0.004366824,1.1250000000000007,0.004553175333333334
8,1.1000000000000008,0.0036484706666666668,1.1000000000000008,0.003365892
9,1.0750000000000008,0.003013608,1.0750000000000008,0.0022037833333333335
10,1.050000000000001,0.0024615993333333332,1.050000000000001,0.0010571473333333334
11,1.025000000000001,0.0019951500000000002,1.025000000000001,2.364532e-05
12,1.000000000000001,0.0016075826666666667,1.000000000000001,-0.0011225800000000002
13,0.9750000000000012,0.0013032353333333334,0.9750000000000012,-0.0023348960000000004
14,0.9500000000000013,0.0010634533333333334,0.9500000000000013,-0.0034915253333333337
15,0.9250000000000014,0.0008825353333333333,0.9250000000000014,-0.004635629333333334
16,0.9000000000000015,0.0007404993333333333,0.9000000000000015,-0.005763132000000001
17,0.8750000000000016,0.0006361023333333334,0.8750000000000016,-0.006863266666666668
18,0.8500000000000016,0.0005545894666666668,0.8500000000000016,-0.00765834
19,0.8250000000000017,0.0004924958666666667,0.8250000000000017,-0.008819766666666666
20,0.8000000000000018,0.0004430366,0.8000000000000018,-0.009868613333333333
21,0.7750000000000019,0.0004027974,0.7750000000000019,-0.010858326666666668
22,0.750000000000002,0.00036643673333333333,0.750000000000002,-0.011791973333333334
23,0.7250000000000021,0.0003350723333333334,0.7250000000000021,-0.01267888
24,0.7000000000000022,0.0003075712666666667,0.7000000000000022,-0.013490106666666666
25,0.6750000000000023,0.00028157040000000006,0.6750000000000023,-0.014264733333333333
26,0.6500000000000024,0.0002579719333333334,0.6500000000000024,-0.014983386666666668
27,0.6250000000000024,0.0002357068,0.6250000000000024,-0.015654673333333334
28,0.6000000000000025,0.00021644013333333334,0.6000000000000025,-0.016280353333333334
29,0.5750000000000026,0.00019746906666666666,0.5750000000000026,-0.01685322666666667
30,0.5500000000000027,0.00017912213333333334,0.5500000000000027,-0.01738944666666667
31,0.5250000000000028,0.00016255366666666668,0.5250000000000028,-0.01788606
32,0.5000000000000029,0.00014602446666666668,0.5000000000000029,-0.018353486666666665
33,0.475000000000003,0.0001306272,0.475000000000003,-0.018764113333333336
34,0.45000000000000306,0.00011708186666666668,0.45000000000000306,-0.01915098
35,0.42500000000000315,0.00010432646666666667,0.42500000000000315,-0.019510893333333335
36,0.40000000000000324,9.265473333333333e-05,0.40000000000000324,-0.01984884666666667
37,0.37500000000000333,8.266593333333334e-05,0.37500000000000333,-0.0201433
38,0.3500000000000034,7.260993333333333e-05,0.3500000000000034,-0.020422053333333332
39,0.3250000000000035,6.265435333333334e-05,0.3250000000000035,-0.020675173333333335
40,0.3000000000000036,5.438958e-05,0.3000000000000036,-0.020907073333333335
41,0.2750000000000037,4.632821333333334e-05,0.2750000000000037,-0.02112222
42,0.2500000000000038,3.948162e-05,0.2500000000000038,-0.021316586666666668
43,0.22500000000000386,3.236908000000001e-05,0.22500000000000386,-0.021478706666666667
44,0.20000000000000395,2.6965406666666667e-05,0.20000000000000395,-0.02165016
45,0.17500000000000404,2.2278033333333336e-05,0.17500000000000404,-0.021807660000000003
46,0.15000000000000413,1.724334666666667e-05,0.15000000000000413,-0.021935553333333333
47,0.12500000000000422,1.2641566666666668e-05,0.12500000000000422,-0.02205554
48,0.10000000000000431,9.009033333333333e-06,0.10000000000000431,-0.02217178
49,0.0750000000000044,5.9500133333333335e-06,0.0750000000000044,-0.02228166
50,0.050000000000004485,2.405706666666667e-06,0.050000000000004485,-0.022371853333333334
51,0.025000000000004574,-8.583186666666667e-07,0.025000000000004574,-0.022456106666666666
52,4.6629367034256575e-15,-3.931349333333333e-06,4.6629367034256575e-15,-0.022537333333333336
53,-0.024999999999995248,-6.862173333333333e-06,-0.024999999999995248,-0.022616713333333333
54,-0.04999999999999516,-9.68472e-06,-0.04999999999999516,-0.0226905
55,-0.07499999999999507,-1.2851800000000001e-05,-0.07499999999999507,-0.022757466666666667
56,-0.09999999999999498,-1.6162113333333334e-05,-0.09999999999999498,-0.022827106666666666
57,-0.12499999999999489,-1.8975273333333334e-05,-0.12499999999999489,-0.022891520000000002
58,-0.1499999999999948,-2.1769486666666667e-05,-0.1499999999999948,-0.02295448
59,-0.17499999999999472,-2.2539593333333334e-05,-0.17499999999999472,-0.023017306666666668
60,-0.19999999999999463,-2.52216e-05,-0.19999999999999463,-0.023067533333333334
61,-0.22499999999999454,-2.7859553333333335e-05,-0.22499999999999454,-0.023129746666666666
62,-0.24999999999999445,-3.060818e-05,-0.24999999999999445,-0.023192380000000002
63,-0.27499999999999436,-3.3349433333333336e-05,-0.27499999999999436,-0.02324004
