,93_5F_V_D,93_5F_J_D,93_5F_V_L,93_5F_J_L
0,-0.3,-2.6052800000000002e-05,-0.3,-0.02413708
1,-0.27499999999999997,-2.3464913333333335e-05,-0.27499999999999997,-0.023910613333333334
2,-0.24999999999999994,-2.118328666666667e-05,-0.24999999999999994,-0.023595393333333336
3,-0.22499999999999992,-1.8788306666666667e-05,-0.22499999999999992,-0.02321714
4,-0.1999999999999999,-1.669264666666667e-05,-0.1999999999999999,-0.0228229
5,-0.17499999999999988,-1.437006e-05,-0.17499999999999988,-0.022434486666666666
6,-0.14999999999999986,-1.2036566666666666e-05,-0.14999999999999986,-0.022077066666666666
7,-0.12499999999999983,-9.945353333333333e-06,-0.12499999999999983,-0.021732373333333336
8,-0.09999999999999981,-7.738533333333334e-06,-0.09999999999999981,-0.021409960000000002
9,-0.07499999999999979,-5.85337e-06,-0.07499999999999979,-0.02110402
10,-0.04999999999999977,-3.610026e-06,-0.04999999999999977,-0.020808993333333334
11,-0.024999999999999745,-1.4867113333333333e-06,-0.024999999999999745,-0.020518393333333333
12,2.7755575615628914e-16,6.379555333333333e-07,2.7755575615628914e-16,-0.020243940000000002
13,0.0250000000000003,2.7910166666666667e-06,0.0250000000000003,-0.01995466666666667
14,0.05000000000000032,5.0107506666666665e-06,0.05000000000000032,-0.019679933333333333
15,0.07500000000000034,7.030953333333333e-06,0.07500000000000034,-0.019380460000000002
16,0.10000000000000037,9.561826666666668e-06,0.10000000000000037,-0.019101793333333335
17,0.1250000000000004,1.220788e-05,0.1250000000000004,-0.01881058
18,0.1500000000000004,1.4959439999999999e-05,0.1500000000000004,-0.018505280000000002
19,0.17500000000000043,1.8073553333333334e-05,0.17500000000000043,-0.018175313333333335
20,0.20000000000000046,2.1614280000000003e-05,0.20000000000000046,-0.01785794
21,0.22500000000000048,2.593894e-05,0.22500000000000048,-0.0175139
22,0.2500000000000005,3.065372666666667e-05,0.2500000000000005,-0.01716800666666667
23,0.2750000000000005,3.600540666666667e-05,0.2750000000000005,-0.01678736
24,0.30000000000000054,4.182866e-05,0.30000000000000054,-0.01639784
25,0.32500000000000057,4.84013e-05,0.32500000000000057,-0.015984646666666668
26,0.3500000000000006,5.584250666666666e-05,0.3500000000000006,-0.0155577
27,0.3750000000000006,6.370638666666667e-05,0.3750000000000006,-0.015101786666666667
28,0.40000000000000063,7.21116e-05,0.40000000000000063,-0.014614453333333334
29,0.42500000000000066,8.194546666666667e-05,0.42500000000000066,-0.014129873333333333
30,0.4500000000000007,9.228573333333334e-05,0.4500000000000007,-0.013611586666666666
31,0.4750000000000007,0.00010352446666666667,0.4750000000000007,-0.013076546666666668
32,0.5000000000000007,0.00011582480000000001,0.5000000000000007,-0.01250014
33,0.5250000000000008,0.00012884906666666668,0.5250000000000008,-0.01193316
34,0.5500000000000007,0.00014288873333333335,0.5500000000000007,-0.0113325
35,0.5750000000000008,0.00015821333333333333,0.5750000000000008,-0.010714566666666666
36,0.6000000000000008,0.00017491573333333334,0.6000000000000008,-0.01007842
37,0.6250000000000009,0.0001929332,0.6250000000000009,-0.009426286666666667
38,0.6500000000000008,0.00021301746666666665,0.6500000000000008,-0.00875858
39,0.6750000000000009,0.0002353970666666667,0.6750000000000009,-0.008081153333333334
40,0.7000000000000008,0.00025987426666666667,0.7000000000000008,-0.007391186666666667
41,0.7250000000000008,0.00028778666666666664,0.7250000000000008,-0.006682253333333333
42,0.7500000000000009,0.00031990133333333336,0.7500000000000009,-0.006586167333333334
43,0.775000000000001,0.00035819193333333336,0.775000000000001,-0.005563190666666667
44,0.8000000000000009,0.0004055552,0.8000000000000009,-0.004729923333333334
45,0.8250000000000008,0.0004746384,0.8250000000000008,-0.003928572666666667
46,0.850000000000001,0.0005499636,0.850000000000001,-0.0031422886666666668
47,0.8750000000000011,0.0006410144666666667,0.8750000000000011,-0.0023491873333333336
48,0.900000000000001,0.0008010006666666667,0.900000000000001,-0.001553288
49,0.9250000000000009,0.0009325993333333335,0.9250000000000009,-0.0007493293333333335
50,0.9500000000000011,0.0011176113333333333,0.9500000000000011,-0.0005778302666666667
51,0.9750000000000012,0.0013536280000000002,0.9750000000000012,0.00045817086666666664
52,1.000000000000001,0.001648848,1.000000000000001,0.001130544
53,1.025000000000001,0.0020166293333333334,1.025000000000001,0.0021553699999999998
54,1.0500000000000012,0.002459904,1.0500000000000012,0.0031310766666666667
55,1.0750000000000013,0.00298658,1.0750000000000013,0.00411889
56,1.1000000000000012,0.0035993166666666667,1.1000000000000012,0.005130867333333334
57,1.125000000000001,0.0043047326666666675,1.125000000000001,0.006191322000000001
58,1.1500000000000012,0.005100297333333333,1.1500000000000012,0.007216173333333334
59,1.1750000000000014,0.006003188666666667,1.1750000000000014,0.00842352
60,1.2000000000000013,0.0074477400000000004,1.2000000000000013,0.009686113333333333
61,1.2250000000000012,0.008391913333333334,1.2250000000000012,0.01103166
62,1.2500000000000013,0.009560193333333335,1.2500000000000013,0.012465773333333334
63,1.2750000000000015,0.010880553333333334,1.2750000000000015,0.01400496
