,93_5R_V_D,93_5R_J_D,93_5R_V_L,93_5R_J_L
0,1.3,0.01160908,1.3,0.01471978
1,1.2750000000000001,0.011493306666666666,1.2750000000000001,0.013349093333333334
2,1.2500000000000002,0.010593746666666667,1.2500000000000002,0.011804906666666667
3,1.2250000000000003,0.00947094,1.2250000000000003,0.010217546666666667
4,1.2000000000000004,0.008296633333333334,1.2000000000000004,0.008634146666666667
5,1.1750000000000005,0.0071378200000000004,1.1750000000000005,0.007074793333333333
6,1.1500000000000006,0.00590239,1.1500000000000006,0.005576929333333334
7,1.1250000000000007,0.0049909920000000005,1.1250000000000007,0.004065960666666667
8,1.1000000000000008,0.004090116,1.1000000000000008,0.0026260793333333335
9,1.0750000000000008,0.0032915173333333335,1.0750000000000008,0.0012366906666666667
10,1.050000000000001,0.002614804666666667,1.050000000000001,0.00010325073333333335
11,1.025000000000001,0.0020639346666666667,1.025000000000001,-0.0011878453333333335
12,1.000000000000001,0.001632674,1.000000000000001,-0.002559098
13,0.9750000000000012,0.0013040833333333333,0.9750000000000012,-0.003802186666666667
14,0.9500000000000013,0.0010638946666666669,0.9500000000000013,-0.004975148
15,0.9250000000000014,0.0008846673333333334,0.9250000000000014,-0.006086258
16,0.9000000000000015,0.000755592,0.9000000000000015,-0.0069986733333333336
17,0.8750000000000016,0.0006610845333333334,0.8750000000000016,-0.007740273333333334
18,0.8500000000000016,0.0005862782666666667,0.8500000000000016,-0.008835506666666666
19,0.8250000000000017,0.0005279083333333334,0.8250000000000017,-0.009807046666666668
20,0.8000000000000018,0.0004786000666666667,0.8000000000000018,-0.010704226666666667
21,0.7750000000000019,0.00043594966666666673,0.7750000000000019,-0.011540213333333334
22,0.750000000000002,0.00039758186666666664,0.750000000000002,-0.012325833333333334
23,0.7250000000000021,0.0003626268,0.7250000000000021,-0.013073813333333333
24,0.7000000000000022,0.000330418,0.7000000000000022,-0.013755866666666668
25,0.6750000000000023,0.00030031833333333337,0.6750000000000023,-0.01440418
26,0.6500000000000024,0.00027210913333333334,0.6500000000000024,-0.015013366666666668
27,0.6250000000000024,0.00024624806666666667,0.6250000000000024,-0.015592360000000001
28,0.6000000000000025,0.00022194406666666667,0.6000000000000025,-0.016116906666666667
29,0.5750000000000026,0.00019960046666666668,0.5750000000000026,-0.01661200666666667
30,0.5500000000000027,0.0001785728,0.5500000000000027,-0.01706942666666667
31,0.5250000000000028,0.00015931106666666666,0.5250000000000028,-0.017500386666666666
32,0.5000000000000029,0.0001413010666666667,0.5000000000000029,-0.017894006666666667
33,0.475000000000003,0.00012439106666666666,0.475000000000003,-0.018265653333333333
34,0.45000000000000306,0.00010924140000000001,0.45000000000000306,-0.018601833333333335
35,0.42500000000000315,9.512313333333334e-05,0.42500000000000315,-0.018919213333333334
36,0.40000000000000324,8.241413333333333e-05,0.40000000000000324,-0.019221093333333335
37,0.37500000000000333,7.100506666666667e-05,0.37500000000000333,-0.019479966666666668
38,0.3500000000000034,6.166566666666667e-05,0.3500000000000034,-0.019720153333333334
39,0.3250000000000035,5.054671333333334e-05,0.3250000000000035,-0.019948473333333334
40,0.3000000000000036,4.1840653333333335e-05,0.3000000000000036,-0.020162733333333335
41,0.2750000000000037,3.5250986666666666e-05,0.2750000000000037,-0.020346246666666665
42,0.2500000000000038,2.9011853333333337e-05,0.2500000000000038,-0.020522233333333334
43,0.22500000000000386,2.3730926666666667e-05,0.22500000000000386,-0.020657013333333335
44,0.20000000000000395,1.893282e-05,0.20000000000000395,-0.020818453333333334
45,0.17500000000000404,1.479936e-05,0.17500000000000404,-0.020961213333333336
46,0.15000000000000413,1.1337533333333335e-05,0.15000000000000413,-0.021091993333333336
47,0.12500000000000422,8.26236e-06,0.12500000000000422,-0.021216000000000002
48,0.10000000000000431,6.028196666666667e-06,0.10000000000000431,-0.021334593333333336
49,0.0750000000000044,2.9939213333333333e-06,0.0750000000000044,-0.021455886666666667
50,0.050000000000004485,5.604556000000001e-07,0.050000000000004485,-0.0215579
51,0.025000000000004574,-1.722896e-06,0.025000000000004574,-0.021661680000000003
52,4.6629367034256575e-15,-3.9043266666666674e-06,4.6629367034256575e-15,-0.021767206666666667
53,-0.024999999999995248,-6.051865333333334e-06,-0.024999999999995248,-0.02187946
54,-0.04999999999999516,-7.346373333333334e-06,-0.04999999999999516,-0.02196956666666667
55,-0.07499999999999507,-9.8824e-06,-0.07499999999999507,-0.022069873333333333
56,-0.09999999999999498,-1.2062113333333335e-05,-0.09999999999999498,-0.022169860000000003
57,-0.12499999999999489,-1.4321620000000002e-05,-0.12499999999999489,-0.02226344
58,-0.1499999999999948,-1.6512293333333335e-05,-0.1499999999999948,-0.022358986666666667
59,-0.17499999999999472,-1.8831233333333334e-05,-0.17499999999999472,-0.022449966666666668
60,-0.19999999999999463,-2.139150666666667e-05,-0.19999999999999463,-0.022527926666666667
61,-0.22499999999999454,-2.397952e-05,-0.22499999999999454,-0.02261937333333333
62,-0.24999999999999445,-2.7964820000000002e-05,-0.24999999999999445,-0.022708986666666667
63,-0.27499999999999436,-3.143087333333334e-05,-0.27499999999999436,-0.022784573333333336
