,93_5F_V_D,93_5F_J_D,93_5F_V_L,93_5F_J_L
0,-0.3,-3.5757986666666674e-05,-0.3,-0.024168846666666667
1,-0.27499999999999997,-3.2585326666666665e-05,-0.27499999999999997,-0.02387372
2,-0.24999999999999994,-2.924906e-05,-0.24999999999999994,-0.0234709
3,-0.22499999999999992,-2.6037266666666665e-05,-0.22499999999999992,-0.0230553
4,-0.1999999999999999,-2.2852033333333334e-05,-0.1999999999999999,-0.02266316
5,-0.17499999999999988,-1.9962753333333333e-05,-0.17499999999999988,-0.022296733333333336
6,-0.14999999999999986,-1.679082666666667e-05,-0.14999999999999986,-0.021968186666666667
7,-0.12499999999999983,-1.3621513333333334e-05,-0.12499999999999983,-0.021663693333333334
8,-0.09999999999999981,-1.0845426666666667e-05,-0.09999999999999981,-0.021375566666666665
9,-0.07499999999999979,-7.829646666666667e-06,-0.07499999999999979,-0.021120586666666667
10,-0.04999999999999977,-5.1713e-06,-0.04999999999999977,-0.020872606666666665
11,-0.024999999999999745,-2.18214e-06,-0.024999999999999745,-0.02062722666666667
12,2.7755575615628914e-16,7.001466666666667e-07,2.7755575615628914e-16,-0.020383146666666668
13,0.0250000000000003,3.6003760000000005e-06,0.0250000000000003,-0.020148473333333333
14,0.05000000000000032,6.491633333333334e-06,0.05000000000000032,-0.019908513333333332
15,0.07500000000000034,9.251093333333333e-06,0.07500000000000034,-0.01966856
16,0.10000000000000037,1.247196e-05,0.10000000000000037,-0.019420753333333336
17,0.1250000000000004,1.5776286666666668e-05,0.1250000000000004,-0.01915858
18,0.1500000000000004,1.9211226666666667e-05,0.1500000000000004,-0.01888904
19,0.17500000000000043,2.3181333333333335e-05,0.17500000000000043,-0.018607526666666666
20,0.20000000000000046,2.7603646666666667e-05,0.20000000000000046,-0.018311980000000002
21,0.22500000000000048,3.239258e-05,0.22500000000000048,-0.017995273333333332
22,0.2500000000000005,3.799060666666667e-05,0.2500000000000005,-0.017675566666666667
23,0.2750000000000005,4.422106666666667e-05,0.2750000000000005,-0.017325686666666666
24,0.30000000000000054,5.137795333333333e-05,0.30000000000000054,-0.016965786666666666
25,0.32500000000000057,5.912211333333333e-05,0.32500000000000057,-0.01655966
26,0.3500000000000006,6.7524e-05,0.3500000000000006,-0.01616344
27,0.3750000000000006,7.628906666666667e-05,0.3750000000000006,-0.015726066666666667
28,0.40000000000000063,8.726533333333333e-05,0.40000000000000063,-0.015272226666666666
29,0.42500000000000066,9.882373333333333e-05,0.42500000000000066,-0.014781746666666666
30,0.4500000000000007,0.00011089433333333335,0.4500000000000007,-0.014267046666666667
31,0.4750000000000007,0.00012416026666666667,0.4750000000000007,-0.01372696
32,0.5000000000000007,0.00013866966666666665,0.5000000000000007,-0.013162440000000001
33,0.5250000000000008,0.00015419826666666667,0.5250000000000008,-0.012561046666666667
34,0.5500000000000007,0.00017216846666666668,0.5500000000000007,-0.011937020000000001
35,0.5750000000000008,0.00019132313333333336,0.5750000000000008,-0.01127964
36,0.6000000000000008,0.00021347813333333335,0.6000000000000008,-0.010603346666666666
37,0.6250000000000009,0.00023793533333333334,0.6250000000000009,-0.00988816
38,0.6500000000000008,0.0002676298,0.6500000000000008,-0.00913492
39,0.6750000000000009,0.0003060459333333333,0.6750000000000009,-0.008375333333333334
40,0.7000000000000008,0.0003470696,0.7000000000000008,-0.007586140000000001
41,0.7250000000000008,0.00039963426666666667,0.7250000000000008,-0.006758193333333334
42,0.7500000000000009,0.00046807566666666673,0.7500000000000009,-0.006558055333333333
43,0.775000000000001,0.0005542470666666668,0.775000000000001,-0.005349534666666667
44,0.8000000000000009,0.0006689733333333334,0.8000000000000009,-0.004321666
45,0.8250000000000008,0.000855234,0.8250000000000008,-0.003308026
46,0.850000000000001,0.0010367546666666667,0.850000000000001,-0.0022771206666666664
47,0.8750000000000011,0.0012893633333333333,0.8750000000000011,-0.0012133746666666667
48,0.900000000000001,0.0016199353333333335,0.900000000000001,-0.0005125731333333333
49,0.9250000000000009,0.002040385333333333,0.9250000000000009,0.0006999773333333333
50,0.9500000000000011,0.002558036666666667,0.9500000000000011,0.0016399126666666666
51,0.9750000000000012,0.003186826,0.9750000000000012,0.0030659713333333334
52,1.000000000000001,0.003925142666666667,1.000000000000001,0.004438336
53,1.025000000000001,0.004784527333333333,1.025000000000001,0.005843511333333333
54,1.0500000000000012,0.005761942,1.0500000000000012,0.007033
55,1.0750000000000013,0.007160059999999999,1.0750000000000013,0.008645980000000001
56,1.1000000000000012,0.008217140000000001,1.1000000000000012,0.010263746666666667
57,1.125000000000001,0.009499720000000001,1.125000000000001,0.011949653333333334
58,1.1500000000000012,0.010932813333333334,1.1500000000000012,0.01371638
59,1.1750000000000014,0.012503833333333334,1.1750000000000014,0.015571633333333335
60,1.2000000000000013,0.014202766666666668,1.2000000000000013,0.017520873333333336
61,1.2250000000000012,0.01603336,1.2250000000000012,0.019568580000000002
62,1.2500000000000013,0.01799808,1.2500000000000013,0.021718340000000003
63,1.2750000000000015,0.02009488,1.2750000000000015,0.023971946666666667
