,93_5F_V_D,93_5F_J_D,93_5F_V_L,93_5F_J_L
0,-0.3,-2.5360386666666667e-05,-0.3,-0.02411862
1,-0.27499999999999997,-2.2815193333333332e-05,-0.27499999999999997,-0.02381392666666667
2,-0.24999999999999994,-2.0599600000000002e-05,-0.24999999999999994,-0.023399386666666668
3,-0.22499999999999992,-1.8424286666666667e-05,-0.22499999999999992,-0.022964893333333333
4,-0.1999999999999999,-1.611068e-05,-0.1999999999999999,-0.02255698
5,-0.17499999999999988,-1.3911573333333333e-05,-0.17499999999999988,-0.02217582666666667
6,-0.14999999999999986,-1.1762626666666667e-05,-0.14999999999999986,-0.021840933333333333
7,-0.12499999999999983,-9.644893333333334e-06,-0.12499999999999983,-0.021533180000000002
8,-0.09999999999999981,-7.5895866666666664e-06,-0.09999999999999981,-0.021247206666666667
9,-0.07499999999999979,-5.689719333333333e-06,-0.07499999999999979,-0.020979746666666667
10,-0.04999999999999977,-3.4979073333333335e-06,-0.04999999999999977,-0.020724993333333334
11,-0.024999999999999745,-1.4543746666666666e-06,-0.024999999999999745,-0.020476853333333333
12,2.7755575615628914e-16,5.988056e-07,2.7755575615628914e-16,-0.0202341
13,0.0250000000000003,2.67402e-06,0.0250000000000003,-0.019992100000000002
14,0.05000000000000032,4.779169333333333e-06,0.05000000000000032,-0.019752353333333333
15,0.07500000000000034,6.92242e-06,0.07500000000000034,-0.019494440000000002
16,0.10000000000000037,9.031506666666668e-06,0.10000000000000037,-0.019254660000000003
17,0.1250000000000004,1.1708793333333333e-05,0.1250000000000004,-0.019004166666666666
18,0.1500000000000004,1.4428393333333335e-05,0.1500000000000004,-0.01873456
19,0.17500000000000043,1.744312e-05,0.17500000000000043,-0.018441026666666666
20,0.20000000000000046,2.091086e-05,0.20000000000000046,-0.018160853333333334
21,0.22500000000000048,2.4859886666666667e-05,0.22500000000000048,-0.017851013333333336
22,0.2500000000000005,2.94702e-05,0.2500000000000005,-0.01753746
23,0.2750000000000005,3.466700666666667e-05,0.2750000000000005,-0.017200053333333333
24,0.30000000000000054,4.056158e-05,0.30000000000000054,-0.016844546666666668
25,0.32500000000000057,4.7194506666666666e-05,0.32500000000000057,-0.01646614
26,0.3500000000000006,5.4572080000000004e-05,0.3500000000000006,-0.016072866666666668
27,0.3750000000000006,6.261828666666667e-05,0.3750000000000006,-0.015649086666666666
28,0.40000000000000063,7.082113333333334e-05,0.40000000000000063,-0.015192426666666667
29,0.42500000000000066,8.116546666666667e-05,0.42500000000000066,-0.014740086666666668
30,0.4500000000000007,9.208953333333333e-05,0.4500000000000007,-0.014252580000000003
31,0.4750000000000007,0.0001036176,0.4750000000000007,-0.013736573333333333
32,0.5000000000000007,0.00011646933333333335,0.5000000000000007,-0.013185186666666666
33,0.5250000000000008,0.00013051273333333335,0.5250000000000008,-0.012633173333333334
34,0.5500000000000007,0.00014569506666666667,0.5500000000000007,-0.012049026666666667
35,0.5750000000000008,0.00016275293333333334,0.5750000000000008,-0.011437260000000001
36,0.6000000000000008,0.000181198,0.6000000000000008,-0.01079916
37,0.6250000000000009,0.0002018794,0.6250000000000009,-0.0101402
38,0.6500000000000008,0.00022531306666666667,0.6500000000000008,-0.009457033333333333
39,0.6750000000000009,0.0002521305333333333,0.6750000000000009,-0.008752406666666667
40,0.7000000000000008,0.00028348533333333336,0.7000000000000008,-0.008024
41,0.7250000000000008,0.0003211840666666667,0.7250000000000008,-0.007268906666666667
42,0.7500000000000009,0.0003678362666666667,0.7500000000000009,-0.00765466
43,0.775000000000001,0.0004261582,0.775000000000001,-0.006840693333333333
44,0.8000000000000009,0.0005004368666666666,0.8000000000000009,-0.005583104666666667
45,0.8250000000000008,0.0005978862666666667,0.8250000000000008,-0.004557401333333334
46,0.850000000000001,0.0007620146666666667,0.850000000000001,-0.0035495973333333334
47,0.8750000000000011,0.00092475,0.8750000000000011,-0.0025436733333333334
48,0.900000000000001,0.0011347646666666667,0.900000000000001,-0.001531762
49,0.9250000000000009,0.00140806,0.9250000000000009,-0.00112579
50,0.9500000000000011,0.0017571273333333334,0.9500000000000011,-0.00029521660000000004
51,0.9750000000000012,0.0021895900000000004,0.9750000000000012,0.0008322966666666667
52,1.000000000000001,0.0027166253333333334,1.000000000000001,0.0021909906666666666
53,1.025000000000001,0.00334647,1.025000000000001,0.0034924360000000002
54,1.0500000000000012,0.004086862,1.0500000000000012,0.004811777333333334
55,1.0750000000000013,0.004943138,1.0750000000000013,0.006175706
56,1.1000000000000012,0.005911300666666667,1.1000000000000012,0.0074639933333333335
57,1.125000000000001,0.007328899999999999,1.125000000000001,0.009011913333333333
58,1.1500000000000012,0.00838322,1.1500000000000012,0.010591080000000001
59,1.1750000000000014,0.00967026,1.1750000000000014,0.012248466666666668
60,1.2000000000000013,0.011103866666666667,1.2000000000000013,0.013996793333333335
61,1.2250000000000012,0.012681840000000002,1.2250000000000012,0.01584424666666667
62,1.2500000000000013,0.014400180000000002,1.2500000000000013,0.017794073333333334
63,1.2750000000000015,0.016258973333333336,1.2750000000000015,0.0198545
