,93_5R_V_D,93_5R_J_D,93_5R_V_L,93_5R_J_L
0,1.3,0.003147166,1.3,0.01113774
1,1.2750000000000001,0.003594402,1.2750000000000001,0.009982446666666667
2,1.2500000000000002,0.0038897426666666666,1.2500000000000002,0.008897433333333333
3,1.2250000000000003,0.003966782,1.2250000000000003,0.007845773333333333
4,1.2000000000000004,0.003852836,1.2000000000000004,0.006824426666666668
5,1.1750000000000005,0.003607128666666667,1.1750000000000005,0.005807639333333334
6,1.1500000000000006,0.003286788,1.1500000000000006,0.004810794
7,1.1250000000000007,0.002936269333333333,1.1250000000000007,0.0038522853333333336
8,1.1000000000000008,0.0025851833333333336,1.1000000000000008,0.002912288666666667
9,1.0750000000000008,0.0022506166666666667,1.0750000000000008,0.0019760520000000003
10,1.050000000000001,0.0019450173333333332,1.050000000000001,0.0010386446666666668
11,1.025000000000001,0.0016745093333333334,1.025000000000001,0.0001776782
12,1.000000000000001,0.0014425346666666666,1.000000000000001,-0.0007336713333333334
13,0.9750000000000012,0.0012475546666666669,0.9750000000000012,-0.0017825040000000003
14,0.9500000000000013,0.001087632,0.9500000000000013,-0.002789010666666667
15,0.9250000000000014,0.0009578800000000001,0.9250000000000014,-0.003789472
16,0.9000000000000015,0.0008521059999999999,0.9000000000000015,-0.004781112666666667
17,0.8750000000000016,0.000765596,0.8750000000000016,-0.005763264666666667
18,0.8500000000000016,0.0006925553333333333,0.8500000000000016,-0.006728706666666666
19,0.8250000000000017,0.0006300558,0.8250000000000017,-0.007396033333333333
20,0.8000000000000018,0.0005729172666666667,0.8000000000000018,-0.008412406666666667
21,0.7750000000000019,0.0005231664666666666,0.7750000000000019,-0.00935592
22,0.750000000000002,0.00047755546666666674,0.750000000000002,-0.010256000000000001
23,0.7250000000000021,0.00043542000000000006,0.7250000000000021,-0.011115686666666668
24,0.7000000000000022,0.00039629933333333334,0.7000000000000022,-0.011931833333333334
25,0.6750000000000023,0.00035977713333333334,0.6750000000000023,-0.01271156
26,0.6500000000000024,0.0003256906666666667,0.6500000000000024,-0.013451993333333332
27,0.6250000000000024,0.0002939026666666667,0.6250000000000024,-0.014155653333333336
28,0.6000000000000025,0.00026394566666666666,0.6000000000000025,-0.014822933333333335
29,0.5750000000000026,0.00023646353333333332,0.5750000000000026,-0.015456473333333333
30,0.5500000000000027,0.00021047499999999998,0.5500000000000027,-0.016053573333333335
31,0.5250000000000028,0.00018662333333333334,0.5250000000000028,-0.016617299999999998
32,0.5000000000000029,0.00016444133333333335,0.5000000000000029,-0.017149933333333336
33,0.475000000000003,0.00014407306666666667,0.475000000000003,-0.01765602
34,0.45000000000000306,0.00012540693333333333,0.45000000000000306,-0.018120586666666667
35,0.42500000000000315,0.00010842713333333334,0.42500000000000315,-0.018559693333333335
36,0.40000000000000324,9.304313333333334e-05,0.40000000000000324,-0.018971966666666666
37,0.37500000000000333,7.90618e-05,0.37500000000000333,-0.01935358666666667
38,0.3500000000000034,6.72116e-05,0.3500000000000034,-0.019717213333333334
39,0.3250000000000035,5.544971333333334e-05,0.3250000000000035,-0.02005082
40,0.3000000000000036,4.567461333333334e-05,0.3000000000000036,-0.020362093333333334
41,0.2750000000000037,3.7115053333333334e-05,0.2750000000000037,-0.020647560000000002
42,0.2500000000000038,2.968724e-05,0.2500000000000038,-0.0209153
43,0.22500000000000386,2.3398073333333335e-05,0.22500000000000386,-0.021150706666666668
44,0.20000000000000395,1.7894873333333333e-05,0.20000000000000395,-0.021383973333333334
45,0.17500000000000404,1.327792e-05,0.17500000000000404,-0.02159204
46,0.15000000000000413,9.378826666666668e-06,0.15000000000000413,-0.021789953333333334
47,0.12500000000000422,7.269933333333333e-06,0.12500000000000422,-0.02195986
48,0.10000000000000431,4.543340666666667e-06,0.10000000000000431,-0.022121886666666667
49,0.0750000000000044,1.5716326666666668e-06,0.0750000000000044,-0.022268033333333336
50,0.050000000000004485,-7.42152e-07,0.050000000000004485,-0.0224097
51,0.025000000000004574,-2.8649066666666667e-06,0.025000000000004574,-0.022528760000000002
52,4.6629367034256575e-15,-4.8801973333333336e-06,4.6629367034256575e-15,-0.022644566666666668
53,-0.024999999999995248,-6.860486666666666e-06,-0.024999999999995248,-0.022749513333333336
54,-0.04999999999999516,-7.828693333333334e-06,-0.04999999999999516,-0.022846386666666666
55,-0.07499999999999507,-1.0323893333333334e-05,-0.07499999999999507,-0.022938353333333335
56,-0.09999999999999498,-1.2524246666666668e-05,-0.09999999999999498,-0.023019893333333336
57,-0.12499999999999489,-1.477734e-05,-0.12499999999999489,-0.02309838666666667
58,-0.1499999999999948,-1.713756e-05,-0.1499999999999948,-0.023171033333333334
59,-0.17499999999999472,-1.9608413333333332e-05,-0.17499999999999472,-0.02324122
60,-0.19999999999999463,-2.2143826666666667e-05,-0.19999999999999463,-0.023298833333333335
61,-0.22499999999999454,-2.4906726666666667e-05,-0.22499999999999454,-0.023358966666666665
62,-0.24999999999999445,-2.7755393333333336e-05,-0.24999999999999445,-0.023414566666666668
63,-0.27499999999999436,-3.0724160000000004e-05,-0.27499999999999436,-0.023468093333333332
