,93_5F_V_D,93_5F_J_D,93_5F_V_L,93_5F_J_L
0,-0.3,-1.360132e-05,-0.3,-0.02380896
1,-0.27499999999999997,-1.109854e-05,-0.27499999999999997,-0.023656093333333336
2,-0.24999999999999994,-9.401006666666666e-06,-0.24999999999999994,-0.023490566666666667
3,-0.22499999999999992,-7.965593333333334e-06,-0.22499999999999992,-0.02330412
4,-0.1999999999999999,-6.768813333333334e-06,-0.1999999999999999,-0.023082953333333333
5,-0.17499999999999988,-6.009840666666667e-06,-0.17499999999999988,-0.022815833333333334
6,-0.14999999999999986,-4.571358666666666e-06,-0.14999999999999986,-0.022508393333333335
7,-0.12499999999999983,-3.5170013333333337e-06,-0.12499999999999983,-0.022155726666666667
8,-0.09999999999999981,-2.545692666666667e-06,-0.09999999999999981,-0.021764060000000002
9,-0.07499999999999979,-1.5998993333333334e-06,-0.07499999999999979,-0.02133896
10,-0.04999999999999977,-6.698273333333334e-07,-0.04999999999999977,-0.020879693333333334
11,-0.024999999999999745,2.5558933333333334e-07,-0.024999999999999745,-0.020399966666666665
12,2.7755575615628914e-16,1.176628e-06,2.7755575615628914e-16,-0.019904493333333332
13,0.0250000000000003,2.1463360000000002e-06,0.0250000000000003,-0.019388400000000004
14,0.05000000000000032,3.1439913333333334e-06,0.05000000000000032,-0.018865486666666667
15,0.07500000000000034,4.198294e-06,0.07500000000000034,-0.01833188666666667
16,0.10000000000000037,5.348356666666667e-06,0.10000000000000037,-0.017789366666666667
17,0.1250000000000004,6.674273333333333e-06,0.1250000000000004,-0.017260880000000003
18,0.1500000000000004,7.244226666666667e-06,0.1500000000000004,-0.01672068
19,0.17500000000000043,9.545746666666668e-06,0.17500000000000043,-0.016180693333333333
20,0.20000000000000046,1.1619246666666666e-05,0.20000000000000046,-0.015653160000000003
21,0.22500000000000048,1.3957473333333334e-05,0.22500000000000048,-0.015106646666666668
22,0.2500000000000005,1.666936e-05,0.2500000000000005,-0.01457074
23,0.2750000000000005,1.9741033333333333e-05,0.2750000000000005,-0.014037753333333333
24,0.30000000000000054,2.3254186666666666e-05,0.30000000000000054,-0.013501666666666669
25,0.32500000000000057,2.7295386666666668e-05,0.32500000000000057,-0.012962913333333334
26,0.3500000000000006,3.194440666666667e-05,0.3500000000000006,-0.012433613333333333
27,0.3750000000000006,3.7305220000000005e-05,0.3750000000000006,-0.011895626666666667
28,0.40000000000000063,4.362250666666667e-05,0.40000000000000063,-0.011356213333333334
29,0.42500000000000066,5.099430000000001e-05,0.42500000000000066,-0.010801113333333334
30,0.4500000000000007,5.984247333333334e-05,0.4500000000000007,-0.010269166666666668
31,0.4750000000000007,7.175553333333333e-05,0.4750000000000007,-0.00972148
32,0.5000000000000007,8.482546666666667e-05,0.5000000000000007,-0.009167786666666667
33,0.5250000000000008,9.9112e-05,0.5250000000000008,-0.00859988
34,0.5500000000000007,0.0001153584,0.5500000000000007,-0.008044973333333334
35,0.5750000000000008,0.0001338568,0.5750000000000008,-0.007480726666666667
36,0.6000000000000008,0.00015477646666666668,0.6000000000000008,-0.006912186666666667
37,0.6250000000000009,0.00017815746666666668,0.6250000000000009,-0.007418846666666667
38,0.6500000000000008,0.00020423773333333334,0.6500000000000008,-0.006882353333333333
39,0.6750000000000009,0.00023327300000000001,0.6750000000000009,-0.005891942
40,0.7000000000000008,0.00026535413333333334,0.7000000000000008,-0.00515408
41,0.7250000000000008,0.0003010428666666667,0.7250000000000008,-0.004466272
42,0.7500000000000009,0.00034034353333333334,0.7500000000000009,-0.003803727333333334
43,0.775000000000001,0.0003838208,0.775000000000001,-0.003155222
44,0.8000000000000009,0.0004318336666666667,0.8000000000000009,-0.0025337746666666667
45,0.8250000000000008,0.00048496646666666666,0.8250000000000008,-0.0019244626666666668
46,0.850000000000001,0.0005433484666666667,0.850000000000001,-0.0013273826666666667
47,0.8750000000000011,0.0006080928,0.8750000000000011,-0.0007458566666666667
48,0.900000000000001,0.0006799613333333334,0.900000000000001,-0.0004477604666666667
49,0.9250000000000009,0.0007589086666666667,0.9250000000000009,0.00023271140000000003
50,0.9500000000000011,0.0008529620000000001,0.9500000000000011,0.0006999706666666667
51,0.9750000000000012,0.0009610786666666666,0.9750000000000012,0.0011054113333333333
52,1.000000000000001,0.001086556,1.000000000000001,0.001798856
53,1.025000000000001,0.0012338806666666667,1.025000000000001,0.002443336666666667
54,1.0500000000000012,0.0014066900000000002,1.0500000000000012,0.003088958
55,1.0750000000000013,0.0016113686666666667,1.0750000000000013,0.003734794
56,1.1000000000000012,0.0018523393333333333,1.1000000000000012,0.004395294
57,1.125000000000001,0.002138412666666667,1.125000000000001,0.005078670666666667
58,1.1500000000000012,0.0024757533333333334,1.1500000000000012,0.005788282666666667
59,1.1750000000000014,0.0028734520000000003,1.1750000000000014,0.006522083333333334
60,1.2000000000000013,0.003334692666666667,1.2000000000000013,0.007112513333333333
61,1.2250000000000012,0.003867,1.2250000000000012,0.007988780000000001
62,1.2500000000000013,0.004480408666666667,1.2500000000000013,0.00888326
63,1.2750000000000015,0.00517818,1.2750000000000015,0.0098217
