,93_5F_V_D,93_5F_J_D,93_5F_V_L,93_5F_J_L
0,-0.3,-5.97225e-05,-0.3,-0.024234786666666668
1,-0.27499999999999997,-5.5018640000000005e-05,-0.27499999999999997,-0.023882693333333333
2,-0.24999999999999994,-4.957676666666667e-05,-0.24999999999999994,-0.0234732
3,-0.22499999999999992,-4.4366233333333336e-05,-0.22499999999999992,-0.023089573333333332
4,-0.1999999999999999,-3.909278e-05,-0.1999999999999999,-0.022731686666666667
5,-0.17499999999999988,-3.379948666666667e-05,-0.17499999999999988,-0.02239362
6,-0.14999999999999986,-2.858378e-05,-0.14999999999999986,-0.022092533333333334
7,-0.12499999999999983,-2.356816e-05,-0.12499999999999983,-0.021813766666666668
8,-0.09999999999999981,-1.8552706666666665e-05,-0.09999999999999981,-0.021552953333333333
9,-0.07499999999999979,-1.362806e-05,-0.07499999999999979,-0.02130258
10,-0.04999999999999977,-8.708466666666666e-06,-0.04999999999999977,-0.021066746666666667
11,-0.024999999999999745,-3.9333653333333335e-06,-0.024999999999999745,-0.02083362
12,2.7755575615628914e-16,1.0309546666666666e-06,2.7755575615628914e-16,-0.020601360000000003
13,0.0250000000000003,5.931606e-06,0.0250000000000003,-0.020371233333333332
14,0.05000000000000032,1.0686306666666667e-05,0.05000000000000032,-0.020133133333333334
15,0.07500000000000034,1.574606e-05,0.07500000000000034,-0.01988384
16,0.10000000000000037,2.093798e-05,0.10000000000000037,-0.019647093333333334
17,0.1250000000000004,2.6158313333333332e-05,0.1250000000000004,-0.019393486666666668
18,0.1500000000000004,3.164597333333334e-05,0.1500000000000004,-0.019122300000000002
19,0.17500000000000043,3.747194666666667e-05,0.17500000000000043,-0.018825613333333335
20,0.20000000000000046,4.3760713333333335e-05,0.20000000000000046,-0.018538093333333335
21,0.22500000000000048,5.0847120000000005e-05,0.22500000000000048,-0.018221306666666666
22,0.2500000000000005,5.8278286666666675e-05,0.2500000000000005,-0.01789624
23,0.2750000000000005,6.658805333333333e-05,0.2750000000000005,-0.017544840000000003
24,0.30000000000000054,7.612593333333333e-05,0.30000000000000054,-0.017174346666666666
25,0.32500000000000057,8.63508e-05,0.32500000000000057,-0.016777820000000002
26,0.3500000000000006,9.74388e-05,0.3500000000000006,-0.0163631
27,0.3750000000000006,0.00010916140000000001,0.3750000000000006,-0.015913266666666665
28,0.40000000000000063,0.0001225696,0.40000000000000063,-0.015424760000000001
29,0.42500000000000066,0.00013614086666666666,0.42500000000000066,-0.014933526666666669
30,0.4500000000000007,0.00015120193333333334,0.4500000000000007,-0.014405333333333334
31,0.4750000000000007,0.0001674354,0.4750000000000007,-0.01384052
32,0.5000000000000007,0.00018505373333333334,0.5000000000000007,-0.013235526666666667
33,0.5250000000000008,0.0002048566666666667,0.5250000000000008,-0.01262164
34,0.5500000000000007,0.0002266084,0.5500000000000007,-0.011967293333333334
35,0.5750000000000008,0.000251326,0.5750000000000008,-0.011272493333333333
36,0.6000000000000008,0.00027900373333333335,0.6000000000000008,-0.010544013333333335
37,0.6250000000000009,0.00031211113333333337,0.6250000000000009,-0.00978136
38,0.6500000000000008,0.0003517846666666667,0.6500000000000008,-0.00898056
39,0.6750000000000009,0.00039920200000000003,0.6750000000000009,-0.008143833333333333
40,0.7000000000000008,0.0004581101333333334,0.7000000000000008,-0.007272746666666667
41,0.7250000000000008,0.0005335173333333333,0.7250000000000008,-0.007541946666666668
42,0.7500000000000009,0.00063092,0.7500000000000009,-0.006585388666666667
43,0.775000000000001,0.0007895840000000001,0.775000000000001,-0.005180028000000001
44,0.8000000000000009,0.0009434206666666667,0.8000000000000009,-0.003967150000000001
45,0.8250000000000008,0.0011553766666666668,0.8250000000000008,-0.002771992
46,0.850000000000001,0.0014337573333333333,0.850000000000001,-0.0015614466666666667
47,0.8750000000000011,0.0017928113333333334,0.8750000000000011,-0.0006831213333333333
48,0.900000000000001,0.002243154,0.900000000000001,0.0006999780000000001
49,0.9250000000000009,0.0028042173333333335,0.9250000000000009,0.0017294860000000001
50,0.9500000000000011,0.003480316666666667,0.9500000000000011,0.00327033
51,0.9750000000000012,0.00427572,0.9750000000000012,0.004753700666666667
52,1.000000000000001,0.005192118000000001,1.000000000000001,0.006269894666666667
53,1.025000000000001,0.006245546,1.025000000000001,0.0075838066666666665
54,1.0500000000000012,0.007745973333333333,1.0500000000000012,0.009291913333333334
55,1.0750000000000013,0.008887820000000001,1.0750000000000013,0.011004946666666666
56,1.1000000000000012,0.010255160000000001,1.1000000000000012,0.012781306666666667
57,1.125000000000001,0.011776900000000002,1.125000000000001,0.014640886666666667
58,1.1500000000000012,0.013446773333333334,1.1500000000000012,0.016591420000000003
59,1.1750000000000014,0.015239886666666667,1.1750000000000014,0.018635513333333333
60,1.2000000000000013,0.017188653333333335,1.2000000000000013,0.020781173333333337
61,1.2250000000000012,0.01926578,1.2250000000000012,0.023026766666666667
62,1.2500000000000013,0.021480006666666666,1.2500000000000013,0.025379633333333335
63,1.2750000000000015,0.023825893333333334,1.2750000000000015,0.027838126666666664
