,F_S_B_MeO-2PAcZ_Epoxy_1R_V_D,F_S_B_MeO-2PAcZ_Epoxy_1R_J_D,F_S_B_MeO-2PAcZ_Epoxy_1R_V_L,F_S_B_MeO-2PAcZ_Epoxy_1R_J_L
0,1.25,0.0782902,1.25,0.06383500666666667
1,1.225,0.058647306666666676,1.225,0.05146430666666667
2,1.2000000000000002,0.046847853333333335,1.2000000000000002,0.03993733333333333
3,1.1750000000000003,0.0366547,1.1750000000000003,0.029370986666666668
4,1.1500000000000004,0.027856779999999998,1.1500000000000004,0.01988504
5,1.1250000000000004,0.020516533333333333,1.1250000000000004,0.01163982
6,1.1000000000000005,0.01465014,1.1000000000000005,0.005354608
7,1.0750000000000006,0.010189393333333335,1.0750000000000006,-0.0007120399999999999
8,1.0500000000000007,0.00698368,1.0500000000000007,-0.005196508000000001
9,1.0250000000000008,0.005167633333333334,1.0250000000000008,-0.007395053333333333
10,1.0000000000000009,0.003300922666666667,1.0000000000000009,-0.010557760000000001
11,0.975000000000001,0.0022018326666666667,0.975000000000001,-0.012589693333333334
12,0.9500000000000011,0.0014762666666666667,0.9500000000000011,-0.014054040000000002
13,0.9250000000000012,0.0009873453333333335,0.9250000000000012,-0.015146159999999999
14,0.9000000000000012,0.0008948220000000001,0.9000000000000012,-0.015935786666666667
15,0.8750000000000013,0.0005863279333333333,0.8750000000000013,-0.01655760666666667
16,0.8500000000000014,0.0003200924666666667,0.8500000000000014,-0.017050526666666666
17,0.8250000000000015,0.00018532993333333334,0.8250000000000015,-0.017428433333333337
18,0.8000000000000016,0.00010120653333333333,0.8000000000000016,-0.017753033333333335
19,0.7750000000000017,8.794206666666666e-05,0.7750000000000017,-0.018012040000000003
20,0.7500000000000018,3.54237e-05,0.7500000000000018,-0.018228693333333334
21,0.7250000000000019,-7.969086666666668e-06,0.7250000000000019,-0.01841054
22,0.700000000000002,-2.8144926666666666e-05,0.700000000000002,-0.01856822666666667
23,0.675000000000002,-4.002429333333333e-05,0.675000000000002,-0.018708006666666666
24,0.6500000000000021,-4.702920666666667e-05,0.6500000000000021,-0.01882884
25,0.6250000000000022,-5.103719333333333e-05,0.6250000000000022,-0.018926226666666667
26,0.6000000000000023,-5.3213280000000006e-05,0.6000000000000023,-0.01902504666666667
27,0.5750000000000024,-5.4394046666666674e-05,0.5750000000000024,-0.019069806666666668
28,0.5500000000000025,-5.5055119999999995e-05,0.5500000000000025,-0.019098853333333332
29,0.5250000000000026,-5.550632666666667e-05,0.5250000000000026,-0.019113193333333334
30,0.5000000000000027,-5.585566e-05,0.5000000000000027,-0.01912556
31,0.47500000000000275,-5.6141606666666674e-05,0.47500000000000275,-0.019103580000000002
32,0.45000000000000284,-5.6322366666666675e-05,0.45000000000000284,-0.019091373333333335
33,0.42500000000000293,-5.652406e-05,0.42500000000000293,-0.019082086666666668
34,0.400000000000003,-5.663577333333334e-05,0.400000000000003,-0.01907222
35,0.3750000000000031,-5.67252e-05,0.3750000000000031,-0.019065020000000002
36,0.3500000000000032,-5.679474e-05,0.3500000000000032,-0.019057153333333333
37,0.3250000000000033,-5.6859386666666675e-05,0.3250000000000033,-0.01904988666666667
38,0.3000000000000034,-5.6915840000000004e-05,0.3000000000000034,-0.01905022666666667
39,0.27500000000000346,-5.697386666666667e-05,0.27500000000000346,-0.019047153333333334
40,0.25000000000000355,-5.702292000000001e-05,0.25000000000000355,-0.019042933333333335
41,0.22500000000000364,-5.698298666666667e-05,0.22500000000000364,-0.019018466666666668
42,0.20000000000000373,-5.711301333333333e-05,0.20000000000000373,-0.01903886
43,0.17500000000000382,-5.7154906666666667e-05,0.17500000000000382,-0.01905608
44,0.1500000000000039,-5.7183500000000006e-05,0.1500000000000039,-0.01904864666666667
45,0.125000000000004,-5.722018666666667e-05,0.125000000000004,-0.019046
46,0.10000000000000409,-5.7252640000000004e-05,0.10000000000000409,-0.019044126666666668
47,0.07500000000000417,-5.728278666666667e-05,0.07500000000000417,-0.019042173333333336
48,0.05000000000000426,-5.731391333333334e-05,0.05000000000000426,-0.019049213333333332
49,0.025000000000004352,-5.734569333333334e-05,0.025000000000004352,-0.019056666666666666
50,4.440892098500626e-15,-5.7372760000000005e-05,4.440892098500626e-15,-0.01906078
51,-0.02499999999999547,-5.740681333333333e-05,-0.02499999999999547,-0.01906228
52,-0.04999999999999538,-5.743707333333333e-05,-0.04999999999999538,-0.01906716666666667
53,-0.07499999999999529,-5.7469486666666664e-05,-0.07499999999999529,-0.019062366666666667
54,-0.0999999999999952,-5.750414666666666e-05,-0.0999999999999952,-0.019074613333333334
55,-0.12499999999999512,-5.7536740000000004e-05,-0.12499999999999512,-0.019075066666666668
56,-0.14999999999999503,-5.757225333333334e-05,-0.14999999999999503,-0.019094606666666666
57,-0.17499999999999494,-5.7614599999999996e-05,-0.17499999999999494,-0.01908594
58,-0.19999999999999485,-5.760024000000001e-05,-0.19999999999999485,-0.01907982
59,-0.22499999999999476,-5.7686673333333334e-05,-0.22499999999999476,-0.019094326666666668
