,K1_oil_5F_V_D,K1_oil_5F_J_D,K1_oil_5F_V_L,K1_oil_5F_J_L
0,-0.25,-1.5810253333333335e-05,-0.25,-0.023378133333333335
1,-0.225,-1.4806693333333334e-05,-0.225,-0.02336536666666667
2,-0.2,-1.430754e-05,-0.2,-0.02334408666666667
3,-0.17500000000000002,-1.3812946666666667e-05,-0.17500000000000002,-0.02330084666666667
4,-0.15000000000000002,-1.3422946666666667e-05,-0.15000000000000002,-0.02325894
5,-0.12500000000000003,-1.3065193333333334e-05,-0.12500000000000003,-0.02321246
6,-0.10000000000000003,-1.2751126666666668e-05,-0.10000000000000003,-0.023167773333333336
7,-0.07500000000000004,-1.24654e-05,-0.07500000000000004,-0.023117953333333333
8,-0.050000000000000044,-1.220366e-05,-0.050000000000000044,-0.02306458
9,-0.02500000000000005,-1.1954546666666668e-05,-0.02500000000000005,-0.023007500000000004
10,-5.551115123125783e-17,-1.1737086666666666e-05,-5.551115123125783e-17,-0.022949820000000003
11,0.02499999999999991,-1.149388e-05,0.02499999999999991,-0.022883780000000003
12,0.04999999999999993,-1.1276546666666667e-05,0.04999999999999993,-0.02281950666666667
13,0.07499999999999996,-1.1064666666666668e-05,0.07499999999999996,-0.02274828
14,0.09999999999999992,-1.08574e-05,0.09999999999999992,-0.022669966666666666
15,0.12499999999999989,-1.0652506666666666e-05,0.12499999999999989,-0.022582266666666666
16,0.1499999999999999,-1.0450226666666666e-05,0.1499999999999999,-0.022497713333333336
17,0.17499999999999993,-1.024264e-05,0.17499999999999993,-0.022408753333333333
18,0.1999999999999999,-1.0029226666666666e-05,0.1999999999999999,-0.022302633333333335
19,0.22499999999999987,-9.831106666666667e-06,0.22499999999999987,-0.022189760000000003
20,0.2499999999999999,-9.556686666666667e-06,0.2499999999999999,-0.022069293333333333
21,0.2749999999999999,-9.353413333333335e-06,0.2749999999999999,-0.02193648
22,0.2999999999999998,-8.953606666666666e-06,0.2999999999999998,-0.02179532
23,0.32499999999999984,-8.563766666666668e-06,0.32499999999999984,-0.02163070666666667
24,0.34999999999999987,-8.10072e-06,0.34999999999999987,-0.021455000000000002
25,0.3749999999999999,-7.553526666666666e-06,0.3749999999999999,-0.02126048
26,0.3999999999999999,-6.88384e-06,0.3999999999999999,-0.021046966666666667
27,0.4249999999999998,-7.454826666666667e-06,0.4249999999999998,-0.02080676
28,0.44999999999999984,-7.4423e-06,0.44999999999999984,-0.02053430666666667
29,0.47499999999999987,-6.524132666666667e-06,0.47499999999999987,-0.020251873333333333
30,0.4999999999999998,-4.387932e-06,0.4999999999999998,-0.019932106666666668
31,0.5249999999999998,-2.841454666666667e-06,0.5249999999999998,-0.019579846666666668
32,0.5499999999999998,-1.2356446666666667e-06,0.5499999999999998,-0.019197306666666667
33,0.5749999999999998,7.591593333333333e-07,0.5749999999999998,-0.018759333333333333
34,0.5999999999999999,2.9563546666666665e-06,0.5999999999999999,-0.01828724
35,0.6249999999999998,5.556715333333333e-06,0.6249999999999998,-0.017775213333333335
36,0.6499999999999998,5.801354666666667e-06,0.6499999999999998,-0.01720834666666667
37,0.6749999999999998,1.1279e-05,0.6749999999999998,-0.016588099999999998
38,0.6999999999999997,1.704188e-05,0.6999999999999997,-0.015914266666666666
39,0.7249999999999998,2.532278666666667e-05,0.7249999999999998,-0.015180573333333336
40,0.7499999999999998,3.812012e-05,0.7499999999999998,-0.014375513333333334
41,0.7749999999999997,5.946971333333333e-05,0.7749999999999997,-0.01349294
42,0.7999999999999998,9.0646e-05,0.7999999999999998,-0.01254344
43,0.8249999999999997,0.00015067586666666667,0.8249999999999997,-0.011516873333333334
44,0.8499999999999996,0.0002447974,0.8499999999999996,-0.010402966666666666
45,0.8749999999999998,0.00039500313333333336,0.8749999999999998,-0.009206073333333334
46,0.8999999999999997,0.0006281210666666667,0.8999999999999997,-0.00793774
47,0.9249999999999998,0.0009879106666666668,0.9249999999999998,-0.0067887
48,0.9499999999999997,0.001469328,0.9499999999999997,-0.0052690693333333335
49,0.9749999999999996,0.002105689333333333,0.9749999999999996,-0.0037528220000000003
50,0.9999999999999998,0.0029093733333333334,0.9999999999999998,-0.0021819486666666667
51,1.0249999999999997,0.003869290666666667,1.0249999999999997,-0.0006412760000000001
52,1.0499999999999998,0.004976081333333333,1.0499999999999998,0.0009840086666666667
53,1.0749999999999997,0.006212679333333334,1.0749999999999997,0.002742056666666667
54,1.0999999999999996,0.007646846666666666,1.0999999999999996,0.004523942666666667
55,1.1249999999999998,0.009066853333333335,1.1249999999999998,0.006333541333333334
56,1.1499999999999997,0.01059516,1.1499999999999997,0.008149333333333333
57,1.1749999999999996,0.0122016,1.1749999999999996,0.010036593333333335
58,1.1999999999999997,0.01387966,1.1999999999999997,0.011948893333333334
59,1.2249999999999996,0.015614693333333334,1.2249999999999996,0.0138847
