,Mapi_minimodule1_allR_V_D,Mapi_minimodule1_allR_J_D,Mapi_minimodule1_allR_V_L,Mapi_minimodule1_allR_J_L
0,1.25,0.043077192,1.25,0.035429432
1,1.225,0.04071748,1.225,0.033886519999999996
2,1.2000000000000002,0.039235064,1.2000000000000002,0.032557072
3,1.1750000000000003,0.037940584,1.1750000000000003,0.031344344
4,1.1500000000000004,0.036713871999999995,1.1500000000000004,0.030186176
5,1.1250000000000004,0.035539504,1.1250000000000004,0.0290568
6,1.1000000000000005,0.034389384,1.1000000000000005,0.027960400000000003
7,1.0750000000000006,0.033290824000000004,1.0750000000000006,0.026891512
8,1.0500000000000007,0.032211112,1.0500000000000007,0.025820167999999998
9,1.0250000000000008,0.031150223999999997,1.0250000000000008,0.024771624
10,1.0000000000000009,0.030105135999999998,1.0000000000000009,0.023723344
11,0.975000000000001,0.02907936,0.975000000000001,0.022692432000000002
12,0.9500000000000011,0.028043288,0.9500000000000011,0.021662224
13,0.9250000000000012,0.02702636,0.9250000000000012,0.020638664
14,0.9000000000000012,0.026014616,0.9000000000000012,0.01961184
15,0.8750000000000013,0.025005815999999997,0.8750000000000013,0.018600328
16,0.8500000000000014,0.024011088,0.8500000000000014,0.017599896
17,0.8250000000000015,0.023014064,0.8250000000000015,0.016597168000000002
18,0.8000000000000016,0.022024408000000002,0.8000000000000016,0.015585856
19,0.7750000000000017,0.021035176,0.7750000000000017,0.014592296
20,0.7500000000000018,0.020062888,0.7500000000000018,0.013597744
21,0.7250000000000019,0.01907508,0.7250000000000019,0.012608672000000001
22,0.700000000000002,0.01811156,0.700000000000002,0.011623264
23,0.675000000000002,0.017152616000000002,0.675000000000002,0.010629959999999999
24,0.6500000000000021,0.0161944,0.6500000000000021,0.009656984
25,0.6250000000000022,0.015240304,0.6250000000000022,0.008670767999999999
26,0.6000000000000023,0.014300031999999999,0.6000000000000023,0.0078602792
27,0.5750000000000024,0.013367319999999999,0.5750000000000024,0.0069250296
28,0.5500000000000025,0.012444496,0.5500000000000025,0.0059809176
29,0.5250000000000026,0.011533551999999999,0.5250000000000026,0.0074088128
30,0.5000000000000027,0.010623136,0.5000000000000027,0.0059919712
31,0.47500000000000275,0.00972636,0.47500000000000275,0.0045802176
32,0.45000000000000284,0.008834016,0.45000000000000284,0.0031689816
33,0.42500000000000293,0.00833504,0.42500000000000293,0.0017441984000000001
34,0.400000000000003,0.0077173575999999995,0.400000000000003,-0.00047868848000000004
35,0.3750000000000031,0.007054803199999999,0.3750000000000031,-0.0018676176
36,0.3500000000000032,0.006384962399999999,0.3500000000000032,-0.003126412
37,0.3250000000000033,0.0056847856000000006,0.3250000000000033,-0.0043652944
38,0.3000000000000034,0.0069723696,0.3000000000000034,-0.0055068576
39,0.27500000000000346,0.0056638256,0.27500000000000346,-0.006581272000000001
40,0.25000000000000355,0.0043442976,0.25000000000000355,-0.0076843352000000005
41,0.22500000000000364,0.0030230904,0.22500000000000364,-0.008283848
42,0.20000000000000373,0.0017395152000000001,0.20000000000000373,-0.0064206192
43,0.17500000000000382,0.00075081552,0.17500000000000382,-0.007259842399999999
44,0.1500000000000039,0.0018270080000000002,0.1500000000000039,-0.008255648
45,0.125000000000004,0.00040184608,0.125000000000004,-0.009253944
46,0.10000000000000409,-0.0011051936,0.10000000000000409,-0.010248776
47,0.07500000000000417,-0.0025255696000000003,0.07500000000000417,-0.011229192
48,0.05000000000000426,-0.0038383783999999996,0.05000000000000426,-0.012217528
49,0.025000000000004352,-0.0050368408,0.025000000000004352,-0.013181208
50,4.440892098500626e-15,-0.006199132,4.440892098500626e-15,-0.014156216
51,-0.02499999999999547,-0.007361802400000001,-0.02499999999999547,-0.015113392
52,-0.04999999999999538,-0.008112552,-0.04999999999999538,-0.016073847999999998
53,-0.07499999999999529,-0.006030428,-0.07499999999999529,-0.017020784
54,-0.0999999999999952,-0.006816256,-0.0999999999999952,-0.017952312
55,-0.12499999999999512,-0.0075258368,-0.12499999999999512,-0.018891192
56,-0.14999999999999503,-0.008505048,-0.14999999999999503,-0.019809704
57,-0.17499999999999494,-0.009489944,-0.17499999999999494,-0.020727552
58,-0.19999999999999485,-0.010468824,-0.19999999999999485,-0.02163748
59,-0.22499999999999476,-0.011443143999999999,-0.22499999999999476,-0.022537096
