Elapsed Time,Sample_Cell#,I_ph(suns),V_oc(V),mpp(V),J_sc(mA),R_sh,R_ser,FF,PCE(%)
1.1959360003471375,SA_Meo2Pacz_C_1F_120455,0.805,1.0301354885616787,0.8499999999999996,19.56294666666668,569.3121404884927,3.0662122785241053,0.7226771727508191,14.563741333333327
1.196252743403117,SA_Meo2Pacz_C_1R_120455,0.805,1.0697540204806202,0.9250000000000012,19.838080000000005,2394.686541501656,3.354369853880712,0.8238116666845675,17.482820666666687
2.487571171919505,SA_Meo2Pacz_C_6F_120613,0.805,1.0337695001327531,0.8749999999999998,22.031573333333338,568.9807306473972,3.02262032336742,0.7324227330977939,16.68134416666667
2.4880255699157714,SA_Meo2Pacz_C_6R_120613,0.805,1.0717769145807514,0.9250000000000012,22.321706666666675,2442.6545661138434,3.1116249394891327,0.8186919190697217,19.58629533333336
3.871337433656057,SA_Meo2Pacz_C_6F_120736,0.805,1.0357833740928206,0.8749999999999998,21.97647333333333,565.4608482339693,3.0710885756679573,0.7288232166700072,16.590105
3.871488833427429,SA_Meo2Pacz_C_6R_120736,0.805,1.071662881141897,0.9250000000000012,22.188820000000003,1745.3080504200557,3.0953340603989687,0.8123383512856726,19.316540666666693
5.401018452644348,SA_Meo2Pacz_C_5F_120908,0.805,0.0412537924315217,0.0249999999999999,9.945353333333324,4.166173483596499,4.123702270895924,0.2401725227286024,0.0985388333333329
5.4012033979098,SA_Meo2Pacz_C_5R_120908,0.805,0.0599047711533454,0.5750000000000024,1.5163166666664795e-05,-3364577.260481411,240105.1197845772,1162010015.4433975,1055.5071833333377
6.04455064535141,SA_Meo2Pacz_C_4F_120946,0.805,1.0339776051015412,0.8499999999999996,22.087133333333338,451.8524587007327,5.084295587209908,0.6951901606683768,15.876475666666662
6.044802323977152,SA_Meo2Pacz_C_4R_120946,0.805,1.070766519040807,0.9000000000000012,22.330986666666675,1821.3986517915607,4.904441213371413,0.7824035177751747,18.708264000000028
7.137892206509908,SA_Meo2Pacz_C_2F_121052,0.805,1.0389856156899642,0.8499999999999996,19.332780000000007,506.5047771860433,4.373406840674221,0.705255745805955,14.16610566666666
7.138126536210378,SA_Meo2Pacz_C_2R_121052,0.805,1.0744011696881297,0.9000000000000012,19.545520000000003,4042.5752242216095,4.737246775743387,0.8042995010794858,16.89007200000003
7.972714213530223,SA_Meo2Pacz_C_3F_121142,0.805,0.1194423505424404,0.0249999999999999,8.63923333333333,6.03013803012304,217.9226204510332,0.1088046659539802,0.1122744833333329
7.972864286104838,SA_Meo2Pacz_C_3R_121142,0.805,0.9675223889723348,0.7750000000000017,19.761313333333344,505.6333436749377,5.879457020352419,0.6691214507464249,12.79327633333336
8.920978307723999,SA_Meo2Pacz_C_3F_121239,0.805,0.4139218000755837,0.7499999999999998,12.03763333333333,8.568770213412478,418.2995220899932,0.545688856346405,2.7189705
8.921253291765849,SA_Meo2Pacz_C_3R_121239,0.805,0.976698233114932,0.8000000000000016,19.874286666666674,3140.879328517804,5.202666112480436,0.7514421154140658,14.586378666666697
