,NiOx_LA_120423_2F_V_D,NiOx_LA_120423_2F_J_D,NiOx_LA_120423_2F_V_L,NiOx_LA_120423_2F_J_L
0,-0.25,-6.5160896e-05,-0.25,-0.021070504
1,-0.225,-6.301596e-05,-0.225,-0.020950167999999998
2,-0.2,-6.2390352e-05,-0.2,-0.020845056
3,-0.17500000000000002,-6.206912e-05,-0.17500000000000002,-0.020750416
4,-0.15000000000000002,-6.1874904e-05,-0.15000000000000002,-0.020681704000000002
5,-0.12500000000000003,-6.1766096e-05,-0.12500000000000003,-0.020632904
6,-0.10000000000000003,-6.1664512e-05,-0.10000000000000003,-0.020596216
7,-0.07500000000000004,-6.1574784e-05,-0.07500000000000004,-0.020565672
8,-0.050000000000000044,-6.14824e-05,-0.050000000000000044,-0.020541544000000002
9,-0.02500000000000005,-6.1420144e-05,-0.02500000000000005,-0.020519568
10,-5.551115123125783e-17,-6.1357888e-05,-5.551115123125783e-17,-0.020499503999999998
11,0.02499999999999991,-6.1275e-05,0.02499999999999991,-0.020480608
12,0.04999999999999993,-6.1196232e-05,0.04999999999999993,-0.0204608
13,0.07499999999999996,-6.1114176e-05,0.07499999999999996,-0.020447544
14,0.09999999999999992,-6.1035656e-05,0.09999999999999992,-0.020430864
15,0.12499999999999989,-6.0955528e-05,0.12499999999999989,-0.02041756
16,0.1499999999999999,-6.0868152e-05,0.1499999999999999,-0.02039956
17,0.17499999999999993,-6.0785296000000005e-05,0.17499999999999993,-0.020384015999999998
18,0.1999999999999999,-6.0707663999999996e-05,0.1999999999999999,-0.020370824000000003
19,0.22499999999999987,-6.0597464000000005e-05,0.22499999999999987,-0.020356888
20,0.2499999999999999,-6.052167999999999e-05,0.2499999999999999,-0.02034216
21,0.2749999999999999,-6.0400376e-05,0.2749999999999999,-0.020330872
22,0.2999999999999998,-6.029436e-05,0.2999999999999998,-0.020314952
23,0.32499999999999984,-6.0157184e-05,0.32499999999999984,-0.020292528
24,0.34999999999999987,-5.9997624e-05,0.34999999999999987,-0.020278424
25,0.3749999999999999,-5.97748e-05,0.3749999999999999,-0.020252064
26,0.3999999999999999,-5.9538344e-05,0.3999999999999999,-0.020235735999999997
27,0.4249999999999998,-5.9222528e-05,0.4249999999999998,-0.020209743999999998
28,0.44999999999999984,-5.8829800000000004e-05,0.44999999999999984,-0.02017888
29,0.47499999999999987,-5.8313856000000004e-05,0.47499999999999987,-0.020139032
30,0.4999999999999998,-5.7618232e-05,0.4999999999999998,-0.020107904
31,0.5249999999999998,-5.6716768000000005e-05,0.5249999999999998,-0.020068352
32,0.5499999999999998,-5.5546112e-05,0.5499999999999998,-0.020016896
33,0.5749999999999998,-5.4011192e-05,0.5749999999999998,-0.019953216
34,0.5999999999999999,-5.202084e-05,0.5999999999999999,-0.019883912
35,0.6249999999999998,-4.9426032e-05,0.6249999999999998,-0.01980248
36,0.6499999999999998,-4.604324e-05,0.6499999999999998,-0.019700024
37,0.6749999999999998,-4.1616024e-05,0.6749999999999998,-0.019581096
38,0.6999999999999997,-3.5512168e-05,0.6999999999999997,-0.01943616
39,0.7249999999999998,-2.7312727999999997e-05,0.7249999999999998,-0.01926104
40,0.7499999999999998,-1.5532664e-05,0.7499999999999998,-0.019054144000000002
41,0.7749999999999997,-1.505632e-05,0.7749999999999997,-0.018805488000000002
42,0.7999999999999998,1.7127008000000002e-05,0.7999999999999998,-0.01850384
43,0.8249999999999997,6.4570272e-05,0.8249999999999997,-0.018138056
44,0.8499999999999996,0.000115284,0.8499999999999996,-0.017664759999999998
45,0.8749999999999998,0.00026698624,0.8749999999999998,-0.017061272
46,0.8999999999999997,0.00052528152,0.8999999999999997,-0.016234024
47,0.9249999999999998,0.000848052,0.9249999999999998,-0.015091816
48,0.9499999999999997,0.0016607104,0.9499999999999997,-0.013462472
49,0.9749999999999996,0.0030728096,0.9749999999999996,-0.011118016
50,0.9999999999999998,0.0056347656,0.9999999999999998,-0.01115088
51,1.0249999999999997,0.009627976,1.0249999999999997,-0.0063855679999999995
52,1.0499999999999998,0.01970448,1.0499999999999998,0.003919586399999999
53,1.0749999999999997,0.043697816,1.0749999999999997,0.020888952
54,1.0999999999999996,0.7994852800000001,1.0999999999999996,0.11071296
55,1.1249999999999998,0.7994352,1.1249999999999998,0.79947504
56,1.1499999999999997,0.7994416799999999,1.1499999999999997,0.79944304
57,1.1749999999999996,0.79944088,1.1749999999999996,0.79943912
58,1.1999999999999997,0.7994366399999999,1.1999999999999997,0.79943896
59,1.2249999999999996,0.79943928,1.2249999999999996,0.79944416
