,b8_2F_V_D,b8_2F_J_D,b8_2F_V_L,b8_2F_J_L
0,-0.25,-6.508760666666667e-07,-0.25,-0.022394006666666667
1,-0.225,-4.4679026666666666e-07,-0.225,-0.022285093333333332
2,-0.2,-3.736392666666667e-07,-0.2,-0.0221156
3,-0.17500000000000002,-2.4670166666666667e-07,-0.17500000000000002,-0.02190296666666667
4,-0.15000000000000002,-1.556092e-07,-0.15000000000000002,-0.021676920000000002
5,-0.12500000000000003,-7.65474e-08,-0.12500000000000003,-0.021433980000000002
6,-0.10000000000000003,-8.777006666666668e-09,-0.10000000000000003,-0.021176893333333335
7,-0.07500000000000004,4.996252000000001e-08,-0.07500000000000004,-0.020897866666666667
8,-0.050000000000000044,1.0209586666666667e-07,-0.050000000000000044,-0.020610273333333335
9,-0.02500000000000005,1.4363313333333333e-07,-0.02500000000000005,-0.02029692666666667
10,-5.551115123125783e-17,1.783168666666667e-07,-5.551115123125783e-17,-0.019962093333333333
11,0.02499999999999991,2.430318e-07,0.02499999999999991,-0.01958752
12,0.04999999999999993,2.9171893333333337e-07,0.04999999999999993,-0.019170720000000002
13,0.07499999999999996,3.450977333333333e-07,0.07499999999999996,-0.018723513333333334
14,0.09999999999999992,4.03954e-07,0.09999999999999992,-0.018236
15,0.12499999999999989,4.713828e-07,0.12499999999999989,-0.01770318666666667
16,0.1499999999999999,5.504191333333334e-07,0.1499999999999999,-0.017121113333333333
17,0.17499999999999993,6.458721333333334e-07,0.17499999999999993,-0.016495120000000002
18,0.1999999999999999,7.63188e-07,0.1999999999999999,-0.015820013333333334
19,0.22499999999999987,9.01486e-07,0.22499999999999987,-0.015087080000000001
20,0.2499999999999999,1.098426e-06,0.2499999999999999,-0.014295073333333335
21,0.2749999999999999,1.3478106666666668e-06,0.2749999999999999,-0.013471606666666667
22,0.2999999999999998,1.680422e-06,0.2999999999999998,-0.0125862
23,0.32499999999999984,2.1308106666666665e-06,0.32499999999999984,-0.011659306666666668
24,0.34999999999999987,2.747893333333333e-06,0.34999999999999987,-0.010686253333333333
25,0.3749999999999999,3.5965506666666666e-06,0.3749999999999999,-0.009677106666666668
26,0.3999999999999999,4.763999333333333e-06,0.3999999999999999,-0.00864374
27,0.4249999999999998,6.371502000000001e-06,0.4249999999999998,-0.0075994800000000005
28,0.44999999999999984,8.506546666666668e-06,0.44999999999999984,-0.007436453333333334
29,0.47499999999999987,1.1594173333333334e-05,0.47499999999999987,-0.006389456666666667
30,0.4999999999999998,1.546188666666667e-05,0.4999999999999998,-0.005072411333333333
31,0.5249999999999998,2.0523873333333334e-05,0.5249999999999998,-0.003951111333333333
32,0.5499999999999998,2.7052020000000003e-05,0.5499999999999998,-0.002925472
33,0.5749999999999998,3.5362500000000006e-05,0.5749999999999998,-0.0019938526666666667
34,0.5999999999999999,4.5825013333333335e-05,0.5999999999999999,-0.0011501933333333332
35,0.6249999999999998,5.882103333333334e-05,0.6249999999999998,-0.000853208
36,0.6499999999999998,8.05992e-05,0.6499999999999998,-0.00035602373333333337
37,0.6749999999999998,9.912293333333333e-05,0.6749999999999998,0.00045069053333333334
38,0.6999999999999997,0.0001225422,0.6999999999999997,0.0008809693333333333
39,0.7249999999999998,0.0001510498,0.7249999999999998,0.0015455360000000001
40,0.7499999999999998,0.00018592046666666666,0.7499999999999998,0.0021159513333333336
41,0.7749999999999997,0.00022765880000000002,0.7749999999999997,0.002652138666666667
42,0.7999999999999998,0.00027759813333333335,0.7999999999999998,0.0031788853333333334
43,0.8249999999999997,0.00033736460000000003,0.8249999999999997,0.00371756
44,0.8499999999999996,0.0004081026,0.8499999999999996,0.0042843406666666665
45,0.8749999999999998,0.0004925448666666667,0.8749999999999998,0.0048901886666666665
46,0.8999999999999997,0.0005919557333333333,0.8999999999999997,0.005550993333333334
47,0.9249999999999998,0.0007864753333333334,0.9249999999999998,0.006277888
48,0.9499999999999997,0.0009085393333333334,0.9499999999999997,0.00699502
49,0.9749999999999996,0.0010674080000000002,0.9749999999999996,0.007943773333333334
50,0.9999999999999998,0.001258524,0.9999999999999998,0.008963853333333334
51,1.0249999999999997,0.0014836086666666667,1.0249999999999997,0.010083080000000001
52,1.0499999999999998,0.0017474760000000002,1.0499999999999998,0.011314166666666667
53,1.0749999999999997,0.0020563093333333337,1.0749999999999997,0.01266072
54,1.0999999999999996,0.0024162773333333337,1.0999999999999996,0.014129406666666667
55,1.1249999999999998,0.0028306159999999998,1.1249999999999998,0.015714286666666667
56,1.1499999999999997,0.003315788666666667,1.1499999999999997,0.017418433333333334
57,1.1749999999999996,0.0038759213333333336,1.1749999999999996,0.0192406
58,1.1999999999999997,0.004518066666666667,1.1999999999999997,0.02117696
59,1.2249999999999996,0.005248790666666667,1.2249999999999996,0.02323112
60,1.2499999999999996,0.006093210666666667,1.2499999999999996,0.025391186666666666
61,1.2749999999999997,0.007808606666666667,1.2749999999999997,0.027658820000000004
