,b8_2R_V_D,b8_2R_J_D,b8_2R_V_L,b8_2R_J_L
0,1.3,0.015644866666666667,1.3,0.02586132
1,1.2750000000000001,0.015245733333333334,1.2750000000000001,0.024715106666666667
2,1.2500000000000002,0.014186326666666667,1.2500000000000002,0.02299148
3,1.2250000000000003,0.012944800000000001,1.2250000000000003,0.02113722666666667
4,1.2000000000000004,0.011651933333333333,1.2000000000000004,0.019260740000000002
5,1.1750000000000005,0.010370053333333334,1.1750000000000005,0.017408113333333333
6,1.1500000000000006,0.009126766666666666,1.1500000000000006,0.015600853333333333
7,1.1250000000000007,0.0079469,1.1250000000000007,0.013859486666666667
8,1.1000000000000008,0.006839786666666667,1.1000000000000008,0.012177306666666667
9,1.0750000000000008,0.005777282,1.0750000000000008,0.010582173333333333
10,1.050000000000001,0.004879235333333334,1.050000000000001,0.009059213333333335
11,1.025000000000001,0.004047348666666666,1.025000000000001,0.007619733333333333
12,1.000000000000001,0.003298472666666667,1.000000000000001,0.006363740666666667
13,0.9750000000000012,0.00263603,0.9750000000000012,0.004972938
14,0.9500000000000013,0.002062556,0.9500000000000013,0.003653554666666667
15,0.9250000000000014,0.001575478,0.9250000000000014,0.0023578526666666664
16,0.9000000000000015,0.001167522,0.9000000000000015,0.0010559546666666668
17,0.8750000000000016,0.0008383053333333334,0.8750000000000016,-7.778533333333334e-05
18,0.8500000000000016,0.0005950781333333333,0.8500000000000016,-0.001330734
19,0.8250000000000017,0.0003961916,0.8250000000000017,-0.002873126
20,0.8000000000000018,0.00026175693333333334,0.8000000000000018,-0.004376616666666667
21,0.7750000000000019,0.00017265960000000002,0.7750000000000019,-0.005878422
22,0.750000000000002,0.00011549853333333333,0.750000000000002,-0.007009026666666667
23,0.7250000000000021,7.905013333333333e-05,0.7250000000000021,-0.008640766666666667
24,0.7000000000000022,5.9451620000000007e-05,0.7000000000000022,-0.010155246666666666
25,0.6750000000000023,4.269552e-05,0.6750000000000023,-0.0115923
26,0.6500000000000024,3.2809773333333335e-05,0.6500000000000024,-0.012944800000000001
27,0.6250000000000024,2.6491280000000004e-05,0.6250000000000024,-0.014204746666666667
28,0.6000000000000025,2.2270966666666667e-05,0.6000000000000025,-0.015361433333333334
29,0.5750000000000026,1.93103e-05,0.5750000000000026,-0.016403493333333335
30,0.5500000000000027,1.7109693333333334e-05,0.5500000000000027,-0.017322173333333336
31,0.5250000000000028,1.4931960000000001e-05,0.5250000000000028,-0.01811586
32,0.5000000000000029,1.3369760000000001e-05,0.5000000000000029,-0.018806613333333333
33,0.475000000000003,1.2221293333333333e-05,0.475000000000003,-0.019371193333333335
34,0.45000000000000306,1.1107826666666666e-05,0.45000000000000306,-0.01984688
35,0.42500000000000315,1.0171240000000001e-05,0.42500000000000315,-0.02023898
36,0.40000000000000324,9.294326666666668e-06,0.40000000000000324,-0.0205607
37,0.37500000000000333,8.382393333333334e-06,0.37500000000000333,-0.020823526666666668
38,0.3500000000000034,7.705933333333334e-06,0.3500000000000034,-0.02103694
39,0.3250000000000035,6.834033333333334e-06,0.3250000000000035,-0.021211933333333332
40,0.3000000000000036,6.3811740000000005e-06,0.3000000000000036,-0.02135872
41,0.2750000000000037,5.368516e-06,0.2750000000000037,-0.021480806666666668
42,0.2500000000000038,4.778162666666667e-06,0.2500000000000038,-0.02158166666666667
43,0.22500000000000386,4.156274666666667e-06,0.22500000000000386,-0.021657973333333334
44,0.20000000000000395,3.436625333333334e-06,0.20000000000000395,-0.02173614
45,0.17500000000000404,2.8844506666666667e-06,0.17500000000000404,-0.02180438666666667
46,0.15000000000000413,2.2850693333333333e-06,0.15000000000000413,-0.021857626666666668
47,0.12500000000000422,1.4749506666666666e-06,0.12500000000000422,-0.021904473333333334
48,0.10000000000000431,5.393814666666667e-07,0.10000000000000431,-0.021947253333333333
49,0.0750000000000044,-1.349326e-07,0.0750000000000044,-0.021986626666666665
50,0.050000000000004485,-3.2966220000000004e-07,0.050000000000004485,-0.022024353333333337
51,0.025000000000004574,-5.009374e-07,0.025000000000004574,-0.022057386666666668
52,4.6629367034256575e-15,-6.726813333333334e-07,4.6629367034256575e-15,-0.022081533333333337
53,-0.024999999999995248,-8.427766666666667e-07,-0.024999999999995248,-0.022111433333333333
54,-0.04999999999999516,-1.0298320000000001e-06,-0.04999999999999516,-0.02213834
55,-0.07499999999999507,-1.155202e-06,-0.07499999999999507,-0.02216088
56,-0.09999999999999498,-1.3394420000000001e-06,-0.09999999999999498,-0.02218296
57,-0.12499999999999489,-1.5391066666666666e-06,-0.12499999999999489,-0.022204973333333333
58,-0.1499999999999948,-1.7342346666666668e-06,-0.1499999999999948,-0.022227946666666668
59,-0.17499999999999472,-1.8979586666666669e-06,-0.17499999999999472,-0.02224372
60,-0.19999999999999463,-2.183396e-06,-0.19999999999999463,-0.022258093333333333
61,-0.22499999999999454,-2.332298e-06,-0.22499999999999454,-0.022272780000000002
