,b8_2F_V_D,b8_2F_J_D,b8_2F_V_L,b8_2F_J_L
0,-0.25,-7.241446666666667e-07,-0.25,-0.022398293333333333
1,-0.225,-5.249091333333333e-07,-0.225,-0.02228272
2,-0.2,-4.417404666666667e-07,-0.2,-0.022102493333333334
3,-0.17500000000000002,-3.034182e-07,-0.17500000000000002,-0.021883466666666667
4,-0.15000000000000002,-1.9836979999999998e-07,-0.15000000000000002,-0.021643546666666666
5,-0.12500000000000003,-1.0758453333333333e-07,-0.12500000000000003,-0.02139076666666667
6,-0.10000000000000003,-3.1066973333333336e-08,-0.10000000000000003,-0.02112518
7,-0.07500000000000004,3.57028e-08,-0.07500000000000004,-0.02084166
8,-0.050000000000000044,9.40094e-08,-0.050000000000000044,-0.020540120000000002
9,-0.02500000000000005,1.3009693333333332e-07,-0.02500000000000005,-0.020209493333333335
10,-5.551115123125783e-17,1.7888413333333333e-07,-5.551115123125783e-17,-0.019858760000000003
11,0.02499999999999991,2.496702666666667e-07,0.02499999999999991,-0.019452140000000003
12,0.04999999999999993,3.036828e-07,0.04999999999999993,-0.019037733333333334
13,0.07499999999999996,3.627028e-07,0.07499999999999996,-0.01857034
14,0.09999999999999992,4.281478e-07,0.09999999999999992,-0.018064626666666667
15,0.12499999999999989,5.030592666666666e-07,0.12499999999999989,-0.017499466666666668
16,0.1499999999999999,5.909660666666667e-07,0.1499999999999999,-0.016909193333333336
17,0.17499999999999993,6.9642e-07,0.17499999999999993,-0.016268340000000003
18,0.1999999999999999,8.260886666666668e-07,0.1999999999999999,-0.01556824
19,0.22499999999999987,9.801553333333335e-07,0.22499999999999987,-0.014823240000000001
20,0.2499999999999999,1.1962860000000001e-06,0.2499999999999999,-0.014026560000000002
21,0.2749999999999999,1.4691053333333333e-06,0.2749999999999999,-0.013174926666666666
22,0.2999999999999998,1.8308793333333333e-06,0.2999999999999998,-0.012280133333333334
23,0.32499999999999984,2.319338e-06,0.32499999999999984,-0.011331486666666666
24,0.34999999999999987,2.981778666666667e-06,0.34999999999999987,-0.01034874
25,0.3749999999999999,3.8889153333333335e-06,0.3749999999999999,-0.00933134
26,0.3999999999999999,5.132482e-06,0.3999999999999999,-0.00829598
27,0.4249999999999998,6.848586666666667e-06,0.4249999999999998,-0.0072437
28,0.44999999999999984,9.06862e-06,0.44999999999999984,-0.006648121333333334
29,0.47499999999999987,1.2309386666666667e-05,0.47499999999999987,-0.0054039046666666665
30,0.4999999999999998,1.634996e-05,0.4999999999999998,-0.004328136
31,0.5249999999999998,2.1617653333333336e-05,0.5249999999999998,-0.003330198666666667
32,0.5499999999999998,2.8395226666666666e-05,0.5499999999999998,-0.00240486
33,0.5749999999999998,3.699956666666667e-05,0.5749999999999998,-0.0015556040000000001
34,0.5999999999999999,4.7831206666666666e-05,0.5999999999999999,-0.000782334
35,0.6249999999999998,6.126094e-05,0.6249999999999998,-0.00030784713333333334
36,0.6499999999999998,8.367746666666667e-05,0.6499999999999998,0.0004080810666666666
37,0.6749999999999998,0.00010284493333333333,0.6749999999999998,0.0007264320000000001
38,0.6999999999999997,0.0001269576,0.6999999999999997,0.0013601793333333334
39,0.7249999999999998,0.00015649860000000002,0.7249999999999998,0.0018960580000000002
40,0.7499999999999998,0.0001922174666666667,0.7499999999999998,0.0023918000000000003
41,0.7749999999999997,0.00023520273333333335,0.7749999999999997,0.002879718666666667
42,0.7999999999999998,0.000286427,0.7999999999999998,0.0033747513333333336
43,0.8249999999999997,0.00034763406666666664,0.8249999999999997,0.003874352
44,0.8499999999999996,0.0004200526,0.8499999999999996,0.0044084833333333335
45,0.8749999999999998,0.0005062232666666667,0.8749999999999998,0.0049806473333333335
46,0.8999999999999997,0.0006073382000000001,0.8999999999999997,0.005601837333333333
47,0.9249999999999998,0.00080449,0.9249999999999998,0.006284316666666667
48,0.9499999999999997,0.0009287086666666667,0.9499999999999997,0.006999740000000001
49,0.9749999999999996,0.0010886933333333333,0.9749999999999996,0.007793706666666666
50,0.9999999999999998,0.0012802,0.9999999999999998,0.008767253333333334
51,1.0249999999999997,0.0015056940000000001,1.0249999999999997,0.009817126666666667
52,1.0499999999999998,0.0017692893333333337,1.0499999999999998,0.010977220000000001
53,1.0749999999999997,0.002076634666666667,1.0749999999999997,0.0122438
54,1.0999999999999996,0.0024338460000000004,1.0999999999999996,0.01363046
55,1.1249999999999998,0.0028440073333333336,1.1249999999999998,0.015139213333333335
56,1.1499999999999997,0.0033221353333333335,1.1499999999999997,0.016737713333333334
57,1.1749999999999996,0.00387318,1.1749999999999996,0.01847816
58,1.1999999999999997,0.004503188666666666,1.1999999999999997,0.020336733333333336
59,1.2249999999999996,0.0052182646666666666,1.2249999999999996,0.0223147
60,1.2499999999999996,0.006043267333333333,1.2499999999999996,0.024407313333333333
61,1.2749999999999997,0.00772886,1.2749999999999997,0.02660962666666667
