,b8_2F_V_D,b8_2F_J_D,b8_2F_V_L,b8_2F_J_L
0,-0.25,-6.233094666666667e-07,-0.25,-0.022393140000000002
1,-0.225,-4.116430666666667e-07,-0.225,-0.022285906666666667
2,-0.2,-3.4262086666666665e-07,-0.2,-0.022119686666666666
3,-0.17500000000000002,-2.219618e-07,-0.17500000000000002,-0.021912693333333337
4,-0.15000000000000002,-1.381174e-07,-0.15000000000000002,-0.021691426666666666
5,-0.12500000000000003,-6.521162666666667e-08,-0.12500000000000003,-0.02145590666666667
6,-0.10000000000000003,-1.5596073333333334e-09,-0.10000000000000003,-0.0212064
7,-0.07500000000000004,5.412272666666667e-08,-0.07500000000000004,-0.02094246666666667
8,-0.050000000000000044,1.0431500000000002e-07,-0.050000000000000044,-0.02066196
9,-0.02500000000000005,1.509714e-07,-0.02500000000000005,-0.020361013333333334
10,-5.551115123125783e-17,1.7746766666666667e-07,-5.551115123125783e-17,-0.020035653333333334
11,0.02499999999999991,2.414414666666667e-07,0.02499999999999991,-0.01965492666666667
12,0.04999999999999993,2.8926600000000004e-07,0.04999999999999993,-0.01926394
13,0.07499999999999996,3.403904e-07,0.07499999999999996,-0.018837973333333334
14,0.09999999999999992,3.9621046666666667e-07,0.09999999999999992,-0.01836222666666667
15,0.12499999999999989,4.59518e-07,0.12499999999999989,-0.017832106666666667
16,0.1499999999999999,5.357382666666667e-07,0.1499999999999999,-0.01727800666666667
17,0.17499999999999993,6.243985333333334e-07,0.17499999999999993,-0.01666408
18,0.1999999999999999,7.343786666666667e-07,0.1999999999999999,-0.016002440000000003
19,0.22499999999999987,8.63186e-07,0.22499999999999987,-0.015291413333333333
20,0.2499999999999999,1.0511333333333334e-06,0.2499999999999999,-0.014527033333333335
21,0.2749999999999999,1.290196e-06,0.2749999999999999,-0.01370768
22,0.2999999999999998,1.6066433333333335e-06,0.2999999999999998,-0.012836479999999999
23,0.32499999999999984,2.039736e-06,0.32499999999999984,-0.0119163
24,0.34999999999999987,2.6369666666666665e-06,0.34999999999999987,-0.010944473333333333
25,0.3749999999999999,3.452979333333334e-06,0.3749999999999999,-0.00995378
26,0.3999999999999999,4.592504e-06,0.3999999999999999,-0.008926053333333333
27,0.4249999999999998,6.160982000000001e-06,0.4249999999999998,-0.00787846
28,0.44999999999999984,8.266346666666666e-06,0.44999999999999984,-0.006816113333333334
29,0.47499999999999987,1.130916e-05,0.47499999999999987,-0.006207387333333333
30,0.4999999999999998,1.5148953333333333e-05,0.4999999999999998,-0.004987216
31,0.5249999999999998,2.019946e-05,0.5249999999999998,-0.0039323886666666665
32,0.5499999999999998,2.6740540000000002e-05,0.5499999999999998,-0.0029573053333333335
33,0.5749999999999998,3.51061e-05,0.5749999999999998,-0.002057590666666667
34,0.5999999999999999,4.5648713333333334e-05,0.5999999999999999,-0.001233226
35,0.6249999999999998,5.877022666666667e-05,0.6249999999999998,-0.0009684633333333333
36,0.6499999999999998,8.101100000000001e-05,0.6499999999999998,-0.0002834755333333333
37,0.6749999999999998,9.963593333333334e-05,0.6749999999999998,0.0004688716
38,0.6999999999999997,0.0001235184666666667,0.6999999999999997,0.0008901713333333334
39,0.7249999999999998,0.00015258633333333334,0.7249999999999998,0.0015370400000000002
40,0.7499999999999998,0.0001879544,0.7499999999999998,0.0020964720000000003
41,0.7749999999999997,0.0002306364666666667,0.7749999999999997,0.0026263040000000003
42,0.7999999999999998,0.00028139720000000003,0.7999999999999998,0.0031502920000000003
43,0.8249999999999997,0.00034220433333333335,0.8249999999999997,0.003690132
44,0.8499999999999996,0.0004148414666666667,0.8499999999999996,0.004261757333333334
45,0.8749999999999998,0.0005013777333333334,0.8749999999999998,0.004877348666666667
46,0.8999999999999997,0.0006032931333333334,0.8999999999999997,0.0055512826666666674
47,0.9249999999999998,0.0008013313333333333,0.9249999999999998,0.006296534
48,0.9499999999999997,0.0009286746666666667,0.9499999999999997,0.007054433333333334
49,0.9749999999999996,0.0010942853333333333,0.9749999999999996,0.008030026666666667
50,0.9999999999999998,0.0012934266666666668,0.9999999999999998,0.009081386666666667
51,1.0249999999999997,0.0015286073333333333,1.0249999999999997,0.010235866666666668
52,1.0499999999999998,0.0018044566666666668,1.0499999999999998,0.011503800000000002
53,1.0749999999999997,0.0021280500000000003,1.0749999999999997,0.012889373333333334
54,1.0999999999999996,0.002505754666666667,1.0999999999999996,0.014398333333333336
55,1.1249999999999998,0.0029411246666666666,1.1249999999999998,0.016024573333333333
56,1.1499999999999997,0.003452976,1.1499999999999997,0.017769653333333333
57,1.1749999999999996,0.0040430073333333335,1.1749999999999996,0.0196318
58,1.1999999999999997,0.004720914666666667,1.1999999999999997,0.021610573333333334
59,1.2249999999999996,0.005491479333333334,1.2249999999999996,0.02370552
60,1.2499999999999996,0.006380985333333334,1.2499999999999996,0.025907160000000002
61,1.2749999999999997,0.008145346666666666,1.2749999999999997,0.028213560000000002
