,b8_2R_V_D,b8_2R_J_D,b8_2R_V_L,b8_2R_J_L
0,1.3,0.013580833333333334,1.3,0.02431394
1,1.2750000000000001,0.013187546666666668,1.2750000000000001,0.02337788
2,1.2500000000000002,0.012269213333333334,1.2500000000000002,0.02191834
3,1.2250000000000003,0.01121782,1.2250000000000003,0.020307293333333334
4,1.2000000000000004,0.010134613333333334,1.2000000000000004,0.018663673333333335
5,1.1750000000000005,0.009066706666666667,1.1750000000000005,0.017030566666666667
6,1.1500000000000006,0.008036853333333333,1.1500000000000006,0.015431526666666669
7,1.1250000000000007,0.007060480000000001,1.1250000000000007,0.013881113333333332
8,1.1000000000000008,0.00608775,1.1000000000000008,0.012387986666666666
9,1.0750000000000008,0.005295820666666667,1.0750000000000008,0.010968420000000001
10,1.050000000000001,0.0045347266666666665,1.050000000000001,0.009623833333333333
11,1.025000000000001,0.0038386453333333335,1.025000000000001,0.008356760000000001
12,1.000000000000001,0.0032104146666666667,1.000000000000001,0.007169126666666668
13,0.9750000000000012,0.0026492440000000003,0.9750000000000012,0.006149854666666667
14,0.9500000000000013,0.0021555393333333337,0.9500000000000013,0.005063151333333333
15,0.9250000000000014,0.001724784,0.9250000000000014,0.0040532860000000006
16,0.9000000000000015,0.0013538326666666669,0.9000000000000015,0.003088183333333333
17,0.8750000000000016,0.0010384913333333333,0.8750000000000016,0.002138754666666667
18,0.8500000000000016,0.0007757180000000001,0.8500000000000016,0.0011823180000000001
19,0.8250000000000017,0.0005694207333333334,0.8250000000000017,0.0003455742666666667
20,0.8000000000000018,0.0003962886666666667,0.8000000000000018,-0.0006998320000000001
21,0.7750000000000019,0.00026859793333333334,0.7750000000000019,-0.0016997946666666667
22,0.750000000000002,0.00017669086666666667,0.750000000000002,-0.002966830666666667
23,0.7250000000000021,0.00011367640000000001,0.7250000000000021,-0.0042428506666666675
24,0.7000000000000022,7.218613333333334e-05,0.7000000000000022,-0.005551258666666667
25,0.6750000000000023,4.946708e-05,0.6750000000000023,-0.006889473333333334
26,0.6500000000000024,3.00184e-05,0.6500000000000024,-0.007906933333333333
27,0.6250000000000024,1.8989873333333335e-05,0.6250000000000024,-0.009376240000000001
28,0.6000000000000025,1.228068e-05,0.6000000000000025,-0.01076944
29,0.5750000000000026,8.080733333333334e-06,0.5750000000000026,-0.01209688
30,0.5500000000000027,6.332927333333334e-06,0.5500000000000027,-0.013351726666666666
31,0.5250000000000028,3.944796e-06,0.5250000000000028,-0.014533006666666666
32,0.5000000000000029,2.699398666666667e-06,0.5000000000000029,-0.015623980000000003
33,0.475000000000003,1.9611453333333335e-06,0.475000000000003,-0.01660306
34,0.45000000000000306,1.4598793333333334e-06,0.45000000000000306,-0.017478333333333335
35,0.42500000000000315,1.1006393333333332e-06,0.42500000000000315,-0.018244113333333336
36,0.40000000000000324,8.518226666666668e-07,0.40000000000000324,-0.018901906666666666
37,0.37500000000000333,6.287509333333333e-07,0.37500000000000333,-0.019459706666666667
38,0.3500000000000034,4.5848106666666667e-07,0.3500000000000034,-0.019926593333333336
39,0.3250000000000035,3.4688973333333334e-07,0.3250000000000035,-0.020316073333333334
40,0.3000000000000036,2.5441720000000003e-07,0.3000000000000036,-0.020636286666666667
41,0.2750000000000037,1.6655546666666667e-07,0.2750000000000037,-0.020899766666666666
42,0.2500000000000038,1.0299873333333333e-07,0.2500000000000038,-0.02111850666666667
43,0.22500000000000386,6.974466666666666e-08,0.22500000000000386,-0.021286306666666668
44,0.20000000000000395,-2.3669986666666666e-08,0.20000000000000395,-0.02144064
45,0.17500000000000404,-7.773966666666666e-08,0.17500000000000404,-0.021566626666666668
46,0.15000000000000413,-1.1577173333333335e-07,0.15000000000000413,-0.021669213333333333
47,0.12500000000000422,-1.6683353333333335e-07,0.12500000000000422,-0.021754386666666667
48,0.10000000000000431,-2.0906800000000003e-07,0.10000000000000431,-0.021827513333333333
49,0.0750000000000044,-2.506456e-07,0.0750000000000044,-0.021888213333333333
50,0.050000000000004485,-3.004884666666667e-07,0.050000000000004485,-0.02194258666666667
51,0.025000000000004574,-3.425716666666667e-07,0.025000000000004574,-0.02198816666666667
52,4.6629367034256575e-15,-3.8159646666666667e-07,4.6629367034256575e-15,-0.02202792
53,-0.024999999999995248,-4.296235333333333e-07,-0.024999999999995248,-0.022062553333333335
54,-0.04999999999999516,-4.735557333333333e-07,-0.04999999999999516,-0.02209372
55,-0.07499999999999507,-5.264235333333333e-07,-0.07499999999999507,-0.02212102
56,-0.09999999999999498,-5.749420666666667e-07,-0.09999999999999498,-0.02214732
57,-0.12499999999999489,-6.287005333333333e-07,-0.12499999999999489,-0.022169933333333332
58,-0.1499999999999948,-6.82262e-07,-0.1499999999999948,-0.022192086666666666
59,-0.17499999999999472,-7.324853333333333e-07,-0.17499999999999472,-0.02221378666666667
60,-0.19999999999999463,-7.944646666666667e-07,-0.19999999999999463,-0.022228273333333333
61,-0.22499999999999454,-8.537246666666667e-07,-0.22499999999999454,-0.022247746666666665
