,b8_2R_V_D,b8_2R_J_D,b8_2R_V_L,b8_2R_J_L
0,1.3,0.015973286666666666,1.3,0.026252133333333334
1,1.2750000000000001,0.015497086666666667,1.2750000000000001,0.025088186666666668
2,1.2500000000000002,0.014435973333333334,1.2500000000000002,0.023459506666666668
3,1.2250000000000003,0.013220426666666668,1.2250000000000003,0.021698386666666666
4,1.2000000000000004,0.01196544,1.2000000000000004,0.01991334
5,1.1750000000000005,0.010723806666666667,1.1750000000000005,0.018151886666666665
6,1.1500000000000006,0.009519386666666668,1.1500000000000006,0.016418453333333336
7,1.1250000000000007,0.008368460000000001,1.1250000000000007,0.014733653333333334
8,1.1000000000000008,0.007282846666666667,1.1000000000000008,0.01310378
9,1.0750000000000008,0.006217587333333333,1.0750000000000008,0.01154782
10,1.050000000000001,0.0053279726666666674,1.050000000000001,0.010061493333333334
11,1.025000000000001,0.004488076,1.025000000000001,0.008644393333333333
12,1.000000000000001,0.003721934666666667,1.000000000000001,0.007298453333333334
13,0.9750000000000012,0.0030330173333333334,0.9750000000000012,0.006118391333333333
14,0.9500000000000013,0.0024251806666666666,0.9500000000000013,0.004836998666666667
15,0.9250000000000014,0.0018960580000000002,0.9250000000000014,0.0036189373333333336
16,0.9000000000000015,0.0014432873333333335,0.9000000000000015,0.0024243893333333335
17,0.8750000000000016,0.001064798,0.8750000000000016,0.001227538
18,0.8500000000000016,0.0007577093333333333,0.8500000000000016,0.00028343453333333333
19,0.8250000000000017,0.0005296302000000001,0.8250000000000017,-0.000961942
20,0.8000000000000018,0.00034505373333333335,0.8000000000000018,-0.0024084633333333336
21,0.7750000000000019,0.0002198926,0.7750000000000019,-0.0038301780000000005
22,0.750000000000002,0.00013710593333333333,0.750000000000002,-0.005269296
23,0.7250000000000021,8.452226666666667e-05,0.7250000000000021,-0.0067233200000000005
24,0.7000000000000022,5.617931333333334e-05,0.7000000000000022,-0.00788678
25,0.6750000000000023,3.339352e-05,0.6750000000000023,-0.009438306666666667
26,0.6500000000000024,2.0750546666666666e-05,0.6500000000000024,-0.010898620000000001
27,0.6250000000000024,1.3180940000000002e-05,0.6250000000000024,-0.012284073333333334
28,0.6000000000000025,8.533093333333334e-06,0.6000000000000025,-0.013595766666666667
29,0.5750000000000026,6.462696000000001e-06,0.5750000000000026,-0.014819753333333335
30,0.5500000000000027,4.051969333333334e-06,0.5500000000000027,-0.01593520666666667
31,0.5250000000000028,2.8102846666666667e-06,0.5250000000000028,-0.016939633333333336
32,0.5000000000000029,2.0179780000000002e-06,0.5000000000000029,-0.017828366666666668
33,0.475000000000003,1.5125413333333333e-06,0.475000000000003,-0.01859638
34,0.45000000000000306,1.1733033333333333e-06,0.45000000000000306,-0.019252453333333336
35,0.42500000000000315,8.986286666666668e-07,0.42500000000000315,-0.019803893333333336
36,0.40000000000000324,7.06002e-07,0.40000000000000324,-0.020268873333333333
37,0.37500000000000333,5.703880666666667e-07,0.37500000000000333,-0.020640613333333335
38,0.3500000000000034,4.422404e-07,0.3500000000000034,-0.020945273333333334
39,0.3250000000000035,3.447804666666667e-07,0.3250000000000035,-0.02120018666666667
40,0.3000000000000036,2.6020926666666666e-07,0.3000000000000036,-0.02140884666666667
41,0.2750000000000037,1.8739066666666667e-07,0.2750000000000037,-0.0215755
42,0.2500000000000038,1.1895713333333333e-07,0.2500000000000038,-0.021715066666666668
43,0.22500000000000386,8.839053333333334e-08,0.22500000000000386,-0.02182422666666667
44,0.20000000000000395,-3.130671333333334e-09,0.20000000000000395,-0.021927226666666667
45,0.17500000000000404,-6.490534666666667e-08,0.17500000000000404,-0.0220097
46,0.15000000000000413,-1.1978026666666667e-07,0.15000000000000413,-0.02207866
47,0.12500000000000422,-1.6474913333333332e-07,0.12500000000000422,-0.02213734
48,0.10000000000000431,-2.1528733333333336e-07,0.10000000000000431,-0.022188966666666667
49,0.0750000000000044,-2.6487866666666666e-07,0.0750000000000044,-0.02223468
50,0.050000000000004485,-3.0784260000000004e-07,0.050000000000004485,-0.022271493333333336
51,0.025000000000004574,-3.478694e-07,0.025000000000004574,-0.022303333333333335
52,4.6629367034256575e-15,-3.893266666666667e-07,4.6629367034256575e-15,-0.022331613333333337
53,-0.024999999999995248,-4.307541333333333e-07,-0.024999999999995248,-0.022358100000000002
54,-0.04999999999999516,-4.7472613333333337e-07,-0.04999999999999516,-0.022383673333333333
55,-0.07499999999999507,-5.182140666666667e-07,-0.07499999999999507,-0.022403680000000002
56,-0.09999999999999498,-5.643294666666667e-07,-0.09999999999999498,-0.022424153333333335
57,-0.12499999999999489,-5.981107333333333e-07,-0.12499999999999489,-0.02244048
58,-0.1499999999999948,-6.527678666666667e-07,-0.1499999999999948,-0.022458473333333333
59,-0.17499999999999472,-6.99216e-07,-0.17499999999999472,-0.02247494666666667
60,-0.19999999999999463,-7.315413333333334e-07,-0.19999999999999463,-0.022488353333333336
61,-0.22499999999999454,-7.945713333333334e-07,-0.22499999999999454,-0.02250426
