,a1_2F_V_D,a1_2F_J_D,a1_2F_V_L,a1_2F_J_L
0,-0.25,-0.013919853333333333,-0.25,-0.013744126666666669
1,-0.225,-0.013167300000000002,-0.225,-0.012912706666666668
2,-0.2,-0.012699833333333334,-0.2,-0.0124029
3,-0.17500000000000002,-0.01234464,-0.17500000000000002,-0.01205088
4,-0.15000000000000002,-0.012040973333333333,-0.15000000000000002,-0.011793593333333335
5,-0.12500000000000003,-0.011789826666666666,-0.12500000000000003,-0.011565666666666667
6,-0.10000000000000003,-0.01157668,-0.10000000000000003,-0.011319753333333333
7,-0.07500000000000004,-0.011335433333333334,-0.07500000000000004,-0.011118006666666666
8,-0.050000000000000044,-0.011109266666666668,-0.050000000000000044,-0.010902666666666666
9,-0.02500000000000005,-0.010906400000000002,-0.02500000000000005,-0.010697960000000001
10,-5.551115123125783e-17,-0.010700226666666666,-5.551115123125783e-17,-0.010491233333333334
11,0.02499999999999991,-0.010484306666666667,0.02499999999999991,-0.010308726666666667
12,0.04999999999999993,-0.010300173333333332,0.04999999999999993,-0.010112753333333334
13,0.07499999999999996,-0.01010462,0.07499999999999996,-0.009938273333333334
14,0.09999999999999992,-0.009902453333333333,0.09999999999999992,-0.009758993333333334
15,0.12499999999999989,-0.009704206666666666,0.12499999999999989,-0.0095707
16,0.1499999999999999,-0.009489806666666666,0.1499999999999999,-0.009366946666666667
17,0.17499999999999993,-0.009306126666666668,0.17499999999999993,-0.009184826666666668
18,0.1999999999999999,-0.009087273333333335,0.1999999999999999,-0.008987586666666667
19,0.22499999999999987,-0.008854566666666668,0.22499999999999987,-0.008766373333333334
20,0.2499999999999999,-0.008624873333333333,0.2499999999999999,-0.008536133333333334
21,0.2749999999999999,-0.008399353333333333,0.2749999999999999,-0.008319433333333334
22,0.2999999999999998,-0.008141193333333333,0.2999999999999998,-0.00807892
23,0.32499999999999984,-0.007878266666666666,0.32499999999999984,-0.00782202
24,0.34999999999999987,-0.0075993400000000004,0.34999999999999987,-0.007552040000000001
25,0.3749999999999999,-0.007313426666666668,0.3749999999999999,-0.0072707733333333335
26,0.3999999999999999,-0.007016873333333334,0.3999999999999999,-0.0069806933333333345
27,0.4249999999999998,-0.006697693333333333,0.4249999999999998,-0.006680293333333333
28,0.44999999999999984,-0.006865106666666667,0.44999999999999984,-0.006856486666666667
29,0.47499999999999987,-0.00608332,0.47499999999999987,-0.006094873333333334
30,0.4999999999999998,-0.005700991333333334,0.4999999999999998,-0.005724802666666667
31,0.5249999999999998,-0.005316530666666667,0.5249999999999998,-0.005362613333333334
32,0.5499999999999998,-0.004923766,0.5499999999999998,-0.004980422666666667
33,0.5749999999999998,-0.004517188666666666,0.5749999999999998,-0.004592518
34,0.5999999999999999,-0.004099038666666667,0.5999999999999999,-0.004196812
35,0.6249999999999998,-0.003666563333333333,0.6249999999999998,-0.003781440666666667
36,0.6499999999999998,-0.0032262553333333335,0.6499999999999998,-0.003360013333333334
37,0.6749999999999998,-0.0027779186666666666,0.6749999999999998,-0.0029253633333333334
38,0.6999999999999997,-0.00231336,0.6999999999999997,-0.002481598
39,0.7249999999999998,-0.0018394566666666667,0.7249999999999998,-0.0020268413333333333
40,0.7499999999999998,-0.0013544086666666668,0.7499999999999998,-0.0015573313333333333
41,0.7749999999999997,-0.0008437273333333333,0.7749999999999997,-0.0010641613333333333
42,0.7999999999999998,-0.0005662842666666667,0.7999999999999998,-0.0008986500000000001
43,0.8249999999999997,0.00014439493333333334,0.8249999999999997,-0.0003236742666666667
44,0.8499999999999996,0.0006999573333333333,0.8499999999999996,0.00041303966666666667
45,0.8749999999999998,0.0011273093333333335,0.8749999999999998,0.0008794433333333333
46,0.8999999999999997,0.0019049113333333334,0.8999999999999997,0.0016555546666666668
47,0.9249999999999998,0.0026176973333333336,0.9249999999999998,0.0023669880000000004
48,0.9499999999999997,0.0033401273333333336,0.9499999999999997,0.0030904020000000003
49,0.9749999999999996,0.004121776666666667,0.9749999999999996,0.0037742086666666666
50,0.9999999999999998,0.0049347846666666665,0.9999999999999998,0.004578396
51,1.0249999999999997,0.005773565333333334,1.0249999999999997,0.005363365333333333
52,1.0499999999999998,0.006639294666666668,1.0499999999999998,0.006171000666666667
53,1.0749999999999997,0.0073191666666666665,1.0749999999999997,0.006998433333333334
54,1.0999999999999996,0.008134526666666668,1.0999999999999996,0.0077877
55,1.1249999999999998,0.008998193333333335,1.1249999999999998,0.008632286666666667
56,1.1499999999999997,0.009871566666666666,1.1499999999999997,0.009449613333333334
57,1.1749999999999996,0.010617833333333333,1.1749999999999996,0.01027732
58,1.1999999999999997,0.011425526666666668,1.1999999999999997,0.011151580000000001
59,1.2249999999999996,0.012184253333333334,1.2249999999999996,0.012123853333333334
60,1.2499999999999996,0.01315128,1.2499999999999996,0.01324426
61,1.2749999999999997,0.014266393333333334,1.2749999999999997,0.014414406666666667
