,a1_2R_V_D,a1_2R_J_D,a1_2R_V_L,a1_2R_J_L
0,1.3,0.012594906666666668,1.3,0.011656413333333334
1,1.2750000000000001,0.011860560000000001,1.2750000000000001,0.01081538
2,1.2500000000000002,0.01114564,1.2500000000000002,0.010021093333333333
3,1.2250000000000003,0.010300686666666666,1.2250000000000003,0.009285860000000002
4,1.2000000000000004,0.00945116,1.2000000000000004,0.00851404
5,1.1750000000000005,0.00861288,1.1750000000000005,0.0077534200000000005
6,1.1500000000000006,0.007778613333333334,1.1500000000000006,0.0070047266666666665
7,1.1250000000000007,0.00695546,1.1250000000000007,0.0062851066666666676
8,1.1000000000000008,0.006162179333333333,1.1000000000000008,0.0055250433333333335
9,1.0750000000000008,0.005324659333333334,1.0750000000000008,0.0047898386666666674
10,1.050000000000001,0.004518131333333334,1.050000000000001,0.00407568
11,1.025000000000001,0.0037115646666666673,1.025000000000001,0.0033549913333333335
12,1.000000000000001,0.0029343560000000004,1.000000000000001,0.0026646353333333334
13,0.9750000000000012,0.0021853040000000003,0.9750000000000012,0.0019735980000000005
14,0.9500000000000013,0.0014506033333333333,0.9500000000000013,0.0013077433333333333
15,0.9250000000000014,0.0007530786666666668,0.9250000000000014,0.0007770393333333334
16,0.9000000000000015,0.00021444013333333332,0.9000000000000015,0.0001795186
17,0.8750000000000016,-0.0005067984666666667,0.8750000000000016,-0.0004879613333333334
18,0.8500000000000016,-0.0009256106666666666,0.8500000000000016,-0.000923596
19,0.8250000000000017,-0.00158712,0.8250000000000017,-0.0015408786666666668
20,0.8000000000000018,-0.0021236293333333333,0.8000000000000018,-0.002055300666666667
21,0.7750000000000019,-0.0026077833333333334,0.7750000000000019,-0.002525508
22,0.750000000000002,-0.0030441453333333334,0.750000000000002,-0.0029641886666666667
23,0.7250000000000021,-0.0034623413333333334,0.7250000000000021,-0.003370804666666667
24,0.7000000000000022,-0.0038530820000000003,0.7000000000000022,-0.003748574
25,0.6750000000000023,-0.004227512666666667,0.6750000000000023,-0.004115576
26,0.6500000000000024,-0.004567670666666667,0.6500000000000024,-0.004460907333333333
27,0.6250000000000024,-0.004903235333333334,0.6250000000000024,-0.004800120000000001
28,0.6000000000000025,-0.005242123333333334,0.6000000000000025,-0.005129753333333333
29,0.5750000000000026,-0.0055799840000000005,0.5750000000000026,-0.005440457333333333
30,0.5500000000000027,-0.005893314666666667,0.5500000000000027,-0.0057465780000000004
31,0.5250000000000028,-0.006200309333333334,0.5250000000000028,-0.006056602
32,0.5000000000000029,-0.006511666,0.5000000000000029,-0.006371656666666667
33,0.475000000000003,-0.006806873333333333,0.475000000000003,-0.006648945333333333
34,0.45000000000000306,-0.006998686666666667,0.45000000000000306,-0.00693302
35,0.42500000000000315,-0.00745638,0.42500000000000315,-0.007286486666666666
36,0.40000000000000324,-0.00760604,0.40000000000000324,-0.007427093333333333
37,0.37500000000000333,-0.007875773333333334,0.37500000000000333,-0.00769766
38,0.3500000000000034,-0.008149226666666667,0.3500000000000034,-0.00795556
39,0.3250000000000035,-0.008398466666666667,0.3250000000000035,-0.008222853333333334
40,0.3000000000000036,-0.008642093333333333,0.3000000000000036,-0.008454020000000001
41,0.2750000000000037,-0.008874233333333334,0.2750000000000037,-0.008690620000000001
42,0.2500000000000038,-0.009091766666666667,0.2500000000000038,-0.008903006666666668
43,0.22500000000000386,-0.00928232,0.22500000000000386,-0.009093700000000001
44,0.20000000000000395,-0.00950138,0.20000000000000395,-0.009312333333333334
45,0.17500000000000404,-0.00968802,0.17500000000000404,-0.009502126666666668
46,0.15000000000000413,-0.009864966666666667,0.15000000000000413,-0.009667433333333334
47,0.12500000000000422,-0.010024513333333334,0.12500000000000422,-0.009843393333333334
48,0.10000000000000431,-0.010183780000000002,0.10000000000000431,-0.010014673333333335
49,0.0750000000000044,-0.01034788,0.0750000000000044,-0.010153333333333334
50,0.050000000000004485,-0.010481353333333334,0.050000000000004485,-0.01029552
51,0.025000000000004574,-0.010615773333333333,0.025000000000004574,-0.010438233333333333
52,4.6629367034256575e-15,-0.01074626,4.6629367034256575e-15,-0.010581140000000001
53,-0.024999999999995248,-0.01089182,-0.024999999999995248,-0.01070042
54,-0.04999999999999516,-0.010994813333333334,-0.04999999999999516,-0.010813386666666668
55,-0.07499999999999507,-0.011117086666666666,-0.07499999999999507,-0.010940826666666667
56,-0.09999999999999498,-0.011239053333333334,-0.09999999999999498,-0.011061173333333334
57,-0.12499999999999489,-0.011350293333333334,-0.12499999999999489,-0.011178173333333333
58,-0.1499999999999948,-0.01146866,-0.1499999999999948,-0.011295873333333335
59,-0.17499999999999472,-0.01157592,-0.17499999999999472,-0.011412993333333333
60,-0.19999999999999463,-0.011682293333333335,-0.19999999999999463,-0.011512793333333333
61,-0.22499999999999454,-0.011803306666666668,-0.22499999999999454,-0.01164326
