,a1_2F_V_D,a1_2F_J_D,a1_2F_V_L,a1_2F_J_L
0,-0.25,-0.014788800000000001,-0.25,-0.014503113333333333
1,-0.225,-0.013838393333333334,-0.225,-0.013572326666666669
2,-0.2,-0.013301966666666666,-0.2,-0.013049000000000002
3,-0.17500000000000002,-0.012850266666666667,-0.17500000000000002,-0.01261396
4,-0.15000000000000002,-0.012523793333333335,-0.15000000000000002,-0.01230534
5,-0.12500000000000003,-0.012221406666666667,-0.12500000000000003,-0.012015766666666667
6,-0.10000000000000003,-0.011956606666666666,-0.10000000000000003,-0.011760153333333334
7,-0.07500000000000004,-0.011716913333333334,-0.07500000000000004,-0.01152998
8,-0.050000000000000044,-0.011483306666666667,-0.050000000000000044,-0.011300086666666667
9,-0.02500000000000005,-0.011271693333333334,-0.02500000000000005,-0.011100693333333333
10,-5.551115123125783e-17,-0.011072946666666668,-5.551115123125783e-17,-0.010912053333333335
11,0.02499999999999991,-0.010863433333333334,0.02499999999999991,-0.010704340000000001
12,0.04999999999999993,-0.010667466666666667,0.04999999999999993,-0.010515086666666666
13,0.07499999999999996,-0.010480553333333333,0.07499999999999996,-0.010337506666666668
14,0.09999999999999992,-0.01029228,0.09999999999999992,-0.01015502
15,0.12499999999999989,-0.010105446666666667,0.12499999999999989,-0.009974613333333333
16,0.1499999999999999,-0.009895493333333333,0.1499999999999999,-0.009780413333333335
17,0.17499999999999993,-0.009726046666666667,0.17499999999999993,-0.009615286666666667
18,0.1999999999999999,-0.00953336,0.1999999999999999,-0.009436893333333333
19,0.22499999999999987,-0.009320486666666666,0.22499999999999987,-0.009229733333333334
20,0.2499999999999999,-0.009109913333333334,0.2499999999999999,-0.009059433333333334
21,0.2749999999999999,-0.008910433333333334,0.2749999999999999,-0.008844746666666667
22,0.2999999999999998,-0.008681513333333333,0.2999999999999998,-0.008633440000000001
23,0.32499999999999984,-0.00844746,0.32499999999999984,-0.008405540000000001
24,0.34999999999999987,-0.008187000000000002,0.34999999999999987,-0.00817198
25,0.3749999999999999,-0.00792234,0.3749999999999999,-0.00792108
26,0.3999999999999999,-0.007638580000000001,0.3999999999999999,-0.0076588866666666665
27,0.4249999999999998,-0.0073439199999999994,0.4249999999999998,-0.007383346666666667
28,0.44999999999999984,-0.00701998,0.44999999999999984,-0.007083460000000001
29,0.47499999999999987,-0.0066723,0.47499999999999987,-0.006758773333333334
30,0.4999999999999998,-0.00690628,0.4999999999999998,-0.00697192
31,0.5249999999999998,-0.006041392666666667,0.5249999999999998,-0.006172044666666667
32,0.5499999999999998,-0.005621486,0.5499999999999998,-0.0057745140000000006
33,0.5749999999999998,-0.005195595333333333,0.5749999999999998,-0.00537558
34,0.5999999999999999,-0.0047538753333333334,0.5999999999999999,-0.004952554666666667
35,0.6249999999999998,-0.004292834666666667,0.6249999999999998,-0.004518413333333334
36,0.6499999999999998,-0.003814276,0.6499999999999998,-0.004064332
37,0.6749999999999998,-0.0033208893333333336,0.6749999999999998,-0.003586643333333333
38,0.6999999999999997,-0.0028098386666666666,0.6999999999999997,-0.003091836666666667
39,0.7249999999999998,-0.002272094,0.7249999999999998,-0.0025823620000000004
40,0.7499999999999998,-0.0017188000000000001,0.7499999999999998,-0.0020409873333333333
41,0.7749999999999997,-0.0011255606666666668,0.7749999999999997,-0.001454222
42,0.7999999999999998,-0.0010893293333333334,0.7999999999999998,-0.0008681200000000001
43,0.8249999999999997,-0.000368791,0.8249999999999997,-0.0005518004
44,0.8499999999999996,0.0006365162666666667,0.8499999999999996,0.00042365753333333336
45,0.8749999999999998,0.0012180226666666666,0.8749999999999998,0.0009526480000000001
46,0.8999999999999997,0.0023892880000000003,0.8999999999999997,0.0021147580000000004
47,0.9249999999999998,0.003492792666666667,0.9249999999999998,0.0032235233333333334
48,0.9499999999999997,0.004710842666666667,0.9499999999999997,0.004447582666666667
49,0.9749999999999996,0.006060427333333334,0.9749999999999996,0.005805407333333333
50,0.9999999999999998,0.0074970133333333334,0.9999999999999998,0.007268606666666667
51,1.0249999999999997,0.009126473333333334,1.0249999999999997,0.008896313333333334
52,1.0499999999999998,0.01082238,1.0499999999999998,0.010590286666666667
53,1.0749999999999997,0.012595420000000001,1.0749999999999997,0.012365566666666668
54,1.0999999999999996,0.014442826666666669,1.0999999999999996,0.014209913333333334
55,1.1249999999999998,0.01635036,1.1249999999999998,0.016108553333333334
56,1.1499999999999997,0.0183046,1.1499999999999997,0.018060926666666668
57,1.1749999999999996,0.020301846666666668,1.1749999999999996,0.020054446666666666
58,1.1999999999999997,0.02233716666666667,1.1999999999999997,0.022077580000000003
59,1.2249999999999996,0.024419073333333333,1.2249999999999996,0.024143886666666666
60,1.2499999999999996,0.026516813333333333,1.2499999999999996,0.026233566666666666
61,1.2749999999999997,0.028634493333333334,1.2749999999999997,0.02835026666666667
