,a1_2F_V_D,a1_2F_J_D,a1_2F_V_L,a1_2F_J_L
0,-0.25,-0.014519166666666668,-0.25,-0.014232560000000002
1,-0.225,-0.013563000000000002,-0.225,-0.0133049
2,-0.2,-0.013030573333333333,-0.2,-0.012784760000000001
3,-0.17500000000000002,-0.01258594,-0.17500000000000002,-0.012356213333333333
4,-0.15000000000000002,-0.012267613333333333,-0.15000000000000002,-0.012043253333333333
5,-0.12500000000000003,-0.011971073333333334,-0.12500000000000003,-0.011761693333333333
6,-0.10000000000000003,-0.0117008,-0.10000000000000003,-0.011505566666666666
7,-0.07500000000000004,-0.011462973333333333,-0.07500000000000004,-0.011277733333333333
8,-0.050000000000000044,-0.011232486666666666,-0.050000000000000044,-0.011057513333333333
9,-0.02500000000000005,-0.011018060000000001,-0.02500000000000005,-0.01085052
10,-5.551115123125783e-17,-0.01082408,-5.551115123125783e-17,-0.01066572
11,0.02499999999999991,-0.010617080000000001,0.02499999999999991,-0.010460593333333334
12,0.04999999999999993,-0.010415980000000002,0.04999999999999993,-0.01027668
13,0.07499999999999996,-0.010230233333333335,0.07499999999999996,-0.010095100000000001
14,0.09999999999999992,-0.010041213333333333,0.09999999999999992,-0.009912886666666667
15,0.12499999999999989,-0.009844453333333334,0.12499999999999989,-0.009730346666666667
16,0.1499999999999999,-0.009637393333333334,0.1499999999999999,-0.00953226
17,0.17499999999999993,-0.009454233333333334,0.17499999999999993,-0.009360213333333334
18,0.1999999999999999,-0.00925948,0.1999999999999999,-0.009177253333333333
19,0.22499999999999987,-0.009035086666666668,0.22499999999999987,-0.008963446666666666
20,0.2499999999999999,-0.008842706666666667,0.2499999999999999,-0.008784226666666667
21,0.2749999999999999,-0.00860856,0.2749999999999999,-0.00856142
22,0.2999999999999998,-0.008371013333333333,0.2999999999999998,-0.008339193333333335
23,0.32499999999999984,-0.008126953333333334,0.32499999999999984,-0.00810948
24,0.34999999999999987,-0.007858373333333333,0.34999999999999987,-0.007858553333333334
25,0.3749999999999999,-0.007580853333333334,0.3749999999999999,-0.007600333333333334
26,0.3999999999999999,-0.007287093333333333,0.3999999999999999,-0.0073256933333333335
27,0.4249999999999998,-0.006980866666666668,0.4249999999999998,-0.007039933333333333
28,0.44999999999999984,-0.006998653333333334,0.44999999999999984,-0.00673388
29,0.47499999999999987,-0.006389669333333334,0.47499999999999987,-0.006944113333333334
30,0.4999999999999998,-0.0060099053333333334,0.4999999999999998,-0.006151920666666667
31,0.5249999999999998,-0.00562695,0.5249999999999998,-0.005777227333333333
32,0.5499999999999998,-0.005234524,0.5499999999999998,-0.005400053333333333
33,0.5749999999999998,-0.00482151,0.5749999999999998,-0.005003385333333334
34,0.5999999999999999,-0.004394540666666667,0.5999999999999999,-0.004596924666666667
35,0.6249999999999998,-0.0039489266666666665,0.6249999999999998,-0.004178765333333333
36,0.6499999999999998,-0.0034958626666666665,0.6499999999999998,-0.003730736
37,0.6749999999999998,-0.0030227506666666666,0.6749999999999998,-0.003262450666666667
38,0.6999999999999997,-0.002538532,0.6999999999999997,-0.0028090233333333335
39,0.7249999999999998,-0.0020409233333333336,0.7249999999999998,-0.002312936
40,0.7499999999999998,-0.0015229693333333335,0.7499999999999998,-0.0018067473333333332
41,0.7749999999999997,-0.0009767486666666667,0.7749999999999997,-0.001265278
42,0.7999999999999998,-0.0009285666666666668,0.7999999999999998,-0.0007194313333333334
43,0.8249999999999997,-0.00039974666666666667,0.8249999999999997,-0.00042164633333333334
44,0.8499999999999996,0.0005468556666666667,0.8499999999999996,0.00044344386666666667
45,0.8749999999999998,0.001070166,0.8749999999999998,0.0009023673333333333
46,0.8999999999999997,0.002095812,0.8999999999999997,0.0019073980000000003
47,0.9249999999999998,0.003040508666666667,0.9249999999999998,0.0028517240000000004
48,0.9499999999999997,0.004066041333333333,0.9499999999999997,0.003878562666666667
49,0.9749999999999996,0.005183348666666667,0.9749999999999996,0.005000672
50,0.9999999999999998,0.00638723,0.9999999999999998,0.006212685333333334
51,1.0249999999999997,0.007648073333333333,1.0249999999999997,0.007487700000000001
52,1.0499999999999998,0.009038806666666666,1.0499999999999998,0.008875019999999999
53,1.0749999999999997,0.010467926666666667,1.0749999999999997,0.010301873333333333
54,1.0999999999999996,0.011937806666666667,1.0999999999999996,0.01178258
55,1.1249999999999998,0.013453093333333334,1.1249999999999998,0.013304893333333333
56,1.1499999999999997,0.01500234,1.1499999999999997,0.014859220000000001
57,1.1749999999999996,0.016583406666666668,1.1749999999999996,0.016440446666666667
58,1.1999999999999997,0.01818066,1.1999999999999997,0.0180427
59,1.2249999999999996,0.0198101,1.2249999999999996,0.019671226666666666
60,1.2499999999999996,0.021435753333333335,1.2499999999999996,0.02131348
61,1.2749999999999997,0.0230928,1.2749999999999997,0.02296318
