,a1_2F_V_D,a1_2F_J_D,a1_2F_V_L,a1_2F_J_L
0,-0.25,-0.014856920000000001,-0.25,-0.014606633333333332
1,-0.225,-0.013921786666666667,-0.225,-0.013680766666666669
2,-0.2,-0.0133927,-0.2,-0.013163033333333334
3,-0.17500000000000002,-0.012948266666666668,-0.17500000000000002,-0.012729713333333333
4,-0.15000000000000002,-0.012629326666666666,-0.15000000000000002,-0.012419273333333333
5,-0.12500000000000003,-0.012334253333333335,-0.12500000000000003,-0.012131653333333334
6,-0.10000000000000003,-0.012063786666666666,-0.10000000000000003,-0.011870806666666667
7,-0.07500000000000004,-0.011825306666666667,-0.07500000000000004,-0.011640913333333334
8,-0.050000000000000044,-0.011594813333333334,-0.050000000000000044,-0.01141828
9,-0.02500000000000005,-0.011379353333333335,-0.02500000000000005,-0.011210666666666666
10,-5.551115123125783e-17,-0.011190853333333334,-5.551115123125783e-17,-0.01102578
11,0.02499999999999991,-0.010976746666666667,0.02499999999999991,-0.010818833333333335
12,0.04999999999999993,-0.0107815,0.04999999999999993,-0.010633066666666668
13,0.07499999999999996,-0.010593586666666668,0.07499999999999996,-0.01045862
14,0.09999999999999992,-0.010408326666666667,0.09999999999999992,-0.010274186666666666
15,0.12499999999999989,-0.010220853333333333,0.12499999999999989,-0.010097026666666667
16,0.1499999999999999,-0.010017000000000002,0.1499999999999999,-0.0099036
17,0.17499999999999993,-0.009843033333333334,0.17499999999999993,-0.009744773333333335
18,0.1999999999999999,-0.009656940000000001,0.1999999999999999,-0.00956204
19,0.22499999999999987,-0.009438866666666667,0.22499999999999987,-0.009353826666666667
20,0.2499999999999999,-0.009256193333333334,0.2499999999999999,-0.009154333333333334
21,0.2749999999999999,-0.00902816,0.2749999999999999,-0.008969620000000001
22,0.2999999999999998,-0.008803913333333333,0.2999999999999998,-0.008757793333333333
23,0.32499999999999984,-0.00856244,0.32499999999999984,-0.00852898
24,0.34999999999999987,-0.008313446666666667,0.34999999999999987,-0.008295393333333335
25,0.3749999999999999,-0.008045720000000001,0.3749999999999999,-0.00804748
26,0.3999999999999999,-0.00776512,0.3999999999999999,-0.007784100000000001
27,0.4249999999999998,-0.00746766,0.4249999999999998,-0.007506280000000001
28,0.44999999999999984,-0.00714858,0.44999999999999984,-0.007207546666666668
29,0.47499999999999987,-0.006795953333333334,0.47499999999999987,-0.006895366666666666
30,0.4999999999999998,-0.006975513333333334,0.4999999999999998,-0.0069986733333333336
31,0.5249999999999998,-0.006161776,0.5249999999999998,-0.006296143333333334
32,0.5499999999999998,-0.005744488000000001,0.5499999999999998,-0.005895058666666667
33,0.5749999999999998,-0.005307135333333333,0.5749999999999998,-0.005491850666666667
34,0.5999999999999999,-0.004864508666666666,0.5999999999999999,-0.005066836666666666
35,0.6249999999999998,-0.004403944,0.6249999999999998,-0.004626896
36,0.6499999999999998,-0.003914202666666667,0.6499999999999998,-0.004168554666666667
37,0.6749999999999998,-0.0033964173333333337,0.6749999999999998,-0.003685243333333334
38,0.6999999999999997,-0.002891204,0.6999999999999997,-0.003187020666666667
39,0.7249999999999998,-0.0023536706666666667,0.7249999999999998,-0.0026616086666666665
40,0.7499999999999998,-0.0017858926666666666,0.7499999999999998,-0.002113554666666667
41,0.7749999999999997,-0.0011805886666666667,0.7749999999999997,-0.0015180126666666668
42,0.7999999999999998,-0.001120506,0.7999999999999998,-0.000912936
43,0.8249999999999997,-0.00038864246666666665,0.8249999999999997,-0.0005803452000000001
44,0.8499999999999996,0.0006382684666666667,0.8499999999999996,0.0004083836
45,0.8749999999999998,0.0012498493333333333,0.8749999999999998,0.0009687233333333334
46,0.8999999999999997,0.0024370573333333334,0.8999999999999997,0.0021443020000000003
47,0.9249999999999998,0.0035484613333333333,0.9249999999999998,0.0032609226666666666
48,0.9499999999999997,0.0047741473333333334,0.9499999999999997,0.004490028666666667
49,0.9749999999999996,0.006122431333333333,0.9749999999999996,0.005849459333333334
50,0.9999999999999998,0.007559486666666667,0.9999999999999998,0.007307546666666668
51,1.0249999999999997,0.00918078,1.0249999999999997,0.00892218
52,1.0499999999999998,0.0108606,1.0499999999999998,0.01060314
53,1.0749999999999997,0.01261728,1.0749999999999997,0.012354206666666668
54,1.0999999999999996,0.014440493333333334,1.0999999999999996,0.01418138
55,1.1249999999999998,0.016317726666666667,1.1249999999999998,0.016044406666666667
56,1.1499999999999997,0.018243833333333334,1.1499999999999997,0.017970580000000003
57,1.1749999999999996,0.020213786666666667,1.1749999999999996,0.019921066666666667
58,1.1999999999999997,0.022216573333333333,1.1999999999999997,0.021900593333333336
59,1.2249999999999996,0.024247453333333335,1.2249999999999996,0.02391914666666667
60,1.2499999999999996,0.026293040000000004,1.2499999999999996,0.025997480000000003
61,1.2749999999999997,0.028373640000000002,1.2749999999999997,0.02806084
