,a1_2F_V_D,a1_2F_J_D,a1_2F_V_L,a1_2F_J_L
0,-0.25,-0.01531172,-0.25,-0.014819586666666665
1,-0.225,-0.014267186666666667,-0.225,-0.013837806666666666
2,-0.2,-0.013691153333333332,-0.2,-0.013292306666666668
3,-0.17500000000000002,-0.01321408,-0.17500000000000002,-0.012844406666666667
4,-0.15000000000000002,-0.012871966666666667,-0.15000000000000002,-0.01252324
5,-0.12500000000000003,-0.012558386666666666,-0.12500000000000003,-0.012230486666666667
6,-0.10000000000000003,-0.012272646666666666,-0.10000000000000003,-0.011958666666666666
7,-0.07500000000000004,-0.012020600000000001,-0.07500000000000004,-0.01172788
8,-0.050000000000000044,-0.01177562,-0.050000000000000044,-0.01150084
9,-0.02500000000000005,-0.011547953333333333,-0.02500000000000005,-0.011287993333333335
10,-5.551115123125783e-17,-0.011345146666666667,-5.551115123125783e-17,-0.011099306666666666
11,0.02499999999999991,-0.0111204,0.02499999999999991,-0.010889826666666666
12,0.04999999999999993,-0.010919133333333334,0.04999999999999993,-0.010697946666666668
13,0.07499999999999996,-0.01072012,0.07499999999999996,-0.0105196
14,0.09999999999999992,-0.01051972,0.09999999999999992,-0.010331373333333334
15,0.12499999999999989,-0.010324553333333333,0.12499999999999989,-0.010147513333333334
16,0.1499999999999999,-0.01010838,0.1499999999999999,-0.009949306666666668
17,0.17499999999999993,-0.009927166666666667,0.17499999999999993,-0.009775546666666668
18,0.1999999999999999,-0.009728446666666666,0.1999999999999999,-0.009589460000000001
19,0.22499999999999987,-0.009495593333333333,0.22499999999999987,-0.00937456
20,0.2499999999999999,-0.009290926666666666,0.2499999999999999,-0.009194453333333335
21,0.2749999999999999,-0.009063073333333333,0.2749999999999999,-0.008976093333333334
22,0.2999999999999998,-0.008824613333333333,0.2999999999999998,-0.008751546666666667
23,0.32499999999999984,-0.008580226666666668,0.32499999999999984,-0.008519686666666668
24,0.34999999999999987,-0.008309313333333334,0.34999999999999987,-0.008273266666666668
25,0.3749999999999999,-0.00802748,0.3749999999999999,-0.008023313333333334
26,0.3999999999999999,-0.007731933333333333,0.3999999999999999,-0.007744613333333333
27,0.4249999999999998,-0.007420713333333333,0.4249999999999998,-0.007461666666666667
28,0.44999999999999984,-0.007091566666666666,0.44999999999999984,-0.00715374
29,0.47499999999999987,-0.006729293333333334,0.47499999999999987,-0.006813333333333333
30,0.4999999999999998,-0.006943626666666667,0.4999999999999998,-0.006991946666666667
31,0.5249999999999998,-0.006080884666666667,0.5249999999999998,-0.006218523333333333
32,0.5499999999999998,-0.005653417333333333,0.5499999999999998,-0.005811696666666667
33,0.5749999999999998,-0.005220919333333334,0.5749999999999998,-0.0054086126666666665
34,0.5999999999999999,-0.004773663333333334,0.5999999999999999,-0.004978788
35,0.6249999999999998,-0.004309820666666667,0.6249999999999998,-0.004534764
36,0.6499999999999998,-0.003827785333333334,0.6499999999999998,-0.004074545333333334
37,0.6749999999999998,-0.0033183220000000003,0.6749999999999998,-0.0035754653333333335
38,0.6999999999999997,-0.0028256220000000003,0.6999999999999997,-0.0030951613333333335
39,0.7249999999999998,-0.0023005693333333333,0.7249999999999998,-0.0025864713333333335
40,0.7499999999999998,-0.0017543826666666668,0.7499999999999998,-0.0020505193333333334
41,0.7749999999999997,-0.0011732593333333334,0.7749999999999997,-0.0014735166666666668
42,0.7999999999999998,-0.001316666,0.7999999999999998,-0.0009003286666666668
43,0.8249999999999997,-0.0008082206666666668,0.8249999999999997,-0.0009242886666666667
44,0.8499999999999996,-0.00018698026666666667,0.8499999999999996,-0.00018290073333333335
45,0.8749999999999998,0.0006265099333333334,0.8749999999999998,0.0006999566666666667
46,0.8999999999999997,0.001915664,0.8999999999999997,0.0016066820000000001
47,0.9249999999999998,0.003065252666666667,0.9249999999999998,0.0029466693333333334
48,0.9499999999999997,0.004378651333333334,0.9499999999999997,0.004273231333333333
49,0.9749999999999996,0.005868601333333333,0.9749999999999996,0.005760203333333333
50,0.9999999999999998,0.007470066666666666,0.9999999999999998,0.0073699866666666666
51,1.0249999999999997,0.009308680000000001,1.0249999999999997,0.009197833333333334
52,1.0499999999999998,0.011244893333333334,1.0499999999999998,0.01112866
53,1.0749999999999997,0.01328062,1.0749999999999997,0.013160013333333333
54,1.0999999999999996,0.015407320000000002,1.0999999999999996,0.015267173333333333
55,1.1249999999999998,0.017598806666666668,1.1249999999999998,0.01744526
56,1.1499999999999997,0.019852706666666668,1.1499999999999997,0.01968702666666667
57,1.1749999999999996,0.02214598,1.1749999999999996,0.021967593333333334
58,1.1999999999999997,0.024493433333333335,1.1999999999999997,0.024306953333333332
59,1.2249999999999996,0.0268761,1.2249999999999996,0.026679300000000003
60,1.2499999999999996,0.029273193333333333,1.2499999999999996,0.029071066666666666
61,1.2749999999999997,0.03171624666666667,1.2749999999999997,0.03149112666666667
