,a1_2F_V_D,a1_2F_J_D,a1_2F_V_L,a1_2F_J_L
0,-0.25,-0.015055939999999999,-0.25,-0.014604106666666667
1,-0.225,-0.01403384,-0.225,-0.013638266666666666
2,-0.2,-0.0134643,-0.2,-0.013094406666666666
3,-0.17500000000000002,-0.01299392,-0.17500000000000002,-0.01264734
4,-0.15000000000000002,-0.012657413333333334,-0.15000000000000002,-0.012332953333333334
5,-0.12500000000000003,-0.01234738,-0.12500000000000003,-0.012040506666666667
6,-0.10000000000000003,-0.012063786666666666,-0.10000000000000003,-0.011770293333333334
7,-0.07500000000000004,-0.011816293333333333,-0.07500000000000004,-0.011542013333333335
8,-0.050000000000000044,-0.011577513333333333,-0.050000000000000044,-0.011314633333333334
9,-0.02500000000000005,-0.011352753333333333,-0.02500000000000005,-0.01110414
10,-5.551115123125783e-17,-0.011156353333333334,-5.551115123125783e-17,-0.01091842
11,0.02499999999999991,-0.010937613333333334,0.02499999999999991,-0.010714246666666667
12,0.04999999999999993,-0.010734706666666668,0.04999999999999993,-0.010530886666666668
13,0.07499999999999996,-0.010546080000000001,0.07499999999999996,-0.01034826
14,0.09999999999999992,-0.01035078,0.09999999999999992,-0.01016798
15,0.12499999999999989,-0.010160113333333333,0.12499999999999989,-0.009988226666666667
16,0.1499999999999999,-0.009951280000000002,0.1499999999999999,-0.00979296
17,0.17499999999999993,-0.009774566666666668,0.17499999999999993,-0.009625966666666666
18,0.1999999999999999,-0.009584093333333333,0.1999999999999999,-0.00944658
19,0.22499999999999987,-0.009359166666666667,0.22499999999999987,-0.009237673333333333
20,0.2499999999999999,-0.009176340000000002,0.2499999999999999,-0.009064240000000001
21,0.2749999999999999,-0.008942853333333334,0.2749999999999999,-0.008847766666666666
22,0.2999999999999998,-0.00871312,0.2999999999999998,-0.008634486666666667
23,0.32499999999999984,-0.00847182,0.32499999999999984,-0.008412426666666667
24,0.34999999999999987,-0.008210726666666668,0.34999999999999987,-0.008170453333333334
25,0.3749999999999999,-0.007933740000000002,0.3749999999999999,-0.007917733333333335
26,0.3999999999999999,-0.007646593333333333,0.3999999999999999,-0.007661466666666668
27,0.4249999999999998,-0.0073415799999999995,0.4249999999999998,-0.0073771466666666665
28,0.44999999999999984,-0.0070102666666666666,0.44999999999999984,-0.007075940000000001
29,0.47499999999999987,-0.006998646666666668,0.47499999999999987,-0.006742886666666666
30,0.4999999999999998,-0.0063936646666666675,0.4999999999999998,-0.006964800000000001
31,0.5249999999999998,-0.005985517333333333,0.5249999999999998,-0.006145395333333334
32,0.5499999999999998,-0.005576744,0.5499999999999998,-0.005743064
33,0.5749999999999998,-0.005146364666666667,0.5749999999999998,-0.005331450666666667
34,0.5999999999999999,-0.004703312,0.5999999999999999,-0.004917676
35,0.6249999999999998,-0.0042378960000000005,0.6249999999999998,-0.004473134
36,0.6499999999999998,-0.0037581859999999997,0.6499999999999998,-0.00401902
37,0.6749999999999998,-0.0032614693333333335,0.6749999999999998,-0.003538839333333334
38,0.6999999999999997,-0.002752626,0.6999999999999997,-0.003045930666666667
39,0.7249999999999998,-0.0022231473333333336,0.7249999999999998,-0.0025383493333333337
40,0.7499999999999998,-0.0016714606666666666,0.7499999999999998,-0.0019983986666666665
41,0.7749999999999997,-0.0010879166666666667,0.7749999999999997,-0.0014163786666666668
42,0.7999999999999998,-0.0011946633333333335,0.7999999999999998,-0.00083759
43,0.8249999999999997,-0.0005288352666666667,0.8249999999999997,-0.0006054888
44,0.8499999999999996,0.0005195372,0.8499999999999996,0.00037938180000000003
45,0.8749999999999998,0.0009823546666666667,0.8749999999999998,0.000813862
46,0.8999999999999997,0.00220626,0.8999999999999997,0.0020223893333333335
47,0.9249999999999998,0.0033574933333333336,0.9249999999999998,0.0031794260000000004
48,0.9499999999999997,0.0046658793333333335,0.9499999999999997,0.004490038000000001
49,0.9749999999999996,0.00615243,0.9749999999999996,0.005979598000000001
50,0.9999999999999998,0.007772053333333333,0.9999999999999998,0.0076091200000000005
51,1.0249999999999997,0.00962082,1.0249999999999997,0.009450686666666666
52,1.0499999999999998,0.011581453333333333,1.0499999999999998,0.011393886666666667
53,1.0749999999999997,0.01364164,1.0749999999999997,0.013444693333333332
54,1.0999999999999996,0.015790406666666666,1.0999999999999996,0.01557808
55,1.1249999999999998,0.01801424,1.1249999999999998,0.017781873333333333
56,1.1499999999999997,0.02028002666666667,1.1499999999999997,0.02004004
57,1.1749999999999996,0.022617493333333332,1.1749999999999996,0.022352226666666666
58,1.1999999999999997,0.02500014,1.1999999999999997,0.02470934666666667
59,1.2249999999999996,0.02742024666666667,1.2249999999999996,0.027097753333333332
60,1.2499999999999996,0.02986008,1.2499999999999996,0.029537793333333333
61,1.2749999999999997,0.03233399333333334,1.2749999999999997,0.032008466666666666
