,a1_2R_V_D,a1_2R_J_D,a1_2R_V_L,a1_2R_J_L
0,1.3,0.005644252666666667,1.3,0.006766
1,1.2750000000000001,0.0053384393333333335,1.2750000000000001,0.006513448666666667
2,1.2500000000000002,0.004994678000000001,1.2500000000000002,0.006022594
3,1.2250000000000003,0.004670484666666667,1.2250000000000003,0.005610091333333333
4,1.2000000000000004,0.004330208666666667,1.2000000000000004,0.0051574333333333335
5,1.1750000000000005,0.003982489333333334,1.1750000000000005,0.004671144
6,1.1500000000000006,0.0036244746666666667,1.1500000000000006,0.004201742666666667
7,1.1250000000000007,0.0032794046666666673,1.1250000000000007,0.0037456053333333335
8,1.1000000000000008,0.0029550026666666667,1.1000000000000008,0.003361170666666667
9,1.0750000000000008,0.0026242206666666668,1.0750000000000008,0.0029589346666666666
10,1.050000000000001,0.002281452666666667,1.050000000000001,0.0025835173333333336
11,1.025000000000001,0.0019543760000000003,1.025000000000001,0.002198712
12,1.000000000000001,0.0016284273333333334,1.000000000000001,0.0018130706666666667
13,0.9750000000000012,0.0012884746666666667,0.9750000000000012,0.0014432506666666668
14,0.9500000000000013,0.0009643033333333334,0.9500000000000013,0.0010752566666666667
15,0.9250000000000014,0.0006729526666666667,0.9250000000000014,0.0007087573333333333
16,0.9000000000000015,0.00033560473333333333,0.9000000000000015,0.0003884132
17,0.8750000000000016,5.3039973333333336e-05,0.8750000000000016,4.915802e-05
18,0.8500000000000016,-0.00024313780000000002,0.8500000000000016,-0.00027940100000000003
19,0.8250000000000017,-0.0005790238000000001,0.8250000000000017,-0.0006518156
20,0.8000000000000018,-0.0008470486666666666,0.8000000000000018,-0.0009425726666666668
21,0.7750000000000019,-0.0011700200000000001,0.7750000000000019,-0.0013042073333333333
22,0.750000000000002,-0.001470518,0.750000000000002,-0.0016396773333333333
23,0.7250000000000021,-0.0017681673333333333,0.7250000000000021,-0.0019608420000000004
24,0.7000000000000022,-0.002042406666666667,0.7000000000000022,-0.0022608506666666668
25,0.6750000000000023,-0.0023040540000000003,0.6750000000000023,-0.002545818666666667
26,0.6500000000000024,-0.0025426073333333333,0.6500000000000024,-0.0028305346666666668
27,0.6250000000000024,-0.0027710300000000003,0.6250000000000024,-0.003069696
28,0.6000000000000025,-0.002995854,0.6000000000000025,-0.0032987880000000004
29,0.5750000000000026,-0.0031575453333333335,0.5750000000000026,-0.003504436666666667
30,0.5500000000000027,-0.003264664666666667,0.5500000000000027,-0.0036747786666666673
31,0.5250000000000028,-0.003604928666666667,0.5250000000000028,-0.0039287666666666665
32,0.5000000000000029,-0.004010848000000001,0.5000000000000029,-0.0042428226666666674
33,0.475000000000003,-0.004024422666666667,0.475000000000003,-0.004573285333333334
34,0.45000000000000306,-0.004378224666666666,0.45000000000000306,-0.004769295333333334
35,0.42500000000000315,-0.0046163079999999995,0.42500000000000315,-0.00502551
36,0.40000000000000324,-0.00487878,0.40000000000000324,-0.005402396
37,0.37500000000000333,-0.005021136666666667,0.37500000000000333,-0.005736741333333333
38,0.3500000000000034,-0.005335593333333334,0.3500000000000034,-0.0062214693333333335
39,0.3250000000000035,-0.005675009333333334,0.3250000000000035,-0.006536660666666667
40,0.3000000000000036,-0.006144586666666667,0.3000000000000036,-0.006918833333333334
41,0.2750000000000037,-0.00648002,0.2750000000000037,-0.00708768
42,0.2500000000000038,-0.00679642,0.2500000000000038,-0.0072414
43,0.22500000000000386,-0.006998626666666666,0.22500000000000386,-0.007569193333333333
44,0.20000000000000395,-0.007499466666666667,0.20000000000000395,-0.007838386666666667
45,0.17500000000000404,-0.007700480000000001,0.17500000000000404,-0.00815372
46,0.15000000000000413,-0.00786796,0.15000000000000413,-0.008389286666666667
47,0.12500000000000422,-0.008171886666666668,0.12500000000000422,-0.008759706666666667
48,0.10000000000000431,-0.008454906666666668,0.10000000000000431,-0.009024180000000001
49,0.0750000000000044,-0.008720013333333334,0.0750000000000044,-0.009233006666666667
50,0.050000000000004485,-0.008858413333333334,0.050000000000004485,-0.00939914
51,0.025000000000004574,-0.00903048,0.025000000000004574,-0.009675066666666668
52,4.6629367034256575e-15,-0.009505926666666668,4.6629367034256575e-15,-0.009857146666666667
53,-0.024999999999995248,-0.009628153333333334,-0.024999999999995248,-0.009908853333333334
54,-0.04999999999999516,-0.009910966666666667,-0.04999999999999516,-0.010136433333333333
55,-0.07499999999999507,-0.010577926666666668,-0.07499999999999507,-0.010349846666666667
56,-0.09999999999999498,-0.010743579999999999,-0.09999999999999498,-0.010586626666666666
57,-0.12499999999999489,-0.01069956,-0.12499999999999489,-0.01082278
58,-0.1499999999999948,-0.010752893333333333,-0.1499999999999948,-0.010954706666666666
59,-0.17499999999999472,-0.01125624,-0.17499999999999472,-0.011361206666666667
60,-0.19999999999999463,-0.011337853333333333,-0.19999999999999463,-0.011250213333333333
61,-0.22499999999999454,-0.0114836,-0.22499999999999454,-0.011719006666666667
