,a1_2F_V_D,a1_2F_J_D,a1_2F_V_L,a1_2F_J_L
0,-0.25,-0.014590540000000003,-0.25,-0.014293533333333334
1,-0.225,-0.013630999999999999,-0.225,-0.013360446666666668
2,-0.2,-0.013095166666666668,-0.2,-0.012842373333333334
3,-0.17500000000000002,-0.01265074,-0.17500000000000002,-0.012412393333333334
4,-0.15000000000000002,-0.012330513333333334,-0.15000000000000002,-0.012104873333333334
5,-0.12500000000000003,-0.012033913333333333,-0.12500000000000003,-0.011815046666666667
6,-0.10000000000000003,-0.011761800000000001,-0.10000000000000003,-0.011559426666666667
7,-0.07500000000000004,-0.011521660000000001,-0.07500000000000004,-0.011332213333333334
8,-0.050000000000000044,-0.011289219999999999,-0.050000000000000044,-0.011107066666666667
9,-0.02500000000000005,-0.011080453333333334,-0.02500000000000005,-0.010908386666666667
10,-5.551115123125783e-17,-0.010879773333333334,-5.551115123125783e-17,-0.010714446666666667
11,0.02499999999999991,-0.01066472,0.02499999999999991,-0.010512126666666666
12,0.04999999999999993,-0.010472613333333334,0.04999999999999993,-0.010324920000000001
13,0.07499999999999996,-0.010283,0.07499999999999996,-0.010142073333333335
14,0.09999999999999992,-0.010089606666666667,0.09999999999999992,-0.009960006666666667
15,0.12499999999999989,-0.009899453333333334,0.12499999999999989,-0.009777946666666667
16,0.1499999999999999,-0.009691,0.1499999999999999,-0.009578026666666668
17,0.17499999999999993,-0.009509293333333335,0.17499999999999993,-0.009411646666666667
18,0.1999999999999999,-0.00931528,0.1999999999999999,-0.00922186
19,0.22499999999999987,-0.009088953333333333,0.22499999999999987,-0.009007353333333334
20,0.2499999999999999,-0.008893993333333334,0.2499999999999999,-0.008826386666666668
21,0.2749999999999999,-0.008660273333333333,0.2749999999999999,-0.008604873333333334
22,0.2999999999999998,-0.00842406,0.2999999999999998,-0.0083787
23,0.32499999999999984,-0.008179493333333333,0.32499999999999984,-0.008149366666666666
24,0.34999999999999987,-0.00791008,0.34999999999999987,-0.0079004
25,0.3749999999999999,-0.007633053333333333,0.3749999999999999,-0.007641220000000001
26,0.3999999999999999,-0.007340879999999999,0.3999999999999999,-0.007369173333333333
27,0.4249999999999998,-0.007034733333333334,0.4249999999999998,-0.00707938
28,0.44999999999999984,-0.006709793333333334,0.44999999999999984,-0.006773446666666666
29,0.47499999999999987,-0.006916086666666667,0.47499999999999987,-0.006965860000000001
30,0.4999999999999998,-0.006089608666666667,0.4999999999999998,-0.006193916666666667
31,0.5249999999999998,-0.005695931333333334,0.5249999999999998,-0.005820639333333334
32,0.5499999999999998,-0.00529201,0.5499999999999998,-0.00544368
33,0.5749999999999998,-0.004877438666666667,0.5749999999999998,-0.005043426666666667
34,0.5999999999999999,-0.004447694,0.5999999999999999,-0.004635934
35,0.6249999999999998,-0.004001066,0.6249999999999998,-0.004208262666666667
36,0.6499999999999998,-0.003535781333333333,0.6499999999999998,-0.003763554
37,0.6749999999999998,-0.003053532666666667,0.6749999999999998,-0.003305788
38,0.6999999999999997,-0.0025800633333333337,0.6999999999999997,-0.0028370746666666665
39,0.7249999999999998,-0.0020750813333333335,0.7249999999999998,-0.002342341333333333
40,0.7499999999999998,-0.001555692,0.7499999999999998,-0.0018334186666666666
41,0.7749999999999997,-0.001003282,0.7749999999999997,-0.0012912386666666666
42,0.7999999999999998,-0.0009510806666666667,0.7999999999999998,-0.0007420860000000001
43,0.8249999999999997,-0.0004127561333333334,0.8249999999999997,-0.00043920573333333337
44,0.8499999999999996,0.0005432390666666667,0.8499999999999996,0.0004237719333333334
45,0.8749999999999998,0.0010627933333333334,0.8749999999999998,0.0008830033333333334
46,0.8999999999999997,0.0020843479999999998,0.8999999999999997,0.0018753973333333332
47,0.9249999999999998,0.003025088,0.9249999999999998,0.0028052166666666664
48,0.9499999999999997,0.0040426713333333334,0.9499999999999997,0.003815016
49,0.9749999999999996,0.005152067333333334,0.9749999999999996,0.004912712666666667
50,0.9999999999999998,0.006337074,0.9999999999999998,0.006092038
51,1.0249999999999997,0.007579120000000001,1.0249999999999997,0.0073308
52,1.0499999999999998,0.00895114,1.0499999999999998,0.00867994
53,1.0749999999999997,0.010357666666666666,1.0749999999999997,0.010070226666666668
54,1.0999999999999996,0.011817986666666667,1.0999999999999996,0.01150308
55,1.1249999999999998,0.013308393333333333,1.1249999999999998,0.01297764
56,1.1499999999999997,0.014837533333333335,1.1499999999999997,0.014481553333333334
57,1.1749999999999996,0.016398806666666668,1.1749999999999996,0.01601484
58,1.1999999999999997,0.017984740000000003,1.1999999999999997,0.017568586666666667
59,1.2249999999999996,0.019595826666666667,1.2249999999999996,0.019140380000000002
60,1.2499999999999996,0.021225253333333333,1.2499999999999996,0.020734753333333335
61,1.2749999999999997,0.022873033333333334,1.2749999999999997,0.022331120000000003
