,a1_2F_V_D,a1_2F_J_D,a1_2F_V_L,a1_2F_J_L
0,-0.25,-0.014952786666666667,-0.25,-0.014488440000000002
1,-0.225,-0.01393576,-0.225,-0.013527953333333334
2,-0.2,-0.01337024,-0.2,-0.012995593333333335
3,-0.17500000000000002,-0.012903260000000001,-0.17500000000000002,-0.012569926666666667
4,-0.15000000000000002,-0.012568493333333333,-0.15000000000000002,-0.012235813333333335
5,-0.12500000000000003,-0.012258373333333334,-0.12500000000000003,-0.01195094
6,-0.10000000000000003,-0.01198454,-0.10000000000000003,-0.011690186666666668
7,-0.07500000000000004,-0.01173128,-0.07500000000000004,-0.011453226666666668
8,-0.050000000000000044,-0.0114983,-0.050000000000000044,-0.011218513333333334
9,-0.02500000000000005,-0.011280333333333335,-0.02500000000000005,-0.011027073333333335
10,-5.551115123125783e-17,-0.011077013333333333,-5.551115123125783e-17,-0.01084242
11,0.02499999999999991,-0.010864026666666667,0.02499999999999991,-0.010641333333333334
12,0.04999999999999993,-0.010657933333333335,0.04999999999999993,-0.010466393333333332
13,0.07499999999999996,-0.010467266666666666,0.07499999999999996,-0.010269173333333334
14,0.09999999999999992,-0.010269306666666667,0.09999999999999992,-0.010090173333333334
15,0.12499999999999989,-0.01007768,0.12499999999999989,-0.009909806666666668
16,0.1499999999999999,-0.009867520000000001,0.1499999999999999,-0.009727746666666667
17,0.17499999999999993,-0.009687126666666667,0.17499999999999993,-0.009542226666666667
18,0.1999999999999999,-0.009494333333333334,0.1999999999999999,-0.009356520000000002
19,0.22499999999999987,-0.009267800000000001,0.22499999999999987,-0.009148546666666667
20,0.2499999999999999,-0.009079740000000001,0.2499999999999999,-0.008958753333333333
21,0.2749999999999999,-0.008843653333333335,0.2749999999999999,-0.00873436
22,0.2999999999999998,-0.008608606666666668,0.2999999999999998,-0.00853266
23,0.32499999999999984,-0.008356073333333333,0.32499999999999984,-0.008304833333333334
24,0.34999999999999987,-0.008082653333333334,0.34999999999999987,-0.008056606666666667
25,0.3749999999999999,-0.0078057,0.3749999999999999,-0.0077979799999999995
26,0.3999999999999999,-0.00751806,0.3999999999999999,-0.007525466666666667
27,0.4249999999999998,-0.00721478,0.4249999999999998,-0.007242966666666666
28,0.44999999999999984,-0.006886393333333333,0.44999999999999984,-0.006947866666666667
29,0.47499999999999987,-0.006998646666666668,0.47499999999999987,-0.006998653333333334
30,0.4999999999999998,-0.006261344666666667,0.4999999999999998,-0.006369438
31,0.5249999999999998,-0.0058543,0.5249999999999998,-0.005988778
32,0.5499999999999998,-0.005446011333333334,0.5499999999999998,-0.005605832666666667
33,0.5749999999999998,-0.005020853333333334,0.5749999999999998,-0.005223198666666666
34,0.5999999999999999,-0.004583738666666667,0.5999999999999999,-0.004794581333333333
35,0.6249999999999998,-0.004127260666666667,0.6249999999999998,-0.004364453333333333
36,0.6499999999999998,-0.003652749333333334,0.6499999999999998,-0.003910930666666667
37,0.6749999999999998,-0.0031730680000000002,0.6749999999999998,-0.0034553826666666666
38,0.6999999999999997,-0.0026881453333333334,0.6999999999999997,-0.002964923333333333
39,0.7249999999999998,-0.0021705626666666668,0.7249999999999998,-0.002451990666666667
40,0.7499999999999998,-0.0016374153333333335,0.7499999999999998,-0.001927246
41,0.7749999999999997,-0.0010697753333333334,0.7749999999999997,-0.001386858
42,0.7999999999999998,-0.0011555046666666667,0.7999999999999998,-0.0007912373333333333
43,0.8249999999999997,-0.0005090687333333334,0.8249999999999997,-0.0005634654
44,0.8499999999999996,0.0004831828666666666,0.8499999999999996,0.0003659088666666667
45,0.8749999999999998,0.0009261173333333333,0.8749999999999998,0.000780532
46,0.8999999999999997,0.0020577173333333333,0.8999999999999997,0.0019085533333333335
47,0.9249999999999998,0.0031146753333333335,0.9249999999999998,0.002966574666666667
48,0.9499999999999997,0.004290120666666667,0.9499999999999997,0.004151536
49,0.9749999999999996,0.005614870666666667,0.9749999999999996,0.005479209333333334
50,0.9999999999999998,0.007017173333333333,0.9999999999999998,0.006939926666666667
51,1.0249999999999997,0.008652733333333334,1.0249999999999997,0.008522373333333335
52,1.0499999999999998,0.010352160000000001,1.0499999999999998,0.01022592
53,1.0749999999999997,0.012136346666666667,1.0749999999999997,0.012004586666666667
54,1.0999999999999996,0.013985860000000001,1.0999999999999996,0.013859066666666668
55,1.1249999999999998,0.015901786666666667,1.1249999999999998,0.015758826666666666
56,1.1499999999999997,0.01785204,1.1499999999999997,0.01769534
57,1.1749999999999996,0.019849353333333333,1.1749999999999996,0.019684606666666667
58,1.1999999999999997,0.021877193333333336,1.1999999999999997,0.02170264666666667
59,1.2249999999999996,0.02393452,1.2249999999999996,0.02377536666666667
60,1.2499999999999996,0.026019353333333335,1.2499999999999996,0.025851913333333334
61,1.2749999999999997,0.028131560000000003,1.2749999999999997,0.027943713333333335
