,a1_2R_V_D,a1_2R_J_D,a1_2R_V_L,a1_2R_J_L
0,1.3,0.022030673333333334,1.3,0.02205958666666667
1,1.2750000000000001,0.02050432666666667,1.2750000000000001,0.02056286666666667
2,1.2500000000000002,0.018983533333333334,1.2500000000000002,0.01904412
3,1.2250000000000003,0.017459733333333335,1.2250000000000003,0.017512140000000002
4,1.2000000000000004,0.01594698,1.2000000000000004,0.01599098
5,1.1750000000000005,0.014456646666666668,1.1750000000000005,0.014482226666666669
6,1.1500000000000006,0.012988626666666666,1.1500000000000006,0.013001080000000002
7,1.1250000000000007,0.011549486666666667,1.1250000000000007,0.01153522
8,1.1000000000000008,0.01013194,1.1000000000000008,0.010095686666666668
9,1.0750000000000008,0.008748926666666667,1.0750000000000008,0.008688626666666668
10,1.050000000000001,0.007411306666666667,1.050000000000001,0.0073229466666666675
11,1.025000000000001,0.006162041333333334,1.025000000000001,0.006045884666666667
12,1.000000000000001,0.0048885633333333334,1.000000000000001,0.0047504493333333335
13,0.9750000000000012,0.00370207,0.9750000000000012,0.003536852
14,0.9500000000000013,0.0025897226666666668,0.9500000000000013,0.002395944666666667
15,0.9250000000000014,0.0015578393333333335,0.9250000000000014,0.0013355213333333335
16,0.9000000000000015,0.0009162326666666668,0.9000000000000015,0.0005738486666666667
17,0.8750000000000016,8.947246666666667e-05,0.8750000000000016,-0.00046974493333333333
18,0.8500000000000016,-0.0006998286666666666,0.8500000000000016,-0.0009735993333333334
19,0.8250000000000017,-0.0013472773333333334,0.8250000000000017,-0.0018889686666666667
20,0.8000000000000018,-0.0022095126666666666,0.8000000000000018,-0.0025568373333333333
21,0.7750000000000019,-0.0028237086666666666,0.7750000000000019,-0.0031536626666666665
22,0.750000000000002,-0.0033770533333333337,0.750000000000002,-0.0037035500000000003
23,0.7250000000000021,-0.003898958666666667,0.7250000000000021,-0.004177970666666667
24,0.7000000000000022,-0.004370606666666666,0.7000000000000022,-0.004623406
25,0.6750000000000023,-0.004824784,0.6750000000000023,-0.005049099333333334
26,0.6500000000000024,-0.005246901333333334,0.6500000000000024,-0.005465965333333334
27,0.6250000000000024,-0.005648480666666666,0.6250000000000024,-0.005826503333333333
28,0.6000000000000025,-0.006049723333333334,0.6000000000000025,-0.006195210666666667
29,0.5750000000000026,-0.0064331480000000005,0.5750000000000026,-0.006561808
30,0.5500000000000027,-0.006803966666666667,0.5500000000000027,-0.006899646666666667
31,0.5250000000000028,-0.006998659999999999,0.5250000000000028,-0.007233300000000001
32,0.5000000000000029,-0.0074998933333333346,0.5000000000000029,-0.007444880000000001
33,0.475000000000003,-0.00770044,0.475000000000003,-0.007763413333333333
34,0.45000000000000306,-0.008031126666666668,0.45000000000000306,-0.0080759
35,0.42500000000000315,-0.008335173333333334,0.42500000000000315,-0.00835934
36,0.40000000000000324,-0.008621206666666667,0.40000000000000324,-0.00861972
37,0.37500000000000333,-0.008885453333333333,0.37500000000000333,-0.008872840000000002
38,0.3500000000000034,-0.00912924,0.3500000000000034,-0.00910672
39,0.3250000000000035,-0.009365666666666668,0.3250000000000035,-0.0093246
40,0.3000000000000036,-0.00959502,0.3000000000000036,-0.009523760000000001
41,0.2750000000000037,-0.009774793333333334,0.2750000000000037,-0.009712146666666668
42,0.2500000000000038,-0.0099545,0.2500000000000038,-0.009900033333333334
43,0.22500000000000386,-0.010088433333333334,0.22500000000000386,-0.010015113333333334
44,0.20000000000000395,-0.010277826666666667,0.20000000000000395,-0.010190746666666667
45,0.17500000000000404,-0.010427573333333334,0.17500000000000404,-0.010336880000000001
46,0.15000000000000413,-0.010565060000000001,0.15000000000000413,-0.010469533333333335
47,0.12500000000000422,-0.01069868,0.12500000000000422,-0.010600626666666666
48,0.10000000000000431,-0.010823513333333335,0.10000000000000431,-0.010720813333333334
49,0.0750000000000044,-0.010943340000000001,0.0750000000000044,-0.010845426666666668
50,0.050000000000004485,-0.011055180000000001,0.050000000000004485,-0.010961713333333335
51,0.025000000000004574,-0.011165000000000001,0.025000000000004574,-0.011076333333333334
52,4.6629367034256575e-15,-0.011290020000000001,4.6629367034256575e-15,-0.01119764
53,-0.024999999999995248,-0.011405473333333334,-0.024999999999995248,-0.011298413333333333
54,-0.04999999999999516,-0.011498166666666667,-0.04999999999999516,-0.011404780000000002
55,-0.07499999999999507,-0.011599193333333334,-0.07499999999999507,-0.01152892
56,-0.09999999999999498,-0.011703600000000002,-0.09999999999999498,-0.011620100000000001
57,-0.12499999999999489,-0.011824273333333335,-0.12499999999999489,-0.011725653333333334
58,-0.1499999999999948,-0.01191026,-0.1499999999999948,-0.011829146666666667
59,-0.17499999999999472,-0.012014466666666668,-0.17499999999999472,-0.0119193
60,-0.19999999999999463,-0.012103593333333332,-0.19999999999999463,-0.012022940000000001
61,-0.22499999999999454,-0.012213813333333334,-0.22499999999999454,-0.012132726666666666
