,a1_2R_V_D,a1_2R_J_D,a1_2R_V_L,a1_2R_J_L
0,1.3,0.032429186666666665,1.3,0.03154306666666667
1,1.2750000000000001,0.03019538,1.2750000000000001,0.029404326666666668
2,1.2500000000000002,0.027827173333333333,1.2500000000000002,0.027143953333333335
3,1.2250000000000003,0.02546358,1.2250000000000003,0.024870893333333335
4,1.2000000000000004,0.02310954,1.2000000000000004,0.02258836
5,1.1750000000000005,0.0207821,1.1750000000000005,0.020334733333333334
6,1.1500000000000006,0.018488786666666666,1.1500000000000006,0.01810768
7,1.1250000000000007,0.01624644,1.1250000000000007,0.015916173333333332
8,1.1000000000000008,0.014054466666666666,1.1000000000000008,0.013757613333333335
9,1.0750000000000008,0.011927766666666666,1.0750000000000008,0.011670206666666667
10,1.050000000000001,0.009883240000000001,1.050000000000001,0.0096484
11,1.025000000000001,0.007935333333333334,1.025000000000001,0.007716646666666667
12,1.000000000000001,0.006157186,1.000000000000001,0.005942343333333334
13,0.9750000000000012,0.004395206666666667,0.9750000000000012,0.004196672
14,0.9500000000000013,0.0028250313333333336,0.9500000000000013,0.0026219233333333336
15,0.9250000000000014,0.0014121606666666667,0.9250000000000014,0.0012016246666666668
16,0.9000000000000015,0.0005342361333333334,0.9000000000000015,0.0003975012
17,0.8750000000000016,-0.00069547,0.8750000000000016,-0.0006998306666666667
18,0.8500000000000016,-0.0012262286666666667,0.8500000000000016,-0.0014766513333333334
19,0.8250000000000017,-0.002290476666666667,0.8250000000000017,-0.002520932666666667
20,0.8000000000000018,-0.0030052200000000003,0.8000000000000018,-0.0032076093333333333
21,0.7750000000000019,-0.0036003180000000004,0.7750000000000019,-0.003790398
22,0.750000000000002,-0.004122868666666667,0.750000000000002,-0.004288874666666667
23,0.7250000000000021,-0.004593768666666667,0.7250000000000021,-0.004756134666666668
24,0.7000000000000022,-0.005027754000000001,0.7000000000000022,-0.005173416666666667
25,0.6750000000000023,-0.005439961333333333,0.6750000000000023,-0.005587133333333333
26,0.6500000000000024,-0.005857179333333334,0.6500000000000024,-0.005940307333333334
27,0.6250000000000024,-0.006201529333333334,0.6250000000000024,-0.006291627333333333
28,0.6000000000000025,-0.006579784000000001,0.6000000000000025,-0.0066657980000000006
29,0.5750000000000026,-0.006925966666666667,0.5750000000000026,-0.00697382
30,0.5500000000000027,-0.007222346666666667,0.5500000000000027,-0.007303966666666667
31,0.5250000000000028,-0.007464886666666667,0.5250000000000028,-0.007504166666666668
32,0.5000000000000029,-0.007810900000000001,0.5000000000000029,-0.007833
33,0.475000000000003,-0.008124253333333333,0.475000000000003,-0.00812726
34,0.45000000000000306,-0.008419793333333335,0.45000000000000306,-0.00840664
35,0.42500000000000315,-0.008691113333333335,0.42500000000000315,-0.008667706666666667
36,0.40000000000000324,-0.00894864,0.40000000000000324,-0.00892754
37,0.37500000000000333,-0.009207713333333334,0.37500000000000333,-0.009133773333333334
38,0.3500000000000034,-0.009406646666666667,0.3500000000000034,-0.009337593333333333
39,0.3250000000000035,-0.009612373333333334,0.3250000000000035,-0.00953664
40,0.3000000000000036,-0.009804066666666666,0.3000000000000036,-0.009733406666666666
41,0.2750000000000037,-0.00996692,0.2750000000000037,-0.009882386666666668
42,0.2500000000000038,-0.010137433333333333,0.2500000000000038,-0.010037626666666667
43,0.22500000000000386,-0.010254993333333334,0.22500000000000386,-0.01015462
44,0.20000000000000395,-0.010432353333333333,0.20000000000000395,-0.010324166666666667
45,0.17500000000000404,-0.01056764,0.17500000000000404,-0.010456586666666667
46,0.15000000000000413,-0.010696426666666668,0.15000000000000413,-0.010583206666666668
47,0.12500000000000422,-0.010819826666666666,0.12500000000000422,-0.010709866666666666
48,0.10000000000000431,-0.010939073333333334,0.10000000000000431,-0.01082896
49,0.0750000000000044,-0.011050406666666669,0.0750000000000044,-0.01096092
50,0.050000000000004485,-0.01118238,0.050000000000004485,-0.011058033333333333
51,0.025000000000004574,-0.01127178,0.025000000000004574,-0.011165486666666667
52,4.6629367034256575e-15,-0.011385580000000001,4.6629367034256575e-15,-0.011289653333333333
53,-0.024999999999995248,-0.01149616,-0.024999999999995248,-0.01140638
54,-0.04999999999999516,-0.011621866666666668,-0.04999999999999516,-0.011497773333333332
55,-0.07499999999999507,-0.01171028,-0.07499999999999507,-0.01159952
56,-0.09999999999999498,-0.01181948,-0.09999999999999498,-0.0117125
57,-0.12499999999999489,-0.011924666666666667,-0.12499999999999489,-0.01181274
58,-0.1499999999999948,-0.012029233333333333,-0.1499999999999948,-0.0119253
59,-0.17499999999999472,-0.012135226666666667,-0.17499999999999472,-0.012032633333333334
60,-0.19999999999999463,-0.012229133333333335,-0.19999999999999463,-0.012128306666666668
61,-0.22499999999999454,-0.012348293333333335,-0.22499999999999454,-0.01224656
