,a1_2R_V_D,a1_2R_J_D,a1_2R_V_L,a1_2R_J_L
0,1.3,0.021873986666666668,1.3,0.021585813333333335
1,1.2750000000000001,0.020393966666666666,1.2750000000000001,0.02014302
2,1.2500000000000002,0.018863366666666666,1.2500000000000002,0.018641473333333335
3,1.2250000000000003,0.017335293333333335,1.2250000000000003,0.017132766666666667
4,1.2000000000000004,0.01581736,1.2000000000000004,0.0156348
5,1.1750000000000005,0.014322273333333333,1.1750000000000005,0.014147080000000001
6,1.1500000000000006,0.012838953333333333,1.1500000000000006,0.012683533333333333
7,1.1250000000000007,0.011387566666666666,1.1250000000000007,0.011234260000000001
8,1.1000000000000008,0.009962346666666667,1.1000000000000008,0.00980858
9,1.0750000000000008,0.008570973333333334,1.0750000000000008,0.008422286666666667
10,1.050000000000001,0.007222146666666668,1.050000000000001,0.00707198
11,1.025000000000001,0.005964647333333333,1.025000000000001,0.005806066666666667
12,1.000000000000001,0.004687355333333333,1.000000000000001,0.004530969333333333
13,0.9750000000000012,0.003495100666666667,0.9750000000000012,0.0033316266666666666
14,0.9500000000000013,0.0023823333333333335,0.9500000000000013,0.00220219
15,0.9250000000000014,0.001343636,0.9250000000000014,0.001161306
16,0.9000000000000015,0.0006326803333333333,0.9000000000000015,0.0004187819333333333
17,0.8750000000000016,-0.00039009866666666666,0.8750000000000016,-0.0006013344
18,0.8500000000000016,-0.000845742,0.8500000000000016,-0.00109559
19,0.8250000000000017,-0.001747378,0.8250000000000017,-0.001976736666666667
20,0.8000000000000018,-0.002408716,0.8000000000000018,-0.0026283486666666667
21,0.7750000000000019,-0.0029858926666666667,0.7750000000000019,-0.0031965493333333335
22,0.750000000000002,-0.003507254666666667,0.750000000000002,-0.003701874
23,0.7250000000000021,-0.003985904,0.7250000000000021,-0.0041700366666666665
24,0.7000000000000022,-0.004423013333333334,0.7000000000000022,-0.004597126666666667
25,0.6750000000000023,-0.004849686666666667,0.6750000000000023,-0.005015962666666667
26,0.6500000000000024,-0.005267885333333334,0.6500000000000024,-0.005380060000000001
27,0.6250000000000024,-0.005628797333333334,0.6250000000000024,-0.005744686
28,0.6000000000000025,-0.006004881333333333,0.6000000000000025,-0.006108703333333334
29,0.5750000000000026,-0.006377381333333334,0.5750000000000026,-0.006468745333333334
30,0.5500000000000027,-0.006743033333333334,0.5500000000000027,-0.0067898133333333345
31,0.5250000000000028,-0.006998646666666668,0.5250000000000028,-0.006998666666666667
32,0.5000000000000029,-0.007399093333333333,0.5000000000000029,-0.007457106666666668
33,0.475000000000003,-0.0076063400000000005,0.475000000000003,-0.00761602
34,0.45000000000000306,-0.007907413333333333,0.45000000000000306,-0.00792106
35,0.42500000000000315,-0.008205420000000001,0.42500000000000315,-0.00820348
36,0.40000000000000324,-0.008479593333333334,0.40000000000000324,-0.008481393333333333
37,0.37500000000000333,-0.00876464,0.37500000000000333,-0.00871306
38,0.3500000000000034,-0.008992413333333333,0.3500000000000034,-0.008944413333333333
39,0.3250000000000035,-0.009224086666666666,0.3250000000000035,-0.00916548
40,0.3000000000000036,-0.009434086666666668,0.3000000000000036,-0.009365033333333333
41,0.2750000000000037,-0.009633740000000002,0.2750000000000037,-0.00955366
42,0.2500000000000038,-0.0098116,0.2500000000000038,-0.009728713333333333
43,0.22500000000000386,-0.009948786666666667,0.22500000000000386,-0.009862446666666668
44,0.20000000000000395,-0.010139980000000002,0.20000000000000395,-0.01004312
45,0.17500000000000404,-0.01028714,0.17500000000000404,-0.010205826666666667
46,0.15000000000000413,-0.010443806666666666,0.15000000000000413,-0.01032926
47,0.12500000000000422,-0.010555886666666667,0.12500000000000422,-0.010455193333333333
48,0.10000000000000431,-0.01068664,0.10000000000000431,-0.010582666666666667
49,0.0750000000000044,-0.010807373333333333,0.0750000000000044,-0.010719786666666667
50,0.050000000000004485,-0.010937346666666667,0.050000000000004485,-0.010822453333333334
51,0.025000000000004574,-0.011037333333333333,0.025000000000004574,-0.010935506666666666
52,4.6629367034256575e-15,-0.011156993333333334,4.6629367034256575e-15,-0.011048666666666667
53,-0.024999999999995248,-0.011256833333333334,-0.024999999999995248,-0.0111564
54,-0.04999999999999516,-0.011361266666666666,-0.04999999999999516,-0.0112661
55,-0.07499999999999507,-0.01147304,-0.07499999999999507,-0.011376520000000001
56,-0.09999999999999498,-0.011571533333333333,-0.09999999999999498,-0.011482253333333333
57,-0.12499999999999489,-0.011681140000000001,-0.12499999999999489,-0.011585333333333335
58,-0.1499999999999948,-0.01178274,-0.1499999999999948,-0.011692493333333335
59,-0.17499999999999472,-0.01188986,-0.17499999999999472,-0.011793340000000001
60,-0.19999999999999463,-0.011980693333333334,-0.19999999999999463,-0.011889033333333333
61,-0.22499999999999454,-0.012088506666666667,-0.22499999999999454,-0.012005073333333333
