,a1_2R_V_D,a1_2R_J_D,a1_2R_V_L,a1_2R_J_L
0,1.3,0.027718080000000003,1.3,0.027043533333333335
1,1.2750000000000001,0.02589076666666667,1.2750000000000001,0.025282560000000003
2,1.2500000000000002,0.023955333333333332,1.2500000000000002,0.023408206666666667
3,1.2250000000000003,0.022005246666666665,1.2250000000000003,0.021513333333333332
4,1.2000000000000004,0.02006598,1.2000000000000004,0.019612213333333336
5,1.1750000000000005,0.018152613333333335,1.1750000000000005,0.017733613333333335
6,1.1500000000000006,0.01625672666666667,1.1500000000000006,0.015875973333333335
7,1.1250000000000007,0.01441402,1.1250000000000007,0.014045653333333335
8,1.1000000000000008,0.012599953333333334,1.1000000000000008,0.012250473333333334
9,1.0750000000000008,0.010842373333333334,1.0750000000000008,0.010506113333333334
10,1.050000000000001,0.009144246666666666,1.050000000000001,0.008815053333333333
11,1.025000000000001,0.00751848,1.025000000000001,0.0071875666666666675
12,1.000000000000001,0.0060430706666666665,1.000000000000001,0.005699508
13,0.9750000000000012,0.00452737,0.9750000000000012,0.0041867886666666675
14,0.9500000000000013,0.003165116666666667,0.9500000000000013,0.0028126546666666667
15,0.9250000000000014,0.00191718,0.9250000000000014,0.0015461953333333334
16,0.9000000000000015,0.0007947013333333334,0.9000000000000015,0.0007756993333333334
17,0.8750000000000016,0.0001225306,0.8750000000000016,-0.00017954233333333336
18,0.8500000000000016,-0.0005607586000000001,0.8500000000000016,-0.0009880213333333333
19,0.8250000000000017,-0.001667762666666667,0.8250000000000017,-0.0020356393333333333
20,0.8000000000000018,-0.0024368686666666668,0.8000000000000018,-0.0027919240000000003
21,0.7750000000000019,-0.0031009846666666665,0.7750000000000019,-0.0034171160000000004
22,0.750000000000002,-0.003697214666666667,0.750000000000002,-0.003991836666666667
23,0.7250000000000021,-0.004249352,0.7250000000000021,-0.004507496666666667
24,0.7000000000000022,-0.004753607333333334,0.7000000000000022,-0.004962624666666667
25,0.6750000000000023,-0.005231593333333334,0.6750000000000023,-0.005421572666666667
26,0.6500000000000024,-0.005674910666666667,0.6500000000000024,-0.005836046666666667
27,0.6250000000000024,-0.006097098666666667,0.6250000000000024,-0.006237976
28,0.6000000000000025,-0.006514228,0.6000000000000025,-0.006629504666666667
29,0.5750000000000026,-0.006912346666666667,0.5750000000000026,-0.006965433333333333
30,0.5500000000000027,-0.00721654,0.5500000000000027,-0.00731504
31,0.5250000000000028,-0.00749976,0.5250000000000028,-0.0075583533333333335
32,0.5000000000000029,-0.00787482,0.5000000000000029,-0.007903393333333333
33,0.475000000000003,-0.008203533333333334,0.475000000000003,-0.008218086666666667
34,0.45000000000000306,-0.008524026666666667,0.45000000000000306,-0.008512473333333333
35,0.42500000000000315,-0.00882132,0.42500000000000315,-0.00878816
36,0.40000000000000324,-0.0091122,0.40000000000000324,-0.009043686666666667
37,0.37500000000000333,-0.009343200000000001,0.37500000000000333,-0.009282686666666666
38,0.3500000000000034,-0.00957248,0.3500000000000034,-0.009498533333333335
39,0.3250000000000035,-0.009791240000000001,0.3250000000000035,-0.009703940000000001
40,0.3000000000000036,-0.01000406,0.3000000000000036,-0.009908886666666667
41,0.2750000000000037,-0.01016468,0.2750000000000037,-0.010064513333333334
42,0.2500000000000038,-0.01033058,0.2500000000000038,-0.010223393333333334
43,0.22500000000000386,-0.010445073333333334,0.22500000000000386,-0.01033378
44,0.20000000000000395,-0.01062194,0.20000000000000395,-0.010509073333333334
45,0.17500000000000404,-0.010758773333333332,0.17500000000000404,-0.010644733333333335
46,0.15000000000000413,-0.010886626666666668,0.15000000000000413,-0.01077064
47,0.12500000000000422,-0.01100188,0.12500000000000422,-0.010896373333333334
48,0.10000000000000431,-0.011123880000000001,0.10000000000000431,-0.0110137
49,0.0750000000000044,-0.011257966666666668,0.0750000000000044,-0.011129153333333334
50,0.050000000000004485,-0.011350726666666667,0.050000000000004485,-0.011237486666666668
51,0.025000000000004574,-0.011460766666666667,0.025000000000004574,-0.01135152
52,4.6629367034256575e-15,-0.01156714,4.6629367034256575e-15,-0.011457973333333335
53,-0.024999999999995248,-0.01169148,-0.024999999999995248,-0.011586893333333334
54,-0.04999999999999516,-0.0117778,-0.04999999999999516,-0.011676746666666666
55,-0.07499999999999507,-0.011873093333333333,-0.07499999999999507,-0.011779079999999999
56,-0.09999999999999498,-0.011980573333333334,-0.09999999999999498,-0.011883233333333335
57,-0.12499999999999489,-0.012078246666666667,-0.12499999999999489,-0.012003893333333335
58,-0.1499999999999948,-0.012185773333333334,-0.1499999999999948,-0.01208666
59,-0.17499999999999472,-0.012277813333333333,-0.17499999999999472,-0.012187793333333334
60,-0.19999999999999463,-0.01237124,-0.19999999999999463,-0.012279686666666666
61,-0.22499999999999454,-0.012481840000000001,-0.22499999999999454,-0.012389206666666668
