,a1_2F_V_D,a1_2F_J_D,a1_2F_V_L,a1_2F_J_L
0,-0.25,-0.015144420000000002,-0.25,-0.014711933333333335
1,-0.225,-0.014112273333333333,-0.225,-0.013727046666666668
2,-0.2,-0.013534786666666666,-0.2,-0.013175473333333335
3,-0.17500000000000002,-0.013054593333333333,-0.17500000000000002,-0.01272082
4,-0.15000000000000002,-0.012714020000000001,-0.15000000000000002,-0.012397086666666668
5,-0.12500000000000003,-0.012393306666666666,-0.12500000000000003,-0.012099680000000002
6,-0.10000000000000003,-0.012112413333333334,-0.10000000000000003,-0.01182868
7,-0.07500000000000004,-0.011861886666666667,-0.07500000000000004,-0.011590106666666667
8,-0.050000000000000044,-0.011616020000000001,-0.050000000000000044,-0.011362673333333333
9,-0.02500000000000005,-0.011397353333333334,-0.02500000000000005,-0.011150393333333333
10,-5.551115123125783e-17,-0.011190933333333333,-5.551115123125783e-17,-0.010962086666666666
11,0.02499999999999991,-0.01096924,0.02499999999999991,-0.010747860000000001
12,0.04999999999999993,-0.01076756,0.04999999999999993,-0.010561306666666668
13,0.07499999999999996,-0.010575046666666667,0.07499999999999996,-0.01037656
14,0.09999999999999992,-0.010380700000000001,0.09999999999999992,-0.01019514
15,0.12499999999999989,-0.010188186666666666,0.12499999999999989,-0.010015113333333334
16,0.1499999999999999,-0.00997628,0.1499999999999999,-0.009815373333333334
17,0.17499999999999993,-0.00979868,0.17499999999999993,-0.009648773333333333
18,0.1999999999999999,-0.009610893333333334,0.1999999999999999,-0.009473186666666668
19,0.22499999999999987,-0.00939388,0.22499999999999987,-0.009262293333333334
20,0.2499999999999999,-0.009179173333333334,0.2499999999999999,-0.009090413333333333
21,0.2749999999999999,-0.008984546666666668,0.2749999999999999,-0.00887848
22,0.2999999999999998,-0.0087513,0.2999999999999998,-0.008663673333333333
23,0.32499999999999984,-0.008516553333333335,0.32499999999999984,-0.00844224
24,0.34999999999999987,-0.00825612,0.34999999999999987,-0.008203866666666667
25,0.3749999999999999,-0.007994666666666667,0.3749999999999999,-0.007951753333333334
26,0.3999999999999999,-0.00770192,0.3999999999999999,-0.007697466666666667
27,0.4249999999999998,-0.00740544,0.4249999999999998,-0.007414646666666668
28,0.44999999999999984,-0.007079033333333333,0.44999999999999984,-0.007113133333333334
29,0.47499999999999987,-0.006720773333333334,0.47499999999999987,-0.00677366
30,0.4999999999999998,-0.006949306666666666,0.4999999999999998,-0.0069881200000000004
31,0.5249999999999998,-0.006070786666666667,0.5249999999999998,-0.006187797333333334
32,0.5499999999999998,-0.005651585333333334,0.5499999999999998,-0.005782610666666667
33,0.5749999999999998,-0.005207101333333334,0.5749999999999998,-0.005381932666666667
34,0.5999999999999999,-0.004762651333333334,0.5999999999999999,-0.00495702
35,0.6249999999999998,-0.004298356666666667,0.6249999999999998,-0.004515726
36,0.6499999999999998,-0.0038042053333333333,0.6499999999999998,-0.0040543820000000005
37,0.6749999999999998,-0.003303727333333334,0.6749999999999998,-0.0035551940000000002
38,0.6999999999999997,-0.002795024666666667,0.6999999999999997,-0.0030660373333333338
39,0.7249999999999998,-0.0022492980000000003,0.7249999999999998,-0.002545411333333333
40,0.7499999999999998,-0.001694818,0.7499999999999998,-0.0019995486666666666
41,0.7749999999999997,-0.0010935213333333335,0.7749999999999997,-0.0014079166666666667
42,0.7999999999999998,-0.0011960893333333334,0.7999999999999998,-0.0008179213333333333
43,0.8249999999999997,-0.0005101375333333334,0.8249999999999997,-0.0005858764666666667
44,0.8499999999999996,0.0005667654,0.8499999999999996,0.00043367566666666665
45,0.8749999999999998,0.0010410793333333333,0.8749999999999998,0.0008640939999999999
46,0.8999999999999997,0.002322398666666667,0.8999999999999997,0.0021195773333333333
47,0.9249999999999998,0.0035202460000000003,0.9249999999999998,0.0033179980000000004
48,0.9499999999999997,0.004891004666666667,0.9499999999999997,0.004692398666666667
49,0.9749999999999996,0.0064665600000000005,0.9749999999999996,0.006269133333333334
50,0.9999999999999998,0.008207260000000001,0.9999999999999998,0.00801864
51,1.0249999999999997,0.010194473333333334,1.0249999999999997,0.009990206666666668
52,1.0499999999999998,0.012309173333333335,1.0499999999999998,0.012093266666666666
53,1.0749999999999997,0.014548160000000001,1.0749999999999997,0.014317940000000001
54,1.0999999999999996,0.016894593333333336,1.0999999999999996,0.01664528666666667
55,1.1249999999999998,0.01932370666666667,1.1249999999999998,0.019053293333333336
56,1.1499999999999997,0.02182000666666667,1.1499999999999997,0.02153676
57,1.1749999999999996,0.024371313333333332,1.1749999999999996,0.02407338
58,1.1999999999999997,0.026991373333333336,1.1999999999999997,0.026663753333333335
59,1.2249999999999996,0.02965456,1.2249999999999996,0.029301306666666666
60,1.2499999999999996,0.03234888,1.2499999999999996,0.031993680000000004
61,1.2749999999999997,0.0350816,1.2749999999999997,0.0347076
