,a1_2F_V_D,a1_2F_J_D,a1_2F_V_L,a1_2F_J_L
0,-0.25,-0.01617196666666667,-0.25,-0.01557328
1,-0.225,-0.015093073333333335,-0.225,-0.014571633333333332
2,-0.2,-0.014501446666666667,-0.2,-0.014008533333333335
3,-0.17500000000000002,-0.014008166666666667,-0.17500000000000002,-0.013545113333333332
4,-0.15000000000000002,-0.013652593333333332,-0.15000000000000002,-0.013213926666666665
5,-0.12500000000000003,-0.013320173333333334,-0.12500000000000003,-0.012910593333333335
6,-0.10000000000000003,-0.013024673333333334,-0.10000000000000003,-0.012638786666666667
7,-0.07500000000000004,-0.01275582,-0.07500000000000004,-0.012392713333333333
8,-0.050000000000000044,-0.012501373333333333,-0.050000000000000044,-0.012155879999999999
9,-0.02500000000000005,-0.012264153333333335,-0.02500000000000005,-0.011944513333333334
10,-5.551115123125783e-17,-0.012045,-5.551115123125783e-17,-0.01174296
11,0.02499999999999991,-0.011806973333333335,0.02499999999999991,-0.011524446666666667
12,0.04999999999999993,-0.011591353333333334,0.04999999999999993,-0.0113236
13,0.07499999999999996,-0.01138416,0.07499999999999996,-0.01113212
14,0.09999999999999992,-0.011164506666666667,0.09999999999999992,-0.010935986666666666
15,0.12499999999999989,-0.010953713333333333,0.12499999999999989,-0.01074016
16,0.1499999999999999,-0.010724493333333335,0.1499999999999999,-0.010529213333333334
17,0.17499999999999993,-0.010525713333333334,0.17499999999999993,-0.010354400000000001
18,0.1999999999999999,-0.01031516,0.1999999999999999,-0.010155026666666667
19,0.22499999999999987,-0.010071006666666667,0.22499999999999987,-0.009924786666666668
20,0.2499999999999999,-0.009863566666666667,0.2499999999999999,-0.009724626666666666
21,0.2749999999999999,-0.009614673333333334,0.2749999999999999,-0.00950494
22,0.2999999999999998,-0.00936356,0.2999999999999998,-0.00927252
23,0.32499999999999984,-0.00910586,0.32499999999999984,-0.009026553333333335
24,0.34999999999999987,-0.008820086666666668,0.34999999999999987,-0.008768419999999999
25,0.3749999999999999,-0.008526413333333333,0.3749999999999999,-0.0085002
26,0.3999999999999999,-0.00821692,0.3999999999999999,-0.008216446666666667
27,0.4249999999999998,-0.007895386666666667,0.4249999999999998,-0.00791868
28,0.44999999999999984,-0.007553213333333334,0.44999999999999984,-0.007599573333333334
29,0.47499999999999987,-0.007173260000000001,0.47499999999999987,-0.007252000000000001
30,0.4999999999999998,-0.006814753333333333,0.4999999999999998,-0.006920646666666667
31,0.5249999999999998,-0.0069754,0.5249999999999998,-0.006998659999999999
32,0.5499999999999998,-0.006085422000000001,0.5499999999999998,-0.006255382666666667
33,0.5749999999999998,-0.0056225319999999995,0.5749999999999998,-0.00581802
34,0.5999999999999999,-0.005149198666666667,0.5999999999999999,-0.005376254666666667
35,0.6249999999999998,-0.004675374,0.6249999999999998,-0.004907081333333333
36,0.6499999999999998,-0.004160500666666667,0.6499999999999998,-0.004427074666666667
37,0.6749999999999998,-0.0036231653333333334,0.6749999999999998,-0.003919274
38,0.6999999999999997,-0.003113254666666667,0.6999999999999997,-0.0034041106666666664
39,0.7249999999999998,-0.0025697473333333334,0.7249999999999998,-0.0028703886666666665
40,0.7499999999999998,-0.0019860186666666667,0.7499999999999998,-0.00230326
41,0.7749999999999997,-0.0013815633333333333,0.7749999999999997,-0.001704612
42,0.7999999999999998,-0.0008004446666666666,0.7999999999999998,-0.001111026
43,0.8249999999999997,-0.0009368533333333335,0.8249999999999997,-0.0012240740000000001
44,0.8499999999999996,-0.0002062452,0.8499999999999996,-0.00045220586666666667
45,0.8749999999999998,0.0006999586666666667,0.8749999999999998,0.000687894
46,0.8999999999999997,0.0015629686666666668,0.8999999999999997,0.0013991406666666666
47,0.9249999999999998,0.0029998840000000004,0.9249999999999998,0.002853630666666667
48,0.9499999999999997,0.004398810666666667,0.9499999999999997,0.004297196
49,0.9749999999999996,0.006017174666666667,0.9749999999999996,0.005938570000000001
50,0.9999999999999998,0.007779013333333333,0.9999999999999998,0.007734700000000001
51,1.0249999999999997,0.009850280000000001,1.0249999999999997,0.00980812
52,1.0499999999999998,0.012064906666666667,1.0499999999999998,0.01202438
53,1.0749999999999997,0.014410293333333334,1.0749999999999997,0.0143683
54,1.0999999999999996,0.01687522,1.0999999999999996,0.016828066666666665
55,1.1249999999999998,0.019429573333333332,1.1249999999999998,0.01937226
56,1.1499999999999997,0.022065053333333334,1.1499999999999997,0.021995886666666666
57,1.1749999999999996,0.024751693333333335,1.1749999999999996,0.024679033333333333
58,1.1999999999999997,0.027513786666666668,1.1999999999999997,0.027429819999999997
59,1.2249999999999996,0.03031164666666667,1.2249999999999996,0.030222653333333335
60,1.2499999999999996,0.03315388666666667,1.2499999999999996,0.033056346666666674
61,1.2749999999999997,0.036037346666666664,1.2749999999999997,0.035901873333333334
