,a1_2F_V_D,a1_2F_J_D,a1_2F_V_L,a1_2F_J_L
0,-0.25,-0.01489864,-0.25,-0.01443604
1,-0.225,-0.013883060000000001,-0.225,-0.013482153333333333
2,-0.2,-0.013320506666666667,-0.2,-0.012951266666666668
3,-0.17500000000000002,-0.0128732,-0.17500000000000002,-0.012513966666666668
4,-0.15000000000000002,-0.012517480000000001,-0.15000000000000002,-0.012198606666666667
5,-0.12500000000000003,-0.01221326,-0.12500000000000003,-0.011912446666666666
6,-0.10000000000000003,-0.011937873333333333,-0.10000000000000003,-0.01165216
7,-0.07500000000000004,-0.011687253333333335,-0.07500000000000004,-0.011422173333333334
8,-0.050000000000000044,-0.01145506,-0.050000000000000044,-0.011199393333333333
9,-0.02500000000000005,-0.011236173333333333,-0.02500000000000005,-0.010991173333333333
10,-5.551115123125783e-17,-0.011039246666666667,-5.551115123125783e-17,-0.010805553333333334
11,0.02499999999999991,-0.010821126666666667,0.02499999999999991,-0.0106055
12,0.04999999999999993,-0.01062174,0.04999999999999993,-0.010415480000000001
13,0.07499999999999996,-0.010425273333333334,0.07499999999999996,-0.010231333333333334
14,0.09999999999999992,-0.010234946666666668,0.09999999999999992,-0.01005746
15,0.12499999999999989,-0.010027246666666668,0.12499999999999989,-0.009872753333333333
16,0.1499999999999999,-0.009853206666666666,0.1499999999999999,-0.009673653333333334
17,0.17499999999999993,-0.009660666666666668,0.17499999999999993,-0.009502973333333333
18,0.1999999999999999,-0.009452360000000002,0.1999999999999999,-0.009322606666666667
19,0.22499999999999987,-0.009234573333333334,0.22499999999999987,-0.009108813333333333
20,0.2499999999999999,-0.009033906666666666,0.2499999999999999,-0.008935226666666667
21,0.2749999999999999,-0.008810693333333335,0.2749999999999999,-0.008716106666666668
22,0.2999999999999998,-0.008570693333333334,0.2999999999999998,-0.008494786666666667
23,0.32499999999999984,-0.008323833333333334,0.32499999999999984,-0.008264373333333333
24,0.34999999999999987,-0.008062046666666666,0.34999999999999987,-0.008017446666666667
25,0.3749999999999999,-0.007782713333333334,0.3749999999999999,-0.007762893333333334
26,0.3999999999999999,-0.007494580000000001,0.3999999999999999,-0.007499733333333333
27,0.4249999999999998,-0.007186613333333334,0.4249999999999998,-0.007215146666666667
28,0.44999999999999984,-0.00685908,0.44999999999999984,-0.006905586666666667
29,0.47499999999999987,-0.006995306666666666,0.47499999999999987,-0.006998653333333334
30,0.4999999999999998,-0.0062384680000000005,0.4999999999999998,-0.006329698666666667
31,0.5249999999999998,-0.00584313,0.5249999999999998,-0.005960883333333333
32,0.5499999999999998,-0.005430946000000001,0.5499999999999998,-0.0055828733333333335
33,0.5749999999999998,-0.005014718666666667,0.5749999999999998,-0.005181193333333334
34,0.5999999999999999,-0.0045741033333333335,0.5999999999999999,-0.004771948
35,0.6249999999999998,-0.0041262086666666664,0.6249999999999998,-0.004340152666666667
36,0.6499999999999998,-0.0036584146666666668,0.6499999999999998,-0.0038859466666666667
37,0.6749999999999998,-0.0031799646666666667,0.6749999999999998,-0.003404054
38,0.6999999999999997,-0.0026808013333333336,0.6999999999999997,-0.0029484933333333335
39,0.7249999999999998,-0.0021558073333333336,0.7249999999999998,-0.002440844666666667
40,0.7499999999999998,-0.0016171126666666667,0.7499999999999998,-0.0019272080000000001
41,0.7749999999999997,-0.0010802746666666667,0.7749999999999997,-0.0013708833333333334
42,0.7999999999999998,-0.0011283233333333335,0.7999999999999998,-0.0008168280000000001
43,0.8249999999999997,-0.0004912418000000001,0.8249999999999997,-0.0005606884
44,0.8499999999999996,0.00048444153333333334,0.8499999999999996,0.00037068273333333335
45,0.8749999999999998,0.0009347653333333333,0.8749999999999998,0.0008057606666666666
46,0.8999999999999997,0.002054760666666667,0.8999999999999997,0.0019125346666666668
47,0.9249999999999998,0.0030943013333333334,0.9249999999999998,0.002955644
48,0.9499999999999997,0.004251453333333334,0.9499999999999997,0.0041197506666666665
49,0.9749999999999996,0.005544088666666667,0.9749999999999996,0.005417170000000001
50,0.9999999999999998,0.006967086666666666,0.9999999999999998,0.006842506666666667
51,1.0249999999999997,0.0084896,1.0249999999999997,0.008378120000000001
52,1.0499999999999998,0.01014776,1.0499999999999998,0.010025800000000001
53,1.0749999999999997,0.011873686666666668,1.0749999999999997,0.011748973333333333
54,1.0999999999999996,0.013670540000000002,1.0999999999999996,0.013543766666666667
55,1.1249999999999998,0.015519633333333335,1.1249999999999998,0.015375666666666668
56,1.1499999999999997,0.01742288,1.1499999999999997,0.01726796666666667
57,1.1749999999999996,0.019355133333333333,1.1749999999999996,0.019206593333333334
58,1.1999999999999997,0.021324806666666668,1.1999999999999997,0.021157306666666667
59,1.2249999999999996,0.023339013333333335,1.2249999999999996,0.0231484
60,1.2499999999999996,0.0253336,1.2499999999999996,0.02516700666666667
61,1.2749999999999997,0.02739834,1.2749999999999997,0.027190326666666667
