,a1_2R_V_D,a1_2R_J_D,a1_2R_V_L,a1_2R_J_L
0,1.3,0.029864366666666666,1.3,0.029003953333333332
1,1.2750000000000001,0.027871933333333335,1.2750000000000001,0.02708394666666667
2,1.2500000000000002,0.025776393333333335,1.2500000000000002,0.025070166666666668
3,1.2250000000000003,0.023666253333333335,1.2250000000000003,0.023034100000000002
4,1.2000000000000004,0.0215748,1.2000000000000004,0.020996400000000002
5,1.1750000000000005,0.01950476666666667,1.1750000000000005,0.01897718666666667
6,1.1500000000000006,0.017468213333333336,1.1500000000000006,0.016980206666666667
7,1.1250000000000007,0.015467853333333333,1.1250000000000007,0.015015593333333334
8,1.1000000000000008,0.013511106666666666,1.1000000000000008,0.013090446666666667
9,1.0750000000000008,0.011620086666666668,1.0750000000000008,0.011219186666666667
10,1.050000000000001,0.009793473333333334,1.050000000000001,0.009408966666666668
11,1.025000000000001,0.008042653333333333,1.025000000000001,0.007668833333333334
12,1.000000000000001,0.0064590306666666665,1.000000000000001,0.006075560666666667
13,0.9750000000000012,0.004844270666666667,0.9750000000000012,0.004466325333333333
14,0.9500000000000013,0.0033900733333333335,0.9500000000000013,0.0030084760000000004
15,0.9250000000000014,0.0020623986666666668,0.9250000000000014,0.0016651480000000002
16,0.9000000000000015,0.0008729613333333335,0.9000000000000015,0.0008492633333333334
17,0.8750000000000016,0.00016233833333333334,0.8750000000000016,-0.00015343026666666667
18,0.8500000000000016,-0.0005559622000000001,0.8500000000000016,-0.0009989026666666666
19,0.8250000000000017,-0.0017125706666666666,0.8250000000000017,-0.0020918933333333336
20,0.8000000000000018,-0.0025173513333333337,0.8000000000000018,-0.002878606
21,0.7750000000000019,-0.0032071613333333336,0.7750000000000019,-0.003524799333333333
22,0.750000000000002,-0.0038229306666666667,0.750000000000002,-0.004106073333333334
23,0.7250000000000021,-0.004389807333333334,0.7250000000000021,-0.004642464
24,0.7000000000000022,-0.004915374,0.7000000000000022,-0.005151243333333334
25,0.6750000000000023,-0.005399961333333334,0.6750000000000023,-0.0055829853333333335
26,0.6500000000000024,-0.005852552666666667,0.6500000000000024,-0.006003268666666667
27,0.6250000000000024,-0.006294791333333334,0.6250000000000024,-0.006420838666666666
28,0.6000000000000025,-0.00672094,0.6000000000000025,-0.006805680000000001
29,0.5750000000000026,-0.006998693333333334,0.5750000000000026,-0.006998686666666667
30,0.5500000000000027,-0.007436133333333333,0.5500000000000027,-0.0075204600000000005
31,0.5250000000000028,-0.007706226666666666,0.5250000000000028,-0.0077326266666666674
32,0.5000000000000029,-0.008080013333333334,0.5000000000000029,-0.008085453333333334
33,0.475000000000003,-0.00841482,0.475000000000003,-0.008401406666666666
34,0.45000000000000306,-0.008722873333333334,0.45000000000000306,-0.008684606666666667
35,0.42500000000000315,-0.009006486666666667,0.42500000000000315,-0.008962059999999999
36,0.40000000000000324,-0.00930064,0.40000000000000324,-0.009213893333333334
37,0.37500000000000333,-0.009519273333333333,0.37500000000000333,-0.0094463
38,0.3500000000000034,-0.009748886666666666,0.3500000000000034,-0.009655873333333334
39,0.3250000000000035,-0.009959866666666668,0.3250000000000035,-0.009853746666666668
40,0.3000000000000036,-0.010133886666666666,0.3000000000000036,-0.010051893333333334
41,0.2750000000000037,-0.01031814,0.2750000000000037,-0.010200266666666668
42,0.2500000000000038,-0.010475826666666667,0.2500000000000038,-0.010353173333333333
43,0.22500000000000386,-0.01058468,0.22500000000000386,-0.010466233333333333
44,0.20000000000000395,-0.010756146666666667,0.20000000000000395,-0.010634466666666667
45,0.17500000000000404,-0.01088744,0.17500000000000404,-0.010765360000000002
46,0.15000000000000413,-0.011008813333333334,0.15000000000000413,-0.010885973333333333
47,0.12500000000000422,-0.01111994,0.12500000000000422,-0.010999226666666667
48,0.10000000000000431,-0.011239053333333334,0.10000000000000431,-0.011118506666666667
49,0.0750000000000044,-0.011370466666666667,0.0750000000000044,-0.011230433333333335
50,0.050000000000004485,-0.011455726666666667,0.050000000000004485,-0.011335893333333335
51,0.025000000000004574,-0.011560686666666667,0.025000000000004574,-0.011450906666666667
52,4.6629367034256575e-15,-0.011669113333333335,4.6629367034256575e-15,-0.01155514
53,-0.024999999999995248,-0.011760226666666667,-0.024999999999995248,-0.011680706666666667
54,-0.04999999999999516,-0.011875173333333334,-0.04999999999999516,-0.011767466666666667
55,-0.07499999999999507,-0.011977153333333334,-0.07499999999999507,-0.0118707
56,-0.09999999999999498,-0.012077026666666667,-0.09999999999999498,-0.01196876
57,-0.12499999999999489,-0.012166320000000001,-0.12499999999999489,-0.012091286666666666
58,-0.1499999999999948,-0.012270833333333333,-0.1499999999999948,-0.012173273333333333
59,-0.17499999999999472,-0.012363626666666667,-0.17499999999999472,-0.012277133333333334
60,-0.19999999999999463,-0.01245474,-0.19999999999999463,-0.01236298
61,-0.22499999999999454,-0.012564866666666667,-0.22499999999999454,-0.012472333333333334
