,a1_2R_V_D,a1_2R_J_D,a1_2R_V_L,a1_2R_J_L
0,1.3,0.02622918,1.3,0.025119033333333336
1,1.2750000000000001,0.0244252,1.2750000000000001,0.02343414
2,1.2500000000000002,0.02257042,1.2500000000000002,0.021652773333333333
3,1.2250000000000003,0.020726,1.2250000000000003,0.019888946666666667
4,1.2000000000000004,0.01884972,1.2000000000000004,0.018122846666666668
5,1.1750000000000005,0.017023546666666667,1.1750000000000005,0.016353586666666666
6,1.1500000000000006,0.015209306666666669,1.1500000000000006,0.014617493333333332
7,1.1250000000000007,0.013418766666666667,1.1250000000000007,0.012912793333333334
8,1.1000000000000008,0.011659713333333334,1.1000000000000008,0.011220126666666667
9,1.0750000000000008,0.009955293333333334,1.0750000000000008,0.009578353333333334
10,1.050000000000001,0.008302353333333333,1.050000000000001,0.007978353333333334
11,1.025000000000001,0.00671528,1.025000000000001,0.006470824
12,1.000000000000001,0.005267192,1.000000000000001,0.004975800666666667
13,0.9750000000000012,0.0037939273333333335,0.9750000000000012,0.00357083
14,0.9500000000000013,0.0024657473333333335,0.9500000000000013,0.002265342
15,0.9250000000000014,0.001244146,0.9250000000000014,0.0010622333333333335
16,0.9000000000000015,0.00045116420000000006,0.9000000000000015,0.00034277313333333335
17,0.8750000000000016,-0.0006762486666666667,0.8750000000000016,-0.00069983
18,0.8500000000000016,-0.0011692913333333334,0.8500000000000016,-0.0013646426666666669
19,0.8250000000000017,-0.002149876666666667,0.8250000000000017,-0.0023133746666666667
20,0.8000000000000018,-0.0028184753333333336,0.8000000000000018,-0.002983238
21,0.7750000000000019,-0.0033992813333333337,0.7750000000000019,-0.0035500140000000006
22,0.750000000000002,-0.003911090666666666,0.750000000000002,-0.004045589333333334
23,0.7250000000000021,-0.004370020666666667,0.7250000000000021,-0.0045040033333333335
24,0.7000000000000022,-0.004806257333333334,0.7000000000000022,-0.004918820666666667
25,0.6750000000000023,-0.005211977333333334,0.6750000000000023,-0.005330698666666667
26,0.6500000000000024,-0.005619738000000001,0.6500000000000024,-0.005686016
27,0.6250000000000024,-0.005974634666666667,0.6250000000000024,-0.006043555333333334
28,0.6000000000000025,-0.006328696,0.6000000000000025,-0.006395463333333334
29,0.5750000000000026,-0.006699826666666667,0.5750000000000026,-0.0067603866666666665
30,0.5500000000000027,-0.006991546666666667,0.5500000000000027,-0.006998513333333334
31,0.5250000000000028,-0.007344640000000001,0.5250000000000028,-0.00738968
32,0.5000000000000029,-0.007555006666666668,0.5000000000000029,-0.00756362
33,0.475000000000003,-0.007882373333333335,0.475000000000003,-0.00788108
34,0.45000000000000306,-0.008187446666666667,0.45000000000000306,-0.008169526666666668
35,0.42500000000000315,-0.008462093333333334,0.42500000000000315,-0.008439353333333335
36,0.40000000000000324,-0.008728893333333335,0.40000000000000324,-0.008710166666666666
37,0.37500000000000333,-0.00900248,0.37500000000000333,-0.00892996
38,0.3500000000000034,-0.009213993333333333,0.3500000000000034,-0.00914814
39,0.3250000000000035,-0.009434106666666666,0.3250000000000035,-0.009360773333333334
40,0.3000000000000036,-0.009635426666666667,0.3000000000000036,-0.00956998
41,0.2750000000000037,-0.009810126666666667,0.2750000000000037,-0.009728733333333333
42,0.2500000000000038,-0.009995413333333335,0.2500000000000038,-0.009896066666666667
43,0.22500000000000386,-0.01012174,0.22500000000000386,-0.01002434
44,0.20000000000000395,-0.010300486666666667,0.20000000000000395,-0.010202726666666667
45,0.17500000000000404,-0.01044728,0.17500000000000404,-0.010341000000000001
46,0.15000000000000413,-0.010584933333333334,0.15000000000000413,-0.010475146666666667
47,0.12500000000000422,-0.0107138,0.12500000000000422,-0.010606820000000001
48,0.10000000000000431,-0.010831206666666668,0.10000000000000431,-0.010728786666666667
49,0.0750000000000044,-0.010956333333333334,0.0750000000000044,-0.01086634
50,0.050000000000004485,-0.011092133333333334,0.050000000000004485,-0.010960166666666667
51,0.025000000000004574,-0.01119006,0.025000000000004574,-0.01107584
52,4.6629367034256575e-15,-0.011313273333333334,4.6629367034256575e-15,-0.011193686666666668
53,-0.024999999999995248,-0.01141366,-0.024999999999995248,-0.011321626666666668
54,-0.04999999999999516,-0.011540773333333334,-0.04999999999999516,-0.01141406
55,-0.07499999999999507,-0.0116341,-0.07499999999999507,-0.011523806666666667
56,-0.09999999999999498,-0.011742126666666667,-0.09999999999999498,-0.011633373333333334
57,-0.12499999999999489,-0.011851366666666668,-0.12499999999999489,-0.01174208
58,-0.1499999999999948,-0.011955373333333333,-0.1499999999999948,-0.011851753333333333
59,-0.17499999999999472,-0.012064133333333334,-0.17499999999999472,-0.0119582
60,-0.19999999999999463,-0.012160346666666667,-0.19999999999999463,-0.012055366666666668
61,-0.22499999999999454,-0.012280266666666668,-0.22499999999999454,-0.012170133333333333
