,a1_2F_V_D,a1_2F_J_D,a1_2F_V_L,a1_2F_J_L
0,-0.25,-0.014731373333333334,-0.25,-0.01446826
1,-0.225,-0.013775,-0.225,-0.013527446666666667
2,-0.2,-0.013242086666666666,-0.2,-0.013006773333333334
3,-0.17500000000000002,-0.012795,-0.17500000000000002,-0.012569213333333332
4,-0.15000000000000002,-0.012471906666666666,-0.15000000000000002,-0.012258900000000001
5,-0.12500000000000003,-0.012173853333333335,-0.12500000000000003,-0.011970733333333334
6,-0.10000000000000003,-0.011904153333333334,-0.10000000000000003,-0.011707046666666669
7,-0.07500000000000004,-0.011662826666666667,-0.07500000000000004,-0.0114755
8,-0.050000000000000044,-0.01142672,-0.050000000000000044,-0.011250920000000001
9,-0.02500000000000005,-0.01121592,-0.02500000000000005,-0.011041026666666667
10,-5.551115123125783e-17,-0.011016453333333334,-5.551115123125783e-17,-0.010855233333333334
11,0.02499999999999991,-0.010800333333333334,0.02499999999999991,-0.010648206666666667
12,0.04999999999999993,-0.010606633333333334,0.04999999999999993,-0.010461266666666667
13,0.07499999999999996,-0.010416006666666667,0.07499999999999996,-0.010278186666666668
14,0.09999999999999992,-0.010225193333333334,0.09999999999999992,-0.01009722
15,0.12499999999999989,-0.010037913333333334,0.12499999999999989,-0.009915913333333333
16,0.1499999999999999,-0.009830193333333334,0.1499999999999999,-0.00971904
17,0.17499999999999993,-0.009658066666666666,0.17499999999999993,-0.009550659999999999
18,0.1999999999999999,-0.009456766666666666,0.1999999999999999,-0.0093708
19,0.22499999999999987,-0.009243000000000001,0.22499999999999987,-0.009160846666666667
20,0.2499999999999999,-0.009027993333333333,0.2499999999999999,-0.00895812
21,0.2749999999999999,-0.008828773333333335,0.2749999999999999,-0.008768346666666668
22,0.2999999999999998,-0.008594693333333334,0.2999999999999998,-0.008550833333333334
23,0.32499999999999984,-0.00834762,0.32499999999999984,-0.008328166666666668
24,0.34999999999999987,-0.008093640000000001,0.34999999999999987,-0.008083906666666668
25,0.3749999999999999,-0.007823573333333333,0.3749999999999999,-0.007828933333333335
26,0.3999999999999999,-0.007537106666666666,0.3999999999999999,-0.007561
27,0.4249999999999998,-0.007234033333333334,0.4249999999999998,-0.007280373333333335
28,0.44999999999999984,-0.00691116,0.44999999999999984,-0.00698042
29,0.47499999999999987,-0.006998659999999999,0.47499999999999987,-0.006998646666666668
30,0.4999999999999998,-0.006294739333333334,0.4999999999999998,-0.006418578
31,0.5249999999999998,-0.005898432,0.5249999999999998,-0.0060385486666666675
32,0.5499999999999998,-0.005496222666666667,0.5499999999999998,-0.005655756666666667
33,0.5749999999999998,-0.00507109,0.5749999999999998,-0.005253588
34,0.5999999999999999,-0.004636846,0.5999999999999999,-0.00483664
35,0.6249999999999998,-0.004181242666666667,0.6249999999999998,-0.004401276
36,0.6499999999999998,-0.0037031600000000005,0.6499999999999998,-0.00395281
37,0.6749999999999998,-0.0032153246666666666,0.6749999999999998,-0.0034828713333333334
38,0.6999999999999997,-0.002715024666666667,0.6999999999999997,-0.002992384
39,0.7249999999999998,-0.0021884260000000003,0.7249999999999998,-0.0024824153333333336
40,0.7499999999999998,-0.0016470313333333333,0.7499999999999998,-0.0019562313333333333
41,0.7749999999999997,-0.0010706126666666668,0.7749999999999997,-0.0013865246666666666
42,0.7999999999999998,-0.0010374613333333333,0.7999999999999998,-0.0008074713333333334
43,0.8249999999999997,-0.0004601420666666667,0.8249999999999997,-0.0005026357333333334
44,0.8499999999999996,0.0005719025333333334,0.8499999999999996,0.0004303632666666667
45,0.8749999999999998,0.001143734,0.8749999999999998,0.0009279726666666667
46,0.8999999999999997,0.0022761833333333334,0.8999999999999997,0.002035422666666667
47,0.9249999999999998,0.003326808666666667,0.9249999999999998,0.003083760666666667
48,0.9499999999999997,0.004472942,0.9499999999999997,0.004235303333333333
49,0.9749999999999996,0.005738254666666666,0.9749999999999996,0.005506212666666667
50,0.9999999999999998,0.007068273333333333,0.9999999999999998,0.006883493333333333
51,1.0249999999999997,0.008592766666666668,1.0249999999999997,0.00836992
52,1.0499999999999998,0.01016886,1.0499999999999998,0.009958073333333334
53,1.0749999999999997,0.011814766666666667,1.0749999999999997,0.01160532
54,1.0999999999999996,0.013527553333333333,1.0999999999999996,0.013324260000000001
55,1.1249999999999998,0.015292020000000002,1.1249999999999998,0.015084300000000002
56,1.1499999999999997,0.01710118,1.1499999999999997,0.01688892
57,1.1749999999999996,0.01895057333333333,1.1749999999999996,0.018743006666666666
58,1.1999999999999997,0.020831393333333333,1.1999999999999997,0.02061994
59,1.2249999999999996,0.02274696,1.2249999999999996,0.022527693333333335
60,1.2499999999999996,0.024692500000000003,1.2499999999999996,0.024470086666666665
61,1.2749999999999997,0.026661419999999998,1.2749999999999997,0.026429499999999998
