,a1_2R_V_D,a1_2R_J_D,a1_2R_V_L,a1_2R_J_L
0,1.3,0.025056913333333337,1.3,0.024554453333333334
1,1.2750000000000001,0.023367493333333336,1.2750000000000001,0.022917586666666667
2,1.2500000000000002,0.021602406666666667,1.2500000000000002,0.021210740000000002
3,1.2250000000000003,0.01983492666666667,1.2250000000000003,0.019485993333333333
4,1.2000000000000004,0.018080193333333335,1.2000000000000004,0.017766393333333335
5,1.1750000000000005,0.0163439,1.1750000000000005,0.01605836
6,1.1500000000000006,0.0146298,1.1500000000000006,0.014376833333333333
7,1.1250000000000007,0.01294506,1.1250000000000007,0.012716606666666668
8,1.1000000000000008,0.011300473333333333,1.1000000000000008,0.011083953333333334
9,1.0750000000000008,0.009695673333333333,1.0750000000000008,0.009491706666666667
10,1.050000000000001,0.008142233333333334,1.050000000000001,0.007947826666666668
11,1.025000000000001,0.006690766666666667,1.025000000000001,0.006499555333333334
12,1.000000000000001,0.005236725333333333,1.000000000000001,0.0050532400000000005
13,0.9750000000000012,0.003882777333333333,0.9750000000000012,0.0036956420000000003
14,0.9500000000000013,0.002626976666666667,0.9500000000000013,0.0024332480000000003
15,0.9250000000000014,0.00148043,0.9250000000000014,0.0012779193333333333
16,0.9000000000000015,0.0007849586666666667,0.9000000000000015,0.000463374
17,0.8750000000000016,-9.48428e-05,0.8750000000000016,-0.0006439516
18,0.8500000000000016,-0.0008338053333333333,0.8500000000000016,-0.0011647326666666667
19,0.8250000000000017,-0.0018236313333333334,0.8250000000000017,-0.002118968666666667
20,0.8000000000000018,-0.002537324,0.8000000000000018,-0.0027927153333333335
21,0.7750000000000019,-0.0031270213333333334,0.7750000000000019,-0.0033811800000000006
22,0.750000000000002,-0.0036651006666666673,0.750000000000002,-0.003905834
23,0.7250000000000021,-0.004168250666666667,0.7250000000000021,-0.004373616666666667
24,0.7000000000000022,-0.004609614000000001,0.7000000000000022,-0.004813844
25,0.6750000000000023,-0.005055412666666667,0.6750000000000023,-0.005220453333333334
26,0.6500000000000024,-0.005474300666666667,0.6500000000000024,-0.005624478666666667
27,0.6250000000000024,-0.00585644,0.6250000000000024,-0.005970892666666667
28,0.6000000000000025,-0.006242118666666667,0.6000000000000025,-0.006336808
29,0.5750000000000026,-0.0066194620000000004,0.5750000000000026,-0.0066955
30,0.5500000000000027,-0.006950233333333334,0.5500000000000027,-0.0069881
31,0.5250000000000028,-0.007286273333333334,0.5250000000000028,-0.007350586666666667
32,0.5000000000000029,-0.007510306666666667,0.5000000000000029,-0.007536693333333334
33,0.475000000000003,-0.007851173333333333,0.475000000000003,-0.007855046666666667
34,0.45000000000000306,-0.008156373333333333,0.45000000000000306,-0.008147960000000001
35,0.42500000000000315,-0.008451740000000001,0.42500000000000315,-0.008417173333333335
36,0.40000000000000324,-0.008725346666666666,0.40000000000000324,-0.008679006666666666
37,0.37500000000000333,-0.008977886666666667,0.37500000000000333,-0.008934586666666668
38,0.3500000000000034,-0.009211553333333334,0.3500000000000034,-0.009139306666666666
39,0.3250000000000035,-0.009429093333333334,0.3250000000000035,-0.009347393333333334
40,0.3000000000000036,-0.009647553333333333,0.3000000000000036,-0.00953322
41,0.2750000000000037,-0.0098157,0.2750000000000037,-0.009706766666666667
42,0.2500000000000038,-0.009985353333333334,0.2500000000000038,-0.009882933333333333
43,0.22500000000000386,-0.010114026666666668,0.22500000000000386,-0.010008433333333334
44,0.20000000000000395,-0.010282893333333334,0.20000000000000395,-0.010184546666666667
45,0.17500000000000404,-0.010432046666666668,0.17500000000000404,-0.010322206666666667
46,0.15000000000000413,-0.010561826666666668,0.15000000000000413,-0.010452166666666667
47,0.12500000000000422,-0.010690080000000001,0.12500000000000422,-0.010578586666666667
48,0.10000000000000431,-0.010810533333333334,0.10000000000000431,-0.010701106666666668
49,0.0750000000000044,-0.0109275,0.0750000000000044,-0.010819333333333334
50,0.050000000000004485,-0.01103748,0.050000000000004485,-0.010950806666666667
51,0.025000000000004574,-0.01114618,0.025000000000004574,-0.011048826666666667
52,4.6629367034256575e-15,-0.011259473333333334,4.6629367034256575e-15,-0.01114302
53,-0.024999999999995248,-0.011389,-0.024999999999995248,-0.011269040000000001
54,-0.04999999999999516,-0.011480206666666666,-0.04999999999999516,-0.011393813333333334
55,-0.07499999999999507,-0.01158788,-0.07499999999999507,-0.011481606666666666
56,-0.09999999999999498,-0.011692913333333332,-0.09999999999999498,-0.011582653333333333
57,-0.12499999999999489,-0.01181394,-0.12499999999999489,-0.0116943
58,-0.1499999999999948,-0.011903786666666668,-0.1499999999999948,-0.011794726666666668
59,-0.17499999999999472,-0.011999133333333334,-0.17499999999999472,-0.011902633333333334
60,-0.19999999999999463,-0.012096686666666667,-0.19999999999999463,-0.011995253333333334
61,-0.22499999999999454,-0.012205553333333334,-0.22499999999999454,-0.012111626666666667
