,a1_2R_V_D,a1_2R_J_D,a1_2R_V_L,a1_2R_J_L
0,1.3,0.02638973333333333,1.3,0.027130146666666667
1,1.2750000000000001,0.02460574,1.2750000000000001,0.025290113333333336
2,1.2500000000000002,0.022722513333333336,1.2500000000000002,0.023367166666666668
3,1.2250000000000003,0.020859973333333337,1.2250000000000003,0.0214342
4,1.2000000000000004,0.018980073333333333,1.2000000000000004,0.01949910666666667
5,1.1750000000000005,0.01711112,1.1750000000000005,0.01758572
6,1.1500000000000006,0.015275013333333335,1.1500000000000006,0.015692006666666668
7,1.1250000000000007,0.013467493333333334,1.1250000000000007,0.013810746666666667
8,1.1000000000000008,0.01169834,1.1000000000000008,0.011983293333333334
9,1.0750000000000008,0.009983866666666667,1.0750000000000008,0.010209953333333334
10,1.050000000000001,0.008322833333333335,1.050000000000001,0.00848234
11,1.025000000000001,0.006718446666666667,1.025000000000001,0.006817566666666667
12,1.000000000000001,0.005253948666666667,1.000000000000001,0.005285000000000001
13,0.9750000000000012,0.0037683553333333337,0.9750000000000012,0.0037459213333333337
14,0.9500000000000013,0.00243126,0.9500000000000013,0.0023532673333333336
15,0.9250000000000014,0.0012068546666666668,0.9250000000000014,0.0010905686666666666
16,0.9000000000000015,0.00041236146666666666,0.9000000000000015,0.0003334878
17,0.8750000000000016,-0.0006929186666666667,0.8750000000000016,-0.0006998306666666667
18,0.8500000000000016,-0.001206572,0.8500000000000016,-0.0014225800000000001
19,0.8250000000000017,-0.0021820240000000003,0.8250000000000017,-0.0024011553333333335
20,0.8000000000000018,-0.002841584666666667,0.8000000000000018,-0.0030687826666666667
21,0.7750000000000019,-0.0034120726666666667,0.7750000000000019,-0.00365112
22,0.750000000000002,-0.003919286666666667,0.750000000000002,-0.0041250313333333335
23,0.7250000000000021,-0.0043695140000000006,0.7250000000000021,-0.004577226
24,0.7000000000000022,-0.004786856666666666,0.7000000000000022,-0.004982746000000001
25,0.6750000000000023,-0.005189000666666666,0.6750000000000023,-0.005394548000000001
26,0.6500000000000024,-0.005595796,0.6500000000000024,-0.0057353126666666665
27,0.6250000000000024,-0.005949629333333334,0.6250000000000024,-0.0060940866666666675
28,0.6000000000000025,-0.006299904666666667,0.6000000000000025,-0.006449822000000001
29,0.5750000000000026,-0.006668306666666667,0.5750000000000026,-0.006791493333333333
30,0.5500000000000027,-0.0069763866666666665,0.5500000000000027,-0.006998666666666667
31,0.5250000000000028,-0.007309993333333333,0.5250000000000028,-0.007440760000000001
32,0.5000000000000029,-0.007515826666666667,0.5000000000000029,-0.007628646666666667
33,0.475000000000003,-0.00786338,0.475000000000003,-0.007913733333333334
34,0.45000000000000306,-0.008144286666666667,0.45000000000000306,-0.008204573333333333
35,0.42500000000000315,-0.008426306666666666,0.42500000000000315,-0.0084636
36,0.40000000000000324,-0.008696573333333334,0.40000000000000324,-0.008722573333333334
37,0.37500000000000333,-0.008963546666666667,0.37500000000000333,-0.008957886666666668
38,0.3500000000000034,-0.009175813333333335,0.3500000000000034,-0.009176160000000001
39,0.3250000000000035,-0.00939594,0.3250000000000035,-0.00937778
40,0.3000000000000036,-0.009599080000000001,0.3000000000000036,-0.009567713333333333
41,0.2750000000000037,-0.009784606666666666,0.2750000000000037,-0.009766313333333334
42,0.2500000000000038,-0.009959013333333334,0.2500000000000038,-0.009912493333333335
43,0.22500000000000386,-0.010090933333333333,0.22500000000000386,-0.01003618
44,0.20000000000000395,-0.010275126666666667,0.20000000000000395,-0.010218653333333333
45,0.17500000000000404,-0.010418193333333332,0.17500000000000404,-0.010376033333333335
46,0.15000000000000413,-0.01055564,0.15000000000000413,-0.010496126666666668
47,0.12500000000000422,-0.010686113333333334,0.12500000000000422,-0.010616653333333333
48,0.10000000000000431,-0.0108147,0.10000000000000431,-0.01074832
49,0.0750000000000044,-0.010935786666666666,0.0750000000000044,-0.010863826666666666
50,0.050000000000004485,-0.01107342,0.050000000000004485,-0.01098826
51,0.025000000000004574,-0.011168299999999999,0.025000000000004574,-0.011103346666666666
52,4.6629367034256575e-15,-0.011293200000000002,4.6629367034256575e-15,-0.011202133333333333
53,-0.024999999999995248,-0.011405120000000001,-0.024999999999995248,-0.011329393333333333
54,-0.04999999999999516,-0.011534353333333334,-0.04999999999999516,-0.01144406
55,-0.07499999999999507,-0.011628226666666668,-0.07499999999999507,-0.011551653333333335
56,-0.09999999999999498,-0.011741486666666667,-0.09999999999999498,-0.011669153333333333
57,-0.12499999999999489,-0.011850153333333334,-0.12499999999999489,-0.011773206666666668
58,-0.1499999999999948,-0.01195456,-0.1499999999999948,-0.011906506666666667
59,-0.17499999999999472,-0.012070706666666667,-0.17499999999999472,-0.0120003
60,-0.19999999999999463,-0.012165519999999999,-0.19999999999999463,-0.012099526666666667
61,-0.22499999999999454,-0.01228666,-0.22499999999999454,-0.01221558
