,a1_2R_V_D,a1_2R_J_D,a1_2R_V_L,a1_2R_J_L
0,1.3,0.027877606666666666,1.3,0.027066653333333336
1,1.2750000000000001,0.026039233333333335,1.2750000000000001,0.025300966666666667
2,1.2500000000000002,0.024099386666666667,1.2500000000000002,0.02343290666666667
3,1.2250000000000003,0.022157600000000003,1.2250000000000003,0.021559826666666667
4,1.2000000000000004,0.020226286666666666,1.2000000000000004,0.019670226666666665
5,1.1750000000000005,0.018307793333333336,1.1750000000000005,0.017801253333333333
6,1.1500000000000006,0.016423733333333336,1.1500000000000006,0.015947013333333333
7,1.1250000000000007,0.014570860000000001,1.1250000000000007,0.014133093333333333
8,1.1000000000000008,0.0127561,1.1000000000000008,0.012343466666666667
9,1.0750000000000008,0.01099396,1.0750000000000008,0.010601000000000001
10,1.050000000000001,0.009290486666666667,1.050000000000001,0.008913906666666667
11,1.025000000000001,0.00765728,1.025000000000001,0.007289360000000001
12,1.000000000000001,0.006179269333333333,1.000000000000001,0.005801479333333333
13,0.9750000000000012,0.0046552013333333335,0.9750000000000012,0.004288044666666667
14,0.9500000000000013,0.0032829873333333334,0.9500000000000013,0.002909272666666667
15,0.9250000000000014,0.0020142193333333334,0.9250000000000014,0.0016337546666666668
16,0.9000000000000015,0.0008789646666666666,0.9000000000000015,0.0008484940000000001
17,0.8750000000000016,0.0001918364,0.8750000000000016,-0.00012012893333333335
18,0.8500000000000016,-0.000699834,0.8500000000000016,-0.0009418853333333334
19,0.8250000000000017,-0.0014190126666666666,0.8250000000000017,-0.0019956233333333333
20,0.8000000000000018,-0.0023997793333333335,0.8000000000000018,-0.00277497
21,0.7750000000000019,-0.0031063913333333336,0.7750000000000019,-0.0034114886666666666
22,0.750000000000002,-0.0037248426666666667,0.750000000000002,-0.003997794
23,0.7250000000000021,-0.0042884666666666675,0.7250000000000021,-0.004533156666666667
24,0.7000000000000022,-0.004813721333333333,0.7000000000000022,-0.005021040000000001
25,0.6750000000000023,-0.005297741333333333,0.6750000000000023,-0.005480491333333334
26,0.6500000000000024,-0.005776679333333333,0.6500000000000024,-0.005901722
27,0.6250000000000024,-0.0061825253333333335,0.6250000000000024,-0.006315656666666667
28,0.6000000000000025,-0.006606182,0.6000000000000025,-0.0067185000000000005
29,0.5750000000000026,-0.006972706666666668,0.5750000000000026,-0.006998686666666667
30,0.5500000000000027,-0.007328666666666667,0.5500000000000027,-0.0074156000000000005
31,0.5250000000000028,-0.007614493333333333,0.5250000000000028,-0.0076494
32,0.5000000000000029,-0.007978906666666667,0.5000000000000029,-0.007999860000000001
33,0.475000000000003,-0.008342926666666667,0.475000000000003,-0.00831772
34,0.45000000000000306,-0.008637,0.45000000000000306,-0.008609633333333333
35,0.42500000000000315,-0.008927326666666667,0.42500000000000315,-0.008889926666666667
36,0.40000000000000324,-0.009205060000000001,0.40000000000000324,-0.009146293333333333
37,0.37500000000000333,-0.00947112,0.37500000000000333,-0.00938252
38,0.3500000000000034,-0.00968278,0.3500000000000034,-0.00959772
39,0.3250000000000035,-0.009893686666666667,0.3250000000000035,-0.009801073333333334
40,0.3000000000000036,-0.010087773333333334,0.3000000000000036,-0.0100057
41,0.2750000000000037,-0.010264906666666667,0.2750000000000037,-0.010158106666666668
42,0.2500000000000038,-0.010425606666666667,0.2500000000000038,-0.010311500000000001
43,0.22500000000000386,-0.01054236,0.22500000000000386,-0.010426246666666668
44,0.20000000000000395,-0.010708293333333334,0.20000000000000395,-0.010600153333333334
45,0.17500000000000404,-0.010846226666666667,0.17500000000000404,-0.010734480000000001
46,0.15000000000000413,-0.010989746666666668,0.15000000000000413,-0.010855273333333334
47,0.12500000000000422,-0.01108596,0.12500000000000422,-0.010968073333333333
48,0.10000000000000431,-0.011199093333333335,0.10000000000000431,-0.011088440000000001
49,0.0750000000000044,-0.011315180000000001,0.0750000000000044,-0.0112023
50,0.050000000000004485,-0.011447246666666668,0.050000000000004485,-0.011306333333333335
51,0.025000000000004574,-0.011537313333333334,0.025000000000004574,-0.011422993333333332
52,4.6629367034256575e-15,-0.011652093333333334,4.6629367034256575e-15,-0.011529713333333334
53,-0.024999999999995248,-0.011741906666666666,-0.024999999999995248,-0.011655426666666666
54,-0.04999999999999516,-0.011838893333333335,-0.04999999999999516,-0.01174142
55,-0.07499999999999507,-0.011948160000000001,-0.07499999999999507,-0.011846
56,-0.09999999999999498,-0.012040973333333333,-0.09999999999999498,-0.011948846666666667
57,-0.12499999999999489,-0.012148466666666666,-0.12499999999999489,-0.012067446666666667
58,-0.1499999999999948,-0.012243593333333334,-0.1499999999999948,-0.0121504
59,-0.17499999999999472,-0.012343446666666667,-0.17499999999999472,-0.01225114
60,-0.19999999999999463,-0.0124292,-0.19999999999999463,-0.012336960000000001
61,-0.22499999999999454,-0.012540406666666667,-0.22499999999999454,-0.01244756
