,a1_2F_V_D,a1_2F_J_D,a1_2F_V_L,a1_2F_J_L
0,-0.25,-0.01475838,-0.25,-0.014378106666666666
1,-0.225,-0.013754466666666668,-0.225,-0.013419546666666666
2,-0.2,-0.01320378,-0.2,-0.012883693333333333
3,-0.17500000000000002,-0.012741093333333333,-0.17500000000000002,-0.012443706666666667
4,-0.15000000000000002,-0.012407286666666668,-0.15000000000000002,-0.012124793333333335
5,-0.12500000000000003,-0.012105713333333334,-0.12500000000000003,-0.011842113333333333
6,-0.10000000000000003,-0.011828646666666666,-0.10000000000000003,-0.011581433333333334
7,-0.07500000000000004,-0.011582286666666667,-0.07500000000000004,-0.011348906666666667
8,-0.050000000000000044,-0.01134596,-0.050000000000000044,-0.011121133333333335
9,-0.02500000000000005,-0.01112576,-0.02500000000000005,-0.010920406666666667
10,-5.551115123125783e-17,-0.010929880000000001,-5.551115123125783e-17,-0.010728766666666667
11,0.02499999999999991,-0.010713466666666668,0.02499999999999991,-0.010528726666666668
12,0.04999999999999993,-0.010515033333333335,0.04999999999999993,-0.010335706666666666
13,0.07499999999999996,-0.01032826,0.07499999999999996,-0.010157840000000001
14,0.09999999999999992,-0.010131993333333334,0.09999999999999992,-0.00997846
15,0.12499999999999989,-0.009941073333333333,0.12499999999999989,-0.00979168
16,0.1499999999999999,-0.009732693333333334,0.1499999999999999,-0.009595600000000001
17,0.17499999999999993,-0.009553500000000001,0.17499999999999993,-0.009434153333333334
18,0.1999999999999999,-0.009359833333333335,0.1999999999999999,-0.009238513333333333
19,0.22499999999999987,-0.009134893333333333,0.22499999999999987,-0.009033520000000001
20,0.2499999999999999,-0.0089466,0.2499999999999999,-0.008854166666666668
21,0.2749999999999999,-0.008710026666666667,0.2749999999999999,-0.008638906666666668
22,0.2999999999999998,-0.008477373333333333,0.2999999999999998,-0.008419433333333334
23,0.32499999999999984,-0.008233253333333334,0.32499999999999984,-0.008185173333333334
24,0.34999999999999987,-0.007965786666666667,0.34999999999999987,-0.007943533333333334
25,0.3749999999999999,-0.007689193333333334,0.3749999999999999,-0.0076887733333333335
26,0.3999999999999999,-0.007408080000000001,0.3999999999999999,-0.007417566666666668
27,0.4249999999999998,-0.007097920000000001,0.4249999999999998,-0.007134726666666666
28,0.44999999999999984,-0.006771873333333334,0.44999999999999984,-0.0068325799999999996
29,0.47499999999999987,-0.00695988,0.47499999999999987,-0.006994333333333333
30,0.4999999999999998,-0.006147948,0.4999999999999998,-0.006254224000000001
31,0.5249999999999998,-0.005749668666666667,0.5249999999999998,-0.005879366
32,0.5499999999999998,-0.005349952,0.5499999999999998,-0.005502987333333334
33,0.5749999999999998,-0.004926472,0.5749999999999998,-0.005100328
34,0.5999999999999999,-0.00449705,0.5999999999999999,-0.004692377333333333
35,0.6249999999999998,-0.0040460620000000004,0.6249999999999998,-0.00425718
36,0.6499999999999998,-0.003577387333333333,0.6499999999999998,-0.003813007333333334
37,0.6749999999999998,-0.0030837060000000003,0.6749999999999998,-0.003336689333333334
38,0.6999999999999997,-0.0026093773333333336,0.6999999999999997,-0.002865984666666667
39,0.7249999999999998,-0.002095912,0.7249999999999998,-0.002372302
40,0.7499999999999998,-0.0015688533333333334,0.7499999999999998,-0.0018440493333333333
41,0.7749999999999997,-0.0010071493333333335,0.7749999999999997,-0.0012880393333333335
42,0.7999999999999998,-0.0010063886666666667,0.7999999999999998,-0.0007306560000000001
43,0.8249999999999997,-0.0003675122666666667,0.8249999999999997,-0.00046317400000000006
44,0.8499999999999996,0.0005834718666666667,0.8499999999999996,0.0004348895333333334
45,0.8749999999999998,0.0010409486666666668,0.8749999999999998,0.0008693813333333333
46,0.8999999999999997,0.0021262253333333334,0.8999999999999997,0.0019372346666666669
47,0.9249999999999998,0.003127674,0.9249999999999998,0.0029425106666666665
48,0.9499999999999997,0.004239524666666667,0.9499999999999997,0.004064548
49,0.9749999999999996,0.005476744,0.9749999999999996,0.005307763333333333
50,0.9999999999999998,0.00682924,0.9999999999999998,0.006666726666666668
51,1.0249999999999997,0.008268906666666668,1.0249999999999997,0.008124133333333334
52,1.0499999999999998,0.009848113333333334,1.0499999999999998,0.009702146666666666
53,1.0749999999999997,0.011491166666666667,1.0749999999999997,0.011342926666666666
54,1.0999999999999996,0.013199406666666667,1.0999999999999996,0.013049740000000002
55,1.1249999999999998,0.01496152,1.1249999999999998,0.014804046666666666
56,1.1499999999999997,0.016766740000000002,1.1499999999999997,0.016606253333333335
57,1.1749999999999996,0.018607253333333334,1.1749999999999996,0.018446873333333336
58,1.1999999999999997,0.020487153333333334,1.1999999999999997,0.020317306666666667
59,1.2249999999999996,0.022395706666666668,1.2249999999999996,0.022218046666666668
60,1.2499999999999996,0.024327440000000002,1.2499999999999996,0.024143073333333334
61,1.2749999999999997,0.026278680000000002,1.2749999999999997,0.026092766666666666
