,a1_2F_V_D,a1_2F_J_D,a1_2F_V_L,a1_2F_J_L
0,-0.25,-3.459719333333334e-05,-0.25,-3.755680666666667e-05
1,-0.225,-3.560824666666667e-05,-0.225,-3.663757333333333e-05
2,-0.2,-3.538005333333334e-05,-0.2,-3.7553086666666666e-05
3,-0.17500000000000002,-3.359695333333333e-05,-0.17500000000000002,-3.617006e-05
4,-0.15000000000000002,-3.411103333333333e-05,-0.15000000000000002,-3.135307333333333e-05
5,-0.12500000000000003,-2.6885460000000003e-05,-0.12500000000000003,-2.9920693333333337e-05
6,-0.10000000000000003,-2.6354033333333332e-05,-0.10000000000000003,-2.9437180000000002e-05
7,-0.07500000000000004,-2.4650033333333336e-05,-0.07500000000000004,-2.912568666666667e-05
8,-0.050000000000000044,-2.375096e-05,-0.050000000000000044,-2.7713493333333336e-05
9,-0.02500000000000005,-2.334072e-05,-0.02500000000000005,-2.6329453333333334e-05
10,-5.551115123125783e-17,-2.1750013333333336e-05,-5.551115123125783e-17,-2.558236e-05
11,0.02499999999999991,-2.124314666666667e-05,0.02499999999999991,-2.5598293333333336e-05
12,0.04999999999999993,-2.040206666666667e-05,0.04999999999999993,-2.360292e-05
13,0.07499999999999996,-1.983554666666667e-05,0.07499999999999996,-2.258776e-05
14,0.09999999999999992,-1.8875833333333333e-05,0.09999999999999992,-2.167748666666667e-05
15,0.12499999999999989,-1.8359766666666667e-05,0.12499999999999989,-2.0861126666666667e-05
16,0.1499999999999999,-1.7562573333333336e-05,0.1499999999999999,-2.0076713333333332e-05
17,0.17499999999999993,-1.636332e-05,0.17499999999999993,-1.86452e-05
18,0.1999999999999999,-1.609364e-05,0.1999999999999999,-1.7468086666666668e-05
19,0.22499999999999987,-1.5234e-05,0.22499999999999987,-1.6939053333333333e-05
20,0.2499999999999999,-1.4329046666666667e-05,0.2499999999999999,-1.5888646666666668e-05
21,0.2749999999999999,-1.3716913333333334e-05,0.2749999999999999,-1.5127160000000002e-05
22,0.2999999999999998,-1.2750873333333333e-05,0.2999999999999998,-1.4444953333333334e-05
23,0.32499999999999984,-1.2171920000000001e-05,0.32499999999999984,-1.3206253333333336e-05
24,0.34999999999999987,-1.1275306666666666e-05,0.34999999999999987,-1.272208e-05
25,0.3749999999999999,-1.035214e-05,0.3749999999999999,-1.2015680000000001e-05
26,0.3999999999999999,-9.570706666666667e-06,0.3999999999999999,-1.127056e-05
27,0.4249999999999998,-9.186393333333333e-06,0.4249999999999998,-1.0351946666666667e-05
28,0.44999999999999984,-8.44304e-06,0.44999999999999984,-9.562733333333334e-06
29,0.47499999999999987,-8.002733333333334e-06,0.47499999999999987,-8.808073333333334e-06
30,0.4999999999999998,-7.44638e-06,0.4999999999999998,-8.06874e-06
31,0.5249999999999998,-6.761926666666668e-06,0.5249999999999998,-7.328786666666667e-06
32,0.5499999999999998,-6.097119333333334e-06,0.5499999999999998,-6.7001e-06
33,0.5749999999999998,-5.400305333333333e-06,0.5749999999999998,-6.093595333333333e-06
34,0.5999999999999999,-4.875795333333334e-06,0.5999999999999999,-5.442954666666667e-06
35,0.6249999999999998,-4.472962666666667e-06,0.6249999999999998,-4.687493333333334e-06
36,0.6499999999999998,-3.816018e-06,0.6499999999999998,-4.11297e-06
37,0.6749999999999998,-3.282062e-06,0.6749999999999998,-3.4631753333333332e-06
38,0.6999999999999997,-2.8158000000000002e-06,0.6999999999999997,-2.9302880000000002e-06
39,0.7249999999999998,-2.234636666666667e-06,0.7249999999999998,-2.3023740000000003e-06
40,0.7499999999999998,-1.6508146666666666e-06,0.7499999999999998,-1.7311446666666669e-06
41,0.7749999999999997,-1.071958e-06,0.7749999999999997,-1.0860473333333334e-06
42,0.7999999999999998,-4.968609333333333e-07,0.7999999999999998,-5.349751333333334e-07
43,0.8249999999999997,1.1565706666666666e-08,0.8249999999999997,9.488773333333334e-09
44,0.8499999999999996,5.444476e-07,0.8499999999999996,5.507229333333333e-07
45,0.8749999999999998,1.0717006666666667e-06,0.8749999999999998,1.064902e-06
46,0.8999999999999997,1.491214e-06,0.8999999999999997,1.5695920000000002e-06
47,0.9249999999999998,2.0159006666666667e-06,0.9249999999999998,2.1189533333333337e-06
48,0.9499999999999997,2.4423833333333334e-06,0.9499999999999997,2.6963466666666666e-06
49,0.9749999999999996,2.87313e-06,0.9749999999999996,3.314253333333333e-06
50,0.9999999999999998,3.456460666666667e-06,0.9999999999999998,3.932972e-06
51,1.0249999999999997,3.894328e-06,1.0249999999999997,4.644601333333333e-06
52,1.0499999999999998,4.333372e-06,1.0499999999999998,4.869908e-06
53,1.0749999999999997,5.008689333333333e-06,1.0749999999999997,5.317848e-06
54,1.0999999999999996,5.5232906666666665e-06,1.0999999999999996,5.879938e-06
55,1.1249999999999998,6.182813333333333e-06,1.1249999999999998,6.238500666666667e-06
56,1.1499999999999997,6.9155933333333335e-06,1.1499999999999997,7.351093333333333e-06
57,1.1749999999999996,7.45078e-06,1.1749999999999996,8.92072e-06
58,1.1999999999999997,8.041673333333334e-06,1.1999999999999997,9.396466666666667e-06
59,1.2249999999999996,8.786180000000001e-06,1.2249999999999996,9.312700000000001e-06
60,1.2499999999999996,1.0018186666666666e-05,1.2499999999999996,9.66182e-06
61,1.2749999999999997,1.050952e-05,1.2749999999999997,1.0137033333333333e-05
