,a1_2F_V_D,a1_2F_J_D,a1_2F_V_L,a1_2F_J_L
0,-0.25,-0.014420093333333333,-0.25,-0.01411474
1,-0.225,-0.013459873333333334,-0.225,-0.0131854
2,-0.2,-0.012927786666666666,-0.2,-0.012673246666666667
3,-0.17500000000000002,-0.012509106666666667,-0.17500000000000002,-0.012247613333333334
4,-0.15000000000000002,-0.012162166666666667,-0.15000000000000002,-0.011936893333333334
5,-0.12500000000000003,-0.011871806666666667,-0.12500000000000003,-0.011656593333333333
6,-0.10000000000000003,-0.011606973333333334,-0.10000000000000003,-0.011404913333333334
7,-0.07500000000000004,-0.011368693333333334,-0.07500000000000004,-0.011180826666666668
8,-0.050000000000000044,-0.0111395,-0.050000000000000044,-0.01095754
9,-0.02500000000000005,-0.010922973333333334,-0.02500000000000005,-0.010757653333333334
10,-5.551115123125783e-17,-0.010732893333333333,-5.551115123125783e-17,-0.010563753333333334
11,0.02499999999999991,-0.0105263,0.02499999999999991,-0.010367133333333334
12,0.04999999999999993,-0.01031218,0.04999999999999993,-0.010183806666666666
13,0.07499999999999996,-0.0101345,0.07499999999999996,-0.010002046666666667
14,0.09999999999999992,-0.00995348,0.09999999999999992,-0.00982078
15,0.12499999999999989,-0.0097573,0.12499999999999989,-0.00963902
16,0.1499999999999999,-0.00957812,0.1499999999999999,-0.009442186666666666
17,0.17499999999999993,-0.009366993333333334,0.17499999999999993,-0.009268826666666667
18,0.1999999999999999,-0.009168606666666667,0.1999999999999999,-0.00908336
19,0.22499999999999987,-0.008942433333333333,0.22499999999999987,-0.008868666666666667
20,0.2499999999999999,-0.008742346666666668,0.2499999999999999,-0.008660020000000001
21,0.2749999999999999,-0.00850864,0.2749999999999999,-0.008465126666666668
22,0.2999999999999998,-0.008267433333333334,0.2999999999999998,-0.008235986666666667
23,0.32499999999999984,-0.008019740000000001,0.32499999999999984,-0.0080038
24,0.34999999999999987,-0.007751153333333333,0.34999999999999987,-0.007748939999999999
25,0.3749999999999999,-0.007456906666666667,0.3749999999999999,-0.007483366666666667
26,0.3999999999999999,-0.0071793533333333335,0.3999999999999999,-0.007206913333333334
27,0.4249999999999998,-0.006871400000000001,0.4249999999999998,-0.00691762
28,0.44999999999999984,-0.006994773333333333,0.44999999999999984,-0.006998653333333334
29,0.47499999999999987,-0.006278644000000001,0.47499999999999987,-0.006366668
30,0.4999999999999998,-0.005894897333333334,0.4999999999999998,-0.006004636
31,0.5249999999999998,-0.005515428,0.5249999999999998,-0.005641431333333334
32,0.5499999999999998,-0.005118509333333333,0.5499999999999998,-0.005273503333333333
33,0.5749999999999998,-0.004711744,0.5749999999999998,-0.004881801333333334
34,0.5999999999999999,-0.00428958,0.5999999999999999,-0.004478302666666667
35,0.6249999999999998,-0.0038597840000000002,0.6249999999999998,-0.0040555213333333335
36,0.6499999999999998,-0.003407431333333334,0.6499999999999998,-0.0036194793333333337
37,0.6749999999999998,-0.0029330840000000003,0.6749999999999998,-0.003174832
38,0.6999999999999997,-0.0024716453333333333,0.6999999999999997,-0.0027174066666666667
39,0.7249999999999998,-0.0019829693333333334,0.7249999999999998,-0.002237924
40,0.7499999999999998,-0.0014807393333333334,0.7499999999999998,-0.0017427286666666666
41,0.7749999999999997,-0.000947324,0.7749999999999997,-0.0012179393333333335
42,0.7999999999999998,-0.000892512,0.7999999999999998,-0.000697552
43,0.8249999999999997,-0.00038384880000000006,0.8249999999999997,-0.00039736106666666665
44,0.8499999999999996,0.0005209595333333333,0.8499999999999996,0.0004239860666666667
45,0.8749999999999998,0.0010245093333333334,0.8749999999999998,0.0008701753333333333
46,0.8999999999999997,0.0020018413333333335,0.8999999999999997,0.0018254866666666668
47,0.9249999999999998,0.002895612,0.9249999999999998,0.0027146053333333333
48,0.9499999999999997,0.0038590879999999997,0.9499999999999997,0.0036792720000000004
49,0.9749999999999996,0.004910352666666667,0.9749999999999996,0.004722734
50,0.9999999999999998,0.006029197333333333,0.9999999999999998,0.005845441333333333
51,1.0249999999999997,0.0071888333333333335,1.0249999999999997,0.007010866666666667
52,1.0499999999999998,0.008479893333333334,1.0499999999999998,0.008286866666666667
53,1.0749999999999997,0.009792813333333332,1.0749999999999997,0.009602773333333333
54,1.0999999999999996,0.011156366666666667,1.0999999999999996,0.010952433333333334
55,1.1249999999999998,0.012547906666666667,1.1249999999999998,0.012335973333333333
56,1.1499999999999997,0.013968206666666667,1.1499999999999997,0.01375682
57,1.1749999999999996,0.015419346666666667,1.1749999999999996,0.015187986666666667
58,1.1999999999999997,0.016882913333333333,1.1999999999999997,0.01664784
59,1.2249999999999996,0.018364193333333334,1.2249999999999996,0.018128806666666667
60,1.2499999999999996,0.019861273333333335,1.2499999999999996,0.01962738
61,1.2749999999999997,0.02136692,1.2749999999999997,0.021126706666666665
