,a1_2R_V_D,a1_2R_J_D,a1_2R_V_L,a1_2R_J_L
0,1.3,0.03698752,1.3,0.03619462
1,1.2750000000000001,0.034311360000000006,1.2750000000000001,0.03365530666666667
2,1.2500000000000002,0.031489053333333336,1.2500000000000002,0.03093764666666667
3,1.2250000000000003,0.028672913333333338,1.2250000000000003,0.02820228
4,1.2000000000000004,0.025857266666666667,1.2000000000000004,0.025477986666666667
5,1.1750000000000005,0.023096666666666668,1.1750000000000005,0.022783613333333334
6,1.1500000000000006,0.020379773333333333,1.1500000000000006,0.020129973333333336
7,1.1250000000000007,0.01772964,1.1250000000000007,0.01753452
8,1.1000000000000008,0.015148406666666666,1.1000000000000008,0.014986973333333334
9,1.0750000000000008,0.012659906666666668,1.0750000000000008,0.012533246666666668
10,1.050000000000001,0.01027422,1.050000000000001,0.010176473333333333
11,1.025000000000001,0.008017706666666667,1.025000000000001,0.00794062
12,1.000000000000001,0.0059655640000000005,1.000000000000001,0.005898140666666667
13,0.9750000000000012,0.003978402666666667,0.9750000000000012,0.00392004
14,0.9500000000000013,0.0022251806666666665,0.9500000000000013,0.002167152
15,0.9250000000000014,0.0007044953333333333,0.9250000000000014,0.0010072753333333333
16,0.9000000000000015,-0.00019157820000000002,0.9000000000000015,-0.00021558933333333335
17,0.8750000000000016,-0.0010863286666666669,0.8750000000000016,-0.0011946666666666666
18,0.8500000000000016,-0.002338154666666667,0.8500000000000016,-0.002432464666666667
19,0.8250000000000017,-0.003117344666666667,0.8250000000000017,-0.003223562666666667
20,0.8000000000000018,-0.0037515073333333334,0.8000000000000018,-0.003886259333333333
21,0.7750000000000019,-0.004278486,0.7750000000000019,-0.004384580666666667
22,0.750000000000002,-0.004751355333333334,0.750000000000002,-0.004865772666666667
23,0.7250000000000021,-0.0051714406666666666,0.7250000000000021,-0.005280736666666667
24,0.7000000000000022,-0.005561861333333334,0.7000000000000022,-0.005698247333333333
25,0.6750000000000023,-0.005937740666666667,0.6750000000000023,-0.006047664666666667
26,0.6500000000000024,-0.006326419333333334,0.6500000000000024,-0.006404784
27,0.6250000000000024,-0.006671186666666667,0.6250000000000024,-0.006764393333333334
28,0.6000000000000025,-0.006967560000000001,0.6000000000000025,-0.006998659999999999
29,0.5750000000000026,-0.00723148,0.5750000000000026,-0.00735016
30,0.5500000000000027,-0.007505753333333334,0.5500000000000027,-0.007587613333333333
31,0.5250000000000028,-0.007859333333333334,0.5250000000000028,-0.007948593333333333
32,0.5000000000000029,-0.008186526666666666,0.5000000000000029,-0.0082375
33,0.475000000000003,-0.008498033333333333,0.475000000000003,-0.008528673333333334
34,0.45000000000000306,-0.008777013333333333,0.45000000000000306,-0.008795973333333333
35,0.42500000000000315,-0.009054020000000001,0.42500000000000315,-0.009046746666666668
36,0.40000000000000324,-0.009318400000000001,0.40000000000000324,-0.009307560000000001
37,0.37500000000000333,-0.009582753333333334,0.37500000000000333,-0.009536313333333334
38,0.3500000000000034,-0.009784813333333335,0.3500000000000034,-0.009749220000000001
39,0.3250000000000035,-0.009991966666666668,0.3250000000000035,-0.009952953333333334
40,0.3000000000000036,-0.0101971,0.3000000000000036,-0.010142646666666668
41,0.2750000000000037,-0.010400453333333334,0.2750000000000037,-0.010309233333333334
42,0.2500000000000038,-0.010554493333333333,0.2500000000000038,-0.0104782
43,0.22500000000000386,-0.01067966,0.22500000000000386,-0.0106049
44,0.20000000000000395,-0.010870253333333333,0.20000000000000395,-0.010807
45,0.17500000000000404,-0.011018246666666667,0.17500000000000404,-0.01092496
46,0.15000000000000413,-0.011158493333333333,0.15000000000000413,-0.011066653333333334
47,0.12500000000000422,-0.011291033333333334,0.12500000000000422,-0.01120222
48,0.10000000000000431,-0.011423546666666668,0.10000000000000431,-0.011330286666666666
49,0.0750000000000044,-0.011553266666666668,0.0750000000000044,-0.0114637
50,0.050000000000004485,-0.011698746666666666,0.050000000000004485,-0.011577353333333333
51,0.025000000000004574,-0.01180196,0.025000000000004574,-0.011705213333333334
52,4.6629367034256575e-15,-0.011939133333333334,4.6629367034256575e-15,-0.011840133333333332
53,-0.024999999999995248,-0.01204434,-0.024999999999995248,-0.011949666666666666
54,-0.04999999999999516,-0.012186353333333334,-0.04999999999999516,-0.012065020000000001
55,-0.07499999999999507,-0.012288826666666667,-0.07499999999999507,-0.01218842
56,-0.09999999999999498,-0.01239984,-0.09999999999999498,-0.012307066666666668
57,-0.12499999999999489,-0.012524819999999999,-0.12499999999999489,-0.012445953333333332
58,-0.1499999999999948,-0.012639546666666666,-0.1499999999999948,-0.012544433333333334
59,-0.17499999999999472,-0.012766946666666668,-0.17499999999999472,-0.012670513333333334
60,-0.19999999999999463,-0.012875446666666669,-0.19999999999999463,-0.012774553333333332
61,-0.22499999999999454,-0.013001353333333333,-0.22499999999999454,-0.012897293333333334
