,a1_2F_V_D,a1_2F_J_D,a1_2F_V_L,a1_2F_J_L
0,-0.25,-0.015218920000000002,-0.25,-0.014771153333333334
1,-0.225,-0.014187313333333333,-0.225,-0.0137868
2,-0.2,-0.013607520000000001,-0.2,-0.013236393333333336
3,-0.17500000000000002,-0.013125026666666668,-0.17500000000000002,-0.01277904
4,-0.15000000000000002,-0.01278334,-0.15000000000000002,-0.01245676
5,-0.12500000000000003,-0.012461680000000001,-0.12500000000000003,-0.01215684
6,-0.10000000000000003,-0.012179286666666667,-0.10000000000000003,-0.011885920000000001
7,-0.07500000000000004,-0.01192052,-0.07500000000000004,-0.011648826666666667
8,-0.050000000000000044,-0.0116813,-0.050000000000000044,-0.011419986666666668
9,-0.02500000000000005,-0.011456440000000002,-0.02500000000000005,-0.011207866666666667
10,-5.551115123125783e-17,-0.011256113333333333,-5.551115123125783e-17,-0.01102092
11,0.02499999999999991,-0.011035273333333333,0.02499999999999991,-0.010809853333333334
12,0.04999999999999993,-0.010833626666666667,0.04999999999999993,-0.0106205
13,0.07499999999999996,-0.010640233333333334,0.07499999999999996,-0.0104429
14,0.09999999999999992,-0.010446806666666668,0.09999999999999992,-0.01025886
15,0.12499999999999989,-0.010257506666666668,0.12499999999999989,-0.010079546666666666
16,0.1499999999999999,-0.010049413333333335,0.1499999999999999,-0.009883153333333334
17,0.17499999999999993,-0.009875333333333335,0.17499999999999993,-0.00972118
18,0.1999999999999999,-0.009689166666666667,0.1999999999999999,-0.009543646666666667
19,0.22499999999999987,-0.00946742,0.22499999999999987,-0.00933712
20,0.2499999999999999,-0.00925954,0.2499999999999999,-0.009170313333333334
21,0.2749999999999999,-0.009068040000000001,0.2749999999999999,-0.008959626666666666
22,0.2999999999999998,-0.008837693333333334,0.2999999999999998,-0.008750046666666667
23,0.32499999999999984,-0.008609233333333334,0.32499999999999984,-0.008531400000000001
24,0.34999999999999987,-0.008349573333333334,0.34999999999999987,-0.00829878
25,0.3749999999999999,-0.008084293333333332,0.3749999999999999,-0.008051966666666667
26,0.3999999999999999,-0.00780498,0.3999999999999999,-0.007802
27,0.4249999999999998,-0.007510386666666666,0.4249999999999998,-0.007525406666666666
28,0.44999999999999984,-0.007187446666666666,0.44999999999999984,-0.0072257599999999995
29,0.47499999999999987,-0.006850853333333334,0.47499999999999987,-0.006897793333333333
30,0.4999999999999998,-0.006998653333333334,0.4999999999999998,-0.006998653333333334
31,0.5249999999999998,-0.0062072279999999995,0.5249999999999998,-0.0063238140000000005
32,0.5499999999999998,-0.005788468000000001,0.5499999999999998,-0.005933251333333334
33,0.5749999999999998,-0.005345082,0.5749999999999998,-0.005519365333333334
34,0.5999999999999999,-0.004891655333333333,0.5999999999999999,-0.005095938
35,0.6249999999999998,-0.004419211333333333,0.6249999999999998,-0.004658695333333334
36,0.6499999999999998,-0.003926640666666667,0.6499999999999998,-0.004187465333333334
37,0.6749999999999998,-0.00341785,0.6749999999999998,-0.003678804
38,0.6999999999999997,-0.00289214,0.6999999999999997,-0.0031858833333333336
39,0.7249999999999998,-0.002331922,0.7249999999999998,-0.002662512
40,0.7499999999999998,-0.0017646480000000002,0.7499999999999998,-0.0021038733333333336
41,0.7749999999999997,-0.0011498266666666666,0.7749999999999997,-0.001500192
42,0.7999999999999998,-0.0012860953333333333,0.7999999999999998,-0.0008966706666666668
43,0.8249999999999997,-0.0005773529333333334,0.8249999999999997,-0.00090987
44,0.8499999999999996,0.0005565798666666667,0.8499999999999996,-0.00010301626666666667
45,0.8749999999999998,0.001057094,0.8749999999999998,0.0007488473333333333
46,0.8999999999999997,0.002426038,0.8999999999999997,0.0021412333333333334
47,0.9249999999999998,0.003727316666666667,0.9249999999999998,0.0034721266666666666
48,0.9499999999999997,0.0052432473333333335,0.9499999999999997,0.005018745333333334
49,0.9749999999999996,0.006997613333333333,0.9749999999999996,0.006806413333333334
50,0.9999999999999998,0.0090162,0.9999999999999998,0.008838353333333333
51,1.0249999999999997,0.01126916,1.0249999999999997,0.011083906666666667
52,1.0499999999999998,0.013702386666666668,1.0499999999999998,0.013506493333333333
53,1.0749999999999997,0.016281606666666667,1.0749999999999997,0.016071666666666668
54,1.0999999999999996,0.01900608,1.0999999999999996,0.018777513333333332
55,1.1249999999999998,0.021826626666666668,1.1249999999999998,0.021578326666666668
56,1.1499999999999997,0.024743460000000002,1.1499999999999997,0.02446944666666667
57,1.1749999999999996,0.02772064,1.1749999999999996,0.027426719999999998
58,1.1999999999999997,0.030786106666666667,1.1999999999999997,0.030469866666666668
59,1.2249999999999996,0.033901233333333336,1.2249999999999996,0.033565340000000006
60,1.2499999999999996,0.037066793333333334,1.2499999999999996,0.03671045333333334
61,1.2749999999999997,0.04027276,1.2749999999999997,0.03990286666666667
