,a1_2R_V_D,a1_2R_J_D,a1_2R_V_L,a1_2R_J_L
0,1.3,0.029993473333333333,1.3,0.029162800000000003
1,1.2750000000000001,0.027987600000000005,1.2750000000000001,0.027246833333333335
2,1.2500000000000002,0.025867306666666666,1.2500000000000002,0.02520381333333333
3,1.2250000000000003,0.023747546666666668,1.2250000000000003,0.02314676666666667
4,1.2000000000000004,0.021631133333333333,1.2000000000000004,0.021083613333333334
5,1.1750000000000005,0.019535093333333337,1.1750000000000005,0.019043993333333335
6,1.1500000000000006,0.017469253333333334,1.1500000000000006,0.017027333333333335
7,1.1250000000000007,0.015445786666666668,1.1250000000000007,0.01504098
8,1.1000000000000008,0.013468613333333334,1.1000000000000008,0.013094633333333335
9,1.0750000000000008,0.011554206666666667,1.0750000000000008,0.011203900000000001
10,1.050000000000001,0.009706386666666667,1.050000000000001,0.009375493333333334
11,1.025000000000001,0.00794012,1.025000000000001,0.0076193400000000005
12,1.000000000000001,0.006337264666666667,1.000000000000001,0.00601168
13,0.9750000000000012,0.004709674666666667,0.9750000000000012,0.004395218666666667
14,0.9500000000000013,0.003247610666666667,0.9500000000000013,0.0029305620000000003
15,0.9250000000000014,0.0019136906666666668,0.9250000000000014,0.001586462
16,0.9000000000000015,0.0007339253333333333,0.9000000000000015,0.0007788906666666667
17,0.8750000000000016,0.00022061686666666666,0.8750000000000016,-0.0002144622
18,0.8500000000000016,-0.0005835078666666667,0.8500000000000016,-0.0010487206666666667
19,0.8250000000000017,-0.0017299533333333336,0.8250000000000017,-0.0021306100000000002
20,0.8000000000000018,-0.0025177593333333336,0.8000000000000018,-0.0028979233333333333
21,0.7750000000000019,-0.0031883886666666666,0.7750000000000019,-0.0035180500000000004
22,0.750000000000002,-0.003792092666666667,0.750000000000002,-0.004097492
23,0.7250000000000021,-0.004342579333333333,0.7250000000000021,-0.0046134620000000005
24,0.7000000000000022,-0.004851762666666667,0.7000000000000022,-0.005063012
25,0.6750000000000023,-0.005321494666666667,0.6750000000000023,-0.005522061333333334
26,0.6500000000000024,-0.00577139,0.6500000000000024,-0.005931856
27,0.6250000000000024,-0.0061923153333333335,0.6250000000000024,-0.006331252
28,0.6000000000000025,-0.006632591333333333,0.6000000000000025,-0.006723740000000001
29,0.5750000000000026,-0.006967093333333334,0.5750000000000026,-0.006998680000000001
30,0.5500000000000027,-0.007321786666666667,0.5500000000000027,-0.007408853333333333
31,0.5250000000000028,-0.007584373333333333,0.5250000000000028,-0.007627973333333335
32,0.5000000000000029,-0.007952786666666668,0.5000000000000029,-0.00797166
33,0.475000000000003,-0.008277853333333333,0.475000000000003,-0.008283933333333333
34,0.45000000000000306,-0.008592846666666668,0.45000000000000306,-0.008571673333333333
35,0.42500000000000315,-0.008899473333333333,0.42500000000000315,-0.008843226666666667
36,0.40000000000000324,-0.009145546666666667,0.40000000000000324,-0.009095286666666667
37,0.37500000000000333,-0.00938744,0.37500000000000333,-0.009325226666666667
38,0.3500000000000034,-0.00960646,0.3500000000000034,-0.00953408
39,0.3250000000000035,-0.00983934,0.3250000000000035,-0.009734346666666666
40,0.3000000000000036,-0.010003906666666666,0.3000000000000036,-0.009932893333333335
41,0.2750000000000037,-0.010182946666666666,0.2750000000000037,-0.010081833333333333
42,0.2500000000000038,-0.010343693333333332,0.2500000000000038,-0.010236480000000001
43,0.22500000000000386,-0.010454766666666667,0.22500000000000386,-0.01034268
44,0.20000000000000395,-0.010625666666666667,0.20000000000000395,-0.010513960000000001
45,0.17500000000000404,-0.010755846666666668,0.17500000000000404,-0.010645953333333335
46,0.15000000000000413,-0.01088392,0.15000000000000413,-0.01077128
47,0.12500000000000422,-0.011002793333333333,0.12500000000000422,-0.010893626666666668
48,0.10000000000000431,-0.011136346666666666,0.10000000000000431,-0.01100826
49,0.0750000000000044,-0.011223266666666667,0.0750000000000044,-0.01112134
50,0.050000000000004485,-0.011339,0.050000000000004485,-0.011228713333333333
51,0.025000000000004574,-0.011446653333333334,0.025000000000004574,-0.011338473333333333
52,4.6629367034256575e-15,-0.01156804,4.6629367034256575e-15,-0.01144612
53,-0.024999999999995248,-0.011650693333333333,-0.024999999999995248,-0.01157432
54,-0.04999999999999516,-0.011761346666666667,-0.04999999999999516,-0.011664293333333334
55,-0.07499999999999507,-0.011862666666666667,-0.07499999999999507,-0.01176536
56,-0.09999999999999498,-0.011958506666666667,-0.09999999999999498,-0.011870586666666667
57,-0.12499999999999489,-0.01206252,-0.12499999999999489,-0.011992093333333334
58,-0.1499999999999948,-0.012156120000000001,-0.1499999999999948,-0.012074526666666667
59,-0.17499999999999472,-0.012263113333333334,-0.17499999999999472,-0.012176173333333333
60,-0.19999999999999463,-0.01235026,-0.19999999999999463,-0.012266153333333333
61,-0.22499999999999454,-0.012460073333333333,-0.22499999999999454,-0.012378073333333335
