,a1_2F_V_D,a1_2F_J_D,a1_2F_V_L,a1_2F_J_L
0,-0.25,-0.015563213333333334,-0.25,-0.015030479999999999
1,-0.225,-0.014525893333333333,-0.225,-0.01406386
2,-0.2,-0.013954233333333333,-0.2,-0.013520880000000002
3,-0.17500000000000002,-0.013476673333333335,-0.17500000000000002,-0.013072833333333334
4,-0.15000000000000002,-0.01312704,-0.15000000000000002,-0.012755406666666667
5,-0.12500000000000003,-0.012816766666666668,-0.12500000000000003,-0.0124574
6,-0.10000000000000003,-0.0125354,-0.10000000000000003,-0.012195826666666666
7,-0.07500000000000004,-0.01227898,-0.07500000000000004,-0.01196222
8,-0.050000000000000044,-0.012029533333333335,-0.050000000000000044,-0.0117334
9,-0.02500000000000005,-0.011807986666666668,-0.02500000000000005,-0.011529426666666667
10,-5.551115123125783e-17,-0.011602206666666667,-5.551115123125783e-17,-0.01133722
11,0.02499999999999991,-0.01137056,0.02499999999999991,-0.011127286666666666
12,0.04999999999999993,-0.011164573333333334,0.04999999999999993,-0.010935126666666666
13,0.07499999999999996,-0.01096248,0.07499999999999996,-0.010755846666666668
14,0.09999999999999992,-0.01075512,0.09999999999999992,-0.010559913333333334
15,0.12499999999999989,-0.010559606666666667,0.12499999999999989,-0.01037776
16,0.1499999999999999,-0.01033918,0.1499999999999999,-0.010174966666666667
17,0.17499999999999993,-0.010160393333333333,0.17499999999999993,-0.010007813333333334
18,0.1999999999999999,-0.00995272,0.1999999999999999,-0.009816713333333334
19,0.22499999999999987,-0.009715540000000002,0.22499999999999987,-0.009599640000000001
20,0.2499999999999999,-0.009491886666666668,0.2499999999999999,-0.009414453333333335
21,0.2749999999999999,-0.009286566666666668,0.2749999999999999,-0.00919318
22,0.2999999999999998,-0.009040173333333333,0.2999999999999998,-0.008972613333333334
23,0.32499999999999984,-0.008780986666666667,0.32499999999999984,-0.00873434
24,0.34999999999999987,-0.00851646,0.34999999999999987,-0.008489133333333334
25,0.3749999999999999,-0.008235246666666668,0.3749999999999999,-0.0082269
26,0.3999999999999999,-0.007938106666666668,0.3999999999999999,-0.00795454
27,0.4249999999999998,-0.00763176,0.4249999999999998,-0.007667393333333334
28,0.44999999999999984,-0.00729188,0.44999999999999984,-0.00736028
29,0.47499999999999987,-0.00694406,0.47499999999999987,-0.007020453333333334
30,0.4999999999999998,-0.006998653333333334,0.4999999999999998,-0.006696686666666667
31,0.5249999999999998,-0.006275004000000001,0.5249999999999998,-0.006915180000000001
32,0.5499999999999998,-0.005839078,0.5499999999999998,-0.006042078
33,0.5749999999999998,-0.005405637333333334,0.5749999999999998,-0.005614263333333334
34,0.5999999999999999,-0.0049528973333333335,0.5999999999999999,-0.005183422666666667
35,0.6249999999999998,-0.004478857333333333,0.6249999999999998,-0.004742649333333334
36,0.6499999999999998,-0.003994068,0.6499999999999998,-0.0042671566666666666
37,0.6749999999999998,-0.003485848666666667,0.6749999999999998,-0.003775674
38,0.6999999999999997,-0.002964716666666667,0.6999999999999997,-0.0032726166666666666
39,0.7249999999999998,-0.002421294,0.7249999999999998,-0.002741696
40,0.7499999999999998,-0.00186757,0.7499999999999998,-0.002194258
41,0.7749999999999997,-0.001275308,0.7749999999999997,-0.0016034586666666668
42,0.7999999999999998,-0.000695898,0.7999999999999998,-0.0010186566666666667
43,0.8249999999999997,-0.0007984180000000001,0.8249999999999997,-0.0010666246666666667
44,0.8499999999999996,-0.0002524012,0.8499999999999996,-0.0004490653333333334
45,0.8749999999999998,0.0005618106666666667,0.8749999999999998,0.00069909
46,0.8999999999999997,0.00189729,0.8999999999999997,0.001544854
47,0.9249999999999998,0.003124265333333334,0.9249999999999998,0.002987056666666667
48,0.9499999999999997,0.004519392666666667,0.9499999999999997,0.004417746
49,0.9749999999999996,0.006120273333333333,0.9749999999999996,0.006037972666666666
50,0.9999999999999998,0.007871040000000001,0.9999999999999998,0.007805826666666666
51,1.0249999999999997,0.009874826666666666,1.0249999999999997,0.009807900000000001
52,1.0499999999999998,0.012004406666666667,1.0499999999999998,0.011934246666666667
53,1.0749999999999997,0.014251253333333333,1.0749999999999997,0.014175060000000001
54,1.0999999999999996,0.01660162,1.0999999999999996,0.0165146
55,1.1249999999999998,0.01902934,1.1249999999999998,0.018939706666666667
56,1.1499999999999997,0.021527546666666668,1.1499999999999997,0.021431406666666666
57,1.1749999999999996,0.024085266666666667,1.1749999999999996,0.023973613333333334
58,1.1999999999999997,0.02669978666666667,1.1999999999999997,0.026574273333333336
59,1.2249999999999996,0.02934558,1.2249999999999996,0.029230660000000002
60,1.2499999999999996,0.03203590666666667,1.2499999999999996,0.031899800000000006
61,1.2749999999999997,0.034753820000000005,1.2749999999999997,0.034620153333333334
