,a1_2R_V_D,a1_2R_J_D,a1_2R_V_L,a1_2R_J_L
0,1.3,0.023906573333333337,1.3,0.02327716
1,1.2750000000000001,0.022306933333333334,1.2750000000000001,0.021748493333333334
2,1.2500000000000002,0.020652033333333333,1.2500000000000002,0.020139860000000002
3,1.2250000000000003,0.0189832,1.2250000000000003,0.018524293333333334
4,1.2000000000000004,0.017321833333333335,1.2000000000000004,0.016912840000000002
5,1.1750000000000005,0.015691626666666667,1.1750000000000005,0.015314600000000001
6,1.1500000000000006,0.014073873333333334,1.1500000000000006,0.01372752
7,1.1250000000000007,0.012482426666666668,1.1250000000000007,0.012166726666666667
8,1.1000000000000008,0.010919600000000002,1.1000000000000008,0.010628486666666668
9,1.0750000000000008,0.00940322,1.0750000000000008,0.009130266666666668
10,1.050000000000001,0.007931306666666667,1.050000000000001,0.00767548
11,1.025000000000001,0.006559097999999999,1.025000000000001,0.006308218666666667
12,1.000000000000001,0.005173527333333334,1.000000000000001,0.004936612666666667
13,0.9750000000000012,0.0038838313333333335,0.9750000000000012,0.003651464
14,0.9500000000000013,0.0026812746666666667,0.9500000000000013,0.0024463693333333335
15,0.9250000000000014,0.0015716926666666667,0.9250000000000014,0.0013259740000000002
16,0.9000000000000015,0.0008992346666666667,0.9000000000000015,0.0005447244666666667
17,0.8750000000000016,0.00013545526666666668,0.8750000000000016,-0.0005408952000000001
18,0.8500000000000016,-0.0005887321333333333,0.8500000000000016,-0.0010456220000000002
19,0.8250000000000017,-0.0015961126666666668,0.8250000000000017,-0.0019737373333333333
20,0.8000000000000018,-0.0023162106666666667,0.8000000000000018,-0.0026542333333333334
21,0.7750000000000019,-0.002919108666666667,0.7750000000000019,-0.0032463166666666667
22,0.750000000000002,-0.0034743193333333336,0.750000000000002,-0.003774116
23,0.7250000000000021,-0.003984504666666667,0.7250000000000021,-0.004248598666666667
24,0.7000000000000022,-0.004474898,0.7000000000000022,-0.0046992019999999995
25,0.6750000000000023,-0.0048958000000000005,0.6750000000000023,-0.005114068
26,0.6500000000000024,-0.005327482666666667,0.6500000000000024,-0.005523337333333334
27,0.6250000000000024,-0.005732038,0.6250000000000024,-0.005873714
28,0.6000000000000025,-0.006113074666666667,0.6000000000000025,-0.006237187333333333
29,0.5750000000000026,-0.0065033113333333335,0.5750000000000026,-0.006606505333333333
30,0.5500000000000027,-0.0068658600000000005,0.5500000000000027,-0.006940700000000001
31,0.5250000000000028,-0.0071915,0.5250000000000028,-0.007271766666666667
32,0.5000000000000029,-0.007431633333333334,0.5000000000000029,-0.007466806666666667
33,0.475000000000003,-0.0077767466666666665,0.475000000000003,-0.0077898
34,0.45000000000000306,-0.008089526666666668,0.45000000000000306,-0.008086633333333332
35,0.42500000000000315,-0.00839194,0.42500000000000315,-0.008365386666666667
36,0.40000000000000324,-0.008669026666666668,0.40000000000000324,-0.008625593333333334
37,0.37500000000000333,-0.008926946666666666,0.37500000000000333,-0.00888508
38,0.3500000000000034,-0.009160973333333332,0.3500000000000034,-0.0090948
39,0.3250000000000035,-0.009392153333333333,0.3250000000000035,-0.00930866
40,0.3000000000000036,-0.00959738,0.3000000000000036,-0.009501806666666668
41,0.2750000000000037,-0.009789466666666666,0.2750000000000037,-0.009701040000000001
42,0.2500000000000038,-0.009960226666666667,0.2500000000000038,-0.009852340000000001
43,0.22500000000000386,-0.010096740000000002,0.22500000000000386,-0.009977533333333335
44,0.20000000000000395,-0.010296060000000001,0.20000000000000395,-0.01015598
45,0.17500000000000404,-0.010418106666666668,0.17500000000000404,-0.010295526666666667
46,0.15000000000000413,-0.010556246666666668,0.15000000000000413,-0.010429893333333334
47,0.12500000000000422,-0.010687906666666667,0.12500000000000422,-0.01055634
48,0.10000000000000431,-0.010810046666666667,0.10000000000000431,-0.010680626666666668
49,0.0750000000000044,-0.010930646666666667,0.0750000000000044,-0.010799646666666668
50,0.050000000000004485,-0.011041253333333334,0.050000000000004485,-0.010933526666666667
51,0.025000000000004574,-0.011149326666666667,0.025000000000004574,-0.011025953333333335
52,4.6629367034256575e-15,-0.01127604,4.6629367034256575e-15,-0.01115206
53,-0.024999999999995248,-0.011375546666666668,-0.024999999999995248,-0.011252786666666667
54,-0.04999999999999516,-0.011477000000000001,-0.04999999999999516,-0.01134874
55,-0.07499999999999507,-0.011587506666666667,-0.07499999999999507,-0.011469406666666668
56,-0.09999999999999498,-0.011693086666666668,-0.09999999999999498,-0.011576
57,-0.12499999999999489,-0.01181194,-0.12499999999999489,-0.011680059999999999
58,-0.1499999999999948,-0.011898480000000001,-0.1499999999999948,-0.011787226666666668
59,-0.17499999999999472,-0.012003806666666667,-0.17499999999999472,-0.01189142
60,-0.19999999999999463,-0.01209468,-0.19999999999999463,-0.011982880000000001
61,-0.22499999999999454,-0.012196593333333334,-0.22499999999999454,-0.012091286666666666
