,a1_2R_V_D,a1_2R_J_D,a1_2R_V_L,a1_2R_J_L
0,1.3,0.030271466666666667,1.3,0.02939856
1,1.2750000000000001,0.028239566666666667,1.2750000000000001,0.027466499999999998
2,1.2500000000000002,0.026106153333333333,1.2500000000000002,0.025411760000000002
3,1.2250000000000003,0.02397040666666667,1.2250000000000003,0.023343326666666667
4,1.2000000000000004,0.021835113333333336,1.2000000000000004,0.02126610666666667
5,1.1750000000000005,0.01974228,1.1750000000000005,0.01921582
6,1.1500000000000006,0.01767758666666667,1.1500000000000006,0.01719688
7,1.1250000000000007,0.015648246666666667,1.1250000000000007,0.015201140000000002
8,1.1000000000000008,0.013670246666666667,1.1000000000000008,0.013250426666666665
9,1.0750000000000008,0.011751426666666667,1.0750000000000008,0.01135442
10,1.050000000000001,0.00989774,1.050000000000001,0.009519453333333334
11,1.025000000000001,0.008127146666666668,1.025000000000001,0.007754553333333333
12,1.000000000000001,0.006520662666666667,1.000000000000001,0.0061422153333333335
13,0.9750000000000012,0.0048861393333333334,0.9750000000000012,0.004515464
14,0.9500000000000013,0.003415649333333334,0.9500000000000013,0.003040242
15,0.9250000000000014,0.0020683606666666667,0.9250000000000014,0.0016850926666666668
16,0.9000000000000015,0.0008788446666666667,0.9000000000000015,0.0008653453333333334
17,0.8750000000000016,0.00016504626666666666,0.8750000000000016,-0.00014226973333333334
18,0.8500000000000016,-0.0005561746666666666,0.8500000000000016,-0.0009907226666666666
19,0.8250000000000017,-0.0017244773333333335,0.8250000000000017,-0.0020908613333333334
20,0.8000000000000018,-0.002517200666666667,0.8000000000000018,-0.002880430666666667
21,0.7750000000000019,-0.0032171873333333334,0.7750000000000019,-0.0035246060000000004
22,0.750000000000002,-0.0038337220000000003,0.750000000000002,-0.004118048666666667
23,0.7250000000000021,-0.004402782000000001,0.7250000000000021,-0.004639362
24,0.7000000000000022,-0.004927069333333333,0.7000000000000022,-0.005127550000000001
25,0.6750000000000023,-0.005432726666666667,0.6750000000000023,-0.00558447
26,0.6500000000000024,-0.005865232000000001,0.6500000000000024,-0.006015382
27,0.6250000000000024,-0.006305722666666667,0.6250000000000024,-0.006414276000000001
28,0.6000000000000025,-0.006732306666666667,0.6000000000000025,-0.006813960000000001
29,0.5750000000000026,-0.006998686666666667,0.5750000000000026,-0.006998693333333334
30,0.5500000000000027,-0.007443626666666666,0.5500000000000027,-0.007515053333333333
31,0.5250000000000028,-0.007716846666666667,0.5250000000000028,-0.007739893333333334
32,0.5000000000000029,-0.008106946666666668,0.5000000000000029,-0.00809194
33,0.475000000000003,-0.008417566666666668,0.475000000000003,-0.0084039
34,0.45000000000000306,-0.008728666666666668,0.45000000000000306,-0.008690353333333335
35,0.42500000000000315,-0.009018353333333333,0.42500000000000315,-0.008964360000000001
36,0.40000000000000324,-0.0093059,0.40000000000000324,-0.009215986666666667
37,0.37500000000000333,-0.009527713333333333,0.37500000000000333,-0.00943752
38,0.3500000000000034,-0.009750526666666667,0.3500000000000034,-0.009653346666666668
39,0.3250000000000035,-0.009959586666666667,0.3250000000000035,-0.00985392
40,0.3000000000000036,-0.010147773333333334,0.3000000000000036,-0.0100522
41,0.2750000000000037,-0.010314340000000002,0.2750000000000037,-0.010197340000000001
42,0.2500000000000038,-0.010474006666666667,0.2500000000000038,-0.01034798
43,0.22500000000000386,-0.010578720000000002,0.22500000000000386,-0.010463206666666667
44,0.20000000000000395,-0.010752406666666667,0.20000000000000395,-0.010629573333333335
45,0.17500000000000404,-0.010900286666666668,0.17500000000000404,-0.010758613333333333
46,0.15000000000000413,-0.011009086666666668,0.15000000000000413,-0.01088016
47,0.12500000000000422,-0.01112012,0.12500000000000422,-0.011001400000000001
48,0.10000000000000431,-0.011238706666666667,0.10000000000000431,-0.011116546666666668
49,0.0750000000000044,-0.011368466666666667,0.0750000000000044,-0.011224126666666667
50,0.050000000000004485,-0.011457846666666667,0.050000000000004485,-0.011329993333333333
51,0.025000000000004574,-0.011561060000000001,0.025000000000004574,-0.011445553333333334
52,4.6629367034256575e-15,-0.011679740000000001,4.6629367034256575e-15,-0.011550860000000001
53,-0.024999999999995248,-0.011766500000000001,-0.024999999999995248,-0.011674193333333333
54,-0.04999999999999516,-0.011870386666666666,-0.04999999999999516,-0.011760633333333334
55,-0.07499999999999507,-0.011965993333333334,-0.07499999999999507,-0.011867846666666668
56,-0.09999999999999498,-0.012072040000000001,-0.09999999999999498,-0.011965326666666666
57,-0.12499999999999489,-0.0121706,-0.12499999999999489,-0.012086040000000001
58,-0.1499999999999948,-0.01227076,-0.1499999999999948,-0.012170506666666667
59,-0.17499999999999472,-0.01236314,-0.17499999999999472,-0.012273966666666667
60,-0.19999999999999463,-0.012456986666666668,-0.19999999999999463,-0.012358586666666668
61,-0.22499999999999454,-0.012563926666666668,-0.22499999999999454,-0.012469300000000001
