,a1_2R_V_D,a1_2R_J_D,a1_2R_V_L,a1_2R_J_L
0,1.3,0.015275033333333334,1.3,0.015777866666666668
1,1.2750000000000001,0.014362033333333335,1.2750000000000001,0.014728560000000002
2,1.2500000000000002,0.013381866666666669,1.2500000000000002,0.01366172
3,1.2250000000000003,0.012388553333333335,1.2250000000000003,0.012647846666666667
4,1.2000000000000004,0.01138966,1.2000000000000004,0.011591406666666667
5,1.1750000000000005,0.010399866666666667,1.1750000000000005,0.01056298
6,1.1500000000000006,0.009415493333333334,1.1500000000000006,0.009545453333333334
7,1.1250000000000007,0.008438886666666668,1.1250000000000007,0.00852892
8,1.1000000000000008,0.007470466666666667,1.1000000000000008,0.007526886666666667
9,1.0750000000000008,0.006550362666666667,1.0750000000000008,0.006567972666666667
10,1.050000000000001,0.005605643333333334,1.050000000000001,0.005596440666666667
11,1.025000000000001,0.004703994,1.025000000000001,0.004656348
12,1.000000000000001,0.003817008666666667,1.000000000000001,0.0037407
13,0.9750000000000012,0.002962868,0.9750000000000012,0.0028543173333333335
14,0.9500000000000013,0.0021441013333333334,0.9500000000000013,0.0020107493333333336
15,0.9250000000000014,0.001359834,0.9250000000000014,0.001199364
16,0.9000000000000015,0.0008374620000000001,0.9000000000000015,0.0005928925333333334
17,0.8750000000000016,0.00022393473333333336,0.8750000000000016,-0.000226462
18,0.8500000000000016,-0.0005828010666666666,0.8500000000000016,-0.0006881853333333333
19,0.8250000000000017,-0.001021704,0.8250000000000017,-0.0014504606666666667
20,0.8000000000000018,-0.0017400066666666669,0.8000000000000018,-0.0020525060000000004
21,0.7750000000000019,-0.002309254666666667,0.7750000000000019,-0.0026035093333333335
22,0.750000000000002,-0.0028274533333333338,0.750000000000002,-0.003109534
23,0.7250000000000021,-0.0033199586666666668,0.7250000000000021,-0.00357931
24,0.7000000000000022,-0.003780638666666667,0.7000000000000022,-0.004020450666666666
25,0.6750000000000023,-0.0042201240000000004,0.6750000000000023,-0.00444306
26,0.6500000000000024,-0.004639840666666666,0.6500000000000024,-0.004848012666666667
27,0.6250000000000024,-0.005052295333333334,0.6250000000000024,-0.005218220666666667
28,0.6000000000000025,-0.005432764666666667,0.6000000000000025,-0.005576888
29,0.5750000000000026,-0.005803984666666667,0.5750000000000026,-0.005939196000000001
30,0.5500000000000027,-0.006177105333333334,0.5500000000000027,-0.006295332
31,0.5250000000000028,-0.006538823333333333,0.5250000000000028,-0.0066092346666666675
32,0.5000000000000029,-0.0068661600000000005,0.5000000000000029,-0.006930073333333333
33,0.475000000000003,-0.007195720000000001,0.475000000000003,-0.007254673333333334
34,0.45000000000000306,-0.007411119999999999,0.45000000000000306,-0.007444020000000001
35,0.42500000000000315,-0.0077333,0.42500000000000315,-0.00774996
36,0.40000000000000324,-0.0080353,0.40000000000000324,-0.00804614
37,0.37500000000000333,-0.008332720000000002,0.37500000000000333,-0.008333673333333335
38,0.3500000000000034,-0.008629473333333334,0.3500000000000034,-0.008579173333333334
39,0.3250000000000035,-0.00887802,0.3250000000000035,-0.008832666666666667
40,0.3000000000000036,-0.009119026666666667,0.3000000000000036,-0.009064113333333334
41,0.2750000000000037,-0.009362006666666667,0.2750000000000037,-0.0092801
42,0.2500000000000038,-0.00956778,0.2500000000000038,-0.009481166666666667
43,0.22500000000000386,-0.009748053333333334,0.22500000000000386,-0.009642900000000001
44,0.20000000000000395,-0.009952493333333333,0.20000000000000395,-0.009843086666666667
45,0.17500000000000404,-0.010130973333333333,0.17500000000000404,-0.010017933333333335
46,0.15000000000000413,-0.010288873333333334,0.15000000000000413,-0.010182346666666668
47,0.12500000000000422,-0.010435266666666667,0.12500000000000422,-0.010327486666666667
48,0.10000000000000431,-0.010571420000000002,0.10000000000000431,-0.010469993333333334
49,0.0750000000000044,-0.010709419999999999,0.0750000000000044,-0.010600626666666666
50,0.050000000000004485,-0.01083734,0.050000000000004485,-0.0107404
51,0.025000000000004574,-0.01097174,0.025000000000004574,-0.01085584
52,4.6629367034256575e-15,-0.011079646666666667,4.6629367034256575e-15,-0.010987386666666666
53,-0.024999999999995248,-0.011190593333333334,-0.024999999999995248,-0.01109314
54,-0.04999999999999516,-0.011310733333333335,-0.04999999999999516,-0.011222320000000001
55,-0.07499999999999507,-0.01143898,-0.07499999999999507,-0.011318053333333335
56,-0.09999999999999498,-0.011526613333333333,-0.09999999999999498,-0.011431313333333333
57,-0.12499999999999489,-0.011640233333333333,-0.12499999999999489,-0.0115406
58,-0.1499999999999948,-0.01174298,-0.1499999999999948,-0.011645246666666668
59,-0.17499999999999472,-0.011850000000000001,-0.17499999999999472,-0.0117583
60,-0.19999999999999463,-0.01193996,-0.19999999999999463,-0.011854153333333334
61,-0.22499999999999454,-0.01205704,-0.22499999999999454,-0.0119746
