,a1_2R_V_D,a1_2R_J_D,a1_2R_V_L,a1_2R_J_L
0,1.3,0.02940882666666667,1.3,0.028577133333333334
1,1.2750000000000001,0.02743344,1.2750000000000001,0.02668966
2,1.2500000000000002,0.02534934,1.2500000000000002,0.024682506666666666
3,1.2250000000000003,0.0232726,1.2250000000000003,0.022670426666666667
4,1.2000000000000004,0.021189426666666667,1.2000000000000004,0.02065092666666667
5,1.1750000000000005,0.019142246666666668,1.1750000000000005,0.018644006666666667
6,1.1500000000000006,0.0171142,1.1500000000000006,0.016671773333333334
7,1.1250000000000007,0.015135293333333334,1.1250000000000007,0.014733713333333334
8,1.1000000000000008,0.013199406666666667,1.1000000000000008,0.012819113333333333
9,1.0750000000000008,0.011321893333333334,1.0750000000000008,0.010963793333333334
10,1.050000000000001,0.009511493333333334,1.050000000000001,0.009170766666666667
11,1.025000000000001,0.007777300000000001,1.025000000000001,0.007446533333333334
12,1.000000000000001,0.006203100666666667,1.000000000000001,0.005867794
13,0.9750000000000012,0.0046021966666666666,0.9750000000000012,0.004277891333333334
14,0.9500000000000013,0.0031658706666666666,0.9500000000000013,0.0028364506666666667
15,0.9250000000000014,0.00185022,0.9250000000000014,0.0015125766666666666
16,0.9000000000000015,0.000686148,0.9000000000000015,0.0006192182666666667
17,0.8750000000000016,0.00018227720000000002,0.8750000000000016,-0.0006208054666666668
18,0.8500000000000016,-0.000675832,0.8500000000000016,-0.0011685973333333335
19,0.8250000000000017,-0.0017850893333333333,0.8250000000000017,-0.002221438
20,0.8000000000000018,-0.0025495466666666665,0.8000000000000018,-0.002962192
21,0.7750000000000019,-0.0032210093333333335,0.7750000000000019,-0.0035936726666666668
22,0.750000000000002,-0.0038114340000000003,0.750000000000002,-0.004154390666666666
23,0.7250000000000021,-0.004363037333333333,0.7250000000000021,-0.0046553666666666665
24,0.7000000000000022,-0.004867581333333333,0.7000000000000022,-0.00510548
25,0.6750000000000023,-0.005336778,0.6750000000000023,-0.0055417646666666666
26,0.6500000000000024,-0.005776675333333333,0.6500000000000024,-0.005974984
27,0.6250000000000024,-0.006198758666666667,0.6250000000000024,-0.0063320220000000005
28,0.6000000000000025,-0.006611524000000001,0.6000000000000025,-0.006720606666666667
29,0.5750000000000026,-0.006973333333333334,0.5750000000000026,-0.006998680000000001
30,0.5500000000000027,-0.0073098600000000005,0.5500000000000027,-0.007397486666666666
31,0.5250000000000028,-0.007583940000000001,0.5250000000000028,-0.0076218200000000005
32,0.5000000000000029,-0.007949526666666668,0.5000000000000029,-0.007956193333333333
33,0.475000000000003,-0.008283753333333333,0.475000000000003,-0.00828458
34,0.45000000000000306,-0.00858638,0.45000000000000306,-0.0085539
35,0.42500000000000315,-0.008878886666666667,0.42500000000000315,-0.00882242
36,0.40000000000000324,-0.009163213333333333,0.40000000000000324,-0.009067046666666667
37,0.37500000000000333,-0.009390013333333334,0.37500000000000333,-0.009291313333333334
38,0.3500000000000034,-0.009615166666666668,0.3500000000000034,-0.00951904
39,0.3250000000000035,-0.009825126666666666,0.3250000000000035,-0.009712073333333333
40,0.3000000000000036,-0.01003202,0.3000000000000036,-0.009897073333333332
41,0.2750000000000037,-0.01018708,0.2750000000000037,-0.010064826666666667
42,0.2500000000000038,-0.010346633333333334,0.2500000000000038,-0.010219500000000001
43,0.22500000000000386,-0.010458513333333334,0.22500000000000386,-0.01033274
44,0.20000000000000395,-0.010635106666666666,0.20000000000000395,-0.010497806666666666
45,0.17500000000000404,-0.01077054,0.17500000000000404,-0.010629686666666667
46,0.15000000000000413,-0.01089364,0.15000000000000413,-0.010773640000000001
47,0.12500000000000422,-0.011017726666666667,0.12500000000000422,-0.010879413333333332
48,0.10000000000000431,-0.011131733333333333,0.10000000000000431,-0.010989933333333333
49,0.0750000000000044,-0.011265486666666668,0.0750000000000044,-0.011112066666666667
50,0.050000000000004485,-0.011359113333333334,0.050000000000004485,-0.011246486666666668
51,0.025000000000004574,-0.011466106666666667,0.025000000000004574,-0.011337419999999999
52,4.6629367034256575e-15,-0.011571773333333334,4.6629367034256575e-15,-0.01145638
53,-0.024999999999995248,-0.011698013333333333,-0.024999999999995248,-0.011553046666666667
54,-0.04999999999999516,-0.011779526666666667,-0.04999999999999516,-0.01165234
55,-0.07499999999999507,-0.011876273333333333,-0.07499999999999507,-0.011761273333333334
56,-0.09999999999999498,-0.011982546666666666,-0.09999999999999498,-0.011856920000000002
57,-0.12499999999999489,-0.012081333333333333,-0.12499999999999489,-0.011966533333333335
58,-0.1499999999999948,-0.012191226666666666,-0.1499999999999948,-0.01207068
59,-0.17499999999999472,-0.01228384,-0.17499999999999472,-0.012188793333333333
60,-0.19999999999999463,-0.012374753333333334,-0.19999999999999463,-0.012261866666666668
61,-0.22499999999999454,-0.01248424,-0.22499999999999454,-0.01237182
