,a1_2R_V_D,a1_2R_J_D,a1_2R_V_L,a1_2R_J_L
0,1.3,0.018939853333333336,1.3,0.01860962
1,1.2750000000000001,0.017679513333333334,1.2750000000000001,0.0173806
2,1.2500000000000002,0.01638744666666667,1.2500000000000002,0.016105766666666667
3,1.2250000000000003,0.015081133333333333,1.2250000000000003,0.014827793333333332
4,1.2000000000000004,0.013791573333333333,1.2000000000000004,0.013565753333333335
5,1.1750000000000005,0.012518186666666667,1.1750000000000005,0.012308733333333334
6,1.1500000000000006,0.011257620000000001,1.1500000000000006,0.011065006666666669
7,1.1250000000000007,0.010016393333333333,1.1250000000000007,0.009837793333333334
8,1.1000000000000008,0.008789193333333334,1.1000000000000008,0.00862336
9,1.0750000000000008,0.007595353333333333,1.0750000000000008,0.00743844
10,1.050000000000001,0.0064626273333333335,1.050000000000001,0.006305652
11,1.025000000000001,0.005310754,1.025000000000001,0.005161497333333333
12,1.000000000000001,0.004222285333333333,1.000000000000001,0.004070315333333334
13,0.9750000000000012,0.0031781186666666665,0.9750000000000012,0.0030234526666666666
14,0.9500000000000013,0.0021924726666666667,0.9500000000000013,0.002032446666666667
15,0.9250000000000014,0.0012671966666666667,0.9250000000000014,0.0010957613333333334
16,0.9000000000000015,0.0006094254000000001,0.9000000000000015,0.0004205050666666667
17,0.8750000000000016,-0.0003221116666666667,0.8750000000000016,-0.0005065744
18,0.8500000000000016,-0.0007675246666666666,0.8500000000000016,-0.0009848186666666667
19,0.8250000000000017,-0.0016054,0.8250000000000017,-0.0018104213333333336
20,0.8000000000000018,-0.0022405886666666667,0.8000000000000018,-0.002434166666666667
21,0.7750000000000019,-0.00280129,0.7750000000000019,-0.0029835853333333336
22,0.750000000000002,-0.0033270866666666667,0.750000000000002,-0.0034844746666666667
23,0.7250000000000021,-0.0037808486666666666,0.7250000000000021,-0.003940613333333333
24,0.7000000000000022,-0.004228008666666667,0.7000000000000022,-0.004369622
25,0.6750000000000023,-0.004646947333333333,0.6750000000000023,-0.004776184
26,0.6500000000000024,-0.005056507333333334,0.6500000000000024,-0.0051695813333333335
27,0.6250000000000024,-0.005428240666666667,0.6250000000000024,-0.0055173213333333335
28,0.6000000000000025,-0.005796576666666667,0.6000000000000025,-0.005883202666666667
29,0.5750000000000026,-0.0061567133333333334,0.5750000000000026,-0.006226294
30,0.5500000000000027,-0.006504361333333333,0.5500000000000027,-0.006575464666666668
31,0.5250000000000028,-0.0068492399999999995,0.5250000000000028,-0.00688502
32,0.5000000000000029,-0.006998659999999999,0.5000000000000029,-0.0072144
33,0.475000000000003,-0.00752642,0.475000000000003,-0.0073950199999999995
34,0.45000000000000306,-0.00769904,0.45000000000000306,-0.007711986666666666
35,0.42500000000000315,-0.008006653333333334,0.42500000000000315,-0.0079964
36,0.40000000000000324,-0.008286346666666668,0.40000000000000324,-0.008271926666666667
37,0.37500000000000333,-0.008563886666666666,0.37500000000000333,-0.008545346666666667
38,0.3500000000000034,-0.008820326666666666,0.3500000000000034,-0.008770946666666666
39,0.3250000000000035,-0.009057713333333335,0.3250000000000035,-0.008997053333333335
40,0.3000000000000036,-0.009275446666666668,0.3000000000000036,-0.009212793333333334
41,0.2750000000000037,-0.009489053333333334,0.2750000000000037,-0.009425046666666667
42,0.2500000000000038,-0.009681366666666667,0.2500000000000038,-0.009593833333333333
43,0.22500000000000386,-0.009827813333333333,0.22500000000000386,-0.009737673333333334
44,0.20000000000000395,-0.010018453333333333,0.20000000000000395,-0.009928026666666668
45,0.17500000000000404,-0.010178686666666667,0.17500000000000404,-0.010078393333333335
46,0.15000000000000413,-0.010339826666666668,0.15000000000000413,-0.010223086666666667
47,0.12500000000000422,-0.010465486666666666,0.12500000000000422,-0.0103569
48,0.10000000000000431,-0.010592386666666667,0.10000000000000431,-0.0104835
49,0.0750000000000044,-0.01072084,0.0750000000000044,-0.010606646666666667
50,0.050000000000004485,-0.010838080000000002,0.050000000000004485,-0.010748933333333334
51,0.025000000000004574,-0.0109554,0.025000000000004574,-0.010841813333333334
52,4.6629367034256575e-15,-0.011058173333333332,4.6629367034256575e-15,-0.010970273333333334
53,-0.024999999999995248,-0.011176553333333334,-0.024999999999995248,-0.011079293333333334
54,-0.04999999999999516,-0.011290673333333334,-0.04999999999999516,-0.011202893333333333
55,-0.07499999999999507,-0.011401346666666668,-0.07499999999999507,-0.011295606666666668
56,-0.09999999999999498,-0.011505640000000001,-0.09999999999999498,-0.011396666666666668
57,-0.12499999999999489,-0.0116113,-0.12499999999999489,-0.0115017
58,-0.1499999999999948,-0.011718066666666667,-0.1499999999999948,-0.011602086666666667
59,-0.17499999999999472,-0.011837186666666668,-0.17499999999999472,-0.011713040000000001
60,-0.19999999999999463,-0.011914826666666668,-0.19999999999999463,-0.011804460000000001
61,-0.22499999999999454,-0.012020613333333334,-0.22499999999999454,-0.011921293333333333
