,a1_2R_V_D,a1_2R_J_D,a1_2R_V_L,a1_2R_J_L
0,1.3,0.02490072,1.3,0.02506004666666667
1,1.2750000000000001,0.023130653333333334,1.2750000000000001,0.0233585
2,1.2500000000000002,0.021363000000000004,1.2500000000000002,0.021592233333333332
3,1.2250000000000003,0.01962156666666667,1.2250000000000003,0.019839806666666668
4,1.2000000000000004,0.017891093333333333,1.2000000000000004,0.018079606666666668
5,1.1750000000000005,0.01618646666666667,1.1750000000000005,0.016348913333333336
6,1.1500000000000006,0.014507246666666668,1.1500000000000006,0.014640866666666669
7,1.1250000000000007,0.01286476,1.1250000000000007,0.012955753333333334
8,1.1000000000000008,0.011247853333333334,1.1000000000000008,0.011304666666666668
9,1.0750000000000008,0.00967982,1.0750000000000008,0.00969638
10,1.050000000000001,0.008164653333333334,1.050000000000001,0.00813704
11,1.025000000000001,0.006707393333333334,1.025000000000001,0.006674180000000001
12,1.000000000000001,0.0053847420000000005,1.000000000000001,0.005213833333333333
13,0.9750000000000012,0.004014538000000001,0.9750000000000012,0.0038475266666666667
14,0.9500000000000013,0.002777698,0.9500000000000013,0.0025757926666666667
15,0.9250000000000014,0.0016348846666666666,0.9250000000000014,0.0014099793333333334
16,0.9000000000000015,0.0009402926666666667,0.9000000000000015,0.0005839047333333334
17,0.8750000000000016,7.604746666666667e-05,0.8750000000000016,-0.0005469138666666667
18,0.8500000000000016,-0.0005950423333333333,0.8500000000000016,-0.0010632126666666668
19,0.8250000000000017,-0.001613494,0.8250000000000017,-0.0020302613333333334
20,0.8000000000000018,-0.002312358666666667,0.8000000000000018,-0.002734442
21,0.7750000000000019,-0.002930330666666667,0.7750000000000019,-0.0033365646666666665
22,0.750000000000002,-0.003490392666666667,0.750000000000002,-0.003879568
23,0.7250000000000021,-0.004019303333333333,0.7250000000000021,-0.004359926
24,0.7000000000000022,-0.004474107333333333,0.7000000000000022,-0.004810966666666667
25,0.6750000000000023,-0.004917374666666667,0.6750000000000023,-0.0052312953333333335
26,0.6500000000000024,-0.005352816666666667,0.6500000000000024,-0.005647493333333333
27,0.6250000000000024,-0.005757452666666667,0.6250000000000024,-0.0060108946666666664
28,0.6000000000000025,-0.006153045333333333,0.6000000000000025,-0.006374651333333333
29,0.5750000000000026,-0.0065281566666666666,0.5750000000000026,-0.006743786666666667
30,0.5500000000000027,-0.006893913333333333,0.5500000000000027,-0.006998659999999999
31,0.5250000000000028,-0.00721986,0.5250000000000028,-0.007415306666666667
32,0.5000000000000029,-0.007465520000000001,0.5000000000000029,-0.007607293333333334
33,0.475000000000003,-0.007800573333333334,0.475000000000003,-0.007929346666666667
34,0.45000000000000306,-0.00812696,0.45000000000000306,-0.008224946666666667
35,0.42500000000000315,-0.00842348,0.42500000000000315,-0.00850134
36,0.40000000000000324,-0.0087016,0.40000000000000324,-0.008760980000000002
37,0.37500000000000333,-0.008956053333333333,0.37500000000000333,-0.009016153333333334
38,0.3500000000000034,-0.009201873333333332,0.3500000000000034,-0.00922396
39,0.3250000000000035,-0.00942826,0.3250000000000035,-0.00942826
40,0.3000000000000036,-0.009633606666666667,0.3000000000000036,-0.00962162
41,0.2750000000000037,-0.009825046666666667,0.2750000000000037,-0.009818773333333334
42,0.2500000000000038,-0.00999944,0.2500000000000038,-0.009967006666666667
43,0.22500000000000386,-0.010130993333333334,0.22500000000000386,-0.010092473333333334
44,0.20000000000000395,-0.010310613333333335,0.20000000000000395,-0.01026838
45,0.17500000000000404,-0.010456153333333334,0.17500000000000404,-0.01040732
46,0.15000000000000413,-0.010590893333333334,0.15000000000000413,-0.010539786666666667
47,0.12500000000000422,-0.010718093333333335,0.12500000000000422,-0.010662366666666668
48,0.10000000000000431,-0.010841153333333334,0.10000000000000431,-0.010785193333333333
49,0.0750000000000044,-0.010954600000000002,0.0750000000000044,-0.010904726666666666
50,0.050000000000004485,-0.01107838,0.050000000000004485,-0.011036873333333334
51,0.025000000000004574,-0.011184793333333333,0.025000000000004574,-0.011136093333333335
52,4.6629367034256575e-15,-0.011304806666666667,4.6629367034256575e-15,-0.011254353333333333
53,-0.024999999999995248,-0.011399813333333333,-0.024999999999995248,-0.011354673333333334
54,-0.04999999999999516,-0.011507026666666668,-0.04999999999999516,-0.011481006666666668
55,-0.07499999999999507,-0.011617046666666667,-0.07499999999999507,-0.011570853333333334
56,-0.09999999999999498,-0.011744306666666668,-0.09999999999999498,-0.011679493333333334
57,-0.12499999999999489,-0.011832166666666668,-0.12499999999999489,-0.011782673333333334
58,-0.1499999999999948,-0.011929186666666668,-0.1499999999999948,-0.01188628
59,-0.17499999999999472,-0.012034620000000001,-0.17499999999999472,-0.011990686666666667
60,-0.19999999999999463,-0.012122313333333334,-0.19999999999999463,-0.012083606666666667
61,-0.22499999999999454,-0.012241473333333334,-0.22499999999999454,-0.012200260000000001
