,a1_2R_V_D,a1_2R_J_D,a1_2R_V_L,a1_2R_J_L
0,1.3,0.03780845333333334,1.3,0.036676146666666666
1,1.2750000000000001,0.03514394666666667,1.2750000000000001,0.03417280666666667
2,1.2500000000000002,0.032307213333333334,1.2500000000000002,0.03147474
3,1.2250000000000003,0.029466093333333332,1.2250000000000003,0.028748233333333335
4,1.2000000000000004,0.026635913333333337,1.2000000000000004,0.026022673333333333
5,1.1750000000000005,0.02385132666666667,1.1750000000000005,0.023328800000000004
6,1.1500000000000006,0.02112196,1.1500000000000006,0.020671753333333334
7,1.1250000000000007,0.018453773333333333,1.1250000000000007,0.018070673333333336
8,1.1000000000000008,0.015848186666666667,1.1000000000000008,0.015519653333333333
9,1.0750000000000008,0.013345366666666669,1.0750000000000008,0.013061640000000001
10,1.050000000000001,0.01095082,1.050000000000001,0.010702126666666667
11,1.025000000000001,0.00868318,1.025000000000001,0.008461766666666667
12,1.000000000000001,0.006622126666666668,1.000000000000001,0.006409631333333334
13,0.9750000000000012,0.004627838666666667,0.9750000000000012,0.004429789333333334
14,0.9500000000000013,0.0028619113333333336,0.9500000000000013,0.0026666926666666668
15,0.9250000000000014,0.0013003753333333335,0.9250000000000014,0.001103574
16,0.9000000000000015,0.0005430304,0.9000000000000015,0.000157608
17,0.8750000000000016,-0.0006998313333333333,0.8750000000000016,-0.0007807160000000001
18,0.8500000000000016,-0.0013894733333333334,0.8500000000000016,-0.002041803333333333
19,0.8250000000000017,-0.002523332,0.8250000000000017,-0.002862410666666667
20,0.8000000000000018,-0.003245694,0.8000000000000018,-0.0035394933333333335
21,0.7750000000000019,-0.003847701333333334,0.7750000000000019,-0.004093514
22,0.750000000000002,-0.004365616666666667,0.750000000000002,-0.004587664
23,0.7250000000000021,-0.004849070666666667,0.7250000000000021,-0.005026365333333334
24,0.7000000000000022,-0.00528131,0.7000000000000022,-0.0054412873333333335
25,0.6750000000000023,-0.005721450666666667,0.6750000000000023,-0.005829062
26,0.6500000000000024,-0.006081155333333334,0.6500000000000024,-0.0062244986666666665
27,0.6250000000000024,-0.00646345,0.6250000000000024,-0.006562364
28,0.6000000000000025,-0.006842473333333334,0.6000000000000025,-0.006898186666666667
29,0.5750000000000026,-0.006998666666666667,0.5750000000000026,-0.0069986733333333336
30,0.5500000000000027,-0.00749284,0.5500000000000027,-0.007554566666666668
31,0.5250000000000028,-0.007716146666666666,0.5250000000000028,-0.00774318
32,0.5000000000000029,-0.008056773333333333,0.5000000000000029,-0.008062086666666668
33,0.475000000000003,-0.008375426666666666,0.475000000000003,-0.00834936
34,0.45000000000000306,-0.00865744,0.45000000000000306,-0.008622213333333333
35,0.42500000000000315,-0.008930853333333334,0.42500000000000315,-0.008868713333333333
36,0.40000000000000324,-0.009204873333333334,0.40000000000000324,-0.009112166666666666
37,0.37500000000000333,-0.009416913333333334,0.37500000000000333,-0.009351653333333335
38,0.3500000000000034,-0.009628193333333333,0.3500000000000034,-0.009536206666666667
39,0.3250000000000035,-0.009812806666666667,0.3250000000000035,-0.009723426666666667
40,0.3000000000000036,-0.009993386666666668,0.3000000000000036,-0.009891086666666668
41,0.2750000000000037,-0.01017354,0.2750000000000037,-0.01004634
42,0.2500000000000038,-0.010335586666666667,0.2500000000000038,-0.010212733333333335
43,0.22500000000000386,-0.010442466666666667,0.22500000000000386,-0.010322873333333335
44,0.20000000000000395,-0.01061846,0.20000000000000395,-0.010493373333333333
45,0.17500000000000404,-0.010752006666666668,0.17500000000000404,-0.010622853333333335
46,0.15000000000000413,-0.01087716,0.15000000000000413,-0.01074882
47,0.12500000000000422,-0.010990746666666667,0.12500000000000422,-0.010868200000000001
48,0.10000000000000431,-0.011114986666666668,0.10000000000000431,-0.010987746666666668
49,0.0750000000000044,-0.01124756,0.0750000000000044,-0.011106366666666668
50,0.050000000000004485,-0.011339866666666667,0.050000000000004485,-0.011236853333333333
51,0.025000000000004574,-0.011444813333333333,0.025000000000004574,-0.011329006666666667
52,4.6629367034256575e-15,-0.011572373333333334,4.6629367034256575e-15,-0.011451193333333333
53,-0.024999999999995248,-0.011653713333333333,-0.024999999999995248,-0.011548146666666667
54,-0.04999999999999516,-0.01177644,-0.04999999999999516,-0.01167602
55,-0.07499999999999507,-0.011881173333333333,-0.07499999999999507,-0.011767540000000002
56,-0.09999999999999498,-0.011987386666666667,-0.09999999999999498,-0.011876133333333334
57,-0.12499999999999489,-0.01208352,-0.12499999999999489,-0.011982553333333335
58,-0.1499999999999948,-0.012196686666666666,-0.1499999999999948,-0.012085073333333333
59,-0.17499999999999472,-0.012295713333333335,-0.17499999999999472,-0.012197866666666666
60,-0.19999999999999463,-0.012393726666666667,-0.19999999999999463,-0.012291653333333334
61,-0.22499999999999454,-0.012512993333333333,-0.22499999999999454,-0.012409846666666667
