,a1_2F_V_D,a1_2F_J_D,a1_2F_V_L,a1_2F_J_L
0,-0.25,-0.014694353333333333,-0.25,-0.014321940000000002
1,-0.225,-0.013699373333333334,-0.225,-0.01337398
2,-0.2,-0.013150873333333334,-0.2,-0.012846766666666667
3,-0.17500000000000002,-0.012694706666666668,-0.17500000000000002,-0.012429240000000001
4,-0.15000000000000002,-0.01236304,-0.15000000000000002,-0.012098313333333334
5,-0.12500000000000003,-0.01206804,-0.12500000000000003,-0.01180574
6,-0.10000000000000003,-0.011792133333333333,-0.10000000000000003,-0.011551440000000001
7,-0.07500000000000004,-0.011548773333333333,-0.07500000000000004,-0.01130046
8,-0.050000000000000044,-0.011311226666666667,-0.050000000000000044,-0.011099000000000001
9,-0.02500000000000005,-0.011099006666666666,-0.02500000000000005,-0.010892013333333334
10,-5.551115123125783e-17,-0.010899973333333335,-5.551115123125783e-17,-0.01070912
11,0.02499999999999991,-0.010689546666666666,0.02499999999999991,-0.010489773333333334
12,0.04999999999999993,-0.01047356,0.04999999999999993,-0.010321420000000001
13,0.07499999999999996,-0.010304826666666668,0.07499999999999996,-0.010138513333333335
14,0.09999999999999992,-0.010116653333333333,0.09999999999999992,-0.00996024
15,0.12499999999999989,-0.009919100000000002,0.12499999999999989,-0.00978328
16,0.1499999999999999,-0.009712006666666667,0.1499999999999999,-0.009601406666666668
17,0.17499999999999993,-0.009540273333333335,0.17499999999999993,-0.009420833333333335
18,0.1999999999999999,-0.009342020000000001,0.1999999999999999,-0.009230346666666667
19,0.22499999999999987,-0.00911884,0.22499999999999987,-0.009025100000000001
20,0.2499999999999999,-0.0089213,0.2499999999999999,-0.008822426666666668
21,0.2749999999999999,-0.008697573333333335,0.2749999999999999,-0.008635953333333333
22,0.2999999999999998,-0.008463573333333333,0.2999999999999998,-0.008416473333333334
23,0.32499999999999984,-0.008218913333333334,0.32499999999999984,-0.008183386666666667
24,0.34999999999999987,-0.00795794,0.34999999999999987,-0.007924833333333334
25,0.3749999999999999,-0.007665953333333333,0.3749999999999999,-0.007687213333333333
26,0.3999999999999999,-0.007394173333333334,0.3999999999999999,-0.007417460000000001
27,0.4249999999999998,-0.007092660000000001,0.4249999999999998,-0.0071396866666666664
28,0.44999999999999984,-0.0067617400000000005,0.44999999999999984,-0.006833166666666667
29,0.47499999999999987,-0.006953873333333333,0.47499999999999987,-0.0069950133333333345
30,0.4999999999999998,-0.0061498180000000005,0.4999999999999998,-0.006258668666666667
31,0.5249999999999998,-0.005747921333333334,0.5249999999999998,-0.00588546
32,0.5499999999999998,-0.00534541,0.5499999999999998,-0.005489271333333334
33,0.5749999999999998,-0.004924188666666667,0.5749999999999998,-0.005108204
34,0.5999999999999999,-0.004491535333333334,0.5999999999999999,-0.00470028
35,0.6249999999999998,-0.0040522073333333335,0.6249999999999998,-0.0042667646666666665
36,0.6499999999999998,-0.003579842666666667,0.6499999999999998,-0.0038386413333333334
37,0.6749999999999998,-0.00308701,0.6749999999999998,-0.0033663046666666673
38,0.6999999999999997,-0.002612964666666667,0.6999999999999997,-0.0028853620000000003
39,0.7249999999999998,-0.0021078426666666667,0.7249999999999998,-0.002386774
40,0.7499999999999998,-0.0015725746666666667,0.7499999999999998,-0.0018783926666666667
41,0.7749999999999997,-0.0010163906666666668,0.7749999999999997,-0.0013380780000000001
42,0.7999999999999998,-0.001031078,0.7999999999999998,-0.0007716960000000001
43,0.8249999999999997,-0.00038663086666666666,0.8249999999999997,-0.0004900074
44,0.8499999999999996,0.0005624030000000001,0.8499999999999996,0.0004124179333333334
45,0.8749999999999998,0.0010477193333333335,0.8749999999999998,0.0008591846666666667
46,0.8999999999999997,0.0021394919999999998,0.8999999999999997,0.0019390186666666666
47,0.9249999999999998,0.0031491653333333334,0.9249999999999998,0.0029528626666666664
48,0.9499999999999997,0.004260172666666667,0.9499999999999997,0.0040770906666666665
49,0.9749999999999996,0.0055005266666666676,0.9749999999999996,0.005324674666666667
50,0.9999999999999998,0.00685682,0.9999999999999998,0.006687753333333334
51,1.0249999999999997,0.008299013333333334,1.0249999999999997,0.00814712
52,1.0499999999999998,0.009878606666666668,1.0499999999999998,0.009721926666666667
53,1.0749999999999997,0.011519793333333334,1.0749999999999997,0.011361046666666668
54,1.0999999999999996,0.013226066666666668,1.0999999999999996,0.0130662
55,1.1249999999999998,0.014983146666666667,1.1249999999999998,0.014820880000000002
56,1.1499999999999997,0.016783986666666667,1.1499999999999997,0.016619613333333335
57,1.1749999999999996,0.018620360000000002,1.1749999999999996,0.018453613333333334
58,1.1999999999999997,0.020495273333333335,1.1999999999999997,0.020321373333333333
59,1.2249999999999996,0.022401173333333333,1.2249999999999996,0.022215146666666668
60,1.2499999999999996,0.024321653333333335,1.2499999999999996,0.024141286666666668
61,1.2749999999999997,0.026265093333333336,1.2749999999999997,0.02608422666666667
