,a1_2F_V_D,a1_2F_J_D,a1_2F_V_L,a1_2F_J_L
0,-0.25,-0.014558466666666665,-0.25,-0.01423048
1,-0.225,-0.0135731,-0.225,-0.013292966666666668
2,-0.2,-0.01304716,-0.2,-0.012770293333333333
3,-0.17500000000000002,-0.012612686666666666,-0.17500000000000002,-0.01233896
4,-0.15000000000000002,-0.01227092,-0.15000000000000002,-0.012025733333333333
5,-0.12500000000000003,-0.011954900000000001,-0.12500000000000003,-0.01174668
6,-0.10000000000000003,-0.011704226666666668,-0.10000000000000003,-0.011489086666666667
7,-0.07500000000000004,-0.011464826666666667,-0.07500000000000004,-0.011257433333333334
8,-0.050000000000000044,-0.01122838,-0.050000000000000044,-0.01103424
9,-0.02500000000000005,-0.011016746666666667,-0.02500000000000005,-0.010831626666666667
10,-5.551115123125783e-17,-0.010819360000000002,-5.551115123125783e-17,-0.010645673333333334
11,0.02499999999999991,-0.010603073333333334,0.02499999999999991,-0.010445546666666666
12,0.04999999999999993,-0.01041488,0.04999999999999993,-0.01023924
13,0.07499999999999996,-0.010218693333333334,0.07499999999999996,-0.010070513333333333
14,0.09999999999999992,-0.0100107,0.09999999999999992,-0.009892433333333334
15,0.12499999999999989,-0.009832893333333334,0.12499999999999989,-0.009707366666666668
16,0.1499999999999999,-0.009641946666666668,0.1499999999999999,-0.00951156
17,0.17499999999999993,-0.009445813333333334,0.17499999999999993,-0.009346893333333333
18,0.1999999999999999,-0.0092291,0.1999999999999999,-0.009155946666666666
19,0.22499999999999987,-0.0090213,0.22499999999999987,-0.008941633333333334
20,0.2499999999999999,-0.008820320000000001,0.2499999999999999,-0.00875012
21,0.2749999999999999,-0.008590666666666667,0.2749999999999999,-0.008538806666666666
22,0.2999999999999998,-0.008350986666666668,0.2999999999999998,-0.008314573333333334
23,0.32499999999999984,-0.008098946666666667,0.32499999999999984,-0.008077846666666668
24,0.34999999999999987,-0.00783408,0.34999999999999987,-0.007826413333333334
25,0.3749999999999999,-0.007557013333333333,0.3749999999999999,-0.007563906666666667
26,0.3999999999999999,-0.007263506666666667,0.3999999999999999,-0.007290920000000001
27,0.4249999999999998,-0.006954993333333334,0.4249999999999998,-0.007006966666666667
28,0.44999999999999984,-0.006998646666666668,0.44999999999999984,-0.00669586
29,0.47499999999999987,-0.006366454,0.47499999999999987,-0.006914893333333333
30,0.4999999999999998,-0.005991180666666667,0.4999999999999998,-0.006116314
31,0.5249999999999998,-0.005602740666666667,0.5249999999999998,-0.005735068
32,0.5499999999999998,-0.005208273333333333,0.5499999999999998,-0.0053576760000000005
33,0.5749999999999998,-0.004792904666666667,0.5749999999999998,-0.004958833333333334
34,0.5999999999999999,-0.004362572,0.5999999999999999,-0.004555898
35,0.6249999999999998,-0.003920741333333333,0.6249999999999998,-0.004126833333333334
36,0.6499999999999998,-0.0034667246666666668,0.6499999999999998,-0.003687408666666667
37,0.6749999999999998,-0.0030051726666666667,0.6749999999999998,-0.0032217173333333334
38,0.6999999999999997,-0.002517329333333333,0.6999999999999997,-0.002763296666666667
39,0.7249999999999998,-0.002006794,0.7249999999999998,-0.00228164
40,0.7499999999999998,-0.0015052833333333334,0.7499999999999998,-0.0017757013333333333
41,0.7749999999999997,-0.000980338,0.7749999999999997,-0.0012436753333333332
42,0.7999999999999998,-0.0009384193333333333,0.7999999999999998,-0.0007120806666666667
43,0.8249999999999997,-0.000426623,0.8249999999999997,-0.00042560346666666667
44,0.8499999999999996,0.0005265426,0.8499999999999996,0.00042532753333333336
45,0.8749999999999998,0.0010139573333333334,0.8749999999999998,0.0008637966666666666
46,0.8999999999999997,0.0020257613333333336,0.8999999999999997,0.0018547086666666668
47,0.9249999999999998,0.0029590673333333333,0.9249999999999998,0.002779810666666667
48,0.9499999999999997,0.0039642900000000005,0.9499999999999997,0.0037898060000000006
49,0.9749999999999996,0.0050627400000000005,0.9749999999999996,0.004888342
50,0.9999999999999998,0.006245855333333334,0.9999999999999998,0.006079312666666667
51,1.0249999999999997,0.0074826733333333345,1.0249999999999997,0.007323313333333333
52,1.0499999999999998,0.00885236,1.0499999999999998,0.008689
53,1.0749999999999997,0.010260766666666667,1.0749999999999997,0.0100888
54,1.0999999999999996,0.011713826666666666,1.0999999999999996,0.011542833333333334
55,1.1249999999999998,0.013188593333333333,1.1249999999999998,0.013027613333333334
56,1.1499999999999997,0.014700166666666669,1.1499999999999997,0.014542833333333333
57,1.1749999999999996,0.01625162,1.1749999999999996,0.016083733333333333
58,1.1999999999999997,0.017821680000000003,1.1999999999999997,0.017661426666666667
59,1.2249999999999996,0.019424366666666665,1.2249999999999996,0.019233493333333334
60,1.2499999999999996,0.021026286666666668,1.2499999999999996,0.020843406666666665
61,1.2749999999999997,0.022650906666666668,1.2749999999999997,0.02246279333333333
