,a1_2F_V_D,a1_2F_J_D,a1_2F_V_L,a1_2F_J_L
0,-0.25,-0.014347259999999999,-0.25,-0.014002506666666668
1,-0.225,-0.013382093333333334,-0.225,-0.013079753333333334
2,-0.2,-0.012852813333333334,-0.2,-0.012573246666666668
3,-0.17500000000000002,-0.012414366666666668,-0.17500000000000002,-0.012153133333333333
4,-0.15000000000000002,-0.012093660000000001,-0.15000000000000002,-0.01184932
5,-0.12500000000000003,-0.01179612,-0.12500000000000003,-0.011570766666666668
6,-0.10000000000000003,-0.011534306666666666,-0.10000000000000003,-0.011319520000000001
7,-0.07500000000000004,-0.011298273333333334,-0.07500000000000004,-0.011091553333333334
8,-0.050000000000000044,-0.011066566666666668,-0.050000000000000044,-0.010871973333333333
9,-0.02500000000000005,-0.010860466666666667,-0.02500000000000005,-0.010673306666666667
10,-5.551115123125783e-17,-0.010659266666666667,-5.551115123125783e-17,-0.010482266666666667
11,0.02499999999999991,-0.010445566666666666,0.02499999999999991,-0.0102786
12,0.04999999999999993,-0.010249886666666668,0.04999999999999993,-0.010094713333333335
13,0.07499999999999996,-0.01005486,0.07499999999999996,-0.0099094
14,0.09999999999999992,-0.00986324,0.09999999999999992,-0.009724166666666667
15,0.12499999999999989,-0.009668133333333334,0.12499999999999989,-0.00953902
16,0.1499999999999999,-0.009454700000000002,0.1499999999999999,-0.00933922
17,0.17499999999999993,-0.009269706666666667,0.17499999999999993,-0.00915826
18,0.1999999999999999,-0.00906178,0.1999999999999999,-0.008965713333333335
19,0.22499999999999987,-0.008828820000000001,0.22499999999999987,-0.008747593333333333
20,0.2499999999999999,-0.00861096,0.2499999999999999,-0.008556833333333333
21,0.2749999999999999,-0.008374793333333333,0.2749999999999999,-0.008323366666666667
22,0.2999999999999998,-0.0081314,0.2999999999999998,-0.008093273333333333
23,0.32499999999999984,-0.007865200000000001,0.32499999999999984,-0.007851273333333334
24,0.34999999999999987,-0.007596733333333334,0.34999999999999987,-0.007589739999999999
25,0.3749999999999999,-0.007308066666666667,0.3749999999999999,-0.007320673333333334
26,0.3999999999999999,-0.007010333333333334,0.3999999999999999,-0.0070396600000000005
27,0.4249999999999998,-0.006697133333333333,0.4249999999999998,-0.006744986666666667
28,0.44999999999999984,-0.006888573333333333,0.44999999999999984,-0.00693774
29,0.47499999999999987,-0.006093030666666667,0.47499999999999987,-0.0061839600000000005
30,0.4999999999999998,-0.005716172,0.4999999999999998,-0.005819912666666666
31,0.5249999999999998,-0.005336514666666667,0.5249999999999998,-0.005459401333333334
32,0.5499999999999998,-0.004942805333333333,0.5499999999999998,-0.005086573333333334
33,0.5749999999999998,-0.0045445346666666666,0.5749999999999998,-0.004700131333333334
34,0.5999999999999999,-0.004133995333333334,0.5999999999999999,-0.004298313333333334
35,0.6249999999999998,-0.0037036553333333333,0.6249999999999998,-0.003888815333333334
36,0.6499999999999998,-0.003264798,0.6499999999999998,-0.0034657286666666667
37,0.6749999999999998,-0.0028196813333333333,0.6749999999999998,-0.0030283800000000002
38,0.6999999999999997,-0.0023598166666666666,0.6999999999999997,-0.0025819673333333333
39,0.7249999999999998,-0.0018856839999999999,0.7249999999999998,-0.00211977
40,0.7499999999999998,-0.0014031846666666668,0.7499999999999998,-0.0016396733333333335
41,0.7749999999999997,-0.00089297,0.7749999999999997,-0.0011340453333333333
42,0.7999999999999998,-0.0008202013333333334,0.7999999999999998,-0.0010562333333333335
43,0.8249999999999997,-0.00033975813333333337,0.8249999999999997,-0.0004657597333333334
44,0.8499999999999996,0.0004964423333333333,0.8499999999999996,0.0003362984666666667
45,0.8749999999999998,0.0009554193333333334,0.8749999999999998,0.0007955313333333334
46,0.8999999999999997,0.0018272866666666668,0.8999999999999997,0.001666554666666667
47,0.9249999999999998,0.0026273140000000004,0.9249999999999998,0.002469814666666667
48,0.9499999999999997,0.003471751333333334,0.9499999999999997,0.0033235160000000003
49,0.9749999999999996,0.004382100666666667,0.9749999999999996,0.004238456000000001
50,0.9999999999999998,0.00534015,0.9999999999999998,0.0052072126666666664
51,1.0249999999999997,0.006352142,1.0249999999999997,0.006226560666666667
52,1.0499999999999998,0.007385646666666666,1.0499999999999998,0.00727132
53,1.0749999999999997,0.008505480000000001,1.0749999999999997,0.008394146666666668
54,1.0999999999999996,0.009645713333333333,1.0999999999999996,0.009542513333333334
55,1.1249999999999998,0.010812393333333333,1.1249999999999998,0.010704526666666667
56,1.1499999999999997,0.011995366666666667,1.1499999999999997,0.011893673333333334
57,1.1749999999999996,0.013209026666666667,1.1749999999999996,0.013090580000000001
58,1.1999999999999997,0.014420180000000001,1.1999999999999997,0.014307733333333333
59,1.2249999999999996,0.015661153333333334,1.2249999999999996,0.015546526666666668
60,1.2499999999999996,0.01688554,1.2499999999999996,0.016782633333333335
61,1.2749999999999997,0.01814048,1.2749999999999997,0.018024993333333336
