,a1_2F_V_D,a1_2F_J_D,a1_2F_V_L,a1_2F_J_L
0,-0.25,-0.014763926666666666,-0.25,-0.0143534
1,-0.225,-0.013778460000000001,-0.225,-0.013411733333333333
2,-0.2,-0.013229486666666667,-0.2,-0.012887793333333333
3,-0.17500000000000002,-0.012774126666666667,-0.17500000000000002,-0.012451726666666668
4,-0.15000000000000002,-0.012449666666666668,-0.15000000000000002,-0.01213898
5,-0.12500000000000003,-0.012150046666666666,-0.12500000000000003,-0.011861993333333334
6,-0.10000000000000003,-0.011875386666666666,-0.10000000000000003,-0.011606420000000001
7,-0.07500000000000004,-0.011635406666666667,-0.07500000000000004,-0.011378253333333333
8,-0.050000000000000044,-0.011403373333333335,-0.050000000000000044,-0.011158053333333334
9,-0.02500000000000005,-0.011185833333333332,-0.02500000000000005,-0.010964206666666667
10,-5.551115123125783e-17,-0.010993673333333334,-5.551115123125783e-17,-0.010776726666666667
11,0.02499999999999991,-0.01077754,0.02499999999999991,-0.010581706666666668
12,0.04999999999999993,-0.010584820000000002,0.04999999999999993,-0.010392986666666668
13,0.07499999999999996,-0.01040212,0.07499999999999996,-0.010219233333333334
14,0.09999999999999992,-0.01020658,0.09999999999999992,-0.010047700000000001
15,0.12499999999999989,-0.01002198,0.12499999999999989,-0.00986606
16,0.1499999999999999,-0.009819153333333334,0.1499999999999999,-0.009673273333333334
17,0.17499999999999993,-0.009643006666666667,0.17499999999999993,-0.009517746666666667
18,0.1999999999999999,-0.009453273333333333,0.1999999999999999,-0.009334726666666666
19,0.22499999999999987,-0.00923236,0.22499999999999987,-0.00912832
20,0.2499999999999999,-0.009024046666666667,0.2499999999999999,-0.008944706666666667
21,0.2749999999999999,-0.008824393333333335,0.2749999999999999,-0.008743
22,0.2999999999999998,-0.008590886666666667,0.2999999999999998,-0.008531193333333333
23,0.32499999999999984,-0.008354566666666667,0.32499999999999984,-0.008310166666666667
24,0.34999999999999987,-0.008093573333333333,0.34999999999999987,-0.008067473333333334
25,0.3749999999999999,-0.007820966666666667,0.3749999999999999,-0.007820013333333334
26,0.3999999999999999,-0.0075340066666666665,0.3999999999999999,-0.00756272
27,0.4249999999999998,-0.007230540000000001,0.4249999999999998,-0.007276833333333334
28,0.44999999999999984,-0.006910286666666667,0.44999999999999984,-0.0069779533333333334
29,0.47499999999999987,-0.006998646666666668,0.47499999999999987,-0.006998653333333334
30,0.4999999999999998,-0.006290104,0.4999999999999998,-0.006409144666666667
31,0.5249999999999998,-0.005888614,0.5249999999999998,-0.006029941333333334
32,0.5499999999999998,-0.005487989333333334,0.5499999999999998,-0.0056492926666666665
33,0.5749999999999998,-0.005070497333333333,0.5749999999999998,-0.005254446
34,0.5999999999999999,-0.004634464666666667,0.5999999999999999,-0.0048424946666666665
35,0.6249999999999998,-0.0041698333333333336,0.6249999999999998,-0.004396899333333333
36,0.6499999999999998,-0.0036957260000000003,0.6499999999999998,-0.003946595333333334
37,0.6749999999999998,-0.0032104066666666666,0.6749999999999998,-0.0034611173333333337
38,0.6999999999999997,-0.002710934,0.6999999999999997,-0.002996414
39,0.7249999999999998,-0.002182334,0.7249999999999998,-0.0024918593333333335
40,0.7499999999999998,-0.0016471293333333336,0.7499999999999998,-0.00196363
41,0.7749999999999997,-0.0010745866666666667,0.7749999999999997,-0.0013972433333333334
42,0.7999999999999998,-0.0011291466666666667,0.7999999999999998,-0.0008269193333333333
43,0.8249999999999997,-0.00046743253333333333,0.8249999999999997,-0.0005593550000000001
44,0.8499999999999996,0.0005468186,0.8499999999999996,0.00039736506666666665
45,0.8749999999999998,0.0010318973333333333,0.8749999999999998,0.0008683733333333335
46,0.8999999999999997,0.0022079020000000003,0.8999999999999997,0.002031194666666667
47,0.9249999999999998,0.0033145220000000003,0.9249999999999998,0.003145156
48,0.9499999999999997,0.004556092666666667,0.9499999999999997,0.004393735333333334
49,0.9749999999999996,0.0059538686666666665,0.9749999999999996,0.005794962666666666
50,0.9999999999999998,0.0074578866666666676,0.9999999999999998,0.007303306666666667
51,1.0249999999999997,0.009167193333333334,1.0249999999999997,0.00900688
52,1.0499999999999998,0.01094302,1.0499999999999998,0.0107878
53,1.0749999999999997,0.0128214,1.0749999999999997,0.012658553333333334
54,1.0999999999999996,0.014792526666666667,1.0999999999999996,0.014609406666666666
55,1.1249999999999998,0.016807033333333332,1.1249999999999998,0.016606640000000002
56,1.1499999999999997,0.018869626666666667,1.1499999999999997,0.018660740000000002
57,1.1749999999999996,0.020973133333333335,1.1749999999999996,0.020757213333333337
58,1.1999999999999997,0.023132640000000003,1.1999999999999997,0.022876706666666666
59,1.2249999999999996,0.02531882666666667,1.2249999999999996,0.02503462
60,1.2499999999999996,0.027532300000000003,1.2499999999999996,0.027236013333333337
61,1.2749999999999997,0.02975406,1.2749999999999997,0.029476453333333333
