,a1_2F_V_D,a1_2F_J_D,a1_2F_V_L,a1_2F_J_L
0,-0.25,-0.01473238,-0.25,-0.014362393333333332
1,-0.225,-0.013728586666666666,-0.225,-0.013405646666666668
2,-0.2,-0.013172386666666668,-0.2,-0.01287364
3,-0.17500000000000002,-0.012712966666666667,-0.17500000000000002,-0.012456206666666667
4,-0.15000000000000002,-0.012385533333333334,-0.15000000000000002,-0.012115333333333334
5,-0.12500000000000003,-0.012076100000000001,-0.12500000000000003,-0.0118268
6,-0.10000000000000003,-0.011805446666666667,-0.10000000000000003,-0.011569146666666667
7,-0.07500000000000004,-0.01156308,-0.07500000000000004,-0.011340553333333333
8,-0.050000000000000044,-0.0113244,-0.050000000000000044,-0.011115153333333334
9,-0.02500000000000005,-0.011111773333333335,-0.02500000000000005,-0.010912106666666666
10,-5.551115123125783e-17,-0.010910040000000001,-5.551115123125783e-17,-0.010714473333333334
11,0.02499999999999991,-0.010692346666666666,0.02499999999999991,-0.010521526666666668
12,0.04999999999999993,-0.010495506666666668,0.04999999999999993,-0.0103144
13,0.07499999999999996,-0.010302726666666666,0.07499999999999996,-0.010153160000000001
14,0.09999999999999992,-0.010109066666666668,0.09999999999999992,-0.009972713333333334
15,0.12499999999999989,-0.009915546666666667,0.12499999999999989,-0.009784793333333333
16,0.1499999999999999,-0.009707680000000002,0.1499999999999999,-0.009586833333333333
17,0.17499999999999993,-0.009534133333333333,0.17499999999999993,-0.009416266666666668
18,0.1999999999999999,-0.009324133333333333,0.1999999999999999,-0.00922984
19,0.22499999999999987,-0.009103986666666668,0.22499999999999987,-0.009019546666666668
20,0.2499999999999999,-0.008910986666666667,0.2499999999999999,-0.008832926666666668
21,0.2749999999999999,-0.008677926666666667,0.2749999999999999,-0.008622086666666667
22,0.2999999999999998,-0.008439233333333334,0.2999999999999998,-0.008401120000000002
23,0.32499999999999984,-0.008185320000000001,0.32499999999999984,-0.008172460000000001
24,0.34999999999999987,-0.00792516,0.34999999999999987,-0.00792244
25,0.3749999999999999,-0.0076473800000000005,0.3749999999999999,-0.00764678
26,0.3999999999999999,-0.007354220000000001,0.3999999999999999,-0.007393233333333334
27,0.4249999999999998,-0.0070491,0.4249999999999998,-0.007105793333333334
28,0.44999999999999984,-0.006718326666666667,0.44999999999999984,-0.006800866666666666
29,0.47499999999999987,-0.006926053333333334,0.47499999999999987,-0.0069859
30,0.4999999999999998,-0.0060941373333333335,0.4999999999999998,-0.006223709333333334
31,0.5249999999999998,-0.005703051333333334,0.5249999999999998,-0.005847030666666667
32,0.5499999999999998,-0.005297946666666667,0.5499999999999998,-0.00546969
33,0.5749999999999998,-0.004882334,0.5749999999999998,-0.005070476
34,0.5999999999999999,-0.004452032666666667,0.5999999999999999,-0.004660366000000001
35,0.6249999999999998,-0.004002603333333334,0.6249999999999998,-0.004234446
36,0.6499999999999998,-0.0035383220000000004,0.6499999999999998,-0.003788263333333333
37,0.6749999999999998,-0.0030508513333333334,0.6749999999999998,-0.0033141260000000006
38,0.6999999999999997,-0.002576670666666667,0.6999999999999997,-0.0028571433333333335
39,0.7249999999999998,-0.002071710666666667,0.7249999999999998,-0.0023632586666666668
40,0.7499999999999998,-0.0015500513333333334,0.7499999999999998,-0.0018413226666666666
41,0.7749999999999997,-0.0010001233333333335,0.7749999999999997,-0.0012919866666666667
42,0.7999999999999998,-0.0010078206666666667,0.7999999999999998,-0.0007325453333333334
43,0.8249999999999997,-0.0003775152,0.8249999999999997,-0.0004609357333333334
44,0.8499999999999996,0.0005520066,0.8499999999999996,0.00042570333333333336
45,0.8749999999999998,0.0010318786666666667,0.8749999999999998,0.0008615193333333333
46,0.8999999999999997,0.0021009973333333334,0.8999999999999997,0.0019187886666666668
47,0.9249999999999998,0.0030757713333333333,0.9249999999999998,0.0029018633333333333
48,0.9499999999999997,0.004151732666666666,0.9499999999999997,0.003997928666666667
49,0.9749999999999996,0.005345011333333333,0.9749999999999996,0.005208301333333333
50,0.9999999999999998,0.00664833,0.9999999999999998,0.006527972666666667
51,1.0249999999999997,0.008027553333333335,1.0249999999999997,0.00793342
52,1.0499999999999998,0.009546686666666667,1.0499999999999998,0.009463106666666667
53,1.0749999999999997,0.011122600000000002,1.0749999999999997,0.0110512
54,1.0999999999999996,0.012760626666666667,1.0999999999999996,0.012701953333333333
55,1.1249999999999998,0.014445100000000002,1.1249999999999998,0.014395486666666667
56,1.1499999999999997,0.016167920000000002,1.1499999999999997,0.016135766666666666
57,1.1749999999999996,0.017925160000000002,1.1749999999999996,0.01790968
58,1.1999999999999997,0.019720366666666666,1.1999999999999997,0.019714266666666667
59,1.2249999999999996,0.021540986666666668,1.2249999999999996,0.021538993333333336
60,1.2499999999999996,0.023371613333333336,1.2499999999999996,0.023401019999999998
61,1.2749999999999997,0.025231566666666667,1.2749999999999997,0.025274420000000002
