,a1_2F_V_D,a1_2F_J_D,a1_2F_V_L,a1_2F_J_L
0,-0.25,-0.014841286666666667,-0.25,-0.014562993333333335
1,-0.225,-0.013891546666666667,-0.225,-0.013633186666666667
2,-0.2,-0.013358713333333333,-0.2,-0.013111746666666667
3,-0.17500000000000002,-0.012909806666666667,-0.17500000000000002,-0.012677506666666668
4,-0.15000000000000002,-0.012584686666666666,-0.15000000000000002,-0.012363306666666667
5,-0.12500000000000003,-0.012284306666666668,-0.12500000000000003,-0.012079353333333332
6,-0.10000000000000003,-0.01201794,-0.10000000000000003,-0.011817953333333334
7,-0.07500000000000004,-0.011780373333333333,-0.07500000000000004,-0.011586573333333334
8,-0.050000000000000044,-0.011547133333333334,-0.050000000000000044,-0.011362346666666667
9,-0.02500000000000005,-0.011331106666666667,-0.02500000000000005,-0.011151413333333334
10,-5.551115123125783e-17,-0.011138993333333335,-5.551115123125783e-17,-0.010966526666666667
11,0.02499999999999991,-0.010932886666666667,0.02499999999999991,-0.010758786666666667
12,0.04999999999999993,-0.01073372,0.04999999999999993,-0.010577
13,0.07499999999999996,-0.01054582,0.07499999999999996,-0.010396786666666666
14,0.09999999999999992,-0.010355153333333334,0.09999999999999992,-0.01021648
15,0.12499999999999989,-0.01016828,0.12499999999999989,-0.010036186666666667
16,0.1499999999999999,-0.00996424,0.1499999999999999,-0.009841906666666667
17,0.17499999999999993,-0.00979864,0.17499999999999993,-0.009677513333333334
18,0.1999999999999999,-0.00959738,0.1999999999999999,-0.009499106666666667
19,0.22499999999999987,-0.009385806666666666,0.22499999999999987,-0.009294393333333335
20,0.2499999999999999,-0.009177280000000001,0.2499999999999999,-0.009122326666666668
21,0.2749999999999999,-0.008981793333333333,0.2749999999999999,-0.008909333333333333
22,0.2999999999999998,-0.00875578,0.2999999999999998,-0.008697980000000001
23,0.32499999999999984,-0.00852108,0.32499999999999984,-0.008482000000000002
24,0.34999999999999987,-0.00826458,0.34999999999999987,-0.008243286666666667
25,0.3749999999999999,-0.00799668,0.3749999999999999,-0.007993766666666667
26,0.3999999999999999,-0.007716246666666668,0.3999999999999999,-0.0077311
27,0.4249999999999998,-0.00741812,0.4249999999999998,-0.007454746666666666
28,0.44999999999999984,-0.007101946666666667,0.44999999999999984,-0.007159066666666668
29,0.47499999999999987,-0.006751793333333333,0.47499999999999987,-0.006831960000000001
30,0.4999999999999998,-0.006958786666666667,0.4999999999999998,-0.00699822
31,0.5249999999999998,-0.0061202286666666664,0.5249999999999998,-0.006251067333333334
32,0.5499999999999998,-0.005701247333333334,0.5499999999999998,-0.005854097333333334
33,0.5749999999999998,-0.005270998666666667,0.5749999999999998,-0.0054523873333333335
34,0.5999999999999999,-0.004827718666666666,0.5999999999999999,-0.0050302006666666675
35,0.6249999999999998,-0.004362524666666667,0.6249999999999998,-0.004591282666666667
36,0.6499999999999998,-0.0038789813333333333,0.6499999999999998,-0.004134929333333334
37,0.6749999999999998,-0.003383175333333333,0.6749999999999998,-0.0036527960000000003
38,0.6999999999999997,-0.0028654786666666666,0.6999999999999997,-0.0031547486666666665
39,0.7249999999999998,-0.0023236166666666665,0.7249999999999998,-0.0026353393333333336
40,0.7499999999999998,-0.0017626986666666666,0.7499999999999998,-0.0020908386666666666
41,0.7749999999999997,-0.0011608353333333334,0.7749999999999997,-0.0014981466666666669
42,0.7999999999999998,-0.001118952,0.7999999999999998,-0.0008973660000000001
43,0.8249999999999997,-0.0003930458,0.8249999999999997,-0.0005786215333333333
44,0.8499999999999996,0.0006363045333333333,0.8499999999999996,0.00041084499999999996
45,0.8749999999999998,0.0012347039999999999,0.8749999999999998,0.0009584853333333333
46,0.8999999999999997,0.002435694,0.8999999999999997,0.002146684
47,0.9249999999999998,0.0035606233333333333,0.9249999999999998,0.003275768666666667
48,0.9499999999999997,0.004805938666666667,0.9499999999999997,0.004528803333333334
49,0.9749999999999996,0.006184255333333334,0.9749999999999996,0.005917257333333334
50,0.9999999999999998,0.00766264,0.9999999999999998,0.007419713333333333
51,1.0249999999999997,0.009330226666666667,1.0249999999999997,0.009083153333333333
52,1.0499999999999998,0.011065106666666668,1.0499999999999998,0.010819453333333335
53,1.0749999999999997,0.012880246666666666,1.0749999999999997,0.012634726666666667
54,1.0999999999999996,0.014771933333333334,1.0999999999999996,0.014521866666666666
55,1.1249999999999998,0.016718993333333335,1.1249999999999998,0.016464500000000003
56,1.1499999999999997,0.018718580000000002,1.1499999999999997,0.018458826666666667
57,1.1749999999999996,0.020762193333333335,1.1749999999999996,0.020497726666666667
58,1.1999999999999997,0.022840773333333335,1.1999999999999997,0.022569346666666667
59,1.2249999999999996,0.02495898666666667,1.2249999999999996,0.024678993333333336
60,1.2499999999999996,0.027105506666666668,1.2499999999999996,0.02682414666666667
61,1.2749999999999997,0.029270000000000004,1.2749999999999997,0.028986940000000003
