,a1_2R_V_D,a1_2R_J_D,a1_2R_V_L,a1_2R_J_L
0,1.3,0.0344261,1.3,0.03372398666666667
1,1.2750000000000001,0.031946593333333335,1.2750000000000001,0.03136496666666667
2,1.2500000000000002,0.02933626,1.2500000000000002,0.028862000000000002
3,1.2250000000000003,0.026724253333333337,1.2250000000000003,0.026325920000000003
4,1.2000000000000004,0.024133380000000003,1.2000000000000004,0.02381934
5,1.1750000000000005,0.02158196,1.1750000000000005,0.021323213333333334
6,1.1500000000000006,0.0190698,1.1500000000000006,0.01885829333333333
7,1.1250000000000007,0.016611246666666666,1.1250000000000007,0.01644982
8,1.1000000000000008,0.014223820000000002,1.1000000000000008,0.01409206
9,1.0750000000000008,0.011908460000000001,1.0750000000000008,0.011810046666666667
10,1.050000000000001,0.009690406666666667,1.050000000000001,0.0096164
11,1.025000000000001,0.00758374,1.025000000000001,0.00752382
12,1.000000000000001,0.005670155333333334,1.000000000000001,0.00561442
13,0.9750000000000012,0.0037955600000000003,0.9750000000000012,0.0037500466666666667
14,0.9500000000000013,0.002136584,0.9500000000000013,0.0020861013333333335
15,0.9250000000000014,0.00107375,0.9250000000000014,0.000982898
16,0.9000000000000015,-8.892293333333334e-05,0.9000000000000015,-0.00019850253333333334
17,0.8750000000000016,-0.0010082966666666669,0.8750000000000016,-0.00115032
18,0.8500000000000016,-0.0022305053333333334,0.8500000000000016,-0.0023569513333333335
19,0.8250000000000017,-0.0030138453333333334,0.8250000000000017,-0.003143128666666667
20,0.8000000000000018,-0.0036678513333333338,0.8000000000000018,-0.0037753100000000005
21,0.7750000000000019,-0.004186103333333333,0.7750000000000019,-0.004336296666666667
22,0.750000000000002,-0.004642296666666667,0.750000000000002,-0.004784153333333333
23,0.7250000000000021,-0.005072800000000001,0.7250000000000021,-0.00520463
24,0.7000000000000022,-0.005500428666666667,0.7000000000000022,-0.00559341
25,0.6750000000000023,-0.005857966666666666,0.6750000000000023,-0.005988718666666667
26,0.6500000000000024,-0.0062152146666666665,0.6500000000000024,-0.006321812666666667
27,0.6250000000000024,-0.006586872666666668,0.6250000000000024,-0.0066805200000000006
28,0.6000000000000025,-0.006905033333333334,0.6000000000000025,-0.006976200000000001
29,0.5750000000000026,-0.006998666666666667,0.5750000000000026,-0.007267573333333333
30,0.5500000000000027,-0.007544926666666668,0.5500000000000027,-0.00751116
31,0.5250000000000028,-0.007797333333333334,0.5250000000000028,-0.007854973333333334
32,0.5000000000000029,-0.008103133333333333,0.5000000000000029,-0.008188200000000001
33,0.475000000000003,-0.008421133333333334,0.475000000000003,-0.008460333333333334
34,0.45000000000000306,-0.008725693333333333,0.45000000000000306,-0.008738600000000001
35,0.42500000000000315,-0.008999833333333334,0.42500000000000315,-0.009006126666666666
36,0.40000000000000324,-0.00926192,0.40000000000000324,-0.009238746666666667
37,0.37500000000000333,-0.009509086666666666,0.37500000000000333,-0.00948378
38,0.3500000000000034,-0.009733033333333333,0.3500000000000034,-0.009701193333333333
39,0.3250000000000035,-0.009954366666666667,0.3250000000000035,-0.009903806666666667
40,0.3000000000000036,-0.010154273333333333,0.3000000000000036,-0.0100979
41,0.2750000000000037,-0.010344413333333335,0.2750000000000037,-0.010277920000000001
42,0.2500000000000038,-0.0105191,0.2500000000000038,-0.010445506666666667
43,0.22500000000000386,-0.010651946666666667,0.22500000000000386,-0.010565080000000001
44,0.20000000000000395,-0.01086078,0.20000000000000395,-0.010754046666666666
45,0.17500000000000404,-0.010989700000000002,0.17500000000000404,-0.010917040000000001
46,0.15000000000000413,-0.01113042,0.15000000000000413,-0.011040806666666667
47,0.12500000000000422,-0.011267053333333334,0.12500000000000422,-0.011172433333333334
48,0.10000000000000431,-0.011391666666666666,0.10000000000000431,-0.011302920000000001
49,0.0750000000000044,-0.011528140000000001,0.0750000000000044,-0.011425946666666667
50,0.050000000000004485,-0.011658766666666667,0.050000000000004485,-0.01156026
51,0.025000000000004574,-0.0117743,0.025000000000004574,-0.011676180000000001
52,4.6629367034256575e-15,-0.011916620000000001,4.6629367034256575e-15,-0.01180548
53,-0.024999999999995248,-0.012026533333333334,-0.024999999999995248,-0.011919206666666668
54,-0.04999999999999516,-0.012140686666666666,-0.04999999999999516,-0.01204556
55,-0.07499999999999507,-0.012269066666666668,-0.07499999999999507,-0.012158746666666666
56,-0.09999999999999498,-0.012381586666666666,-0.09999999999999498,-0.012284080000000001
57,-0.12499999999999489,-0.012525213333333333,-0.12499999999999489,-0.012402606666666668
58,-0.1499999999999948,-0.012626286666666667,-0.1499999999999948,-0.012539546666666668
59,-0.17499999999999472,-0.012740113333333334,-0.17499999999999472,-0.012639733333333333
60,-0.19999999999999463,-0.01285474,-0.19999999999999463,-0.0127501
61,-0.22499999999999454,-0.013004333333333333,-0.22499999999999454,-0.012880113333333333
