,a1_2F_V_D,a1_2F_J_D,a1_2F_V_L,a1_2F_J_L
0,-0.25,-0.014906193333333335,-0.25,-0.01467232
1,-0.225,-0.013967873333333335,-0.225,-0.013741293333333335
2,-0.2,-0.013437253333333335,-0.2,-0.01321458
3,-0.17500000000000002,-0.012988986666666667,-0.17500000000000002,-0.012774633333333334
4,-0.15000000000000002,-0.012669886666666666,-0.15000000000000002,-0.01245772
5,-0.12500000000000003,-0.012373666666666666,-0.12500000000000003,-0.01217442
6,-0.10000000000000003,-0.012100106666666667,-0.10000000000000003,-0.011911806666666667
7,-0.07500000000000004,-0.011861766666666667,-0.07500000000000004,-0.011680273333333333
8,-0.050000000000000044,-0.011629466666666668,-0.050000000000000044,-0.011453033333333333
9,-0.02500000000000005,-0.011420306666666666,-0.02500000000000005,-0.01125278
10,-5.551115123125783e-17,-0.011222033333333334,-5.551115123125783e-17,-0.011063113333333334
11,0.02499999999999991,-0.011013826666666667,0.02499999999999991,-0.010857833333333334
12,0.04999999999999993,-0.010797586666666668,0.04999999999999993,-0.010670593333333334
13,0.07499999999999996,-0.010625013333333334,0.07499999999999996,-0.010490480000000002
14,0.09999999999999992,-0.010440673333333334,0.09999999999999992,-0.010311186666666666
15,0.12499999999999989,-0.010257373333333335,0.12499999999999989,-0.010132166666666668
16,0.1499999999999999,-0.010053753333333334,0.1499999999999999,-0.00993888
17,0.17499999999999993,-0.00988844,0.17499999999999993,-0.009775273333333334
18,0.1999999999999999,-0.009700166666666668,0.1999999999999999,-0.009602066666666667
19,0.22499999999999987,-0.009485466666666668,0.22499999999999987,-0.009395586666666667
20,0.2499999999999999,-0.009296220000000001,0.2499999999999999,-0.009201093333333334
21,0.2749999999999999,-0.009086206666666668,0.2749999999999999,-0.0090249
22,0.2999999999999998,-0.0088625,0.2999999999999998,-0.008810040000000002
23,0.32499999999999984,-0.008630366666666667,0.32499999999999984,-0.008598486666666667
24,0.34999999999999987,-0.008377786666666668,0.34999999999999987,-0.00836204
25,0.3749999999999999,-0.008100006666666668,0.3749999999999999,-0.008117333333333334
26,0.3999999999999999,-0.0078464,0.3999999999999999,-0.007858893333333334
27,0.4249999999999998,-0.0075454933333333335,0.4249999999999998,-0.007586773333333333
28,0.44999999999999984,-0.007229406666666667,0.44999999999999984,-0.00729542
29,0.47499999999999987,-0.006882486666666667,0.47499999999999987,-0.0069857800000000005
30,0.4999999999999998,-0.0069986733333333336,0.4999999999999998,-0.006998680000000001
31,0.5249999999999998,-0.006257985333333334,0.5249999999999998,-0.006400855333333334
32,0.5499999999999998,-0.005837319333333334,0.5499999999999998,-0.006000588
33,0.5749999999999998,-0.005409842666666667,0.5749999999999998,-0.0055923733333333335
34,0.5999999999999999,-0.004961816,0.5999999999999999,-0.005176490000000001
35,0.6249999999999998,-0.0044972300000000005,0.6249999999999998,-0.004733584000000001
36,0.6499999999999998,-0.004007686666666667,0.6499999999999998,-0.004267674
37,0.6749999999999998,-0.00348331,0.6749999999999998,-0.0037842180000000002
38,0.6999999999999997,-0.002976132,0.6999999999999997,-0.003284972
39,0.7249999999999998,-0.0024294580000000002,0.7249999999999998,-0.0027465633333333336
40,0.7499999999999998,-0.0018483246666666667,0.7499999999999998,-0.0021903726666666666
41,0.7749999999999997,-0.0012305813333333333,0.7749999999999997,-0.0015833326666666668
42,0.7999999999999998,-0.001194064,0.7999999999999998,-0.0009636726666666667
43,0.8249999999999997,-0.00043795420000000007,0.8249999999999997,-0.0006386817333333334
44,0.8499999999999996,0.0006374045333333333,0.8499999999999996,0.000400024
45,0.8749999999999998,0.001274936,0.8749999999999998,0.000978874
46,0.8999999999999997,0.0025393633333333334,0.8999999999999997,0.002232834
47,0.9249999999999998,0.003738686,0.9249999999999998,0.003430844666666667
48,0.9499999999999997,0.005073045333333333,0.9499999999999997,0.004772919333333334
49,0.9749999999999996,0.0065582240000000005,0.9749999999999996,0.006263500666666667
50,0.9999999999999998,0.008172960000000002,0.9999999999999998,0.007900700000000002
51,1.0249999999999997,0.009969080000000002,1.0249999999999997,0.009691113333333334
52,1.0499999999999998,0.011848026666666666,1.0499999999999998,0.01156884
53,1.0749999999999997,0.013818700000000001,1.0749999999999997,0.013534966666666667
54,1.0999999999999996,0.015874813333333335,1.0999999999999996,0.015583940000000001
55,1.1249999999999998,0.01799158,1.1249999999999998,0.01769335333333333
56,1.1499999999999997,0.020169366666666667,1.1499999999999997,0.01985978
57,1.1749999999999996,0.022381953333333333,1.1749999999999996,0.022075286666666666
58,1.1999999999999997,0.02465062,1.1999999999999997,0.02433222
59,1.2249999999999996,0.026961300000000004,1.2249999999999996,0.026623040000000004
60,1.2499999999999996,0.02929748666666667,1.2499999999999996,0.028959293333333334
61,1.2749999999999997,0.031664646666666664,1.2749999999999997,0.031309420000000004
