,a1_2F_V_D,a1_2F_J_D,a1_2F_V_L,a1_2F_J_L
0,-0.25,-0.014305620000000002,-0.25,-0.013967420000000001
1,-0.225,-0.01334018,-0.225,-0.013049446666666667
2,-0.2,-0.012812566666666667,-0.2,-0.012540273333333334
3,-0.17500000000000002,-0.012381086666666668,-0.17500000000000002,-0.012132506666666668
4,-0.15000000000000002,-0.01207766,-0.15000000000000002,-0.011817073333333334
5,-0.12500000000000003,-0.011775306666666667,-0.12500000000000003,-0.011544533333333334
6,-0.10000000000000003,-0.011513586666666667,-0.10000000000000003,-0.01129216
7,-0.07500000000000004,-0.011255353333333334,-0.07500000000000004,-0.01106644
8,-0.050000000000000044,-0.011047506666666668,-0.050000000000000044,-0.010839206666666667
9,-0.02500000000000005,-0.01083024,-0.02500000000000005,-0.010645853333333333
10,-5.551115123125783e-17,-0.010635933333333333,-5.551115123125783e-17,-0.010453793333333334
11,0.02499999999999991,-0.010424633333333334,0.02499999999999991,-0.010252393333333333
12,0.04999999999999993,-0.010222900000000002,0.04999999999999993,-0.010062006666666666
13,0.07499999999999996,-0.010031980000000001,0.07499999999999996,-0.009878746666666667
14,0.09999999999999992,-0.00983168,0.09999999999999992,-0.00969508
15,0.12499999999999989,-0.009637940000000001,0.12499999999999989,-0.009508926666666667
16,0.1499999999999999,-0.009426613333333334,0.1499999999999999,-0.009304326666666668
17,0.17499999999999993,-0.009240486666666667,0.17499999999999993,-0.009126653333333333
18,0.1999999999999999,-0.009027266666666667,0.1999999999999999,-0.00892236
19,0.22499999999999987,-0.008802533333333333,0.22499999999999987,-0.008705093333333334
20,0.2499999999999999,-0.008567453333333334,0.2499999999999999,-0.0084875
21,0.2749999999999999,-0.008346546666666668,0.2749999999999999,-0.008281900000000002
22,0.2999999999999998,-0.008096213333333335,0.2999999999999998,-0.008047106666666666
23,0.32499999999999984,-0.007828046666666668,0.32499999999999984,-0.007799386666666667
24,0.34999999999999987,-0.007553366666666668,0.34999999999999987,-0.007543033333333333
25,0.3749999999999999,-0.007269866666666667,0.3749999999999999,-0.007270273333333334
26,0.3999999999999999,-0.006968833333333333,0.3999999999999999,-0.006987806666666667
27,0.4249999999999998,-0.006998646666666668,0.4249999999999998,-0.006692913333333334
28,0.44999999999999984,-0.006381403333333333,0.44999999999999984,-0.006895573333333334
29,0.47499999999999987,-0.006021426666666666,0.47499999999999987,-0.006122224666666667
30,0.4999999999999998,-0.005661826,0.4999999999999998,-0.005763471333333334
31,0.5249999999999998,-0.005282654666666667,0.5249999999999998,-0.005401566666666666
32,0.5499999999999998,-0.004899684,0.5499999999999998,-0.005027952666666667
33,0.5749999999999998,-0.004497207333333334,0.5749999999999998,-0.0046458639999999995
34,0.5999999999999999,-0.004089926000000001,0.5999999999999999,-0.004255823333333334
35,0.6249999999999998,-0.0036639513333333335,0.6249999999999998,-0.003842876666666667
36,0.6499999999999998,-0.0032299253333333334,0.6499999999999998,-0.003422094666666667
37,0.6749999999999998,-0.0027849573333333334,0.6749999999999998,-0.002989072666666667
38,0.6999999999999997,-0.002329188,0.6999999999999997,-0.0025492153333333337
39,0.7249999999999998,-0.0018618159999999999,0.7249999999999998,-0.0020922373333333334
40,0.7499999999999998,-0.0013837586666666667,0.7499999999999998,-0.0016185593333333335
41,0.7749999999999997,-0.0008803846666666668,0.7749999999999997,-0.001122886
42,0.7999999999999998,-0.0006432842666666667,0.7999999999999998,-0.0010325926666666667
43,0.8249999999999997,7.812746666666667e-05,0.8249999999999997,-0.0004510500666666667
44,0.8499999999999996,0.0006647642666666667,0.8499999999999996,0.00033323120000000004
45,0.8749999999999998,0.0010471920000000002,0.8749999999999998,0.00079882
46,0.8999999999999997,0.0018771326666666666,0.8999999999999997,0.0016561453333333333
47,0.9249999999999998,0.0026385993333333333,0.9249999999999998,0.002447065333333333
48,0.9499999999999997,0.003445059333333333,0.9499999999999997,0.003284376
49,0.9749999999999996,0.004314682,0.9749999999999996,0.004174408
50,0.9999999999999998,0.005226493333333334,0.9999999999999998,0.005114449333333334
51,1.0249999999999997,0.006190567333333334,1.0249999999999997,0.0061076820000000006
52,1.0499999999999998,0.007179006666666667,1.0499999999999998,0.0071108533333333335
53,1.0749999999999997,0.00825096,1.0749999999999997,0.008196313333333333
54,1.0999999999999996,0.009349773333333334,1.0999999999999996,0.009300326666666667
55,1.1249999999999998,0.010468813333333334,1.1249999999999998,0.010412693333333334
56,1.1499999999999997,0.01160414,1.1499999999999997,0.011561553333333334
57,1.1749999999999996,0.01277374,1.1749999999999996,0.012686086666666667
58,1.1999999999999997,0.013942733333333335,1.1999999999999997,0.013860153333333335
59,1.2249999999999996,0.015118066666666667,1.2249999999999996,0.015060220000000001
60,1.2499999999999996,0.016316633333333334,1.2499999999999996,0.016243893333333332
61,1.2749999999999997,0.01749378,1.2749999999999997,0.017471593333333334
