,a1_2F_V_D,a1_2F_J_D,a1_2F_V_L,a1_2F_J_L
0,-0.25,-0.016112826666666667,-0.25,-0.01558868
1,-0.225,-0.015035813333333333,-0.225,-0.014615566666666668
2,-0.2,-0.014448233333333334,-0.2,-0.01408102
3,-0.17500000000000002,-0.0140058,-0.17500000000000002,-0.013659393333333332
4,-0.15000000000000002,-0.013639493333333336,-0.15000000000000002,-0.013323246666666668
5,-0.12500000000000003,-0.013301093333333333,-0.12500000000000003,-0.013019406666666667
6,-0.10000000000000003,-0.013030380000000001,-0.10000000000000003,-0.012747960000000001
7,-0.07500000000000004,-0.012746986666666666,-0.07500000000000004,-0.012503966666666668
8,-0.050000000000000044,-0.012489980000000001,-0.050000000000000044,-0.012241160000000001
9,-0.02500000000000005,-0.012237526666666668,-0.02500000000000005,-0.012033486666666668
10,-5.551115123125783e-17,-0.011998173333333334,-5.551115123125783e-17,-0.01181332
11,0.02499999999999991,-0.01176,0.02499999999999991,-0.0115966
12,0.04999999999999993,-0.011511653333333333,0.04999999999999993,-0.011359833333333333
13,0.07499999999999996,-0.011257640000000001,0.07499999999999996,-0.011156253333333333
14,0.09999999999999992,-0.01103316,0.09999999999999992,-0.010939226666666668
15,0.12499999999999989,-0.010796960000000001,0.12499999999999989,-0.010705293333333334
16,0.1499999999999999,-0.010540573333333334,0.1499999999999999,-0.0104759
17,0.17499999999999993,-0.01029214,0.17499999999999993,-0.010241606666666667
18,0.1999999999999999,-0.01001862,0.1999999999999999,-0.009996793333333334
19,0.22499999999999987,-0.009740513333333334,0.22499999999999987,-0.00973954
20,0.2499999999999999,-0.009477753333333335,0.2499999999999999,-0.009485333333333335
21,0.2749999999999999,-0.009184606666666666,0.2749999999999999,-0.009206153333333335
22,0.2999999999999998,-0.008884240000000002,0.2999999999999998,-0.00894328
23,0.32499999999999984,-0.008574920000000001,0.32499999999999984,-0.008670453333333333
24,0.34999999999999987,-0.008258586666666666,0.34999999999999987,-0.008373773333333332
25,0.3749999999999999,-0.007934333333333335,0.3749999999999999,-0.008049726666666666
26,0.3999999999999999,-0.007582666666666667,0.3999999999999999,-0.007747333333333333
27,0.4249999999999998,-0.007250266666666666,0.4249999999999998,-0.007418173333333334
28,0.44999999999999984,-0.006888806666666667,0.44999999999999984,-0.007079260000000001
29,0.47499999999999987,-0.00697348,0.47499999999999987,-0.00672962
30,0.4999999999999998,-0.0062155506666666666,0.4999999999999998,-0.006877086666666667
31,0.5249999999999998,-0.005802067333333334,0.5249999999999998,-0.006075192666666667
32,0.5499999999999998,-0.005404705333333334,0.5499999999999998,-0.005657984666666667
33,0.5749999999999998,-0.0049808073333333334,0.5749999999999998,-0.005231306666666667
34,0.5999999999999999,-0.0045619300000000005,0.5999999999999999,-0.004827217333333334
35,0.6249999999999998,-0.0041360373333333336,0.6249999999999998,-0.004402201333333333
36,0.6499999999999998,-0.0036910840000000003,0.6499999999999998,-0.003959721333333333
37,0.6749999999999998,-0.003249872,0.6749999999999998,-0.003515236
38,0.6999999999999997,-0.002780800666666667,0.6999999999999997,-0.0030547866666666666
39,0.7249999999999998,-0.0023355146666666667,0.7249999999999998,-0.002594996
40,0.7499999999999998,-0.0018779733333333334,0.7499999999999998,-0.0021192733333333332
41,0.7749999999999997,-0.0014021106666666668,0.7749999999999997,-0.001633238
42,0.7999999999999998,-0.0009029186666666667,0.7999999999999998,-0.0011275533333333333
43,0.8249999999999997,-0.0009122653333333335,0.8249999999999997,-0.0011280233333333333
44,0.8499999999999996,-0.0003592016666666667,0.8499999999999996,-0.0005341232666666667
45,0.8749999999999998,0.00042919373333333337,0.8749999999999998,0.00028865153333333335
46,0.8999999999999997,0.0007705553333333334,0.8999999999999997,0.0006732953333333333
47,0.9249999999999998,0.0015196953333333333,0.9249999999999998,0.0014381406666666666
48,0.9499999999999997,0.0022125726666666666,0.9499999999999997,0.0021465853333333335
49,0.9749999999999996,0.002931566,0.9749999999999996,0.002889130666666667
50,0.9999999999999998,0.0036866406666666665,0.9999999999999998,0.003665688
51,1.0249999999999997,0.0044737606666666666,1.0249999999999997,0.004473543333333333
52,1.0499999999999998,0.005292748,1.0499999999999998,0.005310606
53,1.0749999999999997,0.006133756,1.0749999999999997,0.006167952
54,1.0999999999999996,0.006993020000000001,1.0999999999999996,0.007014426666666667
55,1.1249999999999998,0.007901966666666668,1.1249999999999998,0.007914026666666667
56,1.1499999999999997,0.008798786666666667,1.1499999999999997,0.00881736
57,1.1749999999999996,0.009722293333333335,1.1749999999999996,0.009744873333333334
58,1.1999999999999997,0.010637106666666668,1.1999999999999997,0.01067928
59,1.2249999999999996,0.011556100000000001,1.2249999999999996,0.011641873333333334
60,1.2499999999999996,0.012538553333333334,1.2499999999999996,0.01259736
61,1.2749999999999997,0.013479733333333336,1.2749999999999997,0.013581573333333334
