,SA_MeO-2PAcZ_C_24h_6F_V_D,SA_MeO-2PAcZ_C_24h_6F_J_D,SA_MeO-2PAcZ_C_24h_6F_V_L,SA_MeO-2PAcZ_C_24h_6F_J_L
0,-0.25,-0.023447493333333333,-0.25,-0.023415226666666667
1,-0.225,-0.023333846666666668,-0.225,-0.023278006666666667
2,-0.2,-0.02322742666666667,-0.2,-0.023165173333333334
3,-0.17500000000000002,-0.023137066666666668,-0.17500000000000002,-0.02308032
4,-0.15000000000000002,-0.023068186666666667,-0.15000000000000002,-0.023020006666666665
5,-0.12500000000000003,-0.023015026666666667,-0.12500000000000003,-0.022971386666666666
6,-0.10000000000000003,-0.02297534,-0.10000000000000003,-0.022928506666666668
7,-0.07500000000000004,-0.022936733333333334,-0.07500000000000004,-0.02289484666666667
8,-0.050000000000000044,-0.022907513333333334,-0.050000000000000044,-0.022868353333333334
9,-0.02500000000000005,-0.02288162666666667,-0.02500000000000005,-0.02283700666666667
10,-5.551115123125783e-17,-0.0228589,-5.551115123125783e-17,-0.022820353333333335
11,0.02499999999999991,-0.022828066666666667,0.02499999999999991,-0.02278688666666667
12,0.04999999999999993,-0.022809826666666668,0.04999999999999993,-0.022769133333333334
13,0.07499999999999996,-0.022787433333333336,0.07499999999999996,-0.02274610666666667
14,0.09999999999999992,-0.02276582666666667,0.09999999999999992,-0.022724646666666667
15,0.12499999999999989,-0.02274814,0.12499999999999989,-0.02269468666666667
16,0.1499999999999999,-0.022722666666666665,0.1499999999999999,-0.022683293333333333
17,0.17499999999999993,-0.022704193333333334,0.17499999999999993,-0.02266004
18,0.1999999999999999,-0.022682606666666667,0.1999999999999999,-0.022639553333333333
19,0.22499999999999987,-0.02266034,0.22499999999999987,-0.02261104666666667
20,0.2499999999999999,-0.022641633333333334,0.2499999999999999,-0.02259574
21,0.2749999999999999,-0.022621326666666667,0.2749999999999999,-0.02257186
22,0.2999999999999998,-0.022601633333333336,0.2999999999999998,-0.02255563333333333
23,0.32499999999999984,-0.02257604,0.32499999999999984,-0.022528646666666666
24,0.34999999999999987,-0.0225475,0.34999999999999987,-0.022498360000000002
25,0.3749999999999999,-0.022530733333333334,0.3749999999999999,-0.022481646666666667
26,0.3999999999999999,-0.02250598666666667,0.3999999999999999,-0.02245942
27,0.4249999999999998,-0.0224812,0.4249999999999998,-0.022430113333333335
28,0.44999999999999984,-0.022455846666666668,0.44999999999999984,-0.022391173333333333
29,0.47499999999999987,-0.022420960000000004,0.47499999999999987,-0.022372693333333332
30,0.4999999999999998,-0.02239162,0.4999999999999998,-0.022337040000000002
31,0.5249999999999998,-0.02235678,0.5249999999999998,-0.022303966666666668
32,0.5499999999999998,-0.022315633333333335,0.5499999999999998,-0.022264946666666667
33,0.5749999999999998,-0.022274273333333334,0.5749999999999998,-0.022218553333333335
34,0.5999999999999999,-0.02222700666666667,0.5999999999999999,-0.022173726666666668
35,0.6249999999999998,-0.022176786666666667,0.6249999999999998,-0.022119633333333336
36,0.6499999999999998,-0.02211108666666667,0.6499999999999998,-0.0220559
37,0.6749999999999998,-0.022029326666666668,0.6749999999999998,-0.021980353333333334
38,0.6999999999999997,-0.021953486666666668,0.6999999999999997,-0.021894386666666668
39,0.7249999999999998,-0.021851033333333336,0.7249999999999998,-0.021790720000000003
40,0.7499999999999998,-0.021715786666666667,0.7499999999999998,-0.021655853333333336
41,0.7749999999999997,-0.02152064,0.7749999999999997,-0.021463773333333335
42,0.7999999999999998,-0.021250986666666666,0.7999999999999998,-0.021211320000000002
43,0.8249999999999997,-0.020797053333333336,0.8249999999999997,-0.020780613333333336
44,0.8499999999999996,-0.02002492,0.8499999999999996,-0.020059913333333332
45,0.8749999999999998,-0.018748026666666667,0.8749999999999998,-0.018861653333333332
46,0.8999999999999997,-0.016713473333333333,0.8999999999999997,-0.016903473333333335
47,0.9249999999999998,-0.013651499999999999,0.9249999999999998,-0.013944593333333333
48,0.9499999999999997,-0.00931624,0.9499999999999997,-0.009716153333333333
49,0.9749999999999996,-0.004944396,0.9749999999999996,-0.005404050666666667
50,0.9999999999999998,0.0027414433333333337,0.9999999999999998,0.002209656
51,1.0249999999999997,0.0094009,1.0249999999999997,0.008857086666666668
52,1.0499999999999998,0.019985620000000003,1.0499999999999998,0.019402440000000003
53,1.0749999999999997,0.03132734666666667,1.0749999999999997,0.030733973333333334
54,1.0999999999999996,0.043614146666666666,1.0999999999999996,0.04301488666666667
55,1.1249999999999998,0.05671682,1.1249999999999998,0.05611932
56,1.1499999999999997,0.06999860000000001,1.1499999999999997,0.06997326666666667
57,1.1749999999999996,0.08330073333333333,1.1749999999999996,0.08275400000000001
58,1.1999999999999997,0.09915753333333334,1.1999999999999997,0.0986108
59,1.2249999999999996,0.11531386666666667,1.2249999999999996,0.11478206666666667
