,Enfap4_3R_V_D,Enfap4_3R_J_D,Enfap4_3R_V_L,Enfap4_3R_J_L
0,1.25,0.0410234,1.25,0.058752259999999994
1,1.225,0.04192952,1.225,0.05153928
2,1.2000000000000002,0.0391626,1.2000000000000002,0.04422594
3,1.1750000000000003,0.034678379999999995,1.1750000000000003,0.037014219999999994
4,1.1500000000000004,0.02946728,1.1500000000000004,0.02997128
5,1.1250000000000004,0.0241081,1.1250000000000004,0.02318862
6,1.1000000000000005,0.01894481,1.1000000000000005,0.016720936
7,1.0750000000000006,0.01415105,1.0750000000000006,0.010578493999999999
8,1.0500000000000007,0.009982179999999998,1.0500000000000007,0.00487863
9,1.0250000000000008,0.006597114,1.0250000000000008,6.449507999999999e-05
10,1.0000000000000009,0.0040592879999999994,1.0000000000000009,-0.004401326
11,0.975000000000001,0.002348538,0.975000000000001,-0.008551458
12,0.9500000000000011,0.0013448657999999998,0.9500000000000011,-0.011970666
13,0.9250000000000012,0.0007164423999999999,0.9250000000000012,-0.014659066
14,0.9000000000000012,0.0003820026,0.9000000000000012,-0.016728915999999996
15,0.8750000000000013,0.0002033924,0.8750000000000013,-0.018275413999999997
16,0.8500000000000014,0.00011517293999999999,0.8500000000000014,-0.019427736
17,0.8250000000000015,5.465103999999999e-05,0.8250000000000015,-0.020255
18,0.8000000000000016,2.15652e-05,0.8000000000000016,-0.020858099999999997
19,0.7750000000000017,5.3458559999999996e-06,0.7750000000000017,-0.02068302
20,0.7500000000000018,-7.198023999999999e-06,0.7500000000000018,-0.02113788
21,0.7250000000000019,-1.4116186e-05,0.7250000000000019,-0.02144088
22,0.700000000000002,-1.812222e-05,0.700000000000002,-0.02163868
23,0.675000000000002,-2.0471479999999997e-05,0.675000000000002,-0.02177098
24,0.6500000000000021,-2.1083799999999996e-05,0.6500000000000021,-0.021829219999999996
25,0.6250000000000022,-2.242896e-05,0.6250000000000022,-0.021864179999999997
26,0.6000000000000023,-2.317096e-05,0.6000000000000023,-0.02187524
27,0.5750000000000024,-2.365232e-05,0.5750000000000024,-0.02188292
28,0.5500000000000025,-2.3987319999999998e-05,0.5500000000000025,-0.02188474
29,0.5250000000000026,-2.42382e-05,0.5250000000000026,-0.0218854
30,0.5000000000000027,-2.443582e-05,0.5000000000000027,-0.02188606
31,0.47500000000000275,-2.4595260000000002e-05,0.47500000000000275,-0.021895619999999998
32,0.45000000000000284,-2.4734739999999998e-05,0.45000000000000284,-0.02190626
33,0.42500000000000293,-2.4854559999999998e-05,0.42500000000000293,-0.021919019999999997
34,0.400000000000003,-2.495894e-05,0.400000000000003,-0.021938799999999998
35,0.3750000000000031,-2.50518e-05,0.3750000000000031,-0.0219608
36,0.3500000000000032,-2.5136399999999995e-05,0.3500000000000032,-0.021991419999999998
37,0.3250000000000033,-2.5215479999999998e-05,0.3250000000000033,-0.022012300000000002
38,0.3000000000000034,-2.528762e-05,0.3000000000000034,-0.02203722
39,0.27500000000000346,-2.535542e-05,0.27500000000000346,-0.02206814
40,0.25000000000000355,-2.5419939999999996e-05,0.25000000000000355,-0.022104580000000002
41,0.22500000000000364,-2.545668e-05,0.22500000000000364,-0.02211498
42,0.20000000000000373,-2.5532899999999997e-05,0.20000000000000373,-0.022154639999999996
43,0.17500000000000382,-2.559012e-05,0.17500000000000382,-0.02219144
44,0.1500000000000039,-2.564406e-05,0.1500000000000039,-0.02222574
45,0.125000000000004,-2.569536e-05,0.125000000000004,-0.022260759999999997
46,0.10000000000000409,-2.57438e-05,0.10000000000000409,-0.022293819999999995
47,0.07500000000000417,-2.579074e-05,0.07500000000000417,-0.022327499999999997
48,0.05000000000000426,-2.58371e-05,0.05000000000000426,-0.022366
49,0.025000000000004352,-2.588202e-05,0.025000000000004352,-0.02240666
50,4.440892098500626e-15,-2.59236e-05,4.440892098500626e-15,-0.022439999999999998
51,-0.02499999999999547,-2.5965319999999998e-05,-0.02499999999999547,-0.022472899999999997
52,-0.04999999999999538,-2.600538e-05,-0.04999999999999538,-0.02250994
53,-0.07499999999999529,-2.6044099999999997e-05,-0.07499999999999529,-0.02255442
54,-0.0999999999999952,-2.608172e-05,-0.0999999999999952,-0.022584499999999997
55,-0.12499999999999512,-2.6117899999999996e-05,-0.12499999999999512,-0.02261854
56,-0.14999999999999503,-2.615312e-05,-0.14999999999999503,-0.02265418
57,-0.17499999999999494,-2.61864e-05,-0.17499999999999494,-0.02269048
58,-0.19999999999999485,-2.6213039999999997e-05,-0.19999999999999485,-0.022721139999999997
59,-0.22499999999999476,-2.6250199999999998e-05,-0.22499999999999476,-0.02276052
