,Enfap1_2R_V_D,Enfap1_2R_J_D,Enfap1_2R_V_L,Enfap1_2R_J_L
0,1.25,0.006988064800000001,1.25,0.006563856799999999
1,1.225,0.006286256799999999,1.225,0.0057805128
2,1.2000000000000002,0.0055973559999999995,1.2000000000000002,0.0050132288
3,1.1750000000000003,0.0049352727999999995,1.1750000000000003,0.0042638599999999995
4,1.1500000000000004,0.0043045896,1.1500000000000004,0.0035268015999999998
5,1.1250000000000004,0.0037065248000000004,1.1250000000000004,0.0028031128
6,1.1000000000000005,0.0031438743999999998,1.1000000000000005,0.0020861832
7,1.0750000000000006,0.0026221064,1.0750000000000006,0.0013806304
8,1.0500000000000007,0.0021416216,1.0500000000000007,0.00070775928
9,1.0250000000000008,0.0017107128,1.0250000000000008,3.4462976e-05
10,1.0000000000000009,0.001331372,1.0000000000000009,-0.00066427192
11,0.975000000000001,0.001007712,0.975000000000001,-0.0013516528
12,0.9500000000000011,0.00075556472,0.9500000000000011,-0.0020713704
13,0.9250000000000012,0.0005320049599999999,0.9250000000000012,-0.00276776
14,0.9000000000000012,0.00037136944,0.9000000000000012,-0.0034569096
15,0.8750000000000013,0.00025891503999999997,0.8750000000000013,-0.0041369152
16,0.8500000000000014,0.000182478,0.8500000000000014,-0.0048121104
17,0.8250000000000015,0.00013256616000000002,0.8250000000000015,-0.0054777328
18,0.8000000000000016,0.00010045856,0.8000000000000016,-0.0061354176
19,0.7750000000000017,8.04204e-05,0.7750000000000017,-0.0067747288
20,0.7500000000000018,6.5362112e-05,0.7500000000000018,-0.0074029152
21,0.7250000000000019,5.5564512e-05,0.7250000000000019,-0.0080154
22,0.700000000000002,4.8885424e-05,0.700000000000002,-0.008531064
23,0.675000000000002,4.3452368000000003e-05,0.675000000000002,-0.009138504
24,0.6500000000000021,3.9775064e-05,0.6500000000000021,-0.009704152
25,0.6250000000000022,3.6783568e-05,0.6250000000000022,-0.010237936
26,0.6000000000000023,3.4128816e-05,0.6000000000000023,-0.0107374
27,0.5750000000000024,3.1596816e-05,0.5750000000000024,-0.011210104
28,0.5500000000000025,2.9130376000000003e-05,0.5500000000000025,-0.011646647999999999
29,0.5250000000000026,2.7456256e-05,0.5250000000000026,-0.012055368
30,0.5000000000000027,2.5029271999999998e-05,0.5000000000000027,-0.012414416000000001
31,0.47500000000000275,2.235268e-05,0.47500000000000275,-0.01274352
32,0.45000000000000284,1.9246648e-05,0.45000000000000284,-0.013029912
33,0.42500000000000293,1.67618e-05,0.42500000000000293,-0.013285184
34,0.400000000000003,1.4116728e-05,0.400000000000003,-0.013484215999999999
35,0.3750000000000031,1.1509104e-05,0.3750000000000031,-0.013648799999999999
36,0.3500000000000032,8.753247999999999e-06,0.3500000000000032,-0.013776479999999999
37,0.3250000000000033,6.501491999999999e-06,0.3250000000000033,-0.013882896
38,0.3000000000000034,3.5316688e-06,0.3000000000000034,-0.013949488
39,0.27500000000000346,9.105159999999999e-07,0.27500000000000346,-0.014004496
40,0.25000000000000355,-1.6496424e-06,0.25000000000000355,-0.014054903999999998
41,0.22500000000000364,-3.893616e-06,0.22500000000000364,-0.014075512000000002
42,0.20000000000000373,-6.1244352e-06,0.20000000000000373,-0.014133455999999999
43,0.17500000000000382,-8.440112e-06,0.17500000000000382,-0.014171816
44,0.1500000000000039,-1.0893776e-05,0.1500000000000039,-0.014205072
45,0.125000000000004,-1.3359232e-05,0.125000000000004,-0.014233383999999998
46,0.10000000000000409,-1.5462544e-05,0.10000000000000409,-0.014274576
47,0.07500000000000417,-1.7681912e-05,0.07500000000000417,-0.014294432000000001
48,0.05000000000000426,-1.9742192e-05,0.05000000000000426,-0.014320816
49,0.025000000000004352,-2.1815512e-05,0.025000000000004352,-0.014346424
50,4.440892098500626e-15,-2.3721351999999998e-05,4.440892098500626e-15,-0.014374424
51,-0.02499999999999547,-2.5521464e-05,-0.02499999999999547,-0.014391344
52,-0.04999999999999538,-2.7290032e-05,-0.04999999999999538,-0.014413783999999999
53,-0.07499999999999529,-2.8993016e-05,-0.07499999999999529,-0.01443188
54,-0.0999999999999952,-3.043344e-05,-0.0999999999999952,-0.014465088000000001
55,-0.12499999999999512,-3.1599728e-05,-0.12499999999999512,-0.014480704
56,-0.14999999999999503,-3.2760751999999995e-05,-0.14999999999999503,-0.014497904
57,-0.17499999999999494,-3.4210943999999995e-05,-0.17499999999999494,-0.01452096
58,-0.19999999999999485,-3.6131296e-05,-0.19999999999999485,-0.014537472000000001
59,-0.22499999999999476,-3.6214088e-05,-0.22499999999999476,-0.014566808
