,fap1_1R_V_D,fap1_1R_J_D,fap1_1R_V_L,fap1_1R_J_L
0,1.25,0.03662982,1.25,0.04818089999999999
1,1.225,0.033211859999999996,1.225,0.04250702
2,1.2000000000000002,0.02892092,1.2000000000000002,0.0366171
3,1.1750000000000003,0.02451198,1.1750000000000003,0.030869360000000002
4,1.1500000000000004,0.02024286,1.1500000000000004,0.0253931
5,1.1250000000000004,0.016120638,1.1250000000000004,0.02029316
6,1.1000000000000005,0.012739864,1.1000000000000005,0.015611635999999998
7,1.0750000000000006,0.009683849999999999,1.0750000000000006,0.011477534
8,1.0500000000000007,0.0071319899999999995,1.0500000000000007,0.007843512
9,1.0250000000000008,0.005099161999999999,1.0250000000000008,0.004767344
10,1.0000000000000009,0.003548032,1.0000000000000009,0.0022270159999999996
11,0.975000000000001,0.002416948,0.975000000000001,0.000384963
12,0.9500000000000011,0.0015817855999999998,0.9500000000000011,-0.0012671604
13,0.9250000000000012,0.0010521712,0.9250000000000012,-0.0022424899999999998
14,0.9000000000000012,0.0006780998,0.9000000000000012,-0.0032732259999999997
15,0.8750000000000013,0.0004276258,0.8750000000000013,-0.00402161
16,0.8500000000000014,0.00026376599999999997,0.8500000000000014,-0.004586715999999999
17,0.8250000000000015,0.00015917057999999997,0.8250000000000015,-0.005026968
18,0.8000000000000016,9.50361e-05,0.8000000000000016,-0.00538383
19,0.7750000000000017,5.5319959999999996e-05,0.7750000000000017,-0.005689208
20,0.7500000000000018,3.127466e-05,0.7500000000000018,-0.005964689999999999
21,0.7250000000000019,1.7618206e-05,0.7250000000000019,-0.006230138
22,0.700000000000002,8.364812e-06,0.700000000000002,-0.006473034
23,0.675000000000002,2.83118e-06,0.675000000000002,-0.0067209819999999995
24,0.6500000000000021,-5.756474e-07,0.6500000000000021,-0.006961088
25,0.6250000000000022,-2.7455e-06,0.6250000000000022,-0.00720382
26,0.6000000000000023,-4.193069999999999e-06,0.6000000000000023,-0.007427032
27,0.5750000000000024,-5.175279999999999e-06,0.5750000000000024,-0.007653437999999999
28,0.5500000000000025,-5.892596e-06,0.5500000000000025,-0.007875704
29,0.5250000000000026,-6.4066339999999995e-06,0.5250000000000026,-0.00809122
30,0.5000000000000027,-6.794315999999999e-06,0.5000000000000027,-0.008299781999999999
31,0.47500000000000275,-7.1006179999999995e-06,0.47500000000000275,-0.008497954
32,0.45000000000000284,-7.348978e-06,0.45000000000000284,-0.008692798
33,0.42500000000000293,-7.559385999999999e-06,0.42500000000000293,-0.008880329999999999
34,0.400000000000003,-7.740094e-06,0.400000000000003,-0.009060018
35,0.3750000000000031,-7.90263e-06,0.3750000000000031,-0.009232506
36,0.3500000000000032,-8.049478e-06,0.3500000000000032,-0.009396546
37,0.3250000000000033,-8.18593e-06,0.3250000000000033,-0.00956047
38,0.3000000000000034,-8.309616e-06,0.3000000000000034,-0.009724496
39,0.27500000000000346,-8.430237999999998e-06,0.27500000000000346,-0.009864279999999998
40,0.25000000000000355,-8.544474e-06,0.25000000000000355,-0.010008714
41,0.22500000000000364,-8.59713e-06,0.22500000000000364,-0.010136787999999999
42,0.20000000000000373,-8.750496e-06,0.20000000000000373,-0.010290105999999999
43,0.17500000000000382,-8.855401999999999e-06,0.17500000000000382,-0.010424729999999998
44,0.1500000000000039,-8.955244e-06,0.1500000000000039,-0.010557171999999998
45,0.125000000000004,-9.049964e-06,0.125000000000004,-0.010686097999999998
46,0.10000000000000409,-9.142306e-06,0.10000000000000409,-0.010808638
47,0.07500000000000417,-9.231482e-06,0.07500000000000417,-0.010929658
48,0.05000000000000426,-9.319572e-06,0.05000000000000426,-0.011045314
49,0.025000000000004352,-9.405108e-06,0.025000000000004352,-0.011162151999999998
50,4.440892098500626e-15,-9.486777999999999e-06,4.440892098500626e-15,-0.011277678
51,-0.02499999999999547,-9.569675999999999e-06,-0.02499999999999547,-0.011393806
52,-0.04999999999999538,-9.650074e-06,-0.04999999999999538,-0.011491287999999999
53,-0.07499999999999529,-9.729724e-06,-0.07499999999999529,-0.011595932
54,-0.0999999999999952,-9.807561999999998e-06,-0.0999999999999952,-0.011702269999999999
55,-0.12499999999999512,-9.883905999999998e-06,-0.12499999999999512,-0.011815047999999998
56,-0.14999999999999503,-9.960709999999998e-06,-0.14999999999999503,-0.011908345999999998
57,-0.17499999999999494,-1.0035692000000001e-05,-0.17499999999999494,-0.01200812
58,-0.19999999999999485,-1.0093523999999998e-05,-0.19999999999999485,-0.012097881999999999
59,-0.22499999999999476,-1.0181771999999998e-05,-0.22499999999999476,-0.012201031999999999
