,fap1_3F_V_D,fap1_3F_J_D,fap1_3F_V_L,fap1_3F_J_L
0,-0.25,-2.076902e-05,-0.25,-0.018532104
1,-0.225,-2.0036079999999998e-05,-0.225,-0.017815484
2,-0.2,-1.9497679999999997e-05,-0.2,-0.017370048
3,-0.17500000000000002,-1.9251065999999996e-05,-0.17500000000000002,-0.017039958
4,-0.15000000000000002,-1.9104584e-05,-0.15000000000000002,-0.01678975
5,-0.12500000000000003,-1.8985278e-05,-0.12500000000000003,-0.016585391999999997
6,-0.10000000000000003,-1.888505e-05,-0.10000000000000003,-0.016401896
7,-0.07500000000000004,-1.8790435999999997e-05,-0.07500000000000004,-0.016237403999999997
8,-0.050000000000000044,-1.8705674e-05,-0.050000000000000044,-0.016091602
9,-0.02500000000000005,-1.8626707999999998e-05,-0.02500000000000005,-0.015950842
10,-5.551115123125783e-17,-1.8598315999999998e-05,-5.551115123125783e-17,-0.015814368
11,0.02499999999999991,-1.8502446e-05,0.02499999999999991,-0.0156915
12,0.04999999999999993,-1.8431604e-05,0.04999999999999993,-0.015568208
13,0.07499999999999996,-1.8361873999999997e-05,0.07499999999999996,-0.015451725999999999
14,0.09999999999999992,-1.8295645999999997e-05,0.09999999999999992,-0.015324115999999999
15,0.12499999999999989,-1.8225191999999998e-05,0.12499999999999989,-0.015217317999999999
16,0.1499999999999999,-1.8151696e-05,0.1499999999999999,-0.015106332
17,0.17499999999999993,-1.8072122e-05,0.17499999999999993,-0.014991286
18,0.1999999999999999,-1.7986318e-05,0.1999999999999999,-0.014883427999999999
19,0.22499999999999987,-1.7904114e-05,0.22499999999999987,-0.014758782
20,0.2499999999999999,-1.7792428e-05,0.2499999999999999,-0.014653051999999998
21,0.2749999999999999,-1.7673981999999998e-05,0.2749999999999999,-0.014528761999999999
22,0.2999999999999998,-1.7542618e-05,0.2999999999999998,-0.014402904
23,0.32499999999999984,-1.7391102e-05,0.32499999999999984,-0.014270014
24,0.34999999999999987,-1.7222292e-05,0.34999999999999987,-0.014132666
25,0.3749999999999999,-1.701785e-05,0.3749999999999999,-0.013977756
26,0.3999999999999999,-1.67722e-05,0.3999999999999999,-0.013812544
27,0.4249999999999998,-1.645948e-05,0.4249999999999998,-0.01361746
28,0.44999999999999984,-1.6057382e-05,0.44999999999999984,-0.013421512
29,0.47499999999999987,-1.552303e-05,0.47499999999999987,-0.013197736
30,0.4999999999999998,-1.4806897999999998e-05,0.4999999999999998,-0.012938488
31,0.5249999999999998,-1.3841408e-05,0.5249999999999998,-0.012649791999999998
32,0.5499999999999998,-1.2547142e-05,0.5499999999999998,-0.012350289999999998
33,0.5749999999999998,-1.0788916e-05,0.5749999999999998,-0.01200916
34,0.5999999999999999,-8.397874e-06,0.5999999999999999,-0.011641305999999999
35,0.6249999999999998,-5.043686e-06,0.6249999999999998,-0.011253771999999999
36,0.6499999999999998,-2.159984e-07,0.6499999999999998,-0.01083764
37,0.6749999999999998,6.999994e-06,0.6749999999999998,-0.010396135999999999
38,0.6999999999999997,1.7955047999999998e-05,0.6999999999999997,-0.009925868
39,0.7249999999999998,2.983356e-05,0.7249999999999998,-0.009420956
40,0.7499999999999998,5.7389579999999995e-05,0.7499999999999998,-0.008867
41,0.7749999999999997,0.00010100612,0.7749999999999997,-0.008243845999999999
42,0.7999999999999998,0.00017360457999999999,0.7999999999999998,-0.007517106
43,0.8249999999999997,0.0002856284,0.8249999999999997,-0.0066598659999999995
44,0.8499999999999996,0.0004996003999999999,0.8499999999999996,-0.005619244
45,0.8749999999999998,0.0008605275999999999,0.8749999999999998,-0.004393456
46,0.8999999999999997,0.0014464316,0.8999999999999997,-0.0029076239999999997
47,0.9249999999999998,0.0022936439999999996,0.9249999999999998,-0.0016508981999999999
48,0.9499999999999997,0.0035728780000000003,0.9499999999999997,0.0006407892
49,0.9749999999999996,0.005274014,0.9749999999999996,0.0025819239999999998
50,0.9999999999999998,0.007415298,0.9999999999999998,0.005616728
51,1.0249999999999997,0.009969137999999999,1.0249999999999997,0.008847532
52,1.0499999999999998,0.012911124,1.0499999999999998,0.012336929999999998
53,1.0749999999999997,0.016199547999999998,1.0749999999999997,0.016071213999999997
54,1.0999999999999996,0.019807489999999997,1.0999999999999996,0.02005572
55,1.1249999999999998,0.023756879999999998,1.1249999999999998,0.02412994
56,1.1499999999999997,0.02786844,1.1499999999999997,0.02859914
57,1.1749999999999996,0.03220144,1.1749999999999996,0.03320612
58,1.1999999999999997,0.03673172,1.1999999999999997,0.03796354
59,1.2249999999999996,0.04141747999999999,1.2249999999999996,0.042856319999999996
