,fap2_1F_V_D,fap2_1F_J_D,fap2_1F_V_L,fap2_1F_J_L
0,-0.25,-0.0033505312000000004,-0.25,-0.012408112
1,-0.225,-0.0028900104,-0.225,-0.009897704
2,-0.2,-0.0024632048,-0.2,-0.009206936
3,-0.17500000000000002,-0.0021183216,-0.17500000000000002,-0.008832808000000001
4,-0.15000000000000002,-0.0017930848,-0.15000000000000002,-0.008578392
5,-0.12500000000000003,-0.0014728016,-0.12500000000000003,-0.008374256
6,-0.10000000000000003,-0.0011605871999999999,-0.10000000000000003,-0.008199952
7,-0.07500000000000004,-0.0008525568,-0.07500000000000004,-0.008040632
8,-0.050000000000000044,-0.0005476199200000001,-0.050000000000000044,-0.008033848
9,-0.02500000000000005,-0.00025600976,-0.02500000000000005,-0.007808023999999999
10,-5.551115123125783e-17,2.9861264e-05,-5.551115123125783e-17,-0.0076598448
11,0.02499999999999991,6.6935768e-05,0.02499999999999991,-0.0075243064
12,0.04999999999999993,0.00013605087999999998,0.04999999999999993,-0.007395344
13,0.07499999999999996,0.00020424056,0.07499999999999996,-0.007263484000000001
14,0.09999999999999992,0.0002764008,0.09999999999999992,-0.007132552
15,0.12499999999999989,0.00034818368,0.12499999999999989,-0.0070017872
16,0.1499999999999999,0.00042564592,0.1499999999999999,-0.0068835888
17,0.17499999999999993,0.00050581928,0.17499999999999993,-0.0067628488
18,0.1999999999999999,0.00058785912,0.1999999999999999,-0.0066154672
19,0.22499999999999987,0.00067793296,0.22499999999999987,-0.0064823216
20,0.2499999999999999,0.00076909192,0.2499999999999999,-0.006346544799999999
21,0.2749999999999999,0.0008836016,0.2749999999999999,-0.0062120328
22,0.2999999999999998,0.0009814648,0.2999999999999998,-0.0060735496
23,0.32499999999999984,0.0010683408,0.32499999999999984,-0.005916344
24,0.34999999999999987,0.0011769304,0.34999999999999987,-0.0057772312
25,0.3749999999999999,0.0012793799999999999,0.3749999999999999,-0.0056019976
26,0.3999999999999999,0.0014650688,0.3999999999999999,-0.00537096
27,0.4249999999999998,0.001965012,0.4249999999999998,-0.0052020936
28,0.44999999999999984,0.0019526504,0.44999999999999984,-0.0050107264
29,0.47499999999999987,0.0020080296,0.47499999999999987,-0.0048237312
30,0.4999999999999998,0.002213952,0.4999999999999998,-0.0046097632
31,0.5249999999999998,0.0022587672,0.5249999999999998,-0.0044093224
32,0.5499999999999998,0.002148428,0.5499999999999998,-0.0042822592
33,0.5749999999999998,0.0020722687999999998,0.5749999999999998,-0.0040924176
34,0.5999999999999999,0.0020371400000000002,0.5999999999999999,-0.0033530296
35,0.6249999999999998,0.0020270008,0.6249999999999998,-0.0036203984
36,0.6499999999999998,0.0020556912,0.6499999999999998,-0.0034527896
37,0.6749999999999998,0.002059996,0.6749999999999998,-0.0032181208000000004
38,0.6999999999999997,0.0020893456,0.6999999999999997,-0.0029480952
39,0.7249999999999998,0.0020562536,0.7249999999999998,-0.0026689879999999997
40,0.7499999999999998,0.0020319792,0.7499999999999998,-0.0023627967999999997
41,0.7749999999999997,0.0021749919999999997,0.7749999999999997,-0.0020379872
42,0.7999999999999998,0.0022180296,0.7999999999999998,-0.0016720151999999999
43,0.8249999999999997,0.0022727896,0.8249999999999997,-0.0012792976
44,0.8499999999999996,0.0023149056,0.8499999999999996,-0.000846428
45,0.8749999999999998,0.0024407663999999997,0.8749999999999998,-0.00043002096000000005
46,0.8999999999999997,0.00373342,0.8999999999999997,8.1732e-05
47,0.9249999999999998,0.0039940872,0.9249999999999998,0.00064363152
48,0.9499999999999997,0.0038542840000000004,0.9499999999999997,0.0012000072
49,0.9749999999999996,0.0037832352,0.9749999999999996,0.001783144
50,0.9999999999999998,0.004028344,0.9999999999999998,0.0024042472
51,1.0249999999999997,0.0042128008,1.0249999999999997,0.0030304712
52,1.0499999999999998,0.00458012,1.0499999999999998,0.0036705007999999996
53,1.0749999999999997,0.0049432112,1.0749999999999997,0.0043279768
54,1.0999999999999996,0.0053904408,1.0999999999999996,0.0050150984
55,1.1249999999999998,0.014668176,1.1249999999999998,0.005693728800000001
56,1.1499999999999997,0.016048808,1.1499999999999997,0.0064171536
57,1.1749999999999996,0.016883903999999998,1.1749999999999996,0.007135635999999999
58,1.1999999999999997,0.017574008,1.1999999999999997,0.0078547504
59,1.2249999999999996,0.009466928,1.2249999999999996,0.008626088
