,C5_3R_V_D,C5_3R_J_D,C5_3R_V_L,C5_3R_J_L
0,1.3,0.008561520000000001,1.3,0.009673553333333335
1,1.2750000000000001,0.007667440000000001,1.2750000000000001,0.008117613333333332
2,1.2500000000000002,0.006757073333333334,1.2500000000000002,0.006828546666666668
3,1.2250000000000003,0.0057345980000000005,1.2250000000000003,0.005615692666666667
4,1.2000000000000004,0.00496911,1.2000000000000004,0.004454700666666667
5,1.1750000000000005,0.004087525333333333,1.1750000000000005,0.0033229393333333336
6,1.1500000000000006,0.003253404666666667,1.1500000000000006,0.0022368920000000003
7,1.1250000000000007,0.0025036433333333334,1.1250000000000007,0.0012114813333333335
8,1.1000000000000008,0.0018656,1.1000000000000008,0.0004045142666666667
9,1.0750000000000008,0.0013414706666666667,1.0750000000000008,-0.0005601872666666667
10,1.050000000000001,0.0009330253333333335,1.050000000000001,-0.0010785633333333334
11,1.025000000000001,0.0005322674666666667,1.025000000000001,-0.0019939353333333337
12,1.000000000000001,0.0003909332,1.000000000000001,-0.0027951946666666667
13,0.9750000000000012,0.0002634165333333333,0.9750000000000012,-0.003514663333333333
14,0.9500000000000013,0.00017512806666666666,0.9500000000000013,-0.004184878666666667
15,0.9250000000000014,0.0001180512,0.9250000000000014,-0.004814845333333334
16,0.9000000000000015,8.188826666666668e-05,0.9000000000000015,-0.0053989093333333335
17,0.8750000000000016,5.514264e-05,0.8750000000000016,-0.005946454
18,0.8500000000000016,4.3205753333333333e-05,0.8500000000000016,-0.006457008
19,0.8250000000000017,3.393268666666667e-05,0.8250000000000017,-0.006914626666666666
20,0.8000000000000018,2.716336e-05,0.8000000000000018,-0.006998633333333334
21,0.7750000000000019,2.2072726666666667e-05,0.7750000000000019,-0.006747546666666667
22,0.750000000000002,1.8111220000000002e-05,0.750000000000002,-0.007374446666666666
23,0.7250000000000021,1.4917933333333333e-05,0.7250000000000021,-0.007832066666666668
24,0.7000000000000022,1.2293500000000002e-05,0.7000000000000022,-0.008196673333333335
25,0.6750000000000023,1.00949e-05,0.6750000000000023,-0.008501693333333334
26,0.6500000000000024,8.251120000000001e-06,0.6500000000000024,-0.008758093333333333
27,0.6250000000000024,6.698446666666667e-06,0.6250000000000024,-0.008994673333333333
28,0.6000000000000025,5.9263680000000005e-06,0.6000000000000025,-0.009212366666666668
29,0.5750000000000026,4.381870000000001e-06,0.5750000000000026,-0.00941356
30,0.5500000000000027,3.4321093333333337e-06,0.5500000000000027,-0.00962208
31,0.5250000000000028,2.65379e-06,0.5250000000000028,-0.009835473333333334
32,0.5000000000000029,2.012606e-06,0.5000000000000029,-0.010067046666666668
33,0.475000000000003,1.4786380000000001e-06,0.475000000000003,-0.010271986666666667
34,0.45000000000000306,1.0546153333333334e-06,0.45000000000000306,-0.010487400000000001
35,0.42500000000000315,6.71766e-07,0.42500000000000315,-0.010719873333333334
36,0.40000000000000324,3.692620666666667e-07,0.40000000000000324,-0.010964606666666666
37,0.37500000000000333,1.1918286666666667e-07,0.37500000000000333,-0.01118776
38,0.3500000000000034,-8.173580000000001e-08,0.3500000000000034,-0.0114167
39,0.3250000000000035,-2.4901466666666667e-07,0.3250000000000035,-0.011646073333333335
40,0.3000000000000036,-3.824402666666667e-07,0.3000000000000036,-0.0118889
41,0.2750000000000037,-4.881964666666666e-07,0.2750000000000037,-0.012128600000000002
42,0.2500000000000038,-5.783758e-07,0.2500000000000038,-0.012369320000000001
43,0.22500000000000386,-5.684218e-07,0.22500000000000386,-0.01255756
44,0.20000000000000395,-6.992126666666666e-07,0.20000000000000395,-0.012834553333333333
45,0.17500000000000404,-7.4746e-07,0.17500000000000404,-0.013099866666666666
46,0.15000000000000413,-7.861866666666667e-07,0.15000000000000413,-0.013324253333333334
47,0.12500000000000422,-8.160873333333333e-07,0.12500000000000422,-0.013559219999999999
48,0.10000000000000431,-8.243953333333334e-07,0.10000000000000431,-0.013796173333333335
49,0.0750000000000044,-8.639053333333334e-07,0.0750000000000044,-0.014009146666666666
50,0.050000000000004485,-8.831353333333333e-07,0.050000000000004485,-0.014252780000000001
51,0.025000000000004574,-9.00758e-07,0.025000000000004574,-0.01447882
52,4.6629367034256575e-15,-9.083919999999999e-07,4.6629367034256575e-15,-0.014705433333333334
53,-0.024999999999995248,-9.340106666666667e-07,-0.024999999999995248,-0.014922513333333335
54,-0.04999999999999516,-9.535960000000001e-07,-0.04999999999999516,-0.015138493333333334
55,-0.07499999999999507,-9.75356e-07,-0.07499999999999507,-0.015343326666666665
56,-0.09999999999999498,-9.98824e-07,-0.09999999999999498,-0.015555253333333335
57,-0.12499999999999489,-1.0283533333333333e-06,-0.12499999999999489,-0.015756913333333334
58,-0.1499999999999948,-1.0611926666666668e-06,-0.1499999999999948,-0.01596766
59,-0.17499999999999472,-1.0993713333333334e-06,-0.17499999999999472,-0.016137620000000002
