,C5_3F_V_D,C5_3F_J_D,C5_3F_V_L,C5_3F_J_L
0,-0.2,-3.1464033333333335e-06,-0.2,-0.018765213333333336
1,-0.17500000000000002,-2.323296666666667e-06,-0.17500000000000002,-0.018036866666666665
2,-0.15000000000000002,-2.0668460000000003e-06,-0.15000000000000002,-0.0172309
3,-0.12500000000000003,-1.8949053333333335e-06,-0.12500000000000003,-0.016435713333333334
4,-0.10000000000000003,-1.757362e-06,-0.10000000000000003,-0.01566558666666667
5,-0.07500000000000004,-1.6392026666666666e-06,-0.07500000000000004,-0.014933933333333335
6,-0.050000000000000044,-1.5285906666666667e-06,-0.050000000000000044,-0.014238186666666666
7,-0.02500000000000005,-1.422918e-06,-0.02500000000000005,-0.013596013333333334
8,-5.551115123125783e-17,-1.3827753333333334e-06,-5.551115123125783e-17,-0.012978593333333333
9,0.02499999999999994,-1.2074106666666666e-06,0.02499999999999994,-0.012388986666666666
10,0.04999999999999993,-1.0849746666666668e-06,0.04999999999999993,-0.011825873333333334
11,0.0749999999999999,-9.481173333333333e-07,0.0749999999999999,-0.011279299999999999
12,0.09999999999999992,-7.963126666666667e-07,0.09999999999999992,-0.01075354
13,0.12499999999999994,-6.234974e-07,0.12499999999999994,-0.01024942
14,0.1499999999999999,-4.235592000000001e-07,0.1499999999999999,-0.00975444
15,0.17499999999999988,-2.0459313333333334e-07,0.17499999999999988,-0.00926564
16,0.1999999999999999,2.7973700000000003e-08,0.1999999999999999,-0.008807993333333333
17,0.22499999999999992,2.4034493333333335e-07,0.22499999999999992,-0.008359173333333332
18,0.2499999999999999,4.906798e-07,0.2499999999999999,-0.00792018
19,0.27499999999999986,7.102120000000001e-07,0.27499999999999986,-0.007499046666666667
20,0.2999999999999999,9.137226666666667e-07,0.2999999999999999,-0.00707712
21,0.3249999999999999,1.1043466666666669e-06,0.3249999999999999,-0.006668660000000001
22,0.3499999999999998,1.2870193333333334e-06,0.3499999999999998,-0.006998646666666668
23,0.37499999999999983,1.4698653333333333e-06,0.37499999999999983,-0.006175971333333334
24,0.39999999999999986,1.6547913333333333e-06,0.39999999999999986,-0.005680977333333333
25,0.4249999999999999,1.8655353333333334e-06,0.4249999999999999,-0.0052691533333333335
26,0.4499999999999999,2.1066913333333336e-06,0.4499999999999999,-0.00489041
27,0.4749999999999998,2.40267e-06,0.4749999999999998,-0.004526696666666667
28,0.49999999999999983,2.7795973333333333e-06,0.49999999999999983,-0.004198204666666667
29,0.5249999999999999,3.269625333333333e-06,0.5249999999999999,-0.0038765033333333335
30,0.5499999999999998,3.904938e-06,0.5499999999999998,-0.003567896
31,0.5749999999999997,4.744400666666667e-06,0.5749999999999997,-0.0032647853333333337
32,0.5999999999999999,5.8452500000000005e-06,0.5999999999999999,-0.0029890893333333335
33,0.6249999999999998,6.999486666666668e-06,0.6249999999999998,-0.0027192180000000002
34,0.6499999999999999,8.764373333333333e-06,0.6499999999999999,-0.0024571820000000005
35,0.6749999999999998,1.1759006666666668e-05,0.6749999999999998,-0.002206844
36,0.6999999999999997,1.5102846666666668e-05,0.6999999999999997,-0.0019643840000000004
37,0.7249999999999999,1.9418566666666667e-05,0.7249999999999999,-0.0017305106666666667
38,0.7499999999999998,2.5071513333333334e-05,0.7499999999999998,-0.0014979300000000002
39,0.7749999999999997,3.263124e-05,0.7749999999999997,-0.001269346
40,0.7999999999999998,4.275808e-05,0.7999999999999998,-0.001042882
41,0.8249999999999997,5.6541166666666667e-05,0.8249999999999997,-0.0008119813333333334
42,0.8499999999999999,6.9996e-05,0.8499999999999999,-0.0008541866666666667
43,0.8749999999999998,8.483746666666667e-05,0.8749999999999998,-0.0005571640666666667
44,0.8999999999999997,0.00012607886666666666,0.8999999999999997,-0.00015556033333333336
45,0.9249999999999998,0.00017711013333333332,0.9249999999999998,0.00018989493333333333
46,0.9499999999999997,0.00024787733333333335,0.9499999999999997,0.0005591371333333333
47,0.9749999999999999,0.0003467246666666667,0.9749999999999999,0.000807786
48,0.9999999999999998,0.000484446,0.9999999999999998,0.0013294473333333335
49,1.0249999999999997,0.000671128,1.0249999999999997,0.0018446486666666667
50,1.0499999999999998,0.0008580300000000001,1.0499999999999998,0.0024034580000000002
51,1.0749999999999997,0.001200504,1.0749999999999997,0.0030074386666666666
52,1.0999999999999999,0.0015954093333333335,1.0999999999999999,0.0036649866666666666
53,1.1249999999999998,0.0020600400000000004,1.1249999999999998,0.0043752086666666665
54,1.1499999999999997,0.0025985260000000003,1.1499999999999997,0.005131711333333334
55,1.1749999999999998,0.003206922,1.1749999999999998,0.0059382820000000005
56,1.1999999999999997,0.003886826,1.1999999999999997,0.006802906666666667
57,1.2249999999999996,0.00463215,1.2249999999999996,0.007487280000000001
58,1.2499999999999998,0.005443867333333334,1.2499999999999998,0.008517293333333334
59,1.2749999999999997,0.006318433333333334,1.2749999999999997,0.009554006666666667
