,C5_3R_V_D,C5_3R_J_D,C5_3R_V_L,C5_3R_J_L
0,1.3,0.008736986666666667,1.3,0.009565346666666667
1,1.2750000000000001,0.0079783,1.2750000000000001,0.008212433333333333
2,1.2500000000000002,0.007096086666666667,1.2500000000000002,0.0069946466666666665
3,1.2250000000000003,0.0060106206666666676,1.2250000000000003,0.0057646446666666665
4,1.2000000000000004,0.005235992,1.2000000000000004,0.004598001333333333
5,1.1750000000000005,0.004318016666666666,1.1750000000000005,0.0034323633333333335
6,1.1500000000000006,0.0034456466666666664,1.1500000000000006,0.002305526
7,1.1250000000000007,0.002659886666666667,1.1250000000000007,0.001237306
8,1.1000000000000008,0.001986846,1.1000000000000008,0.00037026240000000003
9,1.0750000000000008,0.0014318273333333333,1.0750000000000008,-0.0006241194
10,1.050000000000001,0.000996206,1.050000000000001,-0.0012084366666666665
11,1.025000000000001,0.0006714926666666667,1.025000000000001,-0.0021494766666666667
12,1.000000000000001,0.0003732322666666667,1.000000000000001,-0.002971528666666667
13,0.9750000000000012,0.00027005,0.9750000000000012,-0.0037203073333333335
14,0.9500000000000013,0.00018026506666666666,0.9500000000000013,-0.004415600666666667
15,0.9250000000000014,0.00012042393333333334,0.9250000000000014,-0.005066782
16,0.9000000000000015,8.228893333333334e-05,0.9000000000000015,-0.0056742039999999995
17,0.8750000000000016,5.430977333333333e-05,0.8750000000000016,-0.006244629333333334
18,0.8500000000000016,4.196071333333334e-05,0.8500000000000016,-0.0067743000000000005
19,0.8250000000000017,3.250198666666667e-05,0.8250000000000017,-0.006998633333333334
20,0.8000000000000018,2.5719353333333334e-05,0.8000000000000018,-0.006788666666666667
21,0.7750000000000019,2.070948e-05,0.7750000000000019,-0.007478033333333333
22,0.750000000000002,1.6872040000000003e-05,0.750000000000002,-0.007994146666666667
23,0.7250000000000021,1.3817340000000002e-05,0.7250000000000021,-0.008424720000000002
24,0.7000000000000022,1.1328146666666666e-05,0.7000000000000022,-0.008783053333333334
25,0.6750000000000023,9.301066666666666e-06,0.6750000000000023,-0.009094686666666667
26,0.6500000000000024,7.531386666666667e-06,0.6500000000000024,-0.009359446666666667
27,0.6250000000000024,6.638725333333334e-06,0.6250000000000024,-0.009599360000000001
28,0.6000000000000025,4.955940666666667e-06,0.6000000000000025,-0.009847966666666666
29,0.5750000000000026,3.906824e-06,0.5750000000000026,-0.010049646666666667
30,0.5500000000000027,3.0509780000000003e-06,0.5500000000000027,-0.010257446666666666
31,0.5250000000000028,2.3406493333333335e-06,0.5250000000000028,-0.01047508
32,0.5000000000000029,1.7546940000000002e-06,0.5000000000000029,-0.010706246666666667
33,0.475000000000003,1.2673180000000002e-06,0.475000000000003,-0.01091394
34,0.45000000000000306,8.65208e-07,0.45000000000000306,-0.011133526666666668
35,0.42500000000000315,5.310399333333334e-07,0.42500000000000315,-0.011356080000000001
36,0.40000000000000324,2.5955053333333334e-07,0.40000000000000324,-0.011590106666666667
37,0.37500000000000333,3.4257020000000007e-08,0.37500000000000333,-0.011828546666666667
38,0.3500000000000034,-1.5054366666666666e-07,0.3500000000000034,-0.012061466666666668
39,0.3250000000000035,-3.0231133333333333e-07,0.3250000000000035,-0.012297093333333333
40,0.3000000000000036,-4.2434046666666665e-07,0.3000000000000036,-0.01254428
41,0.2750000000000037,-5.228433333333334e-07,0.2750000000000037,-0.012786606666666667
42,0.2500000000000038,-6.064526e-07,0.2500000000000038,-0.013029066666666667
43,0.22500000000000386,-5.944962000000001e-07,0.22500000000000386,-0.013218473333333333
44,0.20000000000000395,-7.212993333333334e-07,0.20000000000000395,-0.01349298
45,0.17500000000000404,-7.661986666666667e-07,0.17500000000000404,-0.013759200000000001
46,0.15000000000000413,-8.023173333333333e-07,0.15000000000000413,-0.013977633333333333
47,0.12500000000000422,-8.336413333333334e-07,0.12500000000000422,-0.014214053333333336
48,0.10000000000000431,-8.409800000000001e-07,0.10000000000000431,-0.014446893333333334
49,0.0750000000000044,-8.778153333333333e-07,0.0750000000000044,-0.014671753333333334
50,0.050000000000004485,-8.977666666666667e-07,0.050000000000004485,-0.014899066666666667
51,0.025000000000004574,-9.146246666666667e-07,0.025000000000004574,-0.015113106666666667
52,4.6629367034256575e-15,-9.28312e-07,4.6629367034256575e-15,-0.015338506666666668
53,-0.024999999999995248,-9.486926666666668e-07,-0.024999999999995248,-0.015543106666666667
54,-0.04999999999999516,-9.67938e-07,-0.04999999999999516,-0.015746286666666668
55,-0.07499999999999507,-9.885853333333333e-07,-0.07499999999999507,-0.015939293333333337
56,-0.09999999999999498,-1.0143366666666668e-06,-0.09999999999999498,-0.016133873333333337
57,-0.12499999999999489,-1.0435740000000002e-06,-0.12499999999999489,-0.016316826666666666
58,-0.1499999999999948,-1.0765713333333334e-06,-0.1499999999999948,-0.016506926666666668
59,-0.17499999999999472,-1.1177773333333333e-06,-0.17499999999999472,-0.016660026666666668
