,C5_3F_V_D,C5_3F_J_D,C5_3F_V_L,C5_3F_J_L
0,-0.2,-3.130176666666667e-06,-0.2,-0.018706253333333336
1,-0.17500000000000002,-2.2785226666666667e-06,-0.17500000000000002,-0.017885033333333335
2,-0.15000000000000002,-2.012622666666667e-06,-0.15000000000000002,-0.01698802666666667
3,-0.12500000000000003,-1.8337286666666665e-06,-0.12500000000000003,-0.016116993333333336
4,-0.10000000000000003,-1.6885746666666666e-06,-0.10000000000000003,-0.015286693333333334
5,-0.07500000000000004,-1.5648766666666667e-06,-0.07500000000000004,-0.014507013333333334
6,-0.050000000000000044,-1.4486046666666668e-06,-0.050000000000000044,-0.013785306666666665
7,-0.02500000000000005,-1.3381593333333334e-06,-0.02500000000000005,-0.013091480000000003
8,-5.551115123125783e-17,-1.2886153333333334e-06,-5.551115123125783e-17,-0.01245796
9,0.02499999999999994,-1.1064926666666668e-06,0.02499999999999994,-0.0118371
10,0.04999999999999993,-9.752660000000001e-07,0.04999999999999993,-0.011251586666666667
11,0.0749999999999999,-8.28598e-07,0.0749999999999999,-0.01069202
12,0.09999999999999992,-6.653728666666667e-07,0.09999999999999992,-0.010155246666666666
13,0.12499999999999994,-4.791716e-07,0.12499999999999994,-0.00964388
14,0.1499999999999999,-2.720601333333333e-07,0.1499999999999999,-0.009146953333333334
15,0.17499999999999988,-5.102018e-08,0.17499999999999988,-0.008658733333333335
16,0.1999999999999999,1.7722813333333334e-07,0.1999999999999999,-0.00820302
17,0.22499999999999992,3.777243333333333e-07,0.22499999999999992,-0.00776002
18,0.2499999999999999,6.100611333333333e-07,0.2499999999999999,-0.0073281533333333345
19,0.27499999999999986,8.102940000000001e-07,0.27499999999999986,-0.006900926666666667
20,0.2999999999999999,9.960246666666668e-07,0.2999999999999999,-0.007755973333333333
21,0.3249999999999999,1.1683026666666666e-06,0.3249999999999999,-0.007529553333333334
22,0.3499999999999998,1.3335593333333335e-06,0.3499999999999998,-0.006995873333333334
23,0.37499999999999983,1.5026500000000001e-06,0.37499999999999983,-0.006004921333333333
24,0.39999999999999986,1.6742106666666665e-06,0.39999999999999986,-0.005454982666666667
25,0.4249999999999999,1.8699886666666667e-06,0.4249999999999999,-0.005013246000000001
26,0.4499999999999999,2.0948439999999998e-06,0.4499999999999999,-0.004618234666666667
27,0.4749999999999998,2.3704193333333332e-06,0.4749999999999998,-0.004249166
28,0.49999999999999983,2.721132666666667e-06,0.49999999999999983,-0.003917486
29,0.5249999999999999,3.1796e-06,0.5249999999999999,-0.003601538
30,0.5499999999999998,3.7769653333333332e-06,0.5499999999999998,-0.003300740666666667
31,0.5749999999999997,4.565568666666667e-06,0.5749999999999997,-0.003010594
32,0.5999999999999999,5.606077333333334e-06,0.5999999999999999,-0.00274945
33,0.6249999999999998,6.960426666666667e-06,0.6249999999999998,-0.0024939253333333337
34,0.6499999999999999,8.410346666666667e-06,0.6499999999999999,-0.0022493253333333335
35,0.6749999999999998,1.1316460000000001e-05,0.6749999999999998,-0.002015362
36,0.6999999999999997,1.4581173333333335e-05,0.6999999999999997,-0.001790666
37,0.7249999999999999,1.881948e-05,0.7249999999999999,-0.001577012
38,0.7499999999999998,2.44161e-05,0.7499999999999998,-0.0013633920000000002
39,0.7749999999999997,3.193046666666667e-05,0.7749999999999997,-0.00115522
40,0.7999999999999998,4.204818666666667e-05,0.7999999999999998,-0.0009475320000000001
41,0.8249999999999997,5.586358e-05,0.8249999999999997,-0.0007349526666666667
42,0.8499999999999999,6.9996e-05,0.8499999999999999,-0.0006545183333333334
43,0.8749999999999998,8.507926666666667e-05,0.8749999999999998,-0.00032065846666666666
44,0.8999999999999997,0.0001267332,0.8999999999999997,-0.00023581033333333335
45,0.9249999999999998,0.00017818880000000002,0.9249999999999998,0.00017522626666666667
46,0.9499999999999997,0.00024981873333333336,0.9499999999999997,0.0005440868666666666
47,0.9749999999999999,0.00034911026666666664,0.9749999999999999,0.0008057553333333334
48,0.9999999999999998,0.0004884634666666668,0.9999999999999998,0.00131719
49,1.0249999999999997,0.000677142,1.0249999999999997,0.0018254933333333332
50,1.0499999999999998,0.0008667740000000001,1.0499999999999998,0.0023795433333333336
51,1.0749999999999997,0.0012139813333333334,1.0749999999999997,0.0029835053333333336
52,1.0999999999999999,0.0016136260000000002,1.0999999999999999,0.0036389686666666666
53,1.1249999999999998,0.002083914,1.1249999999999998,0.004348712
54,1.1499999999999997,0.0026286233333333332,1.1499999999999997,0.005111674666666667
55,1.1749999999999998,0.003243742,1.1749999999999998,0.005923153333333334
56,1.1999999999999997,0.003930598,1.1999999999999997,0.00679238
57,1.2249999999999996,0.004683148666666667,1.2249999999999996,0.007496286666666667
58,1.2499999999999998,0.005502344,1.2499999999999998,0.00853302
59,1.2749999999999997,0.006384834666666667,1.2749999999999997,0.009577953333333333
