,C5_3F_V_D,C5_3F_J_D,C5_3F_V_L,C5_3F_J_L
0,-0.2,-4.790975333333333e-07,-0.2,-0.01905666
1,-0.17500000000000002,4.958406666666667e-09,-0.17500000000000002,-0.01871358
2,-0.15000000000000002,1.2255153333333335e-07,-0.15000000000000002,-0.018293033333333337
3,-0.12500000000000003,1.9243473333333335e-07,-0.12500000000000003,-0.01784922666666667
4,-0.10000000000000003,2.4342386666666664e-07,-0.10000000000000003,-0.01740542
5,-0.07500000000000004,2.8217293333333334e-07,-0.07500000000000004,-0.016975993333333335
6,-0.050000000000000044,3.135431333333333e-07,-0.050000000000000044,-0.016556780000000004
7,-0.02500000000000005,3.434756666666667e-07,-0.02500000000000005,-0.0161688
8,-5.551115123125783e-17,3.336744e-07,-5.551115123125783e-17,-0.015779440000000002
9,0.02499999999999994,3.9970826666666663e-07,0.02499999999999994,-0.015402313333333334
10,0.04999999999999993,4.316112666666667e-07,0.04999999999999993,-0.015016226666666669
11,0.0749999999999999,4.6843673333333334e-07,0.0749999999999999,-0.014658946666666667
12,0.09999999999999992,5.084220666666667e-07,0.09999999999999992,-0.014293386666666668
13,0.12499999999999994,5.303499333333334e-07,0.12499999999999994,-0.01392112
14,0.1499999999999999,6.001588e-07,0.1499999999999999,-0.013551593333333334
15,0.17499999999999988,6.555639333333334e-07,0.17499999999999988,-0.01318144
16,0.1999999999999999,7.158813333333333e-07,0.1999999999999999,-0.0128108
17,0.22499999999999992,7.64584e-07,0.22499999999999992,-0.0124325
18,0.2499999999999999,8.548533333333334e-07,0.2499999999999999,-0.012056213333333335
19,0.27499999999999986,9.399046666666668e-07,0.27499999999999986,-0.011660006666666667
20,0.2999999999999999,1.0388533333333334e-06,0.2999999999999999,-0.011279260000000001
21,0.3249999999999999,1.155998e-06,0.3249999999999999,-0.010892166666666666
22,0.3499999999999998,1.2963413333333334e-06,0.3499999999999998,-0.010493306666666667
23,0.37499999999999983,1.4672006666666666e-06,0.37499999999999983,-0.010081446666666667
24,0.39999999999999986,1.6712526666666666e-06,0.39999999999999986,-0.009686673333333333
25,0.4249999999999999,1.9266686666666668e-06,0.4249999999999999,-0.009279840000000001
26,0.4499999999999999,2.2403873333333336e-06,0.4499999999999999,-0.00886756
27,0.4749999999999998,2.6250833333333334e-06,0.4749999999999998,-0.00845266
28,0.49999999999999983,3.1403113333333335e-06,0.49999999999999983,-0.008034553333333335
29,0.5249999999999999,3.7840040000000002e-06,0.5249999999999999,-0.007615340000000001
30,0.5499999999999998,4.594140666666667e-06,0.5499999999999998,-0.007189000000000001
31,0.5749999999999997,5.610761333333334e-06,0.5749999999999997,-0.00675666
32,0.5999999999999999,6.87078e-06,0.5999999999999999,-0.006966826666666668
33,0.6249999999999998,7.95354e-06,0.6249999999999998,-0.006120634666666667
34,0.6499999999999999,1.0295746666666667e-05,0.6499999999999999,-0.005584280666666667
35,0.6749999999999998,1.2653093333333333e-05,0.6749999999999998,-0.005098151333333334
36,0.6999999999999997,1.5427933333333335e-05,0.6999999999999997,-0.004630322666666667
37,0.7249999999999999,1.8785593333333332e-05,0.7249999999999999,-0.00417191
38,0.7499999999999998,2.2887413333333336e-05,0.7499999999999998,-0.0037170120000000004
39,0.7749999999999997,2.8020606666666667e-05,0.7749999999999997,-0.0032631586666666667
40,0.7999999999999998,3.455425333333334e-05,0.7999999999999998,-0.0028150273333333335
41,0.8249999999999997,4.313938e-05,0.8249999999999997,-0.002366752666666667
42,0.8499999999999999,5.48391e-05,0.8499999999999999,-0.0019143646666666667
43,0.8749999999999998,6.998880000000001e-05,0.8749999999999998,-0.0014611806666666668
44,0.8999999999999997,8.347766666666667e-05,0.8999999999999997,-0.0009965100000000001
45,0.9249999999999998,0.00012178446666666667,0.9249999999999998,-0.001004398
46,0.9499999999999997,0.00017531466666666668,0.9499999999999997,-0.0004943476
47,0.9749999999999999,0.0002527697333333333,0.9749999999999999,0.00015812253333333332
48,0.9999999999999998,0.00036429800000000004,0.9999999999999998,0.000699966
49,1.0249999999999997,0.0005192632,1.0249999999999997,0.0010656433333333334
50,1.0499999999999998,0.000686134,1.0499999999999998,0.0017564206666666668
51,1.0749999999999997,0.0009774166666666666,1.0749999999999997,0.0024149853333333333
52,1.0999999999999999,0.0013296940000000002,1.0999999999999999,0.003090460666666667
53,1.1249999999999998,0.0017558540000000003,1.1249999999999998,0.003792546666666667
54,1.1499999999999997,0.0022612453333333334,1.1499999999999997,0.004530131333333334
55,1.1749999999999998,0.0028432033333333335,1.1749999999999998,0.005304932666666667
56,1.1999999999999997,0.0035027699999999997,1.1999999999999997,0.006125238666666667
57,1.2249999999999996,0.004233710666666667,1.2249999999999996,0.0069841
58,1.2499999999999998,0.005035074666666667,1.2499999999999998,0.0076187
59,1.2749999999999997,0.005902098666666667,1.2749999999999997,0.008649060000000002
