,C5_3F_V_D,C5_3F_J_D,C5_3F_V_L,C5_3F_J_L
0,-0.2,-3.8664273333333334e-07,-0.2,-0.019310533333333334
1,-0.17500000000000002,1.9600573333333333e-08,-0.17500000000000002,-0.018284593333333335
2,-0.15000000000000002,9.747093333333333e-08,-0.15000000000000002,-0.017255013333333336
3,-0.12500000000000003,1.484618e-07,-0.12500000000000003,-0.01640802
4,-0.10000000000000003,1.8633393333333335e-07,-0.10000000000000003,-0.015713386666666666
5,-0.07500000000000004,2.163168e-07,-0.07500000000000004,-0.01513352
6,-0.050000000000000044,2.45082e-07,-0.050000000000000044,-0.01461848
7,-0.02500000000000005,2.7161893333333334e-07,-0.02500000000000005,-0.014183273333333335
8,-5.551115123125783e-17,2.5686006666666666e-07,-5.551115123125783e-17,-0.013777506666666666
9,0.02499999999999994,3.2458620000000006e-07,0.02499999999999994,-0.013372493333333334
10,0.04999999999999993,3.547503333333333e-07,0.04999999999999993,-0.012972053333333334
11,0.0749999999999999,3.8729853333333336e-07,0.0749999999999999,-0.012622640000000001
12,0.09999999999999992,4.2437286666666665e-07,0.09999999999999992,-0.012258526666666667
13,0.12499999999999994,4.6478020000000005e-07,0.12499999999999994,-0.011911186666666667
14,0.1499999999999999,5.106514e-07,0.1499999999999999,-0.011557793333333333
15,0.17499999999999988,5.618116e-07,0.17499999999999988,-0.011205800000000002
16,0.1999999999999999,6.181864e-07,0.1999999999999999,-0.010860706666666668
17,0.22499999999999992,6.683173333333334e-07,0.22499999999999992,-0.010506213333333334
18,0.2499999999999999,7.585140000000001e-07,0.2499999999999999,-0.01016708
19,0.27499999999999986,8.448360000000001e-07,0.27499999999999986,-0.009802593333333333
20,0.2999999999999999,9.437986666666667e-07,0.2999999999999999,-0.009470520000000001
21,0.3249999999999999,1.0624573333333334e-06,0.3249999999999999,-0.009128893333333334
22,0.3499999999999998,1.19971e-06,0.3499999999999998,-0.008785533333333335
23,0.37499999999999983,1.362392e-06,0.37499999999999983,-0.008453773333333334
24,0.39999999999999986,1.5540400000000001e-06,0.39999999999999986,-0.008108693333333335
25,0.4249999999999999,1.78478e-06,0.4249999999999999,-0.007769853333333333
26,0.4499999999999999,2.055526e-06,0.4499999999999999,-0.007439493333333333
27,0.4749999999999998,2.382946e-06,0.4749999999999998,-0.007110286666666668
28,0.49999999999999983,2.768712666666667e-06,0.49999999999999983,-0.0067836
29,0.5249999999999999,3.2291266666666667e-06,0.5249999999999999,-0.007975773333333333
30,0.5499999999999998,3.7764153333333337e-06,0.5499999999999998,-0.006713573333333334
31,0.5749999999999997,4.429501333333333e-06,0.5749999999999997,-0.006998646666666668
32,0.5999999999999999,5.181185333333333e-06,0.5999999999999999,-0.005996836
33,0.6249999999999998,6.128888e-06,0.6249999999999998,-0.0054931039999999995
34,0.6499999999999999,6.999420000000001e-06,0.6499999999999999,-0.005096531333333334
35,0.6749999999999998,7.928413333333334e-06,0.6749999999999998,-0.004750372
36,0.6999999999999997,9.99324e-06,0.6999999999999997,-0.004416976
37,0.7249999999999999,1.1965033333333333e-05,0.7249999999999999,-0.004097052
38,0.7499999999999998,1.431294e-05,0.7499999999999998,-0.0037735633333333338
39,0.7749999999999997,1.723272666666667e-05,0.7749999999999997,-0.003449600666666667
40,0.7999999999999998,2.089772e-05,0.7999999999999998,-0.0031152913333333332
41,0.8249999999999997,2.599056e-05,0.8249999999999997,-0.0027740560000000004
42,0.8499999999999999,3.309616e-05,0.8499999999999999,-0.0024112926666666665
43,0.8749999999999998,4.350834e-05,0.8749999999999998,-0.0020549726666666667
44,0.8999999999999997,5.931109333333334e-05,0.8999999999999997,-0.0016767953333333334
45,0.9249999999999998,8.417986666666666e-05,0.9249999999999998,-0.0012867553333333335
46,0.9499999999999997,0.00012235413333333333,0.9499999999999997,-0.0008701393333333334
47,0.9749999999999999,0.00018298740000000002,0.9749999999999999,-0.0011137173333333336
48,0.9999999999999998,0.0002779248666666667,0.9999999999999998,-0.0005650889333333333
49,1.0249999999999997,0.00042339693333333335,1.0249999999999997,0.00018860346666666668
50,1.0499999999999998,0.000640848,1.0499999999999998,0.0006999626666666667
51,1.0749999999999997,0.001006514,1.0749999999999997,0.0010897293333333334
52,1.0999999999999999,0.0014105393333333335,1.0999999999999999,0.0019367593333333333
53,1.1249999999999998,0.0019704233333333334,1.1249999999999998,0.0027420953333333335
54,1.1499999999999997,0.0026747333333333335,1.1499999999999997,0.0035971626666666673
55,1.1749999999999998,0.003519726666666667,1.1749999999999998,0.004527795333333333
56,1.1999999999999997,0.004502498666666667,1.1999999999999997,0.005542832
57,1.2249999999999996,0.005607736,1.2249999999999996,0.006653641333333333
58,1.2499999999999998,0.006827386666666667,1.2499999999999998,0.007804040000000001
59,1.2749999999999997,0.008454133333333334,1.2749999999999997,0.009172413333333334
