,C5_3F_V_D,C5_3F_J_D,C5_3F_V_L,C5_3F_J_L
0,-0.2,-2.8854213333333334e-06,-0.2,-0.019193566666666665
1,-0.17500000000000002,-2.307602666666667e-06,-0.17500000000000002,-0.018402433333333332
2,-0.15000000000000002,-2.1366926666666667e-06,-0.15000000000000002,-0.017757833333333334
3,-0.12500000000000003,-2.011796666666667e-06,-0.12500000000000003,-0.017286140000000002
4,-0.10000000000000003,-1.9150073333333334e-06,-0.10000000000000003,-0.01690094666666667
5,-0.07500000000000004,-1.830946e-06,-0.07500000000000004,-0.016586433333333334
6,-0.050000000000000044,-1.758562e-06,-0.050000000000000044,-0.0163162
7,-0.02500000000000005,-1.6941500000000001e-06,-0.02500000000000005,-0.016061793333333334
8,-5.551115123125783e-17,-1.6988233333333333e-06,-5.551115123125783e-17,-0.015839986666666667
9,0.02499999999999994,-1.5734646666666666e-06,0.02499999999999994,-0.015598246666666668
10,0.04999999999999993,-1.5107733333333334e-06,0.04999999999999993,-0.015366066666666666
11,0.0749999999999999,-1.445612e-06,0.0749999999999999,-0.015136286666666667
12,0.09999999999999992,-1.3734186666666666e-06,0.09999999999999992,-0.014910746666666665
13,0.12499999999999994,-1.308796e-06,0.12499999999999994,-0.014672146666666667
14,0.1499999999999999,-1.2025046666666667e-06,0.1499999999999999,-0.014426053333333334
15,0.17499999999999988,-1.0992406666666667e-06,0.17499999999999988,-0.014157040000000001
16,0.1999999999999999,-9.795646666666669e-07,0.1999999999999999,-0.013917633333333334
17,0.22499999999999992,-8.655586666666668e-07,0.22499999999999992,-0.013629140000000001
18,0.2499999999999999,-6.837113333333333e-07,0.2499999999999999,-0.0133664
19,0.27499999999999986,-5.001432666666667e-07,0.27499999999999986,-0.013064793333333333
20,0.2999999999999999,-2.794634e-07,0.2999999999999999,-0.012764466666666667
21,0.3249999999999999,-2.3650693333333335e-08,0.3249999999999999,-0.012450786666666666
22,0.3499999999999998,2.742994666666667e-07,0.3499999999999998,-0.01212084
23,0.37499999999999983,6.335189999999999e-07,0.37499999999999983,-0.011777113333333334
24,0.39999999999999986,1.0482646666666667e-06,0.39999999999999986,-0.0114266
25,0.4249999999999999,1.5422673333333333e-06,0.4249999999999999,-0.011060906666666667
26,0.4499999999999999,2.122495333333333e-06,0.4499999999999999,-0.010690486666666667
27,0.4749999999999998,2.80451e-06,0.4749999999999998,-0.010291746666666667
28,0.49999999999999983,3.59853e-06,0.49999999999999983,-0.0098745
29,0.5249999999999999,4.535737333333333e-06,0.5249999999999999,-0.00947718
30,0.5499999999999998,5.618159333333333e-06,0.5499999999999998,-0.00905752
31,0.5749999999999997,6.86712e-06,0.5749999999999997,-0.008630246666666666
32,0.5999999999999999,7.410646666666667e-06,0.5999999999999999,-0.008193800000000001
33,0.6249999999999998,9.72728e-06,0.6249999999999998,-0.007724839999999999
34,0.6499999999999999,1.1723853333333334e-05,0.6499999999999999,-0.0072572999999999995
35,0.6749999999999998,1.3988846666666668e-05,0.6749999999999998,-0.0067816000000000005
36,0.6999999999999997,1.6577213333333333e-05,0.6999999999999997,-0.00744
37,0.7249999999999999,1.9585586666666666e-05,0.7249999999999999,-0.006894819999999999
38,0.7499999999999998,2.311648e-05,0.7499999999999998,-0.005606537333333333
39,0.7749999999999997,2.7373513333333333e-05,0.7749999999999997,-0.004947748
40,0.7999999999999998,3.263678666666667e-05,0.7999999999999998,-0.004395003333333333
41,0.8249999999999997,3.947844666666667e-05,0.8249999999999997,-0.003858008666666667
42,0.8499999999999999,4.8831726666666666e-05,0.8499999999999999,-0.0033255800000000003
43,0.8749999999999998,6.219925333333335e-05,0.8749999999999998,-0.0028255560000000003
44,0.8999999999999997,8.68638e-05,0.8999999999999997,-0.002323904666666667
45,0.9249999999999998,0.00011584100000000002,0.9249999999999998,-0.0018204440000000003
46,0.9499999999999997,0.00016430200000000001,0.9499999999999997,-0.0013226380000000001
47,0.9749999999999999,0.000240723,0.9749999999999999,-0.0008159233333333333
48,0.9999999999999998,0.00036094293333333336,0.9999999999999998,-0.0010100553333333335
49,1.0249999999999997,0.0005464204666666667,1.0249999999999997,-0.0003467906
50,1.0499999999999998,0.000980746,1.0499999999999998,0.0005452289333333334
51,1.0749999999999997,0.0013203486666666666,1.0749999999999997,0.001003338
52,1.0999999999999999,0.0018757700000000001,1.0999999999999999,0.001991266
53,1.1249999999999998,0.002622014666666667,1.1249999999999998,0.002947944
54,1.1499999999999997,0.003556974,1.1499999999999997,0.004000944
55,1.1749999999999998,0.004680790666666667,1.1749999999999998,0.005184976666666667
56,1.1999999999999997,0.005977876666666667,1.1999999999999997,0.006516457333333334
57,1.2249999999999996,0.008080733333333333,1.2249999999999996,0.008261300000000001
58,1.2499999999999998,0.009345746666666667,1.2499999999999998,0.009794140000000002
59,1.2749999999999997,0.010978786666666667,1.2749999999999997,0.011499673333333333
