,C5_3F_V_D,C5_3F_J_D,C5_3F_V_L,C5_3F_J_L
0,-0.2,-3.4032713333333336e-07,-0.2,-0.019233820000000002
1,-0.17500000000000002,5.434635333333334e-08,-0.17500000000000002,-0.018219166666666668
2,-0.15000000000000002,1.3235686666666667e-07,-0.15000000000000002,-0.01717242
3,-0.12500000000000003,1.842352e-07,-0.12500000000000003,-0.016293093333333335
4,-0.10000000000000003,2.2304600000000002e-07,-0.10000000000000003,-0.01556878
5,-0.07500000000000004,2.5407413333333336e-07,-0.07500000000000004,-0.014954226666666667
6,-0.050000000000000044,2.8303080000000006e-07,-0.050000000000000044,-0.014431280000000001
7,-0.02500000000000005,3.091628e-07,-0.02500000000000005,-0.013953646666666666
8,-5.551115123125783e-17,3.2430726666666666e-07,-5.551115123125783e-17,-0.013532960000000002
9,0.02499999999999994,3.6176533333333335e-07,0.02499999999999994,-0.013105333333333335
10,0.04999999999999993,3.899726666666667e-07,0.04999999999999993,-0.012714626666666668
11,0.0749999999999999,4.2317406666666663e-07,0.0749999999999999,-0.012332366666666667
12,0.09999999999999992,4.592959333333334e-07,0.09999999999999992,-0.01196832
13,0.12499999999999994,4.987182666666667e-07,0.12499999999999994,-0.011595953333333334
14,0.1499999999999999,5.451893333333333e-07,0.1499999999999999,-0.01123414
15,0.17499999999999988,5.966795333333333e-07,0.17499999999999988,-0.010858366666666668
16,0.1999999999999999,6.542690666666666e-07,0.1999999999999999,-0.010514133333333333
17,0.22499999999999992,7.080713333333333e-07,0.22499999999999992,-0.010159293333333335
18,0.2499999999999999,7.99096e-07,0.2499999999999999,-0.009817346666666667
19,0.27499999999999986,8.874806666666667e-07,0.27499999999999986,-0.009477166666666667
20,0.2999999999999999,9.938573333333336e-07,0.2999999999999999,-0.0091185
21,0.3249999999999999,1.1190733333333335e-06,0.3249999999999999,-0.0087702
22,0.3499999999999998,1.2644840000000001e-06,0.3499999999999998,-0.008430853333333333
23,0.37499999999999983,1.4426026666666667e-06,0.37499999999999983,-0.008086473333333333
24,0.39999999999999986,1.6490446666666668e-06,0.39999999999999986,-0.007753653333333334
25,0.4249999999999999,1.898306e-06,0.4249999999999999,-0.007419526666666666
26,0.4499999999999999,2.190494e-06,0.4499999999999999,-0.00709882
27,0.4749999999999998,2.5341993333333335e-06,0.4749999999999998,-0.0067731533333333345
28,0.49999999999999983,2.9340160000000002e-06,0.49999999999999983,-0.008031
29,0.5249999999999999,3.4060500000000006e-06,0.5249999999999999,-0.006714986666666667
30,0.5499999999999998,3.954684e-06,0.5499999999999998,-0.006998646666666668
31,0.5749999999999997,4.60174e-06,0.5749999999999997,-0.0060276286666666665
32,0.5999999999999999,5.365156e-06,0.5999999999999999,-0.0055139153333333335
33,0.6249999999999998,6.269404666666667e-06,0.6249999999999998,-0.005137136666666667
34,0.6499999999999999,6.9993800000000006e-06,0.6499999999999999,-0.004804877333333334
35,0.6749999999999998,7.949800000000001e-06,0.6749999999999998,-0.004494423333333334
36,0.6999999999999997,9.92006e-06,0.6999999999999997,-0.004193196666666667
37,0.7249999999999999,1.1781733333333333e-05,0.7249999999999999,-0.003893522666666667
38,0.7499999999999998,1.3985106666666667e-05,0.7499999999999998,-0.003586785333333333
39,0.7749999999999997,1.6714313333333332e-05,0.7749999999999997,-0.0032905986666666664
40,0.7999999999999998,2.0205686666666667e-05,0.7999999999999998,-0.0029895393333333334
41,0.8249999999999997,2.489872e-05,0.8249999999999997,-0.0026684160000000003
42,0.8499999999999999,3.153446666666667e-05,0.8499999999999999,-0.0023288226666666667
43,0.8749999999999998,4.128923333333333e-05,0.8749999999999998,-0.001995199333333333
44,0.8999999999999997,5.614608e-05,0.8999999999999997,-0.0016465800000000001
45,0.9249999999999998,8.187193333333334e-05,0.9249999999999998,-0.0012784606666666667
46,0.9499999999999997,0.00011726153333333334,0.9499999999999997,-0.0008963813333333334
47,0.9749999999999999,0.0001753518,0.9749999999999999,-0.0011873486666666667
48,0.9999999999999998,0.00026740946666666665,0.9999999999999998,-0.0008299173333333333
49,1.0249999999999997,0.0004099651333333334,1.0249999999999997,-0.00041167293333333333
50,1.0499999999999998,0.0006256924666666667,1.0499999999999998,0.00043428833333333333
51,1.0749999999999997,0.0010250933333333333,1.0749999999999997,0.0008383713333333335
52,1.0999999999999999,0.0014227553333333333,1.0999999999999999,0.0017056246666666665
53,1.1249999999999998,0.001997028666666667,1.1249999999999998,0.0025314246666666667
54,1.1499999999999997,0.002728476666666667,1.1499999999999997,0.003417038
55,1.1749999999999998,0.003613864666666667,1.1749999999999998,0.004392983333333334
56,1.1999999999999997,0.004648767333333334,1.1999999999999997,0.005480733333333334
57,1.2249999999999996,0.005820210666666667,1.2249999999999996,0.0066806266666666675
58,1.2499999999999998,0.007524586666666668,1.2499999999999998,0.008085266666666667
59,1.2749999999999997,0.008743513333333335,1.2749999999999997,0.009505093333333334
