,C5_3R_V_D,C5_3R_J_D,C5_3R_V_L,C5_3R_J_L
0,1.3,0.009819886666666666,1.3,0.010598506666666667
1,1.2750000000000001,0.00911632,1.2750000000000001,0.009305833333333334
2,1.2500000000000002,0.008161360000000001,1.2500000000000002,0.008027533333333335
3,1.2250000000000003,0.007099713333333334,1.2250000000000003,0.006700640000000001
4,1.2000000000000004,0.005750300000000001,1.2000000000000004,0.005306586
5,1.1750000000000005,0.004952504000000001,1.1750000000000005,0.004068800666666666
6,1.1500000000000006,0.0039931820000000005,1.1500000000000006,0.0028283373333333334
7,1.1250000000000007,0.0031074833333333335,1.1250000000000007,0.001645024
8,1.1000000000000008,0.002335606,1.1000000000000008,0.0006590347333333334
9,1.0750000000000008,0.0016959733333333333,1.0750000000000008,-0.0004311069333333333
10,1.050000000000001,0.0011871786666666666,1.050000000000001,-0.0010727626666666669
11,1.025000000000001,0.0008052440000000001,1.025000000000001,-0.0020933593333333335
12,1.000000000000001,0.0004535795333333333,1.000000000000001,-0.0029812173333333336
13,0.9750000000000012,0.0003300453333333333,0.9750000000000012,-0.0037737513333333337
14,0.9500000000000013,0.00022157380000000003,0.9500000000000013,-0.004509664666666667
15,0.9250000000000014,0.00014866873333333334,0.9250000000000014,-0.005188881333333333
16,0.9000000000000015,0.00010179973333333333,0.9000000000000015,-0.005821402000000001
17,0.8750000000000016,7.220073333333334e-05,0.8750000000000016,-0.006415274
18,0.8500000000000016,5.0856966666666664e-05,0.8500000000000016,-0.006947473333333334
19,0.8250000000000017,3.9807733333333335e-05,0.8250000000000017,-0.006998626666666666
20,0.8000000000000018,3.141022e-05,0.8000000000000018,-0.0070433
21,0.7750000000000019,2.510808e-05,0.7750000000000019,-0.0077816
22,0.750000000000002,2.025164e-05,0.750000000000002,-0.008325860000000001
23,0.7250000000000021,1.6362013333333336e-05,0.7250000000000021,-0.008784806666666667
24,0.7000000000000022,1.3181446666666668e-05,0.7000000000000022,-0.00917226
25,0.6750000000000023,1.06068e-05,0.6750000000000023,-0.009509686666666668
26,0.6500000000000024,8.313693333333334e-06,0.6500000000000024,-0.009795033333333335
27,0.6250000000000024,7.537186666666668e-06,0.6250000000000024,-0.010064106666666668
28,0.6000000000000025,5.926009333333333e-06,0.6000000000000025,-0.010307606666666667
29,0.5750000000000026,3.8833913333333335e-06,0.5750000000000026,-0.010526866666666667
30,0.5500000000000027,2.6960633333333335e-06,0.5500000000000027,-0.01075008
31,0.5250000000000028,1.7281420000000001e-06,0.5250000000000028,-0.010977406666666668
32,0.5000000000000029,9.327893333333333e-07,0.5000000000000029,-0.011222426666666667
33,0.475000000000003,3.448286e-07,0.475000000000003,-0.01143288
34,0.45000000000000306,-2.744579333333333e-07,0.45000000000000306,-0.011662046666666667
35,0.42500000000000315,-7.371373333333333e-07,0.42500000000000315,-0.011914560000000001
36,0.40000000000000324,-1.1207720000000002e-06,0.40000000000000324,-0.01218166
37,0.37500000000000333,-1.4479253333333333e-06,0.37500000000000333,-0.012413046666666667
38,0.3500000000000034,-1.7175446666666667e-06,0.3500000000000034,-0.012665446666666667
39,0.3250000000000035,-1.9547700000000003e-06,0.3250000000000035,-0.012932180000000001
40,0.3000000000000036,-2.1500573333333334e-06,0.3000000000000036,-0.013190966666666666
41,0.2750000000000037,-2.316560666666667e-06,0.2750000000000037,-0.01344968
42,0.2500000000000038,-2.4643760000000003e-06,0.2500000000000038,-0.013712886666666667
43,0.22500000000000386,-2.47709e-06,0.22500000000000386,-0.01392416
44,0.20000000000000395,-2.6957806666666666e-06,0.20000000000000395,-0.014215853333333334
45,0.17500000000000404,-2.800456666666667e-06,0.17500000000000404,-0.014490493333333335
46,0.15000000000000413,-2.8901773333333334e-06,0.15000000000000413,-0.014723673333333335
47,0.12500000000000422,-2.970464e-06,0.12500000000000422,-0.014963866666666667
48,0.10000000000000431,-3.0409326666666667e-06,0.10000000000000431,-0.015199873333333334
49,0.0750000000000044,-3.108326666666667e-06,0.0750000000000044,-0.015445380000000002
50,0.050000000000004485,-3.17015e-06,0.050000000000004485,-0.015646906666666665
51,0.025000000000004574,-3.223407333333334e-06,0.025000000000004574,-0.015858886666666665
52,4.6629367034256575e-15,-3.2766080000000003e-06,4.6629367034256575e-15,-0.016071533333333332
53,-0.024999999999995248,-3.3321113333333335e-06,-0.024999999999995248,-0.016267919999999998
54,-0.04999999999999516,-3.386550666666667e-06,-0.04999999999999516,-0.016453866666666667
55,-0.07499999999999507,-3.4417146666666667e-06,-0.07499999999999507,-0.016629113333333334
56,-0.09999999999999498,-3.4660933333333333e-06,-0.09999999999999498,-0.016797266666666668
57,-0.12499999999999489,-3.5629453333333335e-06,-0.12499999999999489,-0.01695518
58,-0.1499999999999948,-3.6339533333333336e-06,-0.1499999999999948,-0.017100526666666668
59,-0.17499999999999472,-3.7148773333333333e-06,-0.17499999999999472,-0.017234700000000002
