,C5_3R_V_D,C5_3R_J_D,C5_3R_V_L,C5_3R_J_L
0,1.3,0.004449064,1.3,0.011072246666666667
1,1.2750000000000001,0.0049124093333333336,1.2750000000000001,0.009578506666666667
2,1.2500000000000002,0.004531640666666667,1.2500000000000002,0.008257660000000002
3,1.2250000000000003,0.003901258,1.2250000000000003,0.0070550866666666675
4,1.2000000000000004,0.0032266866666666666,1.2000000000000004,0.005902884666666667
5,1.1750000000000005,0.0025859386666666666,1.1750000000000005,0.004858262666666667
6,1.1500000000000006,0.002008718,1.1500000000000006,0.003924968
7,1.1250000000000007,0.0015137286666666667,1.1250000000000007,0.0030700993333333333
8,1.1000000000000008,0.0011079546666666667,1.1000000000000008,0.0022810753333333336
9,1.0750000000000008,0.00079244,1.0750000000000008,0.0015477973333333334
10,1.050000000000001,0.0005542577333333334,1.050000000000001,0.000859246
11,1.025000000000001,0.00038858386666666667,1.025000000000001,0.0003430946
12,1.000000000000001,0.0002763812666666667,1.000000000000001,-0.00035142413333333334
13,0.9750000000000012,0.00019977233333333335,0.9750000000000012,-0.000770418
14,0.9500000000000013,0.0001472946,0.9500000000000013,-0.001472292
15,0.9250000000000014,0.00011151666666666666,0.9250000000000014,-0.002118176
16,0.9000000000000015,8.665126666666667e-05,0.9000000000000015,-0.0027447160000000003
17,0.8750000000000016,6.909913333333333e-05,0.8750000000000016,-0.0033601346666666666
18,0.8500000000000016,5.569793333333334e-05,0.8500000000000016,-0.003968067333333334
19,0.8250000000000017,4.6452320000000004e-05,0.8250000000000017,-0.004565796666666667
20,0.8000000000000018,3.912602666666667e-05,0.8000000000000018,-0.005159484666666667
21,0.7750000000000019,3.3107633333333335e-05,0.7750000000000019,-0.005752193333333333
22,0.750000000000002,2.806946e-05,0.750000000000002,-0.006323057333333333
23,0.7250000000000021,2.3734313333333333e-05,0.7250000000000021,-0.006880873333333333
24,0.7000000000000022,1.9957413333333335e-05,0.7000000000000022,-0.006874773333333333
25,0.6750000000000023,1.661742666666667e-05,0.6750000000000023,-0.007533473333333333
26,0.6500000000000024,1.3660746666666667e-05,0.6500000000000024,-0.008128980000000001
27,0.6250000000000024,1.1050926666666667e-05,0.6250000000000024,-0.008686840000000001
28,0.6000000000000025,8.696046666666667e-06,0.6000000000000025,-0.009211333333333334
29,0.5750000000000026,7.646393333333332e-06,0.5750000000000026,-0.0097131
30,0.5500000000000027,5.7730920000000005e-06,0.5500000000000027,-0.010190586666666668
31,0.5250000000000028,3.5460720000000003e-06,0.5250000000000028,-0.010654646666666667
32,0.5000000000000029,2.0803360000000004e-06,0.5000000000000029,-0.011110120000000001
33,0.475000000000003,8.601120000000002e-07,0.475000000000003,-0.011532073333333333
34,0.45000000000000306,-1.6316213333333335e-07,0.45000000000000306,-0.01194444
35,0.42500000000000315,-9.62782e-07,0.42500000000000315,-0.01235356
36,0.40000000000000324,-1.7147653333333335e-06,0.40000000000000324,-0.012734353333333333
37,0.37500000000000333,-2.297710666666667e-06,0.37500000000000333,-0.013122153333333334
38,0.3500000000000034,-2.7675360000000003e-06,0.3500000000000034,-0.013481540000000002
39,0.3250000000000035,-3.1493700000000003e-06,0.3250000000000035,-0.013835926666666666
40,0.3000000000000036,-3.455822e-06,0.3000000000000036,-0.014170186666666666
41,0.2750000000000037,-3.706728e-06,0.2750000000000037,-0.014499293333333335
42,0.2500000000000038,-3.915554e-06,0.2500000000000038,-0.014811240000000002
43,0.22500000000000386,-3.976953333333334e-06,0.22500000000000386,-0.015073826666666668
44,0.20000000000000395,-4.2117026666666674e-06,0.20000000000000395,-0.015372826666666667
45,0.17500000000000404,-4.336050666666667e-06,0.17500000000000404,-0.01565246
46,0.15000000000000413,-4.439360666666667e-06,0.15000000000000413,-0.015888853333333335
47,0.12500000000000422,-4.527268666666667e-06,0.12500000000000422,-0.016125333333333335
48,0.10000000000000431,-4.603290000000001e-06,0.10000000000000431,-0.016348013333333335
49,0.0750000000000044,-4.657915333333333e-06,0.0750000000000044,-0.01655076
50,0.050000000000004485,-4.725840666666667e-06,0.050000000000004485,-0.016743593333333334
51,0.025000000000004574,-4.775693333333334e-06,0.025000000000004574,-0.01692296
52,4.6629367034256575e-15,-4.8191046666666665e-06,4.6629367034256575e-15,-0.01709182
53,-0.024999999999995248,-4.860718666666666e-06,-0.024999999999995248,-0.017242646666666667
54,-0.04999999999999516,-4.900006e-06,-0.04999999999999516,-0.017385973333333336
55,-0.07499999999999507,-4.9333626666666665e-06,-0.07499999999999507,-0.017515933333333334
56,-0.09999999999999498,-4.96671e-06,-0.09999999999999498,-0.017642473333333332
57,-0.12499999999999489,-5.001159333333334e-06,-0.12499999999999489,-0.017754973333333337
58,-0.1499999999999948,-5.036110000000001e-06,-0.1499999999999948,-0.017869713333333332
59,-0.17499999999999472,-5.0728053333333334e-06,-0.17499999999999472,-0.01795862
