,C5_3F_V_D,C5_3F_J_D,C5_3F_V_L,C5_3F_J_L
0,-0.2,-3.179954e-06,-0.2,-0.01892574666666667
1,-0.17500000000000002,-2.4348906666666666e-06,-0.17500000000000002,-0.018500720000000002
2,-0.15000000000000002,-2.2033340000000002e-06,-0.15000000000000002,-0.018002106666666667
3,-0.12500000000000003,-2.0514326666666667e-06,-0.12500000000000003,-0.017474820000000002
4,-0.10000000000000003,-1.927298e-06,-0.10000000000000003,-0.016924773333333334
5,-0.07500000000000004,-1.8244133333333333e-06,-0.07500000000000004,-0.01638460666666667
6,-0.050000000000000044,-1.7313813333333333e-06,-0.050000000000000044,-0.01585818666666667
7,-0.02500000000000005,-1.6404526666666666e-06,-0.02500000000000005,-0.015327173333333334
8,-5.551115123125783e-17,-1.6148540000000002e-06,-5.551115123125783e-17,-0.014826573333333332
9,0.02499999999999994,-1.462856e-06,0.02499999999999994,-0.01431818
10,0.04999999999999993,-1.359546e-06,0.04999999999999993,-0.013825586666666669
11,0.0749999999999999,-1.2517513333333335e-06,0.0749999999999999,-0.01333974
12,0.09999999999999992,-1.1340186666666666e-06,0.09999999999999992,-0.012863266666666668
13,0.12499999999999994,-1.0543633333333334e-06,0.12499999999999994,-0.01239228
14,0.1499999999999999,-8.588366666666668e-07,0.1499999999999999,-0.011926386666666667
15,0.17499999999999988,-6.87456e-07,0.17499999999999988,-0.01145174
16,0.1999999999999999,-4.940754666666667e-07,0.1999999999999999,-0.011000353333333334
17,0.22499999999999992,-2.9944626666666666e-07,0.22499999999999992,-0.01054722
18,0.2499999999999999,-3.579551333333334e-08,0.2499999999999999,-0.010098473333333333
19,0.27499999999999986,2.2352193333333336e-07,0.27499999999999986,-0.009652813333333333
20,0.2999999999999999,4.894305333333333e-07,0.2999999999999999,-0.009209460000000001
21,0.3249999999999999,7.521993333333334e-07,0.3249999999999999,-0.008770566666666667
22,0.3499999999999998,1.0122993333333333e-06,0.3499999999999998,-0.008338700000000001
23,0.37499999999999983,1.2732126666666667e-06,0.37499999999999983,-0.007907800000000001
24,0.39999999999999986,1.537488e-06,0.39999999999999986,-0.007486060000000001
25,0.4249999999999999,1.832128e-06,0.4249999999999999,-0.0070662933333333336
26,0.4499999999999999,2.1657740000000002e-06,0.4499999999999999,-0.007782226666666666
27,0.4749999999999998,2.5705640000000003e-06,0.4749999999999998,-0.006766406666666667
28,0.49999999999999983,3.072534e-06,0.49999999999999983,-0.006862226666666667
29,0.5249999999999999,3.714360666666667e-06,0.5249999999999999,-0.005919656666666667
30,0.5499999999999998,4.529314e-06,0.5499999999999998,-0.005394862
31,0.5749999999999997,5.580712e-06,0.5749999999999997,-0.0049432113333333335
32,0.5999999999999999,6.91666e-06,0.5999999999999999,-0.004524731333333334
33,0.6249999999999998,8.13568e-06,0.6249999999999998,-0.004127862
34,0.6499999999999999,1.0819053333333334e-05,0.6499999999999999,-0.0037445500000000006
35,0.6749999999999998,1.3668246666666666e-05,0.6749999999999998,-0.003373573333333333
36,0.6999999999999997,1.7181873333333335e-05,0.6999999999999997,-0.0030108453333333334
37,0.7249999999999999,2.1649613333333332e-05,0.7249999999999999,-0.002658672
38,0.7499999999999998,2.7385340000000003e-05,0.7499999999999998,-0.002310616666666667
39,0.7749999999999997,3.489722e-05,0.7749999999999997,-0.0019792413333333337
40,0.7999999999999998,4.4804919999999997e-05,0.7999999999999998,-0.0016452420000000003
41,0.8249999999999997,5.813677333333333e-05,0.8249999999999997,-0.0013129013333333334
42,0.8499999999999999,6.999566666666666e-05,0.8499999999999999,-0.0009709320000000001
43,0.8749999999999998,8.36518e-05,0.8749999999999998,-0.001000758
44,0.8999999999999997,0.00012259033333333332,0.8999999999999997,-0.0005993165333333334
45,0.9249999999999998,0.00017123206666666666,0.9249999999999998,-7.6325e-05
46,0.9499999999999997,0.000238725,0.9499999999999997,0.0003858933333333333
47,0.9749999999999999,0.0003325162666666667,0.9749999999999999,0.0005883068
48,0.9999999999999998,0.00046258120000000006,0.9999999999999998,0.0011885533333333333
49,1.0249999999999997,0.0006388034666666666,1.0249999999999997,0.001758452666666667
50,1.0499999999999998,0.0008153886666666668,1.0499999999999998,0.0023540926666666667
51,1.0749999999999997,0.0011375326666666667,1.0749999999999997,0.00297712
52,1.0999999999999999,0.0015119719999999999,1.0999999999999999,0.0036432706666666673
53,1.1249999999999998,0.0019544140000000002,1.1249999999999998,0.00435351
54,1.1499999999999997,0.0024693173333333335,1.1499999999999997,0.005109216000000001
55,1.1749999999999998,0.00305392,1.1749999999999998,0.005909672666666667
56,1.1999999999999997,0.0037096113333333334,1.1999999999999997,0.006760786666666668
57,1.2249999999999996,0.004430949333333334,1.2249999999999996,0.007393773333333333
58,1.2499999999999998,0.005218251333333333,1.2499999999999998,0.00840804
59,1.2749999999999997,0.006068014666666667,1.2749999999999997,0.00942798
