,C5_3F_V_D,C5_3F_J_D,C5_3F_V_L,C5_3F_J_L
0,-0.2,-3.988974e-07,-0.2,-0.019394753333333334
1,-0.17500000000000002,1.48429e-08,-0.17500000000000002,-0.01828874
2,-0.15000000000000002,9.54232e-08,-0.15000000000000002,-0.017182393333333334
3,-0.12500000000000003,1.4871866666666668e-07,-0.12500000000000003,-0.016279826666666667
4,-0.10000000000000003,1.8916633333333336e-07,-0.10000000000000003,-0.015538193333333335
5,-0.07500000000000004,2.228584e-07,-0.07500000000000004,-0.01491096
6,-0.050000000000000044,2.528152666666667e-07,-0.050000000000000044,-0.014359560000000002
7,-0.02500000000000005,2.8141553333333334e-07,-0.02500000000000005,-0.013888466666666667
8,-5.551115123125783e-17,2.986950666666667e-07,-5.551115123125783e-17,-0.013461560000000001
9,0.02499999999999994,3.3949866666666667e-07,0.02499999999999994,-0.013027613333333334
10,0.04999999999999993,3.706712666666667e-07,0.04999999999999993,-0.012630306666666667
11,0.0749999999999999,4.072100666666667e-07,0.0749999999999999,-0.012244053333333334
12,0.09999999999999992,4.4608646666666664e-07,0.09999999999999992,-0.011877353333333335
13,0.12499999999999994,4.6360613333333336e-07,0.12499999999999994,-0.011503733333333334
14,0.1499999999999999,5.371613333333333e-07,0.1499999999999999,-0.011140913333333334
15,0.17499999999999988,5.911512666666667e-07,0.17499999999999988,-0.010765233333333334
16,0.1999999999999999,6.529994666666667e-07,0.1999999999999999,-0.010421733333333334
17,0.22499999999999992,7.058573333333333e-07,0.22499999999999992,-0.010069733333333334
18,0.2499999999999999,8.00716e-07,0.2499999999999999,-0.009729286666666666
19,0.27499999999999986,8.912766666666666e-07,0.27499999999999986,-0.00939028
20,0.2999999999999999,9.962546666666668e-07,0.2999999999999999,-0.009034733333333333
21,0.3249999999999999,1.118962e-06,0.3249999999999999,-0.00868932
22,0.3499999999999998,1.26009e-06,0.3499999999999998,-0.008352573333333333
23,0.37499999999999983,1.429922e-06,0.37499999999999983,-0.008009713333333333
24,0.39999999999999986,1.6262420000000003e-06,0.39999999999999986,-0.007678713333333333
25,0.4249999999999999,1.86428e-06,0.4249999999999999,-0.007345773333333333
26,0.4499999999999999,2.146902e-06,0.4499999999999999,-0.007026006666666668
27,0.4749999999999998,2.4854873333333336e-06,0.4749999999999998,-0.0067018600000000005
28,0.49999999999999983,2.8859833333333333e-06,0.49999999999999983,-0.007929806666666667
29,0.5249999999999999,3.3675160000000004e-06,0.5249999999999999,-0.00773594
30,0.5499999999999998,3.934010000000001e-06,0.5499999999999998,-0.007417966666666666
31,0.5749999999999997,4.608408666666666e-06,0.5749999999999997,-0.00696456
32,0.5999999999999999,5.416121333333334e-06,0.5999999999999999,-0.005800998
33,0.6249999999999998,6.380736666666668e-06,0.6249999999999998,-0.005271802
34,0.6499999999999999,6.93026e-06,0.6499999999999999,-0.004866823333333333
35,0.6749999999999998,8.776126666666666e-06,0.6749999999999998,-0.004516198666666666
36,0.6999999999999997,1.0471426666666667e-05,0.6999999999999997,-0.004188668
37,0.7249999999999999,1.2471113333333334e-05,0.7249999999999999,-0.0038764146666666667
38,0.7499999999999998,1.4875640000000001e-05,0.7499999999999998,-0.0035644626666666668
39,0.7749999999999997,1.786456e-05,0.7749999999999997,-0.0032524253333333334
40,0.7999999999999998,2.1686146666666668e-05,0.7999999999999998,-0.0029343180000000004
41,0.8249999999999997,2.6802626666666667e-05,0.8249999999999997,-0.002607902
42,0.8499999999999999,3.3997226666666664e-05,0.8499999999999999,-0.002263444
43,0.8749999999999998,4.453130666666667e-05,0.8749999999999998,-0.001923428
44,0.8999999999999997,6.04807e-05,0.8999999999999997,-0.0015685813333333335
45,0.9249999999999998,8.498026666666667e-05,0.9249999999999998,-0.0011918046666666666
46,0.9499999999999997,0.00012363213333333335,0.9499999999999997,-0.0007908273333333334
47,0.9749999999999999,0.00018454613333333334,0.9749999999999999,-0.001023304
48,0.9999999999999998,0.00027968893333333336,0.9999999999999998,-0.0004926262000000001
49,1.0249999999999997,0.0004253354666666667,1.0249999999999997,0.00024363000000000002
50,1.0499999999999998,0.000642815,1.0499999999999998,0.0006999626666666667
51,1.0749999999999997,0.0009995706666666667,1.0749999999999997,0.0011333086666666667
52,1.0999999999999999,0.0014064553333333334,1.0999999999999999,0.0019722493333333333
53,1.1249999999999998,0.0019654986666666667,1.1249999999999998,0.002772287333333333
54,1.1499999999999997,0.0026678473333333337,1.1499999999999997,0.0036233546666666673
55,1.1749999999999998,0.0035100413333333334,1.1749999999999998,0.004550580666666667
56,1.1999999999999997,0.0044892433333333336,1.1999999999999997,0.005563024
57,1.2249999999999996,0.005591794666666667,1.2249999999999996,0.006671366666666667
58,1.2499999999999998,0.0068073000000000005,1.2499999999999998,0.007806966666666667
59,1.2749999999999997,0.008412746666666667,1.2749999999999997,0.009176413333333333
