,C5_3R_V_D,C5_3R_J_D,C5_3R_V_L,C5_3R_J_L
0,1.3,0.00496495,1.3,0.009977306666666666
1,1.2750000000000001,0.0050844160000000005,1.2750000000000001,0.008405766666666667
2,1.2500000000000002,0.0044964646666666675,1.2500000000000002,0.007081473333333333
3,1.2250000000000003,0.0037977506666666667,1.2250000000000003,0.005846429333333333
4,1.2000000000000004,0.0031218360000000002,1.2000000000000004,0.004756638666666667
5,1.1750000000000005,0.002512076,1.1750000000000005,0.003787004666666667
6,1.1500000000000006,0.0019799880000000002,1.1500000000000006,0.0028927193333333334
7,1.1250000000000007,0.0015306146666666668,1.1250000000000007,0.0020583613333333335
8,1.1000000000000008,0.0011609953333333335,1.1000000000000008,0.0012736940000000001
9,1.0750000000000008,0.0008643906666666668,1.0750000000000008,0.0006539264
10,1.050000000000001,0.0005865471333333334,1.050000000000001,-0.0001314052
11,1.025000000000001,0.0004430390666666667,1.025000000000001,-0.0005714313333333333
12,1.000000000000001,0.00032182293333333335,1.000000000000001,-0.001381234
13,0.9750000000000012,0.00023104686666666668,0.9750000000000012,-0.002123562
14,0.9500000000000013,0.000166202,0.9500000000000013,-0.0028436286666666667
15,0.9250000000000014,0.0001214874,0.9250000000000014,-0.003544796
16,0.9000000000000015,9.093726666666667e-05,0.9000000000000015,-0.004239126
17,0.8750000000000016,7.01586e-05,0.8750000000000016,-0.0049207240000000005
18,0.8500000000000016,5.399873333333334e-05,0.8500000000000016,-0.005596594666666667
19,0.8250000000000017,4.495665333333334e-05,0.8250000000000017,-0.006258738666666667
20,0.8000000000000018,3.769736e-05,0.8000000000000018,-0.006908753333333334
21,0.7750000000000019,3.189946e-05,0.7750000000000019,-0.00699482
22,0.750000000000002,2.718134666666667e-05,0.750000000000002,-0.007732693333333334
23,0.7250000000000021,2.3206073333333334e-05,0.7250000000000021,-0.00840278
24,0.7000000000000022,1.9795240000000003e-05,0.7000000000000022,-0.009020506666666667
25,0.6750000000000023,1.680324e-05,0.6750000000000023,-0.009598160000000001
26,0.6500000000000024,1.4174446666666666e-05,0.6500000000000024,-0.01013668
27,0.6250000000000024,1.1856293333333333e-05,0.6250000000000024,-0.010637066666666667
28,0.6000000000000025,9.776486666666667e-06,0.6000000000000025,-0.011100513333333334
29,0.5750000000000026,7.940140000000002e-06,0.5750000000000026,-0.011525706666666666
30,0.5500000000000027,6.931093333333334e-06,0.5500000000000027,-0.011924493333333334
31,0.5250000000000028,5.037502666666667e-06,0.5250000000000028,-0.012306506666666668
32,0.5000000000000029,3.758668666666667e-06,0.5000000000000029,-0.012641726666666667
33,0.475000000000003,2.6888780000000004e-06,0.475000000000003,-0.012962240000000002
34,0.45000000000000306,1.7934213333333336e-06,0.45000000000000306,-0.013267873333333334
35,0.42500000000000315,1.04874e-06,0.42500000000000315,-0.013554406666666666
36,0.40000000000000324,4.431112e-07,0.40000000000000324,-0.013841073333333334
37,0.37500000000000333,-5.1184480000000004e-08,0.37500000000000333,-0.014115606666666667
38,0.3500000000000034,-4.416282e-07,0.3500000000000034,-0.014373886666666667
39,0.3250000000000035,-7.509733333333333e-07,0.3250000000000035,-0.014635066666666668
40,0.3000000000000036,-9.939393333333335e-07,0.3000000000000036,-0.014881386666666666
41,0.2750000000000037,-1.182496e-06,0.2750000000000037,-0.015122166666666666
42,0.2500000000000038,-1.3288226666666668e-06,0.2500000000000038,-0.015348173333333335
43,0.22500000000000386,-1.3677260000000001e-06,0.22500000000000386,-0.01554342
44,0.20000000000000395,-1.5195266666666668e-06,0.20000000000000395,-0.015789093333333334
45,0.17500000000000404,-1.5900686666666669e-06,0.17500000000000404,-0.015986066666666666
46,0.15000000000000413,-1.6419306666666668e-06,0.15000000000000413,-0.016174013333333334
47,0.12500000000000422,-1.6817033333333333e-06,0.12500000000000422,-0.01635836666666667
48,0.10000000000000431,-1.7115500000000002e-06,0.10000000000000431,-0.016532420000000003
49,0.0750000000000044,-1.73411e-06,0.0750000000000044,-0.016693713333333336
50,0.050000000000004485,-1.7512506666666669e-06,0.050000000000004485,-0.01684296
51,0.025000000000004574,-1.7650553333333336e-06,0.025000000000004574,-0.016988353333333334
52,4.6629367034256575e-15,-1.7737793333333333e-06,4.6629367034256575e-15,-0.017122506666666665
53,-0.024999999999995248,-1.785636e-06,-0.024999999999995248,-0.017249006666666667
54,-0.04999999999999516,-1.7975020000000002e-06,-0.04999999999999516,-0.017366140000000002
55,-0.07499999999999507,-1.8103866666666666e-06,-0.07499999999999507,-0.017475766666666667
56,-0.09999999999999498,-1.824224666666667e-06,-0.09999999999999498,-0.017579913333333332
57,-0.12499999999999489,-1.842944e-06,-0.12499999999999489,-0.017686933333333335
58,-0.1499999999999948,-1.866012e-06,-0.1499999999999948,-0.01776860666666667
59,-0.17499999999999472,-1.8918973333333333e-06,-0.17499999999999472,-0.017852773333333332
