,X3_4R_V_D,X3_4R_J_D,X3_4R_V_L,X3_4R_J_L
0,1.3,0.00018100493333333335,1.3,0.0005375176
1,1.2750000000000001,0.0001282804666666667,1.2750000000000001,0.00042105859999999997
2,1.2500000000000002,0.00011284613333333334,1.2500000000000002,0.0003943566666666667
3,1.2250000000000003,0.00010223066666666667,1.2250000000000003,0.00037004953333333334
4,1.2000000000000004,9.36256e-05,1.2000000000000004,0.0003464338
5,1.1750000000000005,8.604566666666668e-05,1.1750000000000005,0.0003236158666666667
6,1.1500000000000006,7.923206666666667e-05,1.1500000000000006,0.00030178193333333335
7,1.1250000000000007,7.297866666666667e-05,1.1250000000000007,0.0002809876666666667
8,1.1000000000000008,6.714786666666667e-05,1.1000000000000008,0.0002612388666666667
9,1.0750000000000008,6.150562666666667e-05,1.0750000000000008,0.00024243933333333332
10,1.050000000000001,5.609444666666667e-05,1.050000000000001,0.0002249508
11,1.025000000000001,5.146620666666667e-05,1.025000000000001,0.0002082824666666667
12,1.000000000000001,4.713487333333334e-05,1.000000000000001,0.00019250013333333332
13,0.9750000000000012,4.303732666666667e-05,0.9750000000000012,0.00017744233333333336
14,0.9500000000000013,3.919972666666667e-05,0.9500000000000013,0.00016355226666666666
15,0.9250000000000014,3.5603880000000005e-05,0.9250000000000014,0.00015007533333333332
16,0.9000000000000015,3.2236e-05,0.9000000000000015,0.00013731933333333335
17,0.8750000000000016,2.9085053333333335e-05,0.8750000000000016,0.00012503633333333335
18,0.8500000000000016,2.6145586666666667e-05,0.8500000000000016,0.00011322066666666667
19,0.8250000000000017,2.3409893333333335e-05,0.8250000000000017,0.00010167426666666667
20,0.8000000000000018,2.0859986666666668e-05,0.8000000000000018,9.020326666666667e-05
21,0.7750000000000019,1.849838e-05,0.7750000000000019,7.875866666666668e-05
22,0.750000000000002,1.631782666666667e-05,0.750000000000002,6.696513333333334e-05
23,0.7250000000000021,1.4295533333333334e-05,0.7250000000000021,5.643324666666667e-05
24,0.7000000000000022,1.2445306666666667e-05,0.7000000000000022,4.2008800000000003e-05
25,0.6750000000000023,1.0737780000000001e-05,0.6750000000000023,2.8293713333333332e-05
26,0.6500000000000024,9.172813333333333e-06,0.6500000000000024,1.3807659999999999e-05
27,0.6250000000000024,7.745573333333333e-06,0.6250000000000024,5.405913333333334e-07
28,0.6000000000000025,7.157693333333333e-06,0.6000000000000025,-1.5958386666666668e-05
29,0.5750000000000026,5.904122666666666e-06,0.5750000000000026,-3.575987333333334e-05
30,0.5500000000000027,4.27696e-06,0.5500000000000027,-5.530240000000001e-05
31,0.5250000000000028,3.250752666666667e-06,0.5250000000000028,-7.304393333333333e-05
32,0.5000000000000029,2.359046666666667e-06,0.5000000000000029,-9.696106666666666e-05
33,0.475000000000003,1.5690586666666667e-06,0.475000000000003,-0.00012114413333333332
34,0.45000000000000306,8.61062e-07,0.45000000000000306,-0.0001466158
35,0.42500000000000315,2.2793499999999998e-07,0.42500000000000315,-0.00017380486666666666
36,0.40000000000000324,-3.3666586666666665e-07,0.40000000000000324,-0.00020256246666666667
37,0.37500000000000333,-8.431353333333334e-07,0.37500000000000333,-0.00023336766666666667
38,0.3500000000000034,-1.2923433333333334e-06,0.3500000000000034,-0.00026558153333333337
39,0.3250000000000035,-1.6909980000000001e-06,0.3250000000000035,-0.0003000254
40,0.3000000000000036,-2.043574e-06,0.3000000000000036,-0.0003365620666666667
41,0.2750000000000037,-2.3577413333333335e-06,0.2750000000000037,-0.00037592733333333334
42,0.2500000000000038,-2.6372013333333333e-06,0.2500000000000038,-0.00041729833333333335
43,0.22500000000000386,-2.769646e-06,0.22500000000000386,-0.00046124493333333334
44,0.20000000000000395,-3.0841393333333334e-06,0.20000000000000395,-0.0005091122666666667
45,0.17500000000000404,-3.287158e-06,0.17500000000000404,-0.0005600210666666667
46,0.15000000000000413,-3.4662953333333334e-06,0.15000000000000413,-0.0006144806
47,0.12500000000000422,-3.626166e-06,0.12500000000000422,-0.0006727726666666667
48,0.10000000000000431,-3.7742640000000003e-06,0.10000000000000431,-0.0007344786666666667
49,0.0750000000000044,-3.908588666666667e-06,0.0750000000000044,-0.0007970193333333334
50,0.050000000000004485,-4.033452e-06,0.050000000000004485,-0.000869186
51,0.025000000000004574,-4.151363333333333e-06,0.025000000000004574,-0.0009466606666666667
52,4.6629367034256575e-15,-4.255452e-06,4.6629367034256575e-15,-0.0010297026666666667
53,-0.024999999999995248,-4.365936e-06,-0.024999999999995248,-0.0011180226666666667
54,-0.04999999999999516,-4.467958e-06,-0.04999999999999516,-0.0012126386666666668
55,-0.07499999999999507,-4.565475333333334e-06,-0.07499999999999507,-0.0013139053333333334
56,-0.09999999999999498,-4.661858e-06,-0.09999999999999498,-0.0014219753333333334
57,-0.12499999999999489,-4.753837333333334e-06,-0.12499999999999489,-0.00153795
58,-0.1499999999999948,-4.8425740000000006e-06,-0.1499999999999948,-0.0016615900000000001
59,-0.17499999999999472,-4.929094e-06,-0.17499999999999472,-0.001793998666666667
60,-0.19999999999999463,-4.969658e-06,-0.19999999999999463,-0.0019353713333333333
61,-0.22499999999999454,-5.072328666666667e-06,-0.22499999999999454,-0.0020876733333333336
62,-0.24999999999999445,-5.150442666666667e-06,-0.24999999999999445,-0.002249018
63,-0.27499999999999436,-5.2255433333333335e-06,-0.27499999999999436,-0.002422302
