,X3_4R_V_D,X3_4R_J_D,X3_4R_V_L,X3_4R_J_L
0,1.3,1.788210666666667e-05,1.3,0.00014993553333333333
1,1.2750000000000001,1.3973340000000002e-05,1.2750000000000001,0.00010098846666666667
2,1.2500000000000002,1.1919946666666668e-05,1.2500000000000002,9.0098e-05
3,1.2250000000000003,1.047744e-05,1.2250000000000003,8.254260000000001e-05
4,1.2000000000000004,9.338453333333333e-06,1.2000000000000004,7.62196e-05
5,1.1750000000000005,8.382413333333333e-06,1.1750000000000005,7.070806666666667e-05
6,1.1500000000000006,7.5496600000000005e-06,1.1500000000000006,6.573989333333333e-05
7,1.1250000000000007,6.8107799999999995e-06,1.1250000000000007,6.055681333333334e-05
8,1.1000000000000008,6.447838666666666e-06,1.1000000000000008,5.6226326666666665e-05
9,1.0750000000000008,5.488226666666667e-06,1.0750000000000008,5.217053333333334e-05
10,1.050000000000001,4.918820666666667e-06,1.050000000000001,4.835238000000001e-05
11,1.025000000000001,4.406386666666667e-06,1.025000000000001,4.474204666666667e-05
12,1.000000000000001,3.932400000000001e-06,1.000000000000001,4.132654e-05
13,0.9750000000000012,3.492001333333333e-06,0.9750000000000012,3.807997333333333e-05
14,0.9500000000000013,3.112154e-06,0.9500000000000013,3.498946e-05
15,0.9250000000000014,2.687506e-06,0.9250000000000014,3.2044640000000004e-05
16,0.9000000000000015,2.3212366666666667e-06,0.9000000000000015,2.9226233333333338e-05
17,0.8750000000000016,1.978804e-06,0.8750000000000016,2.6510500000000003e-05
18,0.8500000000000016,1.6543520000000001e-06,0.8500000000000016,2.3868493333333334e-05
19,0.8250000000000017,1.3527933333333334e-06,0.8250000000000017,2.1261673333333333e-05
20,0.8000000000000018,1.07397e-06,0.8000000000000018,1.863964666666667e-05
21,0.7750000000000019,8.119393333333333e-07,0.7750000000000019,1.592656e-05
22,0.750000000000002,5.712642666666667e-07,0.750000000000002,1.3026980000000001e-05
23,0.7250000000000021,3.5025366666666666e-07,0.7250000000000021,9.834553333333334e-06
24,0.7000000000000022,1.4973246666666665e-07,0.7000000000000022,7.319086666666666e-06
25,0.6750000000000023,-3.690480666666667e-08,0.6750000000000023,2.893904e-06
26,0.6500000000000024,-2.0485320000000003e-07,0.6500000000000024,-3.4964353333333336e-06
27,0.6250000000000024,-3.6236793333333335e-07,0.6250000000000024,-8.065046666666667e-06
28,0.6000000000000025,-4.6884933333333333e-07,0.6000000000000025,-1.5697973333333334e-05
29,0.5750000000000026,-6.374977333333334e-07,0.5750000000000026,-2.3956726666666668e-05
30,0.5500000000000027,-7.625513333333334e-07,0.5500000000000027,-3.318936e-05
31,0.5250000000000028,-8.804273333333334e-07,0.5250000000000028,-4.358858666666667e-05
32,0.5000000000000029,-9.908233333333335e-07,0.5000000000000029,-5.506268666666667e-05
33,0.475000000000003,-1.0946793333333335e-06,0.475000000000003,-6.847686666666667e-05
34,0.45000000000000306,-1.1942553333333333e-06,0.45000000000000306,-8.031846666666667e-05
35,0.42500000000000315,-1.2871333333333333e-06,0.42500000000000315,-9.700340000000001e-05
36,0.40000000000000324,-1.3788393333333334e-06,0.40000000000000324,-0.00011471473333333335
37,0.37500000000000333,-1.4654573333333334e-06,0.37500000000000333,-0.00013355246666666668
38,0.3500000000000034,-1.5446226666666667e-06,0.3500000000000034,-0.000153905
39,0.3250000000000035,-1.6267573333333335e-06,0.3250000000000035,-0.00017580500000000002
40,0.3000000000000036,-1.701352e-06,0.3000000000000036,-0.00019925693333333334
41,0.2750000000000037,-1.7740766666666665e-06,0.2750000000000037,-0.00022401793333333336
42,0.2500000000000038,-1.8118653333333332e-06,0.2500000000000038,-0.0002504716666666667
43,0.22500000000000386,-1.79346e-06,0.22500000000000386,-0.0002780804666666667
44,0.20000000000000395,-1.9659313333333335e-06,0.20000000000000395,-0.000307865
45,0.17500000000000404,-2.0371613333333333e-06,0.17500000000000404,-0.0003389872666666667
46,0.15000000000000413,-2.1032913333333334e-06,0.15000000000000413,-0.0003717678
47,0.12500000000000422,-2.167200666666667e-06,0.12500000000000422,-0.00040612833333333333
48,0.10000000000000431,-2.2306806666666666e-06,0.10000000000000431,-0.0004422757333333334
49,0.0750000000000044,-2.2947633333333336e-06,0.0750000000000044,-0.000480186
50,0.050000000000004485,-2.3566219999999998e-06,0.050000000000004485,-0.0005198737333333334
51,0.025000000000004574,-2.423848e-06,0.025000000000004574,-0.0005613084
52,4.6629367034256575e-15,-2.466723333333333e-06,4.6629367034256575e-15,-0.0006050330666666667
53,-0.024999999999995248,-2.552184666666667e-06,-0.024999999999995248,-0.0006511121333333333
54,-0.04999999999999516,-2.6229253333333335e-06,-0.04999999999999516,-0.0006986573333333334
55,-0.07499999999999507,-2.693072666666667e-06,-0.07499999999999507,-0.000732992
56,-0.09999999999999498,-2.7671886666666667e-06,-0.09999999999999498,-0.0007895026666666667
57,-0.12499999999999489,-2.841898666666667e-06,-0.12499999999999489,-0.0008459226666666667
58,-0.1499999999999948,-2.915862e-06,-0.1499999999999948,-0.000905098
59,-0.17499999999999472,-2.9944746666666667e-06,-0.17499999999999472,-0.0009672913333333334
60,-0.19999999999999463,-3.03549e-06,-0.19999999999999463,-0.0010311093333333335
61,-0.22499999999999454,-3.126424e-06,-0.22499999999999454,-0.001100116
62,-0.24999999999999445,-3.2187733333333334e-06,-0.24999999999999445,-0.0011729713333333332
63,-0.27499999999999436,-3.2976360000000006e-06,-0.27499999999999436,-0.00125015
