,X3_4R_V_D,X3_4R_J_D,X3_4R_V_L,X3_4R_J_L
0,1.3,0.001112394,1.3,0.0020386473333333334
1,1.2750000000000001,0.001068896,1.2750000000000001,0.0019529926666666667
2,1.2500000000000002,0.001011104,1.2500000000000002,0.001849268
3,1.2250000000000003,0.0009502106666666668,1.2250000000000003,0.0017422946666666669
4,1.2000000000000004,0.0008897326666666667,1.2000000000000004,0.0016377746666666666
5,1.1750000000000005,0.0008310513333333333,1.1750000000000005,0.0015380673333333333
6,1.1500000000000006,0.0007747273333333334,1.1500000000000006,0.0014433746666666668
7,1.1250000000000007,0.000720962,1.1250000000000007,0.0013540540000000002
8,1.1000000000000008,0.0006701546666666667,1.1000000000000008,0.0012699413333333335
9,1.0750000000000008,0.0006147264666666667,1.0750000000000008,0.001190288
10,1.050000000000001,0.0005707226666666667,1.050000000000001,0.0011148373333333334
11,1.025000000000001,0.0005292144666666668,1.025000000000001,0.001043
12,1.000000000000001,0.0004896708666666667,1.000000000000001,0.0009752973333333335
13,0.9750000000000012,0.0004521651333333334,0.9750000000000012,0.0009106973333333334
14,0.9500000000000013,0.00041669633333333336,0.9500000000000013,0.0008487613333333333
15,0.9250000000000014,0.00038308613333333334,0.9250000000000014,0.0007894333333333333
16,0.9000000000000015,0.0003516434666666667,0.9000000000000015,0.0007333266666666667
17,0.8750000000000016,0.00032187800000000005,0.8750000000000016,0.0006788613333333334
18,0.8500000000000016,0.0002939596,0.8500000000000016,0.0006278198666666668
19,0.8250000000000017,0.00026764593333333337,0.8250000000000017,0.0005740576
20,0.8000000000000018,0.0002431784666666667,0.8000000000000018,0.0005248028666666667
21,0.7750000000000019,0.00022018260000000002,0.7750000000000019,0.0004767323333333334
22,0.750000000000002,0.00019868166666666667,0.750000000000002,0.00042942886666666675
23,0.7250000000000021,0.0001786744,0.7250000000000021,0.00038233973333333333
24,0.7000000000000022,0.00015997813333333335,0.7000000000000022,0.00033656
25,0.6750000000000023,0.00014264833333333334,0.6750000000000023,0.00029052200000000003
26,0.6500000000000024,0.00012656173333333335,0.6500000000000024,0.00024489000000000005
27,0.6250000000000024,0.00011172786666666666,0.6250000000000024,0.00019880146666666668
28,0.6000000000000025,9.803246666666667e-05,0.6000000000000025,0.00015359086666666665
29,0.5750000000000026,8.5487e-05,0.5750000000000026,0.00010799606666666667
30,0.5500000000000027,7.394253333333334e-05,0.5500000000000027,6.700633333333334e-05
31,0.5250000000000028,6.293936666666668e-05,0.5250000000000028,1.7987453333333335e-05
32,0.5000000000000029,5.3072813333333337e-05,0.5000000000000029,-2.8455393333333333e-05
33,0.475000000000003,4.467383333333333e-05,0.475000000000003,-6.954846666666667e-05
34,0.45000000000000306,3.7091253333333336e-05,0.45000000000000306,-0.00012020713333333333
35,0.42500000000000315,3.0283860000000004e-05,0.42500000000000315,-0.00016906800000000003
36,0.40000000000000324,2.4206713333333335e-05,0.40000000000000324,-0.0002192628
37,0.37500000000000333,1.881922666666667e-05,0.37500000000000333,-0.00027129193333333336
38,0.3500000000000034,1.408542e-05,0.3500000000000034,-0.0003257118
39,0.3250000000000035,9.95282e-06,0.3250000000000035,-0.0003832322666666667
40,0.3000000000000036,7.027813333333334e-06,0.3000000000000036,-0.00044462433333333334
41,0.2750000000000037,4.167245333333333e-06,0.2750000000000037,-0.0005115412666666666
42,0.2500000000000038,1.340964e-06,0.2500000000000038,-0.0005845552666666667
43,0.22500000000000386,-5.819209333333333e-07,0.22500000000000386,-0.0006646425333333333
44,0.20000000000000395,-2.1958253333333334e-06,0.20000000000000395,-0.0007691113333333333
45,0.17500000000000404,-3.5256613333333335e-06,0.17500000000000404,-0.0008639866666666667
46,0.15000000000000413,-4.53877e-06,0.15000000000000413,-0.000975666
47,0.12500000000000422,-5.333663333333333e-06,0.12500000000000422,-0.0011001606666666667
48,0.10000000000000431,-5.955879333333333e-06,0.10000000000000431,-0.0012388126666666667
49,0.0750000000000044,-6.462259333333334e-06,0.0750000000000044,-0.001392004
50,0.050000000000004485,-6.82532e-06,0.050000000000004485,-0.0015608673333333332
51,0.025000000000004574,-6.997533333333334e-06,0.025000000000004574,-0.0017451653333333333
52,4.6629367034256575e-15,-7.0007199999999994e-06,4.6629367034256575e-15,-0.0019468233333333332
53,-0.024999999999995248,-7.000713333333334e-06,-0.024999999999995248,-0.0021641426666666667
54,-0.04999999999999516,-7.0007066666666674e-06,-0.04999999999999516,-0.0023981846666666666
55,-0.07499999999999507,-5.228234666666667e-06,-0.07499999999999507,-0.002648174
56,-0.09999999999999498,-5.036186e-06,-0.09999999999999498,-0.002915070666666667
57,-0.12499999999999489,-5.761034e-06,-0.12499999999999489,-0.003198306666666667
58,-0.1499999999999948,-6.150088e-06,-0.1499999999999948,-0.0034977100000000002
59,-0.17499999999999472,-6.449108666666667e-06,-0.17499999999999472,-0.003813866
60,-0.19999999999999463,-6.644110666666667e-06,-0.19999999999999463,-0.004147114
61,-0.22499999999999454,-6.848733333333334e-06,-0.22499999999999454,-0.004495922666666667
62,-0.24999999999999445,-6.944906666666667e-06,-0.24999999999999445,-0.004860207333333334
63,-0.27499999999999436,-7.0007199999999994e-06,-0.27499999999999436,-0.005240930666666667
