,X3_4F_V_D,X3_4F_J_D,X3_4F_V_L,X3_4F_J_L
0,-0.3,-1.0919266666666667e-05,-0.3,-0.01122626
1,-0.27499999999999997,-5.4427066666666664e-06,-0.27499999999999997,-0.010696013333333334
2,-0.24999999999999994,-2.972513333333333e-06,-0.24999999999999994,-0.010140006666666666
3,-0.22499999999999992,-1.3473453333333335e-06,-0.22499999999999992,-0.009571306666666666
4,-0.1999999999999999,-1.99629e-07,-0.1999999999999999,-0.008997053333333335
5,-0.17499999999999988,8.823846666666667e-07,-0.17499999999999988,-0.008421073333333334
6,-0.14999999999999986,1.718772666666667e-06,-0.14999999999999986,-0.00784966
7,-0.12499999999999983,2.4168513333333338e-06,-0.12499999999999983,-0.0072845666666666664
8,-0.09999999999999981,3.008856e-06,-0.09999999999999981,-0.006731113333333333
9,-0.07499999999999979,3.5185053333333338e-06,-0.07499999999999979,-0.006136650666666667
10,-0.04999999999999977,3.9596760000000006e-06,-0.04999999999999977,-0.005614350000000001
11,-0.024999999999999745,4.341154666666667e-06,-0.024999999999999745,-0.005113230000000001
12,2.7755575615628914e-16,4.660636000000001e-06,2.7755575615628914e-16,-0.004628880666666667
13,0.0250000000000003,4.969168666666667e-06,0.0250000000000003,-0.0041657740000000006
14,0.05000000000000032,5.235076666666667e-06,0.05000000000000032,-0.0037249520000000006
15,0.07500000000000034,5.47735e-06,0.07500000000000034,-0.0033078093333333337
16,0.10000000000000037,5.7019500000000005e-06,0.10000000000000037,-0.002915138666666667
17,0.1250000000000004,5.923051333333333e-06,0.1250000000000004,-0.0025480353333333333
18,0.1500000000000004,6.145023333333333e-06,0.1500000000000004,-0.0022068486666666667
19,0.17500000000000043,6.385293333333334e-06,0.17500000000000043,-0.0018915806666666667
20,0.20000000000000046,6.622202000000001e-06,0.20000000000000046,-0.001602892
21,0.22500000000000048,6.787506666666667e-06,0.22500000000000048,-0.0013383380000000001
22,0.2500000000000005,6.979493333333333e-06,0.2500000000000005,-0.0010987920000000001
23,0.2750000000000005,6.999253333333334e-06,0.2750000000000005,-0.0008817626666666667
24,0.30000000000000054,6.999253333333334e-06,0.30000000000000054,-0.0006849293333333333
25,0.32500000000000057,5.829840666666667e-06,0.32500000000000057,-0.0005120314000000001
26,0.3500000000000006,7.61408e-06,0.3500000000000006,-0.00034662180000000003
27,0.3750000000000006,9.078873333333335e-06,0.3750000000000006,-0.000192198
28,0.40000000000000063,1.0718346666666667e-05,0.40000000000000063,-5.3869160000000007e-05
29,0.42500000000000066,1.2724566666666667e-05,0.42500000000000066,7.775566666666667e-05
30,0.4500000000000007,1.5262246666666666e-05,0.4500000000000007,0.00021766273333333335
31,0.4750000000000007,1.8515626666666667e-05,0.4750000000000007,0.0003577592666666667
32,0.5000000000000007,2.2689653333333335e-05,0.5000000000000007,0.000499623
33,0.5250000000000008,2.8016053333333336e-05,0.5250000000000008,0.0006439415333333333
34,0.5500000000000007,3.477302e-05,0.5500000000000007,0.0007955193333333333
35,0.5750000000000008,4.330579333333334e-05,0.5750000000000008,0.0009445413333333333
36,0.6000000000000008,5.397141333333334e-05,0.6000000000000008,0.0011053293333333333
37,0.6250000000000009,7.747960000000001e-05,0.6250000000000009,0.0012737533333333335
38,0.6500000000000008,9.428333333333334e-05,0.6500000000000008,0.0014494273333333335
39,0.6750000000000009,0.00011410840000000001,0.6750000000000009,0.0016326626666666668
40,0.7000000000000008,0.00013796579999999999,0.7000000000000008,0.0018230986666666667
41,0.7250000000000008,0.00016659126666666667,0.7250000000000008,0.002021854
42,0.7500000000000009,0.0002006676,0.7500000000000009,0.002229342666666667
43,0.775000000000001,0.00024087053333333335,0.775000000000001,0.002444914
44,0.8000000000000009,0.0002880444,0.8000000000000009,0.0026687800000000004
45,0.8250000000000008,0.0003429927333333334,0.8250000000000008,0.0029011233333333334
46,0.850000000000001,0.00040680513333333335,0.850000000000001,0.00314167
47,0.8750000000000011,0.0004798666,0.8750000000000011,0.0033904980000000005
48,0.900000000000001,0.0005641941333333334,0.900000000000001,0.0036470193333333336
49,0.9250000000000009,0.0006601819333333334,0.9250000000000009,0.003911678
50,0.9500000000000011,0.0008392306666666667,0.9500000000000011,0.00418421
51,0.9750000000000012,0.0009457233333333334,0.9750000000000012,0.004464347333333334
52,1.000000000000001,0.0010753286666666667,1.000000000000001,0.0047521713333333335
53,1.025000000000001,0.0012247946666666667,1.025000000000001,0.005047904000000001
54,1.0500000000000012,0.0013932566666666666,1.0500000000000012,0.005352052666666667
55,1.0750000000000013,0.0015821353333333335,1.0750000000000013,0.005664767333333334
56,1.1000000000000012,0.0017925353333333332,1.1000000000000012,0.00598561
57,1.125000000000001,0.0020252713333333335,1.125000000000001,0.006317111333333333
58,1.1500000000000012,0.0022807506666666665,1.1500000000000012,0.006659224000000001
59,1.1750000000000014,0.0025639733333333334,1.1750000000000014,0.006968726666666666
60,1.2000000000000013,0.0028747293333333335,1.2000000000000013,0.007304960000000001
61,1.2250000000000012,0.0032139433333333335,1.2250000000000012,0.007674886666666667
62,1.2500000000000013,0.0035817046666666665,1.2500000000000013,0.008072666666666667
63,1.2750000000000015,0.0039856480000000005,1.2750000000000015,0.00849522
