,X3_4R_V_D,X3_4R_J_D,X3_4R_V_L,X3_4R_J_L
0,1.3,0.0013431626666666667,1.3,0.002367839333333333
1,1.2750000000000001,0.001298184,1.2750000000000001,0.00227389
2,1.2500000000000002,0.0012325493333333335,1.2500000000000002,0.0021564080000000003
3,1.2250000000000003,0.0011613593333333334,1.2250000000000003,0.0020347146666666667
4,1.2000000000000004,0.0010898253333333334,1.2000000000000004,0.0019152433333333334
5,1.1750000000000005,0.0010198886666666668,1.1750000000000005,0.0018010833333333336
6,1.1500000000000006,0.0009524293333333335,1.1500000000000006,0.001692746
7,1.1250000000000007,0.0008878839999999999,1.1250000000000007,0.001590130666666667
8,1.1000000000000008,0.00082669,1.1000000000000008,0.0014936246666666666
9,1.0750000000000008,0.000768352,1.0750000000000008,0.0014021493333333335
10,1.050000000000001,0.0007130666666666667,1.050000000000001,0.0013155126666666668
11,1.025000000000001,0.0006532569333333333,1.025000000000001,0.0012331626666666666
12,1.000000000000001,0.0006053813333333334,1.000000000000001,0.001154938
13,0.9750000000000012,0.0005602627333333334,0.9750000000000012,0.0010800533333333335
14,0.9500000000000013,0.0005174086000000001,0.9500000000000013,0.0010085813333333333
15,0.9250000000000014,0.0004767481333333334,0.9250000000000014,0.0009399093333333334
16,0.9000000000000015,0.0004384943333333333,0.9000000000000015,0.000874882
17,0.8750000000000016,0.0004022446,0.8750000000000016,0.000811562
18,0.8500000000000016,0.00036810393333333336,0.8500000000000016,0.0007507373333333333
19,0.8250000000000017,0.00033586453333333334,0.8250000000000017,0.00069136
20,0.8000000000000018,0.00030578720000000003,0.8000000000000018,0.0006365414
21,0.7750000000000019,0.000277466,0.7750000000000019,0.0005775121333333334
22,0.750000000000002,0.00025093473333333337,0.750000000000002,0.0005228072666666667
23,0.7250000000000021,0.00022614973333333335,0.7250000000000021,0.00046845620000000003
24,0.7000000000000022,0.0002030102666666667,0.7000000000000022,0.0004158032
25,0.6750000000000023,0.00018146006666666667,0.6750000000000023,0.0003629554666666667
26,0.6500000000000024,0.0001614652,0.6500000000000024,0.0003106554
27,0.6250000000000024,0.00014295893333333333,0.6250000000000024,0.00025801413333333335
28,0.6000000000000025,0.00012582313333333334,0.6000000000000025,0.00020645760000000002
29,0.5750000000000026,0.0001101054,0.5750000000000026,0.00015485880000000002
30,0.5500000000000027,9.563300000000001e-05,0.5500000000000027,0.0001030956
31,0.5250000000000028,8.243886666666667e-05,0.5250000000000028,5.6247966666666674e-05
32,0.5000000000000029,7.036233333333334e-05,0.5000000000000029,5.266232666666667e-06
33,0.475000000000003,5.895029333333334e-05,0.475000000000003,-4.598303333333334e-05
34,0.45000000000000306,4.884220666666667e-05,0.45000000000000306,-9.835780000000001e-05
35,0.42500000000000315,4.02618e-05,0.42500000000000315,-0.00015520046666666666
36,0.40000000000000324,3.2585633333333335e-05,0.40000000000000324,-0.00021098500000000001
37,0.37500000000000333,2.575366666666667e-05,0.37500000000000333,-0.0002686634
38,0.3500000000000034,1.9726786666666667e-05,0.3500000000000034,-0.00032908653333333336
39,0.3250000000000035,1.445476e-05,0.3250000000000035,-0.0003926910666666667
40,0.3000000000000036,9.944546666666667e-06,0.3000000000000036,-0.00046085840000000005
41,0.2750000000000037,6.601902e-06,0.2750000000000037,-0.0005346914
42,0.2500000000000038,2.9669920000000003e-06,0.2500000000000038,-0.0006158682666666667
43,0.22500000000000386,4.02446e-07,0.22500000000000386,-0.00071869
44,0.20000000000000395,-1.7966233333333334e-06,0.20000000000000395,-0.0008132
45,0.17500000000000404,-3.4705906666666667e-06,0.17500000000000404,-0.0009239326666666668
46,0.15000000000000413,-4.768828666666667e-06,0.15000000000000413,-0.0010479386666666667
47,0.12500000000000422,-5.766494000000001e-06,0.12500000000000422,-0.0011864353333333334
48,0.10000000000000431,-6.558453333333334e-06,0.10000000000000431,-0.001340678
49,0.0750000000000044,-6.986613333333333e-06,0.0750000000000044,-0.00151161
50,0.050000000000004485,-6.997533333333334e-06,0.050000000000004485,-0.001699534666666667
51,0.025000000000004574,-5.3224226666666665e-06,0.025000000000004574,-0.001905744
52,4.6629367034256575e-15,-5.215287333333333e-06,4.6629367034256575e-15,-0.002130655333333333
53,-0.024999999999995248,-6.042775333333333e-06,-0.024999999999995248,-0.0023729420000000003
54,-0.04999999999999516,-6.518350000000001e-06,-0.04999999999999516,-0.0026329726666666667
55,-0.07499999999999507,-6.852706666666667e-06,-0.07499999999999507,-0.002911172666666667
56,-0.09999999999999498,-6.997033333333333e-06,-0.09999999999999498,-0.003206698
57,-0.12499999999999489,-7.000693333333334e-06,-0.12499999999999489,-0.0035192666666666672
58,-0.1499999999999948,-7.000686666666667e-06,-0.1499999999999948,-0.0038485579999999998
59,-0.17499999999999472,-7.00068e-06,-0.17499999999999472,-0.004194612666666667
60,-0.19999999999999463,-5.24688e-06,-0.19999999999999463,-0.004557634666666667
61,-0.22499999999999454,-5.0866633333333335e-06,-0.22499999999999454,-0.004935950000000001
62,-0.24999999999999445,-5.826291333333334e-06,-0.24999999999999445,-0.005329396
63,-0.27499999999999436,-6.240260000000001e-06,-0.27499999999999436,-0.005738719333333334
