,X3_4F_V_D,X3_4F_J_D,X3_4F_V_L,X3_4F_J_L
0,-0.3,-2.43626e-06,-0.3,-0.0018999586666666667
1,-0.27499999999999997,-1.4801446666666667e-06,-0.27499999999999997,-0.0016970473333333335
2,-0.24999999999999994,-9.325373333333335e-07,-0.24999999999999994,-0.0015477106666666669
3,-0.22499999999999992,-5.155815333333333e-07,-0.22499999999999992,-0.00142064
4,-0.1999999999999999,-2.3033613333333336e-07,-0.1999999999999999,-0.00130671
5,-0.17499999999999988,9.715973333333334e-08,-0.17499999999999988,-0.00120136
6,-0.14999999999999986,3.364874666666667e-07,-0.14999999999999986,-0.0011045406666666667
7,-0.12499999999999983,5.399086666666667e-07,-0.12499999999999983,-0.001014198
8,-0.09999999999999981,7.149573333333334e-07,-0.09999999999999981,-0.0009299753333333333
9,-0.07499999999999979,8.526713333333334e-07,-0.07499999999999979,-0.000850828
10,-0.04999999999999977,1.0037246666666667e-06,-0.04999999999999977,-0.0007768100000000001
11,-0.024999999999999745,1.125482e-06,-0.024999999999999745,-0.0007072293333333333
12,2.7755575615628914e-16,1.2263246666666667e-06,2.7755575615628914e-16,-0.0006493362666666666
13,0.0250000000000003,1.3348233333333333e-06,0.0250000000000003,-0.0005791548
14,0.05000000000000032,1.4270746666666669e-06,0.05000000000000032,-0.0005214322
15,0.07500000000000034,1.5145193333333335e-06,0.07500000000000034,-0.00046816113333333334
16,0.10000000000000037,1.5966139999999998e-06,0.10000000000000037,-0.0004185517333333333
17,0.1250000000000004,1.6750773333333336e-06,0.1250000000000004,-0.0003725406
18,0.1500000000000004,1.7508806666666668e-06,0.1500000000000004,-0.00032991873333333336
19,0.17500000000000043,1.8245946666666668e-06,0.17500000000000043,-0.00029054473333333335
20,0.20000000000000046,1.897416666666667e-06,0.20000000000000046,-0.00025433180000000006
21,0.22500000000000048,1.947924e-06,0.22500000000000048,-0.00022093960000000004
22,0.2500000000000005,2.032612e-06,0.2500000000000005,-0.00019062386666666666
23,0.2750000000000005,2.1048206666666665e-06,0.2750000000000005,-0.00016274486666666667
24,0.30000000000000054,2.1765000000000003e-06,0.30000000000000054,-0.0001378354
25,0.32500000000000057,2.249466e-06,0.32500000000000057,-0.00011514626666666667
26,0.3500000000000006,2.3204753333333336e-06,0.3500000000000006,-9.473593333333333e-05
27,0.3750000000000006,2.394302666666667e-06,0.3750000000000006,-7.622400000000001e-05
28,0.40000000000000063,2.4674493333333337e-06,0.40000000000000063,-6.287313333333334e-05
29,0.42500000000000066,2.540735333333333e-06,0.42500000000000066,-4.678156666666667e-05
30,0.4500000000000007,2.6147146666666668e-06,0.4500000000000007,-3.35103e-05
31,0.4750000000000007,2.6880966666666667e-06,0.4750000000000007,-2.184462e-05
32,0.5000000000000007,2.7641046666666667e-06,0.5000000000000007,-1.1406113333333334e-05
33,0.5250000000000008,2.8397793333333335e-06,0.5250000000000008,-4.5952320000000005e-06
34,0.5500000000000007,2.915842e-06,0.5500000000000007,5.1206953333333336e-06
35,0.5750000000000008,2.9948233333333332e-06,0.5750000000000008,9.40908e-06
36,0.6000000000000008,3.0740673333333336e-06,0.6000000000000008,1.7328446666666667e-05
37,0.6250000000000009,3.155624e-06,0.6250000000000009,2.374382666666667e-05
38,0.6500000000000008,3.240836e-06,0.6500000000000008,2.9609993333333337e-05
39,0.6750000000000009,3.329723333333333e-06,0.6750000000000009,3.510949333333334e-05
40,0.7000000000000008,3.4230360000000002e-06,0.7000000000000008,4.036332e-05
41,0.7250000000000008,3.5272453333333336e-06,0.7250000000000008,4.557054666666667e-05
42,0.7500000000000009,3.639504666666667e-06,0.7500000000000009,5.080442666666667e-05
43,0.775000000000001,3.7667973333333338e-06,0.775000000000001,5.614986666666667e-05
44,0.8000000000000009,3.9095566666666665e-06,0.8000000000000009,6.163774666666667e-05
45,0.8250000000000008,4.070251333333333e-06,0.8250000000000008,6.780726666666666e-05
46,0.850000000000001,4.2560360000000006e-06,0.850000000000001,7.17938e-05
47,0.8750000000000011,4.468483333333334e-06,0.8750000000000011,7.907486666666666e-05
48,0.900000000000001,4.712036666666667e-06,0.900000000000001,8.601133333333333e-05
49,0.9250000000000009,4.993695333333334e-06,0.9250000000000009,9.33008e-05
50,0.9500000000000011,5.317808e-06,0.9500000000000011,0.00010106293333333334
51,0.9750000000000012,5.674850666666667e-06,0.9750000000000012,0.00010946946666666667
52,1.000000000000001,6.139996e-06,1.000000000000001,0.00011819913333333333
53,1.025000000000001,6.69346e-06,1.025000000000001,0.00012757273333333335
54,1.0500000000000012,6.999353333333333e-06,1.0500000000000012,0.00013759106666666668
55,1.0750000000000013,7.76132e-06,1.0750000000000013,0.0001483552
56,1.1000000000000012,8.96388e-06,1.1000000000000012,0.00015954546666666669
57,1.125000000000001,1.0002786666666666e-05,1.125000000000001,0.0001716314
58,1.1500000000000012,1.118494e-05,1.1500000000000012,0.00018455526666666668
59,1.1750000000000014,1.2557373333333334e-05,1.1750000000000014,0.00019826513333333335
60,1.2000000000000013,1.4159546666666668e-05,1.2000000000000013,0.0002129978
61,1.2250000000000012,1.6038106666666668e-05,1.2250000000000012,0.00022870646666666667
62,1.2500000000000013,1.8242913333333337e-05,1.2500000000000013,0.00024558846666666666
63,1.2750000000000015,2.0840006666666666e-05,1.2750000000000015,0.00026368893333333335
