,X3_4R_V_D,X3_4R_J_D,X3_4R_V_L,X3_4R_J_L
0,1.3,9.281746666666667e-05,1.3,0.0003174721333333333
1,1.2750000000000001,4.7655040000000006e-05,1.2750000000000001,0.0002374332666666667
2,1.2500000000000002,4.228319333333333e-05,1.2500000000000002,0.00021848306666666668
3,1.2250000000000003,3.829392666666667e-05,1.2250000000000003,0.00020322026666666666
4,1.2000000000000004,3.492462e-05,1.2000000000000004,0.00018917226666666668
5,1.1750000000000005,3.195286666666667e-05,1.1750000000000005,0.00017620153333333332
6,1.1500000000000006,2.926038666666667e-05,1.1500000000000006,0.00016377293333333335
7,1.1250000000000007,2.6793240000000002e-05,1.1250000000000007,0.00015203453333333334
8,1.1000000000000008,2.4521993333333334e-05,1.1000000000000008,0.0001410226
9,1.0750000000000008,2.2407153333333336e-05,1.0750000000000008,0.00013062793333333333
10,1.050000000000001,2.0442233333333336e-05,1.050000000000001,0.00012077113333333335
11,1.025000000000001,1.8608053333333334e-05,1.025000000000001,0.00011152586666666667
12,1.000000000000001,1.6898186666666668e-05,1.000000000000001,0.00010272693333333334
13,0.9750000000000012,1.5301633333333333e-05,0.9750000000000012,9.444813333333333e-05
14,0.9500000000000013,1.3809833333333333e-05,0.9500000000000013,8.665073333333334e-05
15,0.9250000000000014,1.2419266666666666e-05,0.9250000000000014,7.923673333333335e-05
16,0.9000000000000015,1.1117126666666666e-05,0.9000000000000015,7.224193333333334e-05
17,0.8750000000000016,9.90206e-06,0.8750000000000016,6.633332000000001e-05
18,0.8500000000000016,8.771786666666666e-06,0.8500000000000016,5.869772666666667e-05
19,0.8250000000000017,7.715566666666668e-06,0.8250000000000017,5.2234240000000005e-05
20,0.8000000000000018,6.73616e-06,0.8000000000000018,4.587188e-05
21,0.7750000000000019,6.4204246666666665e-06,0.7750000000000019,3.9414460000000004e-05
22,0.750000000000002,5.081097333333334e-06,0.750000000000002,3.277929333333333e-05
23,0.7250000000000021,4.256186e-06,0.7250000000000021,2.576208666666667e-05
24,0.7000000000000022,3.5330606666666665e-06,0.7000000000000022,1.8201993333333334e-05
25,0.6750000000000023,2.8771413333333336e-06,0.6750000000000023,1.0135833333333334e-05
26,0.6500000000000024,2.2825993333333333e-06,0.6500000000000024,2.5519273333333337e-06
27,0.6250000000000024,1.7421813333333333e-06,0.6250000000000024,-7.452226666666667e-06
28,0.6000000000000025,1.2491626666666667e-06,0.6000000000000025,-2.014707333333333e-05
29,0.5750000000000026,7.99278e-07,0.5750000000000026,-3.287472666666667e-05
30,0.5500000000000027,3.8913786666666664e-07,0.5500000000000027,-4.659514666666667e-05
31,0.5250000000000028,1.7239873333333336e-08,0.5250000000000028,-6.204382e-05
32,0.5000000000000029,-3.2438133333333337e-07,0.5000000000000029,-7.513886666666667e-05
33,0.475000000000003,-6.356846666666667e-07,0.475000000000003,-9.438433333333333e-05
34,0.45000000000000306,-9.188553333333335e-07,0.45000000000000306,-0.00011410333333333334
35,0.42500000000000315,-1.17687e-06,0.42500000000000315,-0.00013526026666666667
36,0.40000000000000324,-1.4118113333333334e-06,0.40000000000000324,-0.00015788726666666667
37,0.37500000000000333,-1.6243993333333334e-06,0.37500000000000333,-0.00018212646666666667
38,0.3500000000000034,-1.8204853333333333e-06,0.3500000000000034,-0.00020792913333333334
39,0.3250000000000035,-1.999156e-06,0.3250000000000035,-0.00023546793333333334
40,0.3000000000000036,-2.143692666666667e-06,0.3000000000000036,-0.00026460000000000003
41,0.2750000000000037,-2.309902666666667e-06,0.2750000000000037,-0.00029564360000000004
42,0.2500000000000038,-2.4484746666666667e-06,0.2500000000000038,-0.00032855860000000005
43,0.22500000000000386,-2.474577333333333e-06,0.22500000000000386,-0.0003629746
44,0.20000000000000395,-2.6838733333333337e-06,0.20000000000000395,-0.0004002794
45,0.17500000000000404,-2.804972666666667e-06,0.17500000000000404,-0.00043988026666666664
46,0.15000000000000413,-2.9163280000000003e-06,0.15000000000000413,-0.0004811303333333334
47,0.12500000000000422,-3.0228086666666666e-06,0.12500000000000422,-0.000525177
48,0.10000000000000431,-3.1258813333333332e-06,0.10000000000000431,-0.0005717296
49,0.0750000000000044,-3.225508e-06,0.0750000000000044,-0.0006209716666666668
50,0.050000000000004485,-3.3221426666666665e-06,0.050000000000004485,-0.00067361
51,0.025000000000004574,-3.4202680000000005e-06,0.025000000000004574,-0.0007240153333333333
52,4.6629367034256575e-15,-3.493552666666667e-06,4.6629367034256575e-15,-0.0007794133333333333
53,-0.024999999999995248,-3.6023146666666673e-06,-0.024999999999995248,-0.0008424433333333334
54,-0.04999999999999516,-3.698124e-06,-0.04999999999999516,-0.000909658
55,-0.07499999999999507,-3.792402e-06,-0.07499999999999507,-0.00098102
56,-0.09999999999999498,-3.885750666666667e-06,-0.09999999999999498,-0.0010570146666666667
57,-0.12499999999999489,-3.977628666666667e-06,-0.12499999999999489,-0.0011377653333333334
58,-0.1499999999999948,-4.069971333333334e-06,-0.1499999999999948,-0.0012236733333333334
59,-0.17499999999999472,-4.160071333333334e-06,-0.17499999999999472,-0.001315542
60,-0.19999999999999463,-4.208576666666667e-06,-0.19999999999999463,-0.0014129540000000001
61,-0.22499999999999454,-4.317384e-06,-0.22499999999999454,-0.0015180726666666668
62,-0.24999999999999445,-4.404192666666667e-06,-0.24999999999999445,-0.0016299293333333334
63,-0.27499999999999436,-4.488370666666667e-06,-0.27499999999999436,-0.0017500019999999999
