,X3_4R_V_D,X3_4R_J_D,X3_4R_V_L,X3_4R_J_L
0,1.3,0.002221396666666667,1.3,0.003425604
1,1.2750000000000001,0.002162434,1.2750000000000001,0.0033278800000000005
2,1.2500000000000002,0.00206372,1.2500000000000002,0.0031844566666666668
3,1.2250000000000003,0.0019530126666666666,1.2250000000000003,0.003027786
4,1.2000000000000004,0.001839788666666667,1.2000000000000004,0.002871694
5,1.1750000000000005,0.001728006,1.1750000000000005,0.002719154666666667
6,1.1500000000000006,0.0016195,1.1500000000000006,0.002572586
7,1.1250000000000007,0.0015152433333333335,1.1250000000000007,0.0024328546666666667
8,1.1000000000000008,0.0014158320000000001,1.1000000000000008,0.0022990180000000003
9,1.0750000000000008,0.0013208533333333335,1.0750000000000008,0.0021712206666666665
10,1.050000000000001,0.0012306126666666666,1.050000000000001,0.002049132666666667
11,1.025000000000001,0.0011449820000000001,1.025000000000001,0.0019320873333333335
12,1.000000000000001,0.0010639166666666668,1.000000000000001,0.0018198686666666668
13,0.9750000000000012,0.0009869406666666667,0.9750000000000012,0.0017121473333333334
14,0.9500000000000013,0.0009140946666666666,0.9500000000000013,0.0016083933333333332
15,0.9250000000000014,0.0008451360000000001,0.9250000000000014,0.0015084413333333333
16,0.9000000000000015,0.0007801146666666667,0.9000000000000015,0.001411614
17,0.8750000000000016,0.0007184406666666667,0.8750000000000016,0.0013188026666666667
18,0.8500000000000016,0.0006517576,0.8500000000000016,0.0012286426666666668
19,0.8250000000000017,0.0005983369333333333,0.8250000000000017,0.0011406413333333333
20,0.8000000000000018,0.0005481056666666668,0.8000000000000018,0.0010546453333333333
21,0.7750000000000019,0.0005004357333333333,0.7750000000000019,0.0009716040000000002
22,0.750000000000002,0.0004554316,0.750000000000002,0.0008899180000000001
23,0.7250000000000021,0.00041294806666666666,0.7250000000000021,0.000809542
24,0.7000000000000022,0.0003733318666666667,0.7000000000000022,0.0007309660000000001
25,0.6750000000000023,0.00033595606666666665,0.6750000000000023,0.0006562133333333334
26,0.6500000000000024,0.00030103933333333334,0.6500000000000024,0.0005757048666666667
27,0.6250000000000024,0.00026840846666666666,0.6250000000000024,0.0004999118000000001
28,0.6000000000000025,0.00023823626666666668,0.6000000000000025,0.0004244568666666667
29,0.5750000000000026,0.00021020013333333335,0.5750000000000026,0.0003506861333333333
30,0.5500000000000027,0.00018428413333333333,0.5500000000000027,0.0002770412
31,0.5250000000000028,0.00016046420000000001,0.5250000000000028,0.00020407946666666668
32,0.5000000000000029,0.00013860653333333333,0.5000000000000029,0.0001315990666666667
33,0.475000000000003,0.00011867706666666667,0.475000000000003,6.395854666666667e-05
34,0.45000000000000306,0.00010057993333333334,0.45000000000000306,-1.1940506666666668e-05
35,0.42500000000000315,8.421573333333334e-05,0.42500000000000315,-8.145213333333334e-05
36,0.40000000000000324,6.949013333333335e-05,0.40000000000000324,-0.00015801806666666668
37,0.37500000000000333,5.5159453333333334e-05,0.37500000000000333,-0.00023298640000000002
38,0.3500000000000034,4.347765333333333e-05,0.3500000000000034,-0.0003103340666666667
39,0.3250000000000035,3.3576973333333337e-05,0.3250000000000035,-0.00039138533333333333
40,0.3000000000000036,2.494154e-05,0.3000000000000036,-0.000477092
41,0.2750000000000037,1.7478593333333333e-05,0.2750000000000037,-0.0005697896666666668
42,0.2500000000000038,1.1169366666666667e-05,0.2500000000000038,-0.0006713353333333334
43,0.22500000000000386,6.408830666666668e-06,0.22500000000000386,-0.0008047526666666667
44,0.20000000000000395,1.966476e-06,0.20000000000000395,-0.000924896
45,0.17500000000000404,-1.2166333333333333e-06,0.17500000000000404,-0.0010658713333333333
46,0.15000000000000413,-3.6171413333333337e-06,0.15000000000000413,-0.0012254093333333334
47,0.12500000000000422,-5.408174666666667e-06,0.12500000000000422,-0.0014055580000000001
48,0.10000000000000431,-6.741173333333333e-06,0.10000000000000431,-0.0016080906666666667
49,0.0750000000000044,-6.997533333333334e-06,0.0750000000000044,-0.0018344693333333334
50,0.050000000000004485,-5.779855333333334e-06,0.050000000000004485,-0.0020857213333333336
51,0.025000000000004574,-6.905113333333334e-06,0.025000000000004574,-0.0023618266666666668
52,4.6629367034256575e-15,-7.542586666666667e-06,4.6629367034256575e-15,-0.002663994666666667
53,-0.024999999999995248,-8.033506666666666e-06,-0.024999999999995248,-0.0029899673333333337
54,-0.04999999999999516,-8.394233333333333e-06,-0.04999999999999516,-0.0033384246666666667
55,-0.07499999999999507,-8.671526666666667e-06,-0.07499999999999507,-0.0037079613333333337
56,-0.09999999999999498,-8.88772e-06,-0.09999999999999498,-0.004097738666666667
57,-0.12499999999999489,-9.059786666666667e-06,-0.12499999999999489,-0.0045065086666666665
58,-0.1499999999999948,-9.195286666666668e-06,-0.1499999999999948,-0.004932160666666667
59,-0.17499999999999472,-9.305073333333334e-06,-0.17499999999999472,-0.005373958666666667
60,-0.19999999999999463,-9.31998e-06,-0.19999999999999463,-0.005831226666666667
61,-0.22499999999999454,-9.366606666666667e-06,-0.22499999999999454,-0.006300986000000001
62,-0.24999999999999445,-9.452486666666666e-06,-0.24999999999999445,-0.0067826733333333335
63,-0.27499999999999436,-9.503973333333333e-06,-0.27499999999999436,-0.007356626666666667
