,X3_4R_V_D,X3_4R_J_D,X3_4R_V_L,X3_4R_J_L
0,1.3,1.8026726666666665e-05,1.3,0.00014199133333333335
1,1.2750000000000001,1.4008620000000001e-05,1.2750000000000001,9.476893333333333e-05
2,1.2500000000000002,1.1919286666666668e-05,1.2500000000000002,8.43876e-05
3,1.2250000000000003,1.0464606666666667e-05,1.2250000000000003,7.719640000000001e-05
4,1.2000000000000004,9.319353333333334e-06,1.2000000000000004,7.116973333333334e-05
5,1.1750000000000005,8.361546666666667e-06,1.1750000000000005,6.587039333333333e-05
6,1.1500000000000006,7.5269799999999995e-06,1.1500000000000006,6.0657366666666666e-05
7,1.1250000000000007,6.785133333333334e-06,1.1250000000000007,5.628510666666667e-05
8,1.1000000000000008,6.440908666666666e-06,1.1000000000000008,5.2229206666666674e-05
9,1.0750000000000008,5.470152e-06,1.0750000000000008,4.840955333333333e-05
10,1.050000000000001,4.899284e-06,1.050000000000001,4.481261333333333e-05
11,1.025000000000001,4.385898666666667e-06,1.025000000000001,4.140517333333334e-05
12,1.000000000000001,3.9095846666666665e-06,1.000000000000001,3.818004666666667e-05
13,0.9750000000000012,3.5010480000000005e-06,0.9750000000000012,3.511366666666667e-05
14,0.9500000000000013,3.0507333333333333e-06,0.9500000000000013,3.2199319999999997e-05
15,0.9250000000000014,2.6604926666666667e-06,0.9250000000000014,2.942602e-05
16,0.9000000000000015,2.2907940000000004e-06,0.9000000000000015,2.6756513333333336e-05
17,0.8750000000000016,1.943738e-06,0.8750000000000016,2.4179353333333332e-05
18,0.8500000000000016,1.6183726666666666e-06,0.8500000000000016,2.166168e-05
19,0.8250000000000017,1.3142106666666668e-06,0.8250000000000017,1.916538e-05
20,0.8000000000000018,1.0298286666666667e-06,0.8000000000000018,1.6619493333333336e-05
21,0.7750000000000019,7.663346666666667e-07,0.7750000000000019,1.3972093333333334e-05
22,0.750000000000002,5.222700666666667e-07,0.750000000000002,1.1072806666666668e-05
23,0.7250000000000021,3.0043106666666665e-07,0.7250000000000021,7.856993333333333e-06
24,0.7000000000000022,9.594833333333334e-08,0.7000000000000022,5.197612e-06
25,0.6750000000000023,-9.235020000000001e-08,0.6750000000000023,-1.0931986666666667e-07
26,0.6500000000000024,-2.63362e-07,0.6500000000000024,-5.639363333333334e-06
27,0.6250000000000024,-3.5309826666666667e-07,0.6250000000000024,-9.859393333333333e-06
28,0.6000000000000025,-5.636924666666667e-07,0.6000000000000025,-1.759284e-05
29,0.5750000000000026,-7.00586e-07,0.5750000000000026,-2.5701613333333333e-05
30,0.5500000000000027,-8.271433333333332e-07,0.5500000000000027,-3.4857513333333335e-05
31,0.5250000000000028,-9.453186666666667e-07,0.5250000000000028,-4.512964e-05
32,0.5000000000000029,-1.0569553333333334e-06,0.5000000000000029,-5.6421666666666676e-05
33,0.475000000000003,-1.1611506666666668e-06,0.475000000000003,-6.94488e-05
34,0.45000000000000306,-1.2605266666666666e-06,0.45000000000000306,-8.120606666666666e-05
35,0.42500000000000315,-1.3568826666666667e-06,0.42500000000000315,-9.764226666666667e-05
36,0.40000000000000324,-1.447442e-06,0.40000000000000324,-0.00011484146666666666
37,0.37500000000000333,-1.5337773333333334e-06,0.37500000000000333,-0.00013350686666666666
38,0.3500000000000034,-1.6153206666666666e-06,0.3500000000000034,-0.00015332753333333334
39,0.3250000000000035,-1.6953526666666665e-06,0.3250000000000035,-0.0001746422
40,0.3000000000000036,-1.7690393333333333e-06,0.3000000000000036,-0.00019732686666666668
41,0.2750000000000037,-1.8206106666666667e-06,0.2750000000000037,-0.00022171346666666666
42,0.2500000000000038,-1.909748666666667e-06,0.2500000000000038,-0.00024726120000000004
43,0.22500000000000386,-1.8575093333333336e-06,0.22500000000000386,-0.00027408213333333334
44,0.20000000000000395,-2.032018e-06,0.20000000000000395,-0.00030294046666666665
45,0.17500000000000404,-2.102620666666667e-06,0.17500000000000404,-0.00033315486666666666
46,0.15000000000000413,-2.16804e-06,0.15000000000000413,-0.00036485793333333337
47,0.12500000000000422,-2.230054e-06,0.12500000000000422,-0.00039821366666666666
48,0.10000000000000431,-2.294988666666667e-06,0.10000000000000431,-0.00043317333333333334
49,0.0750000000000044,-2.358156666666667e-06,0.0750000000000044,-0.00046985473333333337
50,0.050000000000004485,-2.4202660000000003e-06,0.050000000000004485,-0.000508318
51,0.025000000000004574,-2.48682e-06,0.025000000000004574,-0.0005485469333333334
52,4.6629367034256575e-15,-2.5288060000000004e-06,4.6629367034256575e-15,-0.0005908265333333334
53,-0.024999999999995248,-2.6135173333333334e-06,-0.024999999999995248,-0.0006348596000000001
54,-0.04999999999999516,-2.6847673333333334e-06,-0.04999999999999516,-0.0006816186666666667
55,-0.07499999999999507,-2.755704666666667e-06,-0.07499999999999507,-0.0007141466666666667
56,-0.09999999999999498,-2.8271446666666666e-06,-0.09999999999999498,-0.0007688773333333333
57,-0.12499999999999489,-2.9031620000000002e-06,-0.12499999999999489,-0.0008242386666666668
58,-0.1499999999999948,-2.978460666666667e-06,-0.1499999999999948,-0.0008813660000000001
59,-0.17499999999999472,-3.055782e-06,-0.17499999999999472,-0.0009414366666666667
60,-0.19999999999999463,-3.047242666666667e-06,-0.19999999999999463,-0.0010043293333333334
61,-0.22499999999999454,-3.197286666666667e-06,-0.22499999999999454,-0.001071774
62,-0.24999999999999445,-3.2766060000000003e-06,-0.24999999999999445,-0.001141882
63,-0.27499999999999436,-3.3593373333333337e-06,-0.27499999999999436,-0.0012165233333333333
