,X3_4R_V_D,X3_4R_J_D,X3_4R_V_L,X3_4R_J_L
0,1.3,1.7514600000000003e-05,1.3,0.000124169
1,1.2750000000000001,1.3576580000000002e-05,1.2750000000000001,7.544926666666667e-05
2,1.2500000000000002,1.164246e-05,1.2500000000000002,6.441044666666667e-05
3,1.2250000000000003,1.030332e-05,1.2250000000000003,5.8786540000000007e-05
4,1.2000000000000004,9.238933333333334e-06,1.2000000000000004,5.419728666666667e-05
5,1.1750000000000005,8.337893333333333e-06,1.1750000000000005,5.005482e-05
6,1.1500000000000006,7.5425e-06,1.1500000000000006,4.623868e-05
7,1.1250000000000007,6.8262266666666665e-06,1.1250000000000007,4.269389333333333e-05
8,1.1000000000000008,6.618404000000001e-06,1.1000000000000008,3.939202666666667e-05
9,1.0750000000000008,5.580442666666667e-06,1.0750000000000008,3.6288600000000004e-05
10,1.050000000000001,4.9957860000000006e-06,1.050000000000001,3.337108e-05
11,1.025000000000001,4.468480666666667e-06,1.025000000000001,3.0615653333333334e-05
12,1.000000000000001,3.972954000000001e-06,1.000000000000001,2.8015853333333332e-05
13,0.9750000000000012,3.5085033333333334e-06,0.9750000000000012,2.5544493333333333e-05
14,0.9500000000000013,3.0704086666666668e-06,0.9500000000000013,2.319546666666667e-05
15,0.9250000000000014,2.6511206666666667e-06,0.9250000000000014,2.0945886666666667e-05
16,0.9000000000000015,2.2563353333333334e-06,0.9000000000000015,1.8770473333333335e-05
17,0.8750000000000016,1.8806159999999999e-06,0.8750000000000016,1.6630000000000002e-05
18,0.8500000000000016,1.5256340000000001e-06,0.8500000000000016,1.4485840000000002e-05
19,0.8250000000000017,1.1923366666666668e-06,0.8250000000000017,1.2283726666666668e-05
20,0.8000000000000018,8.768966666666667e-07,0.8000000000000018,9.949100000000001e-06
21,0.7750000000000019,5.839231333333334e-07,0.7750000000000019,7.414333333333334e-06
22,0.750000000000002,3.136966666666667e-07,0.750000000000002,5.551018000000001e-06
23,0.7250000000000021,6.086272e-08,0.7250000000000021,1.3223293333333333e-06
24,0.7000000000000022,-1.6752260000000002e-07,0.7000000000000022,-3.1032040000000003e-06
25,0.6750000000000023,-3.8069833333333335e-07,0.6750000000000023,-6.997533333333334e-06
26,0.6500000000000024,-5.744618666666667e-07,0.6500000000000024,-1.094514e-05
27,0.6250000000000024,-7.528e-07,0.6250000000000024,-1.786836e-05
28,0.6000000000000025,-9.213486666666668e-07,0.6000000000000025,-2.4953646666666667e-05
29,0.5750000000000026,-1.07654e-06,0.5750000000000026,-3.286366e-05
30,0.5500000000000027,-1.2195546666666666e-06,0.5500000000000027,-4.156087333333333e-05
31,0.5250000000000028,-1.3582133333333333e-06,0.5250000000000028,-5.141294666666667e-05
32,0.5000000000000029,-1.4140220000000001e-06,0.5000000000000029,-6.269130666666667e-05
33,0.475000000000003,-1.6040746666666666e-06,0.475000000000003,-7.17016e-05
34,0.45000000000000306,-1.7216673333333335e-06,0.45000000000000306,-8.582233333333333e-05
35,0.42500000000000315,-1.8363240000000001e-06,0.42500000000000315,-0.00010041413333333334
36,0.40000000000000324,-1.94428e-06,0.40000000000000324,-0.00011601520000000001
37,0.37500000000000333,-2.046928e-06,0.37500000000000333,-0.00013272893333333334
38,0.3500000000000034,-2.145364e-06,0.3500000000000034,-0.00015055686666666667
39,0.3250000000000035,-2.2390273333333333e-06,0.3250000000000035,-0.00016951153333333335
40,0.3000000000000036,-2.3299013333333333e-06,0.3000000000000036,-0.00018966713333333333
41,0.2750000000000037,-2.418288e-06,0.2750000000000037,-0.00021102613333333334
42,0.2500000000000038,-2.502854666666667e-06,0.2500000000000038,-0.00023378613333333332
43,0.22500000000000386,-2.450386e-06,0.22500000000000386,-0.00025710980000000005
44,0.20000000000000395,-2.6540433333333336e-06,0.20000000000000395,-0.0002823320666666667
45,0.17500000000000404,-2.737472666666667e-06,0.17500000000000404,-0.0003085874666666667
46,0.15000000000000413,-2.8146553333333333e-06,0.15000000000000413,-0.000336434
47,0.12500000000000422,-2.89365e-06,0.12500000000000422,-0.0003652374666666667
48,0.10000000000000431,-2.969674e-06,0.10000000000000431,-0.0003954295333333333
49,0.0750000000000044,-3.044940666666667e-06,0.0750000000000044,-0.00042698679999999997
50,0.050000000000004485,-3.1205760000000004e-06,0.050000000000004485,-0.0004600768
51,0.025000000000004574,-3.1936413333333334e-06,0.025000000000004574,-0.0004947263333333334
52,4.6629367034256575e-15,-3.265376666666667e-06,4.6629367034256575e-15,-0.0005310154666666667
53,-0.024999999999995248,-3.3471200000000002e-06,-0.024999999999995248,-0.0005689448000000001
54,-0.04999999999999516,-3.4237993333333335e-06,-0.04999999999999516,-0.0006086333333333334
55,-0.07499999999999507,-3.504624e-06,-0.07499999999999507,-0.0006503526666666667
56,-0.09999999999999498,-3.5842500000000005e-06,-0.09999999999999498,-0.0006944173333333334
57,-0.12499999999999489,-3.664176666666667e-06,-0.12499999999999489,-0.000723656
58,-0.1499999999999948,-3.7451626666666666e-06,-0.1499999999999948,-0.000775932
59,-0.17499999999999472,-3.824826666666667e-06,-0.17499999999999472,-0.0008278573333333334
60,-0.19999999999999463,-3.871328666666667e-06,-0.19999999999999463,-0.0008816706666666667
61,-0.22499999999999454,-3.980606e-06,-0.22499999999999454,-0.000939216
62,-0.24999999999999445,-4.059642000000001e-06,-0.24999999999999445,-0.000999562
63,-0.27499999999999436,-4.142019333333334e-06,-0.27499999999999436,-0.0010635733333333333
