,X3_4F_V_D,X3_4F_J_D,X3_4F_V_L,X3_4F_J_L
0,-0.3,-2.038966666666667e-06,-0.3,-0.001394806
1,-0.27499999999999997,-1.1096406666666667e-06,-0.27499999999999997,-0.0012250273333333334
2,-0.24999999999999994,-6.72466e-07,-0.24999999999999994,-0.001103714
3,-0.22499999999999992,-3.6530580000000004e-07,-0.22499999999999992,-0.0010035513333333335
4,-0.1999999999999999,-1.9621180000000003e-07,-0.1999999999999999,-0.000915876
5,-0.17499999999999988,5.7880253333333336e-08,-0.17499999999999988,-0.000836628
6,-0.14999999999999986,2.1720906666666668e-07,-0.14999999999999986,-0.0007649553333333334
7,-0.12499999999999983,3.509074e-07,-0.12499999999999983,-0.0006988846666666666
8,-0.09999999999999981,4.6518493333333334e-07,-0.09999999999999981,-0.00063881
9,-0.07499999999999979,5.645422e-07,-0.07499999999999979,-0.000578708
10,-0.04999999999999977,6.523949333333333e-07,-0.04999999999999977,-0.0005256575333333333
11,-0.024999999999999745,7.307393333333333e-07,-0.024999999999999745,-0.0004766158
12,2.7755575615628914e-16,7.917453333333334e-07,2.7755575615628914e-16,-0.0004310327333333334
13,0.0250000000000003,8.66198e-07,0.0250000000000003,-0.0003884064
14,0.05000000000000032,9.272473333333334e-07,0.05000000000000032,-0.00034896813333333337
15,0.07500000000000034,9.837906666666666e-07,0.07500000000000034,-0.00031216873333333333
16,0.10000000000000037,1.0398173333333334e-06,0.10000000000000037,-0.00027815393333333337
17,0.1250000000000004,1.0926586666666667e-06,0.1250000000000004,-0.00024664946666666667
18,0.1500000000000004,1.143178e-06,0.1500000000000004,-0.0002176646
19,0.17500000000000043,1.1955033333333335e-06,0.17500000000000043,-0.00019076913333333334
20,0.20000000000000046,1.2462006666666667e-06,0.20000000000000046,-0.00016644566666666668
21,0.22500000000000048,1.2798833333333333e-06,0.22500000000000048,-0.00014403866666666667
22,0.2500000000000005,1.3430886666666669e-06,0.2500000000000005,-0.00012380306666666667
23,0.2750000000000005,1.395648e-06,0.2750000000000005,-0.00010521613333333335
24,0.30000000000000054,1.4466386666666667e-06,0.30000000000000054,-8.8738e-05
25,0.32500000000000057,1.5001100000000001e-06,0.32500000000000057,-7.380013333333334e-05
26,0.3500000000000006,1.5529273333333334e-06,0.3500000000000006,-6.25874e-05
27,0.3750000000000006,1.6061273333333332e-06,0.3750000000000006,-4.956921333333333e-05
28,0.40000000000000063,1.6605733333333335e-06,0.40000000000000063,-3.869146666666667e-05
29,0.42500000000000066,1.7152553333333335e-06,0.42500000000000066,-2.9095960000000005e-05
30,0.4500000000000007,1.7700226666666667e-06,0.4500000000000007,-2.0640246666666668e-05
31,0.4750000000000007,1.8268540000000002e-06,0.4750000000000007,-1.321844e-05
32,0.5000000000000007,1.8842993333333332e-06,0.5000000000000007,-6.726886666666667e-06
33,0.5250000000000008,1.942492666666667e-06,0.5250000000000008,-2.5987653333333337e-06
34,0.5500000000000007,2.0016533333333336e-06,0.5500000000000007,3.2856726666666665e-06
35,0.5750000000000008,2.060690666666667e-06,0.5750000000000008,6.999353333333333e-06
36,0.6000000000000008,2.122382e-06,0.6000000000000008,9.634900000000002e-06
37,0.6250000000000009,2.18366e-06,0.6250000000000009,1.3757573333333335e-05
38,0.6500000000000008,2.245632e-06,0.6500000000000008,1.6972953333333336e-05
39,0.6750000000000009,2.3106613333333333e-06,0.6750000000000009,1.987462666666667e-05
40,0.7000000000000008,2.375628e-06,0.7000000000000008,2.2576946666666666e-05
41,0.7250000000000008,2.443574e-06,0.7250000000000008,2.51918e-05
42,0.7500000000000009,2.5174706666666667e-06,0.7500000000000009,2.7779773333333337e-05
43,0.775000000000001,2.59431e-06,0.775000000000001,3.039246e-05
44,0.8000000000000009,2.6759740000000004e-06,0.8000000000000009,3.299084666666667e-05
45,0.8250000000000008,2.765454e-06,0.8250000000000008,3.5858053333333336e-05
46,0.850000000000001,2.844432666666667e-06,0.850000000000001,3.877846666666667e-05
47,0.8750000000000011,2.9593026666666665e-06,0.8750000000000011,4.1847533333333336e-05
48,0.900000000000001,3.068614e-06,0.900000000000001,4.5079660000000005e-05
49,0.9250000000000009,3.1845360000000003e-06,0.9250000000000009,4.8498020000000004e-05
50,0.9500000000000011,3.3084293333333337e-06,0.9500000000000011,5.21171e-05
51,0.9750000000000012,3.4417620000000005e-06,0.9750000000000012,5.5966866666666674e-05
52,1.000000000000001,3.5853013333333336e-06,1.000000000000001,6.0077646666666674e-05
53,1.025000000000001,3.7430646666666668e-06,1.025000000000001,6.440830666666668e-05
54,1.0500000000000012,3.914371333333333e-06,1.0500000000000012,6.920113333333334e-05
55,1.0750000000000013,4.102365333333334e-06,1.0750000000000013,7.295346666666667e-05
56,1.1000000000000012,4.310479333333334e-06,1.1000000000000012,7.884346666666667e-05
57,1.125000000000001,4.544369333333333e-06,1.125000000000001,8.435466666666667e-05
58,1.1500000000000012,4.8045080000000006e-06,1.1500000000000012,9.028953333333334e-05
59,1.1750000000000014,5.09895e-06,1.1750000000000014,9.667113333333333e-05
60,1.2000000000000013,5.418676e-06,1.2000000000000013,0.000103451
61,1.2250000000000012,5.811243333333334e-06,1.2250000000000012,0.00011074733333333334
62,1.2500000000000013,6.260474e-06,1.2500000000000013,0.00011856466666666667
63,1.2750000000000015,6.807553333333333e-06,1.2750000000000015,0.00012693606666666667
