,X3_4F_V_D,X3_4F_J_D,X3_4F_V_L,X3_4F_J_L
0,-0.3,-2.2652653333333334e-06,-0.3,-0.0015055426666666667
1,-0.27499999999999997,-1.2673020000000002e-06,-0.27499999999999997,-0.0013252553333333334
2,-0.24999999999999994,-7.838686666666667e-07,-0.24999999999999994,-0.00119669
3,-0.22499999999999992,-4.390150666666667e-07,-0.22499999999999992,-0.00109003
4,-0.1999999999999999,-2.27179e-07,-0.1999999999999999,-0.0009967160000000001
5,-0.17499999999999988,3.869309333333334e-08,-0.17499999999999988,-0.0009119
6,-0.14999999999999986,2.1747800000000004e-07,-0.14999999999999986,-0.0008349153333333333
7,-0.12499999999999983,3.686968e-07,-0.12499999999999983,-0.000763682
8,-0.09999999999999981,4.988880000000001e-07,-0.09999999999999981,-0.0006982033333333334
9,-0.07499999999999979,6.107194666666666e-07,-0.07499999999999979,-0.0006384478
10,-0.04999999999999977,7.10824e-07,-0.04999999999999977,-0.0005775488
11,-0.024999999999999745,7.994660000000002e-07,-0.024999999999999745,-0.0005239918
12,2.7755575615628914e-16,8.698086666666667e-07,2.7755575615628914e-16,-0.0004743402666666667
13,0.0250000000000003,9.522073333333334e-07,0.0250000000000003,-0.0004279290666666667
14,0.05000000000000032,1.01992e-06,0.05000000000000032,-0.0003849664
15,0.07500000000000034,1.0849193333333334e-06,0.07500000000000034,-0.00034464213333333335
16,0.10000000000000037,1.1463606666666668e-06,0.10000000000000037,-0.00030769953333333337
17,0.1250000000000004,1.2044573333333333e-06,0.1250000000000004,-0.000273193
18,0.1500000000000004,1.262792e-06,0.1500000000000004,-0.00024140633333333335
19,0.17500000000000043,1.3192353333333335e-06,0.17500000000000043,-0.00021186173333333333
20,0.20000000000000046,1.3741946666666666e-06,0.20000000000000046,-0.00018509606666666667
21,0.22500000000000048,1.413776e-06,0.22500000000000048,-0.00016041786666666667
22,0.2500000000000005,1.4818926666666666e-06,0.2500000000000005,-0.00013802966666666668
23,0.2750000000000005,1.5390266666666668e-06,0.2750000000000005,-0.00011763686666666668
24,0.30000000000000054,1.5952406666666667e-06,0.30000000000000054,-9.92524e-05
25,0.32500000000000057,1.652424666666667e-06,0.32500000000000057,-8.267613333333333e-05
26,0.3500000000000006,1.710276e-06,0.3500000000000006,-6.773280000000001e-05
27,0.3750000000000006,1.7689133333333334e-06,0.3750000000000006,-5.6710706666666675e-05
28,0.40000000000000063,1.8270713333333334e-06,0.40000000000000063,-4.3724020000000005e-05
29,0.42500000000000066,1.8865933333333334e-06,0.42500000000000066,-3.2946940000000004e-05
30,0.4500000000000007,1.9465326666666666e-06,0.4500000000000007,-2.3455146666666667e-05
31,0.4750000000000007,2.006022666666667e-06,0.4750000000000007,-1.510814e-05
32,0.5000000000000007,2.068284e-06,0.5000000000000007,-7.772473333333333e-06
33,0.5250000000000008,2.130319333333333e-06,0.5250000000000008,-3.061038666666667e-06
34,0.5500000000000007,2.1924153333333337e-06,0.5500000000000007,3.640642666666667e-06
35,0.5750000000000008,2.2569333333333333e-06,0.5750000000000008,5.817978000000001e-06
36,0.6000000000000008,2.3212433333333336e-06,0.6000000000000008,1.1195720000000002e-05
37,0.6250000000000009,2.386494e-06,0.6250000000000009,1.5403153333333333e-05
38,0.6500000000000008,2.4544073333333333e-06,0.6500000000000008,1.9138646666666665e-05
39,0.6750000000000009,2.5223313333333337e-06,0.6750000000000009,2.255544e-05
40,0.7000000000000008,2.5917206666666665e-06,0.7000000000000008,2.5753600000000004e-05
41,0.7250000000000008,2.6660013333333333e-06,0.7250000000000008,2.8857386666666667e-05
42,0.7500000000000009,2.7434553333333334e-06,0.7500000000000009,3.193269333333333e-05
43,0.775000000000001,2.8261813333333334e-06,0.775000000000001,3.504096666666667e-05
44,0.8000000000000009,2.915098e-06,0.8000000000000009,3.823663333333333e-05
45,0.8250000000000008,3.010794e-06,0.8250000000000008,4.155688e-05
46,0.850000000000001,3.1143126666666666e-06,0.850000000000001,4.503297333333334e-05
47,0.8750000000000011,3.224747333333333e-06,0.8750000000000011,4.869298666666667e-05
48,0.900000000000001,3.3441846666666668e-06,0.900000000000001,5.247924666666666e-05
49,0.9250000000000009,3.4767933333333335e-06,0.9250000000000009,5.6657406666666673e-05
50,0.9500000000000011,3.615433333333333e-06,0.9500000000000011,6.1003760000000004e-05
51,0.9750000000000012,3.7579653333333335e-06,0.9750000000000012,6.577058e-05
52,1.000000000000001,3.942324e-06,1.000000000000001,6.999460000000001e-05
53,1.025000000000001,4.131814666666667e-06,1.025000000000001,7.450366666666667e-05
54,1.0500000000000012,4.345104666666667e-06,1.0500000000000012,8.065913333333334e-05
55,1.0750000000000013,4.583226000000001e-06,1.0750000000000013,8.655353333333333e-05
56,1.1000000000000012,4.84983e-06,1.1000000000000012,9.278506666666667e-05
57,1.125000000000001,5.154395333333334e-06,1.125000000000001,9.941986666666667e-05
58,1.1500000000000012,5.499338666666667e-06,1.1500000000000012,0.00010655213333333334
59,1.1750000000000014,5.898672e-06,1.1750000000000014,0.000114127
60,1.2000000000000013,6.385730666666666e-06,1.2000000000000013,0.00012230473333333335
61,1.2250000000000012,6.921473333333334e-06,1.2250000000000012,0.00013088433333333332
62,1.2500000000000013,7.4757e-06,1.2500000000000013,0.0001402006
63,1.2750000000000015,8.49932e-06,1.2750000000000015,0.0001501954
