,X3_4F_V_D,X3_4F_J_D,X3_4F_V_L,X3_4F_J_L
0,-0.3,-2.6334766666666667e-06,-0.3,-0.0021710600000000003
1,-0.27499999999999997,-1.6069479999999999e-06,-0.27499999999999997,-0.001959072
2,-0.24999999999999994,-1.0084493333333334e-06,-0.24999999999999994,-0.001798178
3,-0.22499999999999992,-5.523751333333333e-07,-0.22499999999999992,-0.0016576140000000002
4,-0.1999999999999999,-2.3839773333333335e-07,-0.1999999999999999,-0.001530192
5,-0.17499999999999988,1.1169026666666668e-07,-0.17499999999999988,-0.0014108773333333334
6,-0.14999999999999986,3.6990113333333333e-07,-0.14999999999999986,-0.001300384
7,-0.12499999999999983,5.882566000000001e-07,-0.12499999999999983,-0.001196648
8,-0.09999999999999981,7.768413333333334e-07,-0.09999999999999981,-0.0010992900000000002
9,-0.07499999999999979,9.195026666666668e-07,-0.07499999999999979,-0.0010074433333333334
10,-0.04999999999999977,1.0846893333333334e-06,-0.04999999999999977,-0.0009211560000000001
11,-0.024999999999999745,1.2155406666666668e-06,-0.024999999999999745,-0.00083947
12,2.7755575615628914e-16,1.2896146666666668e-06,2.7755575615628914e-16,-0.0007634326666666667
13,0.0250000000000003,1.4325406666666668e-06,0.0250000000000003,-0.0006915306666666666
14,0.05000000000000032,1.5336706666666667e-06,0.05000000000000032,-0.0006307328
15,0.07500000000000034,1.6263486666666667e-06,0.07500000000000034,-0.0005593090666666667
16,0.10000000000000037,1.7134066666666668e-06,0.10000000000000037,-0.0005001711333333334
17,0.1250000000000004,1.7967113333333333e-06,0.1250000000000004,-0.00044560233333333334
18,0.1500000000000004,1.8770446666666666e-06,0.1500000000000004,-0.0003950980666666667
19,0.17500000000000043,1.9535906666666666e-06,0.17500000000000043,-0.00034823000000000005
20,0.20000000000000046,2.031088e-06,0.20000000000000046,-0.0003051480666666667
21,0.22500000000000048,2.083883333333334e-06,0.22500000000000048,-0.00026528600000000005
22,0.2500000000000005,2.171576666666667e-06,0.2500000000000005,-0.00022912553333333333
23,0.2750000000000005,2.249956666666667e-06,0.2750000000000005,-0.00019571513333333334
24,0.30000000000000054,2.324116e-06,0.30000000000000054,-0.00016586593333333335
25,0.32500000000000057,2.399672666666667e-06,0.32500000000000057,-0.0001385754
26,0.3500000000000006,2.475886666666667e-06,0.3500000000000006,-0.00011399120000000001
27,0.3750000000000006,2.5516613333333336e-06,0.3750000000000006,-9.168960000000001e-05
28,0.40000000000000063,2.6264353333333334e-06,0.40000000000000063,-7.201600000000001e-05
29,0.42500000000000066,2.7034933333333336e-06,0.42500000000000066,-5.73594e-05
30,0.4500000000000007,2.7794813333333335e-06,0.4500000000000007,-4.004965333333333e-05
31,0.4750000000000007,2.856502e-06,0.4750000000000007,-2.5814506666666668e-05
32,0.5000000000000007,2.9344686666666667e-06,0.5000000000000007,-1.3028026666666667e-05
33,0.5250000000000008,3.0131833333333335e-06,0.5250000000000008,-4.2997526666666665e-06
34,0.5500000000000007,3.0937746666666667e-06,0.5500000000000007,6.924300000000001e-06
35,0.5750000000000008,3.1758573333333334e-06,0.5750000000000008,1.3317893333333334e-05
36,0.6000000000000008,3.2610613333333335e-06,0.6000000000000008,2.3035433333333333e-05
37,0.6250000000000009,3.349894666666667e-06,0.6250000000000009,3.109104000000001e-05
38,0.6500000000000008,3.4436960000000005e-06,0.6500000000000008,3.8556313333333334e-05
39,0.6750000000000009,3.546132e-06,0.6750000000000009,4.5665853333333334e-05
40,0.7000000000000008,3.6558313333333336e-06,0.7000000000000008,5.255278e-05
41,0.7250000000000008,3.780084666666667e-06,0.7250000000000008,5.930141333333334e-05
42,0.7500000000000009,3.921432e-06,0.7500000000000009,6.667613333333334e-05
43,0.775000000000001,4.082227333333333e-06,0.775000000000001,7.145573333333333e-05
44,0.8000000000000009,4.267102000000001e-06,0.8000000000000009,7.982053333333333e-05
45,0.8250000000000008,4.4836133333333334e-06,0.8250000000000008,8.76612e-05
46,0.850000000000001,4.733944666666666e-06,0.850000000000001,9.58688e-05
47,0.8750000000000011,5.026602e-06,0.8750000000000011,0.0001047584
48,0.900000000000001,5.367363333333334e-06,0.900000000000001,0.0001139304
49,0.9250000000000009,5.766268666666667e-06,0.9250000000000009,0.00012380300000000002
50,0.9500000000000011,6.245626e-06,0.9500000000000011,0.00013431293333333335
51,0.9750000000000012,6.8177866666666665e-06,0.9750000000000012,0.0001456048
52,1.000000000000001,7.163513333333333e-06,1.000000000000001,0.00015737526666666668
53,1.025000000000001,8.34344e-06,1.025000000000001,0.0001700168
54,1.0500000000000012,9.324233333333333e-06,1.0500000000000012,0.00018348313333333335
55,1.0750000000000013,1.0439546666666666e-05,1.0750000000000013,0.00019778786666666668
56,1.1000000000000012,1.1724020000000001e-05,1.1000000000000012,0.00021297093333333332
57,1.125000000000001,1.3226600000000001e-05,1.125000000000001,0.00022917320000000004
58,1.1500000000000012,1.4982886666666668e-05,1.1500000000000012,0.0002464822666666667
59,1.1750000000000014,1.7042193333333335e-05,1.1750000000000014,0.0002648982
60,1.2000000000000013,1.946374e-05,1.2000000000000013,0.0002845866
61,1.2250000000000012,2.2316586666666667e-05,1.2250000000000012,0.0003056642
62,1.2500000000000013,2.568144e-05,1.2500000000000013,0.0003282957333333334
63,1.2750000000000015,2.9660846666666668e-05,1.2750000000000015,0.0003525600666666667
