,X3_4F_V_D,X3_4F_J_D,X3_4F_V_L,X3_4F_J_L
0,-0.3,-2.4476553333333332e-06,-0.3,-0.0016377640000000003
1,-0.27499999999999997,-1.4052620000000001e-06,-0.27499999999999997,-0.001442854
2,-0.24999999999999994,-8.834033333333334e-07,-0.24999999999999994,-0.001303974
3,-0.22499999999999992,-5.097065333333334e-07,-0.22499999999999992,-0.0011885746666666667
4,-0.1999999999999999,-2.7081553333333333e-07,-0.1999999999999999,-0.0010873513333333334
5,-0.17499999999999988,1.2872166666666667e-08,-0.17499999999999988,-0.0009952786666666666
6,-0.14999999999999986,2.0995500000000003e-07,-0.14999999999999986,-0.000911664
7,-0.12499999999999983,3.7594113333333335e-07,-0.12499999999999983,-0.0008341326666666667
8,-0.09999999999999981,5.181142e-07,-0.09999999999999981,-0.0007627926666666666
9,-0.07499999999999979,6.413420000000001e-07,-0.07499999999999979,-0.0006961213333333333
10,-0.04999999999999977,7.51266e-07,-0.04999999999999977,-0.0006358339333333333
11,-0.024999999999999745,8.47444e-07,-0.024999999999999745,-0.0005738366666666667
12,2.7755575615628914e-16,9.263946666666668e-07,2.7755575615628914e-16,-0.0005192674666666667
13,0.0250000000000003,1.0157953333333335e-06,0.0250000000000003,-0.00046855860000000004
14,0.05000000000000032,1.0898653333333334e-06,0.05000000000000032,-0.00042145100000000004
15,0.07500000000000034,1.1608686666666666e-06,0.07500000000000034,-0.00037771900000000005
16,0.10000000000000037,1.2274333333333335e-06,0.10000000000000037,-0.0003370738
17,0.1250000000000004,1.2915066666666667e-06,0.1250000000000004,-0.00029933473333333335
18,0.1500000000000004,1.3539020000000001e-06,0.1500000000000004,-0.0002645152
19,0.17500000000000043,1.4144926666666669e-06,0.17500000000000043,-0.00023224346666666666
20,0.20000000000000046,1.4749113333333335e-06,0.20000000000000046,-0.0002029278
21,0.22500000000000048,1.5166853333333334e-06,0.22500000000000048,-0.00017586426666666666
22,0.2500000000000005,1.5877426666666668e-06,0.2500000000000005,-0.00015132253333333335
23,0.2750000000000005,1.649772e-06,0.2750000000000005,-0.0001287828
24,0.30000000000000054,1.709096e-06,0.30000000000000054,-0.00010873126666666667
25,0.32500000000000057,1.7696293333333335e-06,0.32500000000000057,-9.04492e-05
26,0.3500000000000006,1.8313146666666668e-06,0.3500000000000006,-7.405266666666667e-05
27,0.3750000000000006,1.89301e-06,0.3750000000000006,-6.188086666666667e-05
28,0.40000000000000063,1.95499e-06,0.40000000000000063,-4.758538e-05
29,0.42500000000000066,2.017305333333333e-06,0.42500000000000066,-3.571660666666667e-05
30,0.4500000000000007,2.079732666666667e-06,0.4500000000000007,-2.523228e-05
31,0.4750000000000007,2.1434360000000002e-06,0.4750000000000007,-1.6010953333333334e-05
32,0.5000000000000007,2.2072640000000003e-06,0.5000000000000007,-7.88846e-06
33,0.5250000000000008,2.2711206666666666e-06,0.5250000000000008,-2.623586666666667e-06
34,0.5500000000000007,2.3377093333333337e-06,0.5500000000000007,4.882306e-06
35,0.5750000000000008,2.404086e-06,0.5750000000000008,8.016006666666667e-06
36,0.6000000000000008,2.470936e-06,0.6000000000000008,1.3948906666666667e-05
37,0.6250000000000009,2.5391033333333334e-06,0.6250000000000009,1.865268e-05
38,0.6500000000000008,2.6078460000000003e-06,0.6500000000000008,2.2879286666666668e-05
39,0.6750000000000009,2.679944e-06,0.6750000000000009,2.6784359999999998e-05
40,0.7000000000000008,2.7522373333333336e-06,0.7000000000000008,3.0479746666666668e-05
41,0.7250000000000008,2.829556e-06,0.7250000000000008,3.409794e-05
42,0.7500000000000009,2.912672666666667e-06,0.7500000000000009,3.770872666666667e-05
43,0.775000000000001,3.0004306666666668e-06,0.775000000000001,4.138056666666667e-05
44,0.8000000000000009,3.0948313333333333e-06,0.8000000000000009,4.5176086666666664e-05
45,0.8250000000000008,3.1990573333333334e-06,0.8250000000000008,4.9139473333333335e-05
46,0.850000000000001,3.311587333333333e-06,0.850000000000001,5.33136e-05
47,0.8750000000000011,3.434787333333333e-06,0.8750000000000011,5.7739093333333335e-05
48,0.900000000000001,3.569488666666667e-06,0.900000000000001,6.231482e-05
49,0.9250000000000009,3.717189333333333e-06,0.9250000000000009,6.758713333333334e-05
50,0.9500000000000011,3.883592666666667e-06,0.9500000000000011,7.115446666666667e-05
51,0.9750000000000012,4.067838000000001e-06,0.9750000000000012,7.741340000000001e-05
52,1.000000000000001,4.274414000000001e-06,1.000000000000001,8.334626666666668e-05
53,1.025000000000001,4.507232666666667e-06,1.025000000000001,8.961893333333334e-05
54,1.0500000000000012,4.769811333333334e-06,1.0500000000000012,9.629286666666666e-05
55,1.0750000000000013,5.070556666666667e-06,1.0750000000000013,0.000103393
56,1.1000000000000012,5.411132666666667e-06,1.1000000000000012,0.00011102566666666667
57,1.125000000000001,5.804492000000001e-06,1.125000000000001,0.00011898179999999999
58,1.1500000000000012,6.273862666666667e-06,1.1500000000000012,0.00012755486666666667
59,1.1750000000000014,6.83932e-06,1.1750000000000014,0.00013674986666666666
60,1.2000000000000013,7.337806666666666e-06,1.2000000000000013,0.0001464776666666667
61,1.2250000000000012,8.374366666666667e-06,1.2250000000000012,0.000156998
62,1.2500000000000013,9.284613333333335e-06,1.2500000000000013,0.00016821166666666667
63,1.2750000000000015,1.0326813333333335e-05,1.2750000000000015,0.00018022346666666668
