,X3_4R_V_D,X3_4R_J_D,X3_4R_V_L,X3_4R_J_L
0,1.3,2.0986533333333333e-05,1.3,0.0001401506666666667
1,1.2750000000000001,1.6247573333333336e-05,1.2750000000000001,8.822346666666667e-05
2,1.2500000000000002,1.3814333333333334e-05,1.2500000000000002,7.80176e-05
3,1.2250000000000003,1.2137193333333334e-05,1.2250000000000003,7.104993333333334e-05
4,1.2000000000000004,1.0829640000000002e-05,1.2000000000000004,6.478278666666667e-05
5,1.1750000000000005,9.731400000000001e-06,1.1750000000000005,5.940987333333334e-05
6,1.1500000000000006,8.774973333333334e-06,1.1500000000000006,5.4918880000000006e-05
7,1.1250000000000007,7.925466666666667e-06,1.1250000000000007,5.076561333333334e-05
8,1.1000000000000008,7.1534733333333345e-06,1.1000000000000008,4.689621333333333e-05
9,1.0750000000000008,6.856726666666667e-06,1.0750000000000008,4.325539333333334e-05
10,1.050000000000001,5.782980666666667e-06,1.050000000000001,3.982325333333334e-05
11,1.025000000000001,5.154430666666667e-06,1.025000000000001,3.658446666666667e-05
12,1.000000000000001,4.59082e-06,1.000000000000001,3.3518133333333334e-05
13,0.9750000000000012,4.13013e-06,0.9750000000000012,3.060437333333334e-05
14,0.9500000000000013,3.5687793333333332e-06,0.9500000000000013,2.783216e-05
15,0.9250000000000014,3.0974813333333332e-06,0.9250000000000014,2.517474e-05
16,0.9000000000000015,2.6574673333333332e-06,0.9000000000000015,2.2601860000000002e-05
17,0.8750000000000016,2.2420473333333332e-06,0.8750000000000016,2.0078126666666667e-05
18,0.8500000000000016,1.8498913333333334e-06,0.8500000000000016,1.7558793333333333e-05
19,0.8250000000000017,1.4831606666666667e-06,0.8250000000000017,1.498012e-05
20,0.8000000000000018,1.1405653333333334e-06,0.8000000000000018,1.2268393333333333e-05
21,0.7750000000000019,8.223260000000001e-07,0.7750000000000019,9.30874e-06
22,0.750000000000002,5.296417333333334e-07,0.750000000000002,7.146733333333333e-06
23,0.7250000000000021,2.6139086666666666e-07,0.7250000000000021,3.174e-06
24,0.7000000000000022,2.1299766666666665e-08,0.7000000000000022,-2.6777920000000002e-06
25,0.6750000000000023,-2.0303080000000003e-07,0.6750000000000023,-6.997540000000001e-06
26,0.6500000000000024,-4.045048e-07,0.6500000000000024,-1.233698e-05
27,0.6250000000000024,-5.131944666666667e-07,0.6250000000000024,-2.0119293333333336e-05
28,0.6000000000000025,-7.497946666666666e-07,0.6000000000000025,-2.8186153333333336e-05
29,0.5750000000000026,-9.0579e-07,0.5750000000000026,-3.715355333333334e-05
30,0.5500000000000027,-1.0464993333333334e-06,0.5500000000000027,-4.709614666666667e-05
31,0.5250000000000028,-1.1811353333333333e-06,0.5250000000000028,-5.807363333333333e-05
32,0.5000000000000029,-1.3043013333333333e-06,0.5000000000000029,-6.998033333333334e-05
33,0.475000000000003,-1.4189880000000002e-06,0.475000000000003,-8.121013333333334e-05
34,0.45000000000000306,-1.5279293333333333e-06,0.45000000000000306,-9.681940000000001e-05
35,0.42500000000000315,-1.6297786666666668e-06,0.42500000000000315,-0.00011303466666666667
36,0.40000000000000324,-1.7260606666666667e-06,0.40000000000000324,-0.0001303422
37,0.37500000000000333,-1.8166353333333334e-06,0.37500000000000333,-0.00014888486666666666
38,0.3500000000000034,-1.900414e-06,0.3500000000000034,-0.00016857913333333336
39,0.3250000000000035,-1.9844906666666666e-06,0.3250000000000035,-0.0001895926
40,0.3000000000000036,-2.059752e-06,0.3000000000000036,-0.00021177706666666667
41,0.2750000000000037,-2.0679253333333333e-06,0.2750000000000037,-0.00023543539999999999
42,0.2500000000000038,-2.201436e-06,0.2500000000000038,-0.00025997000000000005
43,0.22500000000000386,-2.1488980000000002e-06,0.22500000000000386,-0.00028582013333333336
44,0.20000000000000395,-2.328022e-06,0.20000000000000395,-0.00031343433333333334
45,0.17500000000000404,-2.3968933333333334e-06,0.17500000000000404,-0.0003424532
46,0.15000000000000413,-2.465878666666667e-06,0.15000000000000413,-0.0003725294666666667
47,0.12500000000000422,-2.5316133333333333e-06,0.12500000000000422,-0.0004040776
48,0.10000000000000431,-2.594974666666667e-06,0.10000000000000431,-0.00043719840000000005
49,0.0750000000000044,-2.6625486666666667e-06,0.0750000000000044,-0.00047183393333333337
50,0.050000000000004485,-2.7289733333333335e-06,0.050000000000004485,-0.0005081708666666667
51,0.025000000000004574,-2.795070666666667e-06,0.025000000000004574,-0.000546171
52,4.6629367034256575e-15,-2.8403840000000003e-06,4.6629367034256575e-15,-0.0005858649333333333
53,-0.024999999999995248,-2.9291766666666667e-06,-0.024999999999995248,-0.0006273966666666666
54,-0.04999999999999516,-3.003602e-06,-0.04999999999999516,-0.00067126
55,-0.07499999999999507,-3.0781553333333334e-06,-0.07499999999999507,-0.0007006200000000001
56,-0.09999999999999498,-3.154058e-06,-0.09999999999999498,-0.00075283
57,-0.12499999999999489,-3.2315526666666667e-06,-0.12499999999999489,-0.0008051333333333334
58,-0.1499999999999948,-3.309916e-06,-0.1499999999999948,-0.0008588273333333333
59,-0.17499999999999472,-3.388008e-06,-0.17499999999999472,-0.0009157346666666668
60,-0.19999999999999463,-3.436505333333333e-06,-0.19999999999999463,-0.0009750633333333333
61,-0.22499999999999454,-3.5414993333333336e-06,-0.22499999999999454,-0.0010390806666666667
62,-0.24999999999999445,-3.6208066666666666e-06,-0.24999999999999445,-0.0011053753333333334
63,-0.27499999999999436,-3.703084e-06,-0.27499999999999436,-0.0011766493333333333
