,X3_4R_V_D,X3_4R_J_D,X3_4R_V_L,X3_4R_J_L
0,1.3,3.171622666666667e-05,1.3,0.00022006153333333333
1,1.2750000000000001,2.5989880000000002e-05,1.2750000000000001,0.0001567832
2,1.2500000000000002,2.2707646666666668e-05,1.2500000000000002,0.00014220033333333333
3,1.2250000000000003,2.030050666666667e-05,1.2250000000000003,0.00013137573333333333
4,1.2000000000000004,1.8334973333333332e-05,1.2000000000000004,0.00012184460000000001
5,1.1750000000000005,1.6645846666666668e-05,1.1750000000000005,0.00011330253333333333
6,1.1500000000000006,1.51446e-05,1.1500000000000006,0.000105257
7,1.1250000000000007,1.3788613333333334e-05,1.1250000000000007,9.766666666666668e-05
8,1.1000000000000008,1.2553146666666667e-05,1.1000000000000008,9.064033333333333e-05
9,1.0750000000000008,1.1407533333333334e-05,1.0750000000000008,8.393260000000001e-05
10,1.050000000000001,1.034936e-05,1.050000000000001,7.766213333333334e-05
11,1.025000000000001,9.365440000000001e-06,1.025000000000001,7.173613333333333e-05
12,1.000000000000001,8.4484e-06,1.000000000000001,6.660003333333333e-05
13,0.9750000000000012,7.59466e-06,0.9750000000000012,6.052261333333334e-05
14,0.9500000000000013,6.792140000000001e-06,0.9500000000000013,5.544048666666667e-05
15,0.9250000000000014,6.533307333333334e-06,0.9250000000000014,5.0678453333333334e-05
16,0.9000000000000015,5.3835753333333335e-06,0.9000000000000015,4.614450666666667e-05
17,0.8750000000000016,4.6863360000000005e-06,0.8750000000000016,4.179168666666667e-05
18,0.8500000000000016,4.064704e-06,0.8500000000000016,3.754582e-05
19,0.8250000000000017,3.491294666666667e-06,0.8250000000000017,3.335641333333334e-05
20,0.8000000000000018,2.9613486666666667e-06,0.8000000000000018,2.9137319999999998e-05
21,0.7750000000000019,2.473478666666667e-06,0.7750000000000019,2.4790120000000003e-05
22,0.750000000000002,2.0195473333333337e-06,0.750000000000002,2.0196406666666668e-05
23,0.7250000000000021,1.603702666666667e-06,0.7250000000000021,1.5220833333333333e-05
24,0.7000000000000022,1.2273093333333335e-06,0.7000000000000022,9.751233333333334e-06
25,0.6750000000000023,8.756086666666666e-07,0.6750000000000023,4.862490666666667e-06
26,0.6500000000000024,5.567462666666666e-07,0.6500000000000024,-3.802470666666667e-06
27,0.6250000000000024,2.6582673333333335e-07,0.6250000000000024,-1.005382e-05
28,0.6000000000000025,-1.3239700000000001e-09,0.6000000000000025,-2.030358e-05
29,0.5750000000000026,-2.448663333333334e-07,0.5750000000000026,-3.079090666666667e-05
30,0.5500000000000027,-4.709448e-07,0.5500000000000027,-4.235548666666667e-05
31,0.5250000000000028,-6.785693333333334e-07,0.5250000000000028,-5.495317333333334e-05
32,0.5000000000000029,-8.69528e-07,0.5000000000000029,-6.935293333333333e-05
33,0.475000000000003,-1.0463399999999999e-06,0.475000000000003,-8.210786666666666e-05
34,0.45000000000000306,-1.208496e-06,0.45000000000000306,-0.00010020066666666668
35,0.42500000000000315,-1.3617193333333335e-06,0.42500000000000315,-0.00011901166666666667
36,0.40000000000000324,-1.5026106666666666e-06,0.40000000000000324,-0.00013918273333333333
37,0.37500000000000333,-1.6319313333333333e-06,0.37500000000000333,-0.0001609724
38,0.3500000000000034,-1.754918e-06,0.3500000000000034,-0.00018397513333333335
39,0.3250000000000035,-1.8691206666666668e-06,0.3250000000000035,-0.00020866626666666665
40,0.3000000000000036,-1.9737833333333334e-06,0.3000000000000036,-0.00023484173333333336
41,0.2750000000000037,-2.0760393333333337e-06,0.2750000000000037,-0.00026291873333333335
42,0.2500000000000038,-2.170976666666667e-06,0.2500000000000038,-0.0002921930666666667
43,0.22500000000000386,-2.1478460000000004e-06,0.22500000000000386,-0.0003230718
44,0.20000000000000395,-2.3349133333333336e-06,0.20000000000000395,-0.00035620080000000004
45,0.17500000000000404,-2.4257433333333336e-06,0.17500000000000404,-0.00039104213333333333
46,0.15000000000000413,-2.5110673333333333e-06,0.15000000000000413,-0.00042763600000000006
47,0.12500000000000422,-2.5924506666666667e-06,0.12500000000000422,-0.00046623826666666667
48,0.10000000000000431,-2.6757333333333335e-06,0.10000000000000431,-0.0005068231333333334
49,0.0750000000000044,-2.757114e-06,0.0750000000000044,-0.0005495500666666666
50,0.050000000000004485,-2.8371693333333335e-06,0.050000000000004485,-0.0005945503333333334
51,0.025000000000004574,-2.9219440000000003e-06,0.025000000000004574,-0.0006419434666666666
52,4.6629367034256575e-15,-2.9833613333333332e-06,4.6629367034256575e-15,-0.0006923760000000001
53,-0.024999999999995248,-3.083378666666667e-06,-0.024999999999995248,-0.000729366
54,-0.04999999999999516,-3.1709453333333333e-06,-0.04999999999999516,-0.0007888460000000001
55,-0.07499999999999507,-3.2581480000000003e-06,-0.07499999999999507,-0.0008485106666666667
56,-0.09999999999999498,-3.346434e-06,-0.09999999999999498,-0.0009110533333333334
57,-0.12499999999999489,-3.4340213333333336e-06,-0.12499999999999489,-0.0009774526666666667
58,-0.1499999999999948,-3.52385e-06,-0.1499999999999948,-0.0010474253333333334
59,-0.17499999999999472,-3.6128973333333334e-06,-0.17499999999999472,-0.0011216426666666667
60,-0.19999999999999463,-3.671756e-06,-0.19999999999999463,-0.00119999
61,-0.22499999999999454,-3.780070666666667e-06,-0.22499999999999454,-0.001284474
62,-0.24999999999999445,-3.866456e-06,-0.24999999999999445,-0.0013731606666666668
63,-0.27499999999999436,-3.951382666666667e-06,-0.27499999999999436,-0.0014682286666666668
