,X3_4R_V_D,X3_4R_J_D,X3_4R_V_L,X3_4R_J_L
0,1.3,0.0027263053333333336,1.3,0.0042549046666666675
1,1.2750000000000001,0.0027181686666666667,1.2750000000000001,0.004154227333333334
2,1.2500000000000002,0.002628383333333334,1.2500000000000002,0.003988508
3,1.2250000000000003,0.0025082673333333334,1.2250000000000003,0.0038029926666666666
4,1.2000000000000004,0.0023768773333333335,1.2000000000000004,0.0036163579999999996
5,1.1750000000000005,0.0022427073333333336,1.1750000000000005,0.0034332040000000005
6,1.1500000000000006,0.0021099293333333336,1.1500000000000006,0.0032565953333333337
7,1.1250000000000007,0.0019806886666666667,1.1250000000000007,0.003086832
8,1.1000000000000008,0.0018563613333333333,1.1000000000000008,0.0029255733333333335
9,1.0750000000000008,0.0017366253333333333,1.0750000000000008,0.0027700673333333333
10,1.050000000000001,0.0016222826666666666,1.050000000000001,0.0026208733333333337
11,1.025000000000001,0.001513272,1.025000000000001,0.002477776666666667
12,1.000000000000001,0.0014095793333333334,1.000000000000001,0.002340182666666667
13,0.9750000000000012,0.0013110846666666667,0.9750000000000012,0.002207600666666667
14,0.9500000000000013,0.0012175246666666667,0.9500000000000013,0.002079594
15,0.9250000000000014,0.0011287026666666666,0.9250000000000014,0.0019560993333333334
16,0.9000000000000015,0.0010444786666666667,0.9000000000000015,0.0018361266666666667
17,0.8750000000000016,0.0009646386666666667,0.8750000000000016,0.0017209880000000001
18,0.8500000000000016,0.0008889773333333334,0.8500000000000016,0.0016084066666666667
19,0.8250000000000017,0.0008174306666666666,0.8250000000000017,0.001499162
20,0.8000000000000018,0.0007497446666666667,0.8000000000000018,0.0013920073333333334
21,0.7750000000000019,0.0006859193333333334,0.7750000000000019,0.0012886013333333335
22,0.750000000000002,0.0006162292666666668,0.750000000000002,0.00118679
23,0.7250000000000021,0.0005613427333333333,0.7250000000000021,0.0010865273333333335
24,0.7000000000000022,0.0005097079333333333,0.7000000000000022,0.0009879913333333333
25,0.6750000000000023,0.0004606862666666667,0.6750000000000023,0.0008919133333333334
26,0.6500000000000024,0.0004145181333333333,0.6500000000000024,0.0007965
27,0.6250000000000024,0.0003712204,0.6250000000000024,0.0007023713333333334
28,0.6000000000000025,0.00033066666666666666,0.6000000000000025,0.00061282
29,0.5750000000000026,0.0002930584666666667,0.5750000000000026,0.0005172108666666668
30,0.5500000000000027,0.00025806913333333335,0.5500000000000027,0.00042722786666666673
31,0.5250000000000028,0.00022572920000000002,0.5250000000000028,0.0003381364666666667
32,0.5000000000000029,0.00019592,0.5000000000000029,0.00025017573333333334
33,0.475000000000003,0.00016876793333333334,0.475000000000003,0.00016258713333333334
34,0.45000000000000306,0.00014387726666666666,0.45000000000000306,7.548333333333334e-05
35,0.42500000000000315,0.00012130373333333334,0.42500000000000315,-7.86764e-06
36,0.40000000000000324,0.000100958,0.40000000000000324,-9.85986e-05
37,0.37500000000000333,8.264673333333334e-05,0.37500000000000333,-0.00019000840000000003
38,0.3500000000000034,6.440891333333333e-05,0.3500000000000034,-0.00028041346666666665
39,0.3250000000000035,5.027731333333333e-05,0.3250000000000035,-0.0003747369333333334
40,0.3000000000000036,3.8257573333333334e-05,0.3000000000000036,-0.0004744866
41,0.2750000000000037,2.7792360000000002e-05,0.2750000000000037,-0.000581834
42,0.2500000000000038,1.888700666666667e-05,0.2500000000000038,-0.0007213386666666667
43,0.22500000000000386,1.1571753333333334e-05,0.22500000000000386,-0.0008460806666666667
44,0.20000000000000395,5.936192666666667e-06,0.20000000000000395,-0.0009918626666666668
45,0.17500000000000404,1.1121853333333335e-06,0.17500000000000404,-0.0011557786666666666
46,0.15000000000000413,-2.2804033333333332e-06,0.15000000000000413,-0.0013416973333333334
47,0.12500000000000422,-4.760568666666667e-06,0.12500000000000422,-0.0015522213333333335
48,0.10000000000000431,-6.575650666666667e-06,0.10000000000000431,-0.0017894066666666666
49,0.0750000000000044,-5.288923333333334e-06,0.0750000000000044,-0.0020547893333333336
50,0.050000000000004485,-6.78066e-06,0.050000000000004485,-0.002349256666666667
51,0.025000000000004574,-7.676433333333333e-06,0.025000000000004574,-0.0026722653333333336
52,4.6629367034256575e-15,-8.306133333333333e-06,4.6629367034256575e-15,-0.0030251433333333337
53,-0.024999999999995248,-8.776753333333333e-06,-0.024999999999995248,-0.0034037226666666664
54,-0.04999999999999516,-9.125786666666668e-06,-0.04999999999999516,-0.003807186
55,-0.07499999999999507,-9.386986666666666e-06,-0.07499999999999507,-0.004232304
56,-0.09999999999999498,-9.586753333333334e-06,-0.09999999999999498,-0.0046782306666666666
57,-0.12499999999999489,-9.738053333333334e-06,-0.12499999999999489,-0.005142155333333333
58,-0.1499999999999948,-9.854293333333334e-06,-0.1499999999999948,-0.005621539333333334
59,-0.17499999999999472,-9.943706666666667e-06,-0.17499999999999472,-0.006115156000000001
60,-0.19999999999999463,-9.935606666666668e-06,-0.19999999999999463,-0.006621874
61,-0.22499999999999454,-1.0016566666666667e-05,-0.22499999999999454,-0.0072357466666666675
62,-0.24999999999999445,-1.0058006666666667e-05,-0.24999999999999445,-0.007720393333333333
63,-0.27499999999999436,-1.0087826666666668e-05,-0.27499999999999436,-0.008224966666666668
