,X3_4F_V_D,X3_4F_J_D,X3_4F_V_L,X3_4F_J_L
0,-0.3,-1.1297266666666668e-05,-0.3,-0.012389
1,-0.27499999999999997,-5.082340000000001e-06,-0.27499999999999997,-0.01170108
2,-0.24999999999999994,-2.091984e-06,-0.24999999999999994,-0.011055346666666667
3,-0.22499999999999992,-4.207617333333333e-07,-0.22499999999999992,-0.010418413333333335
4,-0.1999999999999999,5.823505333333334e-07,-0.1999999999999999,-0.009783973333333335
5,-0.17499999999999988,1.7324966666666665e-06,-0.17499999999999988,-0.009154013333333334
6,-0.14999999999999986,2.5238253333333335e-06,-0.14999999999999986,-0.008536706666666668
7,-0.12499999999999983,3.1661819999999998e-06,-0.12499999999999983,-0.007931120000000002
8,-0.09999999999999981,3.7091279999999997e-06,-0.09999999999999981,-0.00734002
9,-0.07499999999999979,4.167559333333333e-06,-0.07499999999999979,-0.00676598
10,-0.04999999999999977,4.559675333333334e-06,-0.04999999999999977,-0.006182631333333334
11,-0.024999999999999745,4.9002333333333335e-06,-0.024999999999999745,-0.005623168666666667
12,2.7755575615628914e-16,5.176871333333333e-06,2.7755575615628914e-16,-0.0051066593333333335
13,0.0250000000000003,5.477124e-06,0.0250000000000003,-0.004615687333333333
14,0.05000000000000032,5.744448666666667e-06,0.05000000000000032,-0.004149151333333333
15,0.07500000000000034,5.9882946666666664e-06,0.07500000000000034,-0.0037058593333333333
16,0.10000000000000037,6.214892e-06,0.10000000000000037,-0.0032876453333333337
17,0.1250000000000004,6.429426666666667e-06,0.1250000000000004,-0.0028949786666666666
18,0.1500000000000004,6.608198000000001e-06,0.1500000000000004,-0.0025271486666666666
19,0.17500000000000043,6.790166666666666e-06,0.17500000000000043,-0.0021846453333333334
20,0.20000000000000046,6.9555666666666665e-06,0.20000000000000046,-0.001867518
21,0.22500000000000048,6.99922e-06,0.22500000000000048,-0.0015747453333333334
22,0.2500000000000005,6.999233333333333e-06,0.2500000000000005,-0.0013051086666666667
23,0.2750000000000005,6.999226666666667e-06,0.2750000000000005,-0.0010557666666666666
24,0.30000000000000054,4.92905e-06,0.30000000000000054,-0.0008281246666666666
25,0.32500000000000057,7.04496e-06,0.32500000000000057,-0.0006662195333333333
26,0.3500000000000006,8.44978e-06,0.3500000000000006,-0.0004565662
27,0.3750000000000006,9.934786666666666e-06,0.3750000000000006,-0.0002611
28,0.40000000000000063,1.172946e-05,0.40000000000000063,-7.560373333333334e-05
29,0.42500000000000066,1.4046066666666668e-05,0.42500000000000066,0.00010430686666666668
30,0.4500000000000007,1.7121886666666667e-05,0.4500000000000007,0.0002809412666666667
31,0.4750000000000007,2.1238033333333336e-05,0.4750000000000007,0.00045791200000000004
32,0.5000000000000007,2.6736666666666668e-05,0.5000000000000007,0.0006363397333333334
33,0.5250000000000008,3.4029966666666664e-05,0.5250000000000008,0.0007929953333333334
34,0.5500000000000007,4.3619093333333335e-05,0.5500000000000007,0.00099007
35,0.5750000000000008,5.6181279999999995e-05,0.5750000000000008,0.0011993153333333334
36,0.6000000000000008,8.608086666666667e-05,0.6000000000000008,0.001417282
37,0.6250000000000009,0.00010785573333333335,0.6250000000000009,0.0016443433333333333
38,0.6500000000000008,0.00013471486666666668,0.6500000000000008,0.0018821073333333334
39,0.6750000000000009,0.00016807060000000002,0.6750000000000009,0.0021319733333333337
40,0.7000000000000008,0.00020911480000000002,0.7000000000000008,0.0023932293333333333
41,0.7250000000000008,0.0002594694666666667,0.7250000000000008,0.0026689713333333336
42,0.7500000000000009,0.0003206410666666667,0.7500000000000009,0.0029582606666666666
43,0.775000000000001,0.0003941978666666667,0.775000000000001,0.0032630086666666667
44,0.8000000000000009,0.0004822862,0.8000000000000009,0.003582258666666667
45,0.8250000000000008,0.0005862468,0.8250000000000008,0.003916138
46,0.850000000000001,0.0008014506666666667,0.850000000000001,0.004265670666666666
47,0.8750000000000011,0.000925238,0.8750000000000011,0.004628007333333334
48,0.900000000000001,0.001082174,0.900000000000001,0.005005308666666666
49,0.9250000000000009,0.0012670446666666667,0.9250000000000009,0.005396109333333334
50,0.9500000000000011,0.0014813833333333333,0.9500000000000011,0.005801498666666667
51,0.9750000000000012,0.0017267473333333334,0.9750000000000012,0.006220774666666666
52,1.000000000000001,0.0020035493333333335,1.000000000000001,0.006654763333333334
53,1.025000000000001,0.0023151813333333335,1.025000000000001,0.00710328
54,1.0500000000000012,0.0026595026666666665,1.0500000000000012,0.0075303
55,1.0750000000000013,0.0030450246666666667,1.0750000000000013,0.007998606666666666
56,1.1000000000000012,0.00346646,1.1000000000000012,0.008492293333333335
57,1.125000000000001,0.003929248666666667,1.125000000000001,0.009010226666666666
58,1.1500000000000012,0.004427961333333333,1.1500000000000012,0.009551486666666666
59,1.1750000000000014,0.004975094,1.1750000000000014,0.010116386666666666
60,1.2000000000000013,0.005565024666666666,1.2000000000000013,0.010706333333333335
61,1.2250000000000012,0.006198716666666667,1.2250000000000012,0.011324166666666668
62,1.2500000000000013,0.007293373333333334,1.2500000000000013,0.011971913333333334
63,1.2750000000000015,0.007887186666666667,1.2750000000000015,0.01265486
