,X3_4R_V_D,X3_4R_J_D,X3_4R_V_L,X3_4R_J_L
0,1.3,0.00758462,1.3,0.00873344
1,1.2750000000000001,0.0073521866666666665,1.2750000000000001,0.00842016
2,1.2500000000000002,0.0070122733333333334,1.2500000000000002,0.008068553333333334
3,1.2250000000000003,0.006615187333333333,1.2250000000000003,0.00770682
4,1.2000000000000004,0.006261599333333334,1.2000000000000004,0.007343046666666666
5,1.1750000000000005,0.005892394666666667,1.1750000000000005,0.006984666666666667
6,1.1500000000000006,0.005525022,1.1500000000000006,0.006628818
7,1.1250000000000007,0.0051666966666666665,1.1250000000000007,0.0062931693333333335
8,1.1000000000000008,0.0048217293333333335,1.1000000000000008,0.005970516
9,1.0750000000000008,0.004491107333333333,1.0750000000000008,0.00565593
10,1.050000000000001,0.004175285333333334,1.050000000000001,0.005350202
11,1.025000000000001,0.003874838666666667,1.025000000000001,0.0050542293333333335
12,1.000000000000001,0.0035896933333333333,1.000000000000001,0.004766104666666667
13,0.9750000000000012,0.0033200106666666667,0.9750000000000012,0.004485464666666667
14,0.9500000000000013,0.003064236666666667,0.9500000000000013,0.004211013333333334
15,0.9250000000000014,0.0028222266666666665,0.9250000000000014,0.003944365333333333
16,0.9000000000000015,0.0025938613333333334,0.9000000000000015,0.0036831026666666665
17,0.8750000000000016,0.0023778113333333332,0.8750000000000016,0.0034266126666666666
18,0.8500000000000016,0.0021738586666666666,0.8500000000000016,0.003175648666666667
19,0.8250000000000017,0.001981486,0.8250000000000017,0.0029293966666666667
20,0.8000000000000018,0.0018002386666666668,0.8000000000000018,0.0026881413333333334
21,0.7750000000000019,0.0016297026666666668,0.7750000000000019,0.0024514233333333335
22,0.750000000000002,0.0014695753333333335,0.750000000000002,0.0022198733333333334
23,0.7250000000000021,0.00131948,0.7250000000000021,0.001993154
24,0.7000000000000022,0.0011795566666666668,0.7000000000000022,0.0017724913333333333
25,0.6750000000000023,0.0010489173333333335,0.6750000000000023,0.001556296
26,0.6500000000000024,0.0009278673333333335,0.6500000000000024,0.0013449493333333334
27,0.6250000000000024,0.0008159060000000001,0.6250000000000024,0.0011389800000000002
28,0.6000000000000025,0.0007126966666666667,0.6000000000000025,0.0009399713333333334
29,0.5750000000000026,0.0006010618666666667,0.5750000000000026,0.0007458613333333334
30,0.5500000000000027,0.0005197607333333334,0.5500000000000027,0.0005739105333333334
31,0.5250000000000028,0.0004446186666666667,0.5250000000000028,0.00038255806666666667
32,0.5000000000000029,0.0003761719333333333,0.5000000000000029,0.00020320013333333334
33,0.475000000000003,0.00031442553333333335,0.475000000000003,5.1891686666666664e-05
34,0.45000000000000306,0.00025913293333333333,0.45000000000000306,-9.7871e-05
35,0.42500000000000315,0.00021004126666666667,0.42500000000000315,-0.0002798280666666667
36,0.40000000000000324,0.0001669114,0.40000000000000324,-0.00045247500000000003
37,0.37500000000000333,0.00012946913333333334,0.37500000000000333,-0.0006244322666666667
38,0.3500000000000034,9.73424e-05,0.3500000000000034,-0.0007606573333333334
39,0.3250000000000035,7.04094e-05,0.3250000000000035,-0.000945702
40,0.3000000000000036,4.6673460000000004e-05,0.3000000000000036,-0.0011332313333333333
41,0.2750000000000037,2.896620666666667e-05,0.2750000000000037,-0.0013278686666666666
42,0.2500000000000038,1.558806e-05,0.2500000000000038,-0.0015321226666666667
43,0.22500000000000386,6.811553333333333e-06,0.22500000000000386,-0.0017457646666666669
44,0.20000000000000395,8.3991e-07,0.20000000000000395,-0.001976814
45,0.17500000000000404,-4.7125326666666665e-06,0.17500000000000404,-0.0022211633333333335
46,0.15000000000000413,-6.997493333333333e-06,0.15000000000000413,-0.002478572666666667
47,0.12500000000000422,-5.5811626666666665e-06,0.12500000000000422,-0.0027514440000000005
48,0.10000000000000431,-8.827433333333333e-06,0.10000000000000431,-0.003039586666666667
49,0.0750000000000044,-1.035586e-05,0.0750000000000044,-0.0033432553333333334
50,0.050000000000004485,-1.1329166666666666e-05,0.050000000000004485,-0.003659342
51,0.025000000000004574,-1.2001006666666667e-05,0.025000000000004574,-0.0039893333333333334
52,4.6629367034256575e-15,-1.2465133333333334e-05,4.6629367034256575e-15,-0.004334002666666666
53,-0.024999999999995248,-1.2834460000000001e-05,-0.024999999999995248,-0.0046894093333333334
54,-0.04999999999999516,-1.3108820000000002e-05,-0.04999999999999516,-0.005057388666666667
55,-0.07499999999999507,-1.3315280000000001e-05,-0.07499999999999507,-0.005435103333333333
56,-0.09999999999999498,-1.3478006666666666e-05,-0.09999999999999498,-0.0058215233333333335
57,-0.12499999999999489,-1.3525166666666667e-05,-0.12499999999999489,-0.006214290000000001
58,-0.1499999999999948,-1.3665720000000002e-05,-0.1499999999999948,-0.006613500666666667
59,-0.17499999999999472,-1.3745460000000001e-05,-0.17499999999999472,-0.0070004333333333335
60,-0.19999999999999463,-1.365708e-05,-0.19999999999999463,-0.007215706666666667
61,-0.22499999999999454,-1.3796606666666665e-05,-0.22499999999999454,-0.007622293333333333
62,-0.24999999999999445,-1.3871773333333334e-05,-0.24999999999999445,-0.008011233333333334
63,-0.27499999999999436,-1.3957559999999999e-05,-0.27499999999999436,-0.008397
