,X3_4R_V_D,X3_4R_J_D,X3_4R_V_L,X3_4R_J_L
0,1.3,1.7758726666666667e-05,1.3,0.0001490874
1,1.2750000000000001,1.3779160000000002e-05,1.2750000000000001,9.63644e-05
2,1.2500000000000002,1.1708166666666667e-05,1.2500000000000002,8.55458e-05
3,1.2250000000000003,1.0263500000000001e-05,1.2250000000000003,7.820666666666667e-05
4,1.2000000000000004,9.127993333333334e-06,1.2000000000000004,7.212573333333334e-05
5,1.1750000000000005,8.180413333333334e-06,1.1750000000000005,6.678453333333334e-05
6,1.1500000000000006,7.35976e-06,1.1500000000000006,6.201791333333333e-05
7,1.1250000000000007,6.895386666666667e-06,1.1250000000000007,5.706697333333334e-05
8,1.1000000000000008,5.903764666666667e-06,1.1000000000000008,5.294752e-05
9,1.0750000000000008,5.302908666666667e-06,1.0750000000000008,4.9096853333333335e-05
10,1.050000000000001,4.764432666666667e-06,1.050000000000001,4.547478666666667e-05
11,1.025000000000001,4.268341333333334e-06,1.025000000000001,4.2051213333333334e-05
12,1.000000000000001,3.8054833333333335e-06,1.000000000000001,3.881054e-05
13,0.9750000000000012,3.406274e-06,0.9750000000000012,3.5731840000000005e-05
14,0.9500000000000013,2.971412e-06,0.9500000000000013,3.280469333333334e-05
15,0.9250000000000014,2.588936e-06,0.9250000000000014,3.001154e-05
16,0.9000000000000015,2.23124e-06,0.9000000000000015,2.7335193333333336e-05
17,0.8750000000000016,1.8955146666666668e-06,0.8750000000000016,2.4755793333333335e-05
18,0.8500000000000016,1.5785193333333334e-06,0.8500000000000016,2.2239966666666667e-05
19,0.8250000000000017,1.283798e-06,0.8250000000000017,1.975898e-05
20,0.8000000000000018,1.0083060000000001e-06,0.8000000000000018,1.724472e-05
21,0.7750000000000019,7.532513333333334e-07,0.7750000000000019,1.4624153333333334e-05
22,0.750000000000002,5.174360000000001e-07,0.750000000000002,1.1813573333333334e-05
23,0.7250000000000021,3.0017386666666667e-07,0.7250000000000021,8.683726666666667e-06
24,0.7000000000000022,1.0306413333333333e-07,0.7000000000000022,6.105229333333334e-06
25,0.6750000000000023,-7.79866e-08,0.6750000000000023,1.0822620000000002e-06
26,0.6500000000000024,-2.476686666666667e-07,0.6500000000000024,-4.414252666666667e-06
27,0.6250000000000024,-4.009698e-07,0.6250000000000024,-8.489446666666668e-06
28,0.6000000000000025,-5.413358000000001e-07,0.6000000000000025,-1.601930666666667e-05
29,0.5750000000000026,-6.742733333333334e-07,0.5750000000000026,-2.3933053333333334e-05
30,0.5500000000000027,-7.970966666666667e-07,0.5500000000000027,-3.291698e-05
31,0.5250000000000028,-9.101639999999999e-07,0.5250000000000028,-4.304190666666667e-05
32,0.5000000000000029,-1.0206426666666668e-06,0.5000000000000029,-5.422322e-05
33,0.475000000000003,-1.1227e-06,0.475000000000003,-6.735033333333334e-05
34,0.45000000000000306,-1.2189720000000002e-06,0.45000000000000306,-7.880746666666667e-05
35,0.42500000000000315,-1.3149533333333332e-06,0.42500000000000315,-9.507666666666668e-05
36,0.40000000000000324,-1.3825753333333334e-06,0.40000000000000324,-0.00011226173333333334
37,0.37500000000000333,-1.4883686666666667e-06,0.37500000000000333,-0.0001307214
38,0.3500000000000034,-1.569678e-06,0.3500000000000034,-0.00015065380000000002
39,0.3250000000000035,-1.6471093333333335e-06,0.3250000000000035,-0.00017198666666666667
40,0.3000000000000036,-1.7227566666666666e-06,0.3000000000000036,-0.00019479473333333335
41,0.2750000000000037,-1.7962239999999999e-06,0.2750000000000037,-0.00021911286666666667
42,0.2500000000000038,-1.86415e-06,0.2500000000000038,-0.0002451326666666667
43,0.22500000000000386,-1.803212e-06,0.22500000000000386,-0.0002720226666666667
44,0.20000000000000395,-1.9870186666666665e-06,0.20000000000000395,-0.00030115240000000003
45,0.17500000000000404,-2.0552073333333338e-06,0.17500000000000404,-0.0003316366
46,0.15000000000000413,-2.1208080000000003e-06,0.15000000000000413,-0.00036387473333333333
47,0.12500000000000422,-2.1843633333333334e-06,0.12500000000000422,-0.0003973858666666667
48,0.10000000000000431,-2.2454573333333338e-06,0.10000000000000431,-0.00043266786666666673
49,0.0750000000000044,-2.3096593333333336e-06,0.0750000000000044,-0.00046965900000000004
50,0.050000000000004485,-2.358005333333333e-06,0.050000000000004485,-0.0005085662666666667
51,0.025000000000004574,-2.4361553333333334e-06,0.025000000000004574,-0.0005492413333333333
52,4.6629367034256575e-15,-2.4783093333333332e-06,4.6629367034256575e-15,-0.0005919266000000001
53,-0.024999999999995248,-2.5630653333333333e-06,-0.024999999999995248,-0.0006364998666666667
54,-0.04999999999999516,-2.632602e-06,-0.04999999999999516,-0.0006835633333333334
55,-0.07499999999999507,-2.7019420000000002e-06,-0.07499999999999507,-0.0007171253333333334
56,-0.09999999999999498,-2.7744506666666664e-06,-0.09999999999999498,-0.00077233
57,-0.12499999999999489,-2.848544666666667e-06,-0.12499999999999489,-0.0008274806666666668
58,-0.1499999999999948,-2.922173333333333e-06,-0.1499999999999948,-0.0008853686666666666
59,-0.17499999999999472,-3.0001113333333335e-06,-0.17499999999999472,-0.0009459540000000002
60,-0.19999999999999463,-3.0368373333333334e-06,-0.19999999999999463,-0.0010093320000000002
61,-0.22499999999999454,-3.1435566666666666e-06,-0.22499999999999454,-0.0010768593333333335
62,-0.24999999999999445,-3.2213053333333335e-06,-0.24999999999999445,-0.0011483313333333334
63,-0.27499999999999436,-3.3026513333333334e-06,-0.27499999999999436,-0.0012229933333333333
