,X3_4R_V_D,X3_4R_J_D,X3_4R_V_L,X3_4R_J_L
0,1.3,0.002373684666666667,1.3,0.003611344666666667
1,1.2750000000000001,0.0023118213333333335,1.2750000000000001,0.0035010339999999997
2,1.2500000000000002,0.0022051813333333332,1.2500000000000002,0.0033433640000000006
3,1.2250000000000003,0.002085571333333333,1.2250000000000003,0.0031742786666666667
4,1.2000000000000004,0.001963458,1.2000000000000004,0.0030064406666666667
5,1.1750000000000005,0.0018431933333333333,1.1750000000000005,0.0028443193333333333
6,1.1500000000000006,0.0017266346666666666,1.1500000000000006,0.0026891453333333336
7,1.1250000000000007,0.001614896,1.1250000000000007,0.002541268
8,1.1000000000000008,0.0015085806666666666,1.1000000000000008,0.0024010073333333333
9,1.0750000000000008,0.0014069619999999999,1.0750000000000008,0.0022667633333333334
10,1.050000000000001,0.0013105133333333333,1.050000000000001,0.00213859
11,1.025000000000001,0.001219014,1.025000000000001,0.002015597333333333
12,1.000000000000001,0.0011324433333333333,1.000000000000001,0.0018986860000000001
13,0.9750000000000012,0.0010502713333333333,0.9750000000000012,0.0017859966666666667
14,0.9500000000000013,0.0009725673333333334,0.9500000000000013,0.0016776319999999999
15,0.9250000000000014,0.0008990613333333333,0.9250000000000014,0.0015726653333333334
16,0.9000000000000015,0.0008295666666666666,0.9000000000000015,0.00147266
17,0.8750000000000016,0.0007638933333333333,0.8750000000000016,0.001375242
18,0.8500000000000016,0.0007018453333333334,0.8500000000000016,0.0012806686666666667
19,0.8250000000000017,0.0006348103333333333,0.8250000000000017,0.0011891760000000001
20,0.8000000000000018,0.0005812364000000001,0.8000000000000018,0.0010999326666666666
21,0.7750000000000019,0.0005308783333333333,0.7750000000000019,0.0010129606666666668
22,0.750000000000002,0.00048314066666666665,0.750000000000002,0.0009275533333333334
23,0.7250000000000021,0.000438106,0.7250000000000021,0.0008439413333333333
24,0.7000000000000022,0.00039582313333333337,0.7000000000000022,0.000761944
25,0.6750000000000023,0.00035610433333333337,0.6750000000000023,0.0006809893333333334
26,0.6500000000000024,0.00031897053333333335,0.6500000000000024,0.0006043353333333334
27,0.6250000000000024,0.0002843586,0.6250000000000024,0.0005219602666666666
28,0.6000000000000025,0.0002521008,0.6000000000000025,0.0004445406666666667
29,0.5750000000000026,0.00022238633333333333,0.5750000000000026,0.00036789066666666664
30,0.5500000000000027,0.00019482226666666668,0.5500000000000027,0.00029208600000000005
31,0.5250000000000028,0.00016951453333333334,0.5250000000000028,0.00021695640000000003
32,0.5000000000000029,0.00014623566666666668,0.5000000000000029,0.0001425478
33,0.475000000000003,0.00012516720000000002,0.475000000000003,6.872366666666667e-05
34,0.45000000000000306,0.00010597720000000002,0.45000000000000306,-6.210958000000001e-07
35,0.42500000000000315,8.859180000000001e-05,0.42500000000000315,-7.55394e-05
36,0.40000000000000324,7.3024e-05,0.40000000000000324,-0.00015318166666666668
37,0.37500000000000333,5.7760520000000005e-05,0.37500000000000333,-0.00022962320000000002
38,0.3500000000000034,4.547083333333333e-05,0.3500000000000034,-0.0003082952
39,0.3250000000000035,3.504434e-05,0.3250000000000035,-0.00039124373333333334
40,0.3000000000000036,2.5962873333333334e-05,0.3000000000000036,-0.00047803680000000004
41,0.2750000000000037,1.812464e-05,0.2750000000000037,-0.0005724186666666667
42,0.2500000000000038,1.1519626666666666e-05,0.2500000000000038,-0.0006759013333333334
43,0.22500000000000386,6.545707333333334e-06,0.22500000000000386,-0.0008128860000000001
44,0.20000000000000395,1.9516400000000003e-06,0.20000000000000395,-0.0009360293333333334
45,0.17500000000000404,-1.3344833333333334e-06,0.17500000000000404,-0.0010805320000000002
46,0.15000000000000413,-3.8019546666666665e-06,0.15000000000000413,-0.0012445446666666667
47,0.12500000000000422,-5.633706666666667e-06,0.12500000000000422,-0.0014293033333333334
48,0.10000000000000431,-6.922086666666667e-06,0.10000000000000431,-0.0016376413333333334
49,0.0750000000000044,-5.372558666666666e-06,0.0750000000000044,-0.0018704386666666666
50,0.050000000000004485,-6.682373333333333e-06,0.050000000000004485,-0.00212863
51,0.025000000000004574,-7.46556e-06,0.025000000000004574,-0.00241215
52,4.6629367034256575e-15,-8.02224e-06,4.6629367034256575e-15,-0.0027216
53,-0.024999999999995248,-8.445133333333333e-06,-0.024999999999995248,-0.00305412
54,-0.04999999999999516,-8.766253333333334e-06,-0.04999999999999516,-0.0034095020000000005
55,-0.07499999999999507,-9.01222e-06,-0.07499999999999507,-0.0037860439999999997
56,-0.09999999999999498,-9.204973333333333e-06,-0.09999999999999498,-0.004182258666666667
57,-0.12499999999999489,-9.338506666666666e-06,-0.12499999999999489,-0.004596842666666667
58,-0.1499999999999948,-9.465293333333333e-06,-0.1499999999999948,-0.005028009333333334
59,-0.17499999999999472,-9.55858e-06,-0.17499999999999472,-0.005474362000000001
60,-0.19999999999999463,-9.55252e-06,-0.19999999999999463,-0.005936898666666667
61,-0.22499999999999454,-9.638146666666667e-06,-0.22499999999999454,-0.006412066
62,-0.24999999999999445,-9.685766666666666e-06,-0.24999999999999445,-0.006898526666666667
63,-0.27499999999999436,-9.72094e-06,-0.27499999999999436,-0.007472626666666668
