,X3_4F_V_D,X3_4F_J_D,X3_4F_V_L,X3_4F_J_L
0,-0.3,-4.217430666666667e-06,-0.3,-0.004917574
1,-0.27499999999999997,-2.738519333333333e-06,-0.27499999999999997,-0.0046449126666666665
2,-0.24999999999999994,-1.7657020000000001e-06,-0.24999999999999994,-0.004372654
3,-0.22499999999999992,-1.0119733333333332e-06,-0.22499999999999992,-0.004099408666666667
4,-0.1999999999999999,-4.6238820000000003e-07,-0.1999999999999999,-0.003830968666666667
5,-0.17499999999999988,9.51798e-08,-0.17499999999999988,-0.0035661506666666665
6,-0.14999999999999986,5.248477333333334e-07,-0.14999999999999986,-0.0033102733333333335
7,-0.12499999999999983,8.919779999999999e-07,-0.12499999999999983,-0.0030628353333333335
8,-0.09999999999999981,1.208362e-06,-0.09999999999999981,-0.002826558666666667
9,-0.07499999999999979,1.4849553333333333e-06,-0.07499999999999979,-0.002598994
10,-0.04999999999999977,1.7283966666666666e-06,-0.04999999999999977,-0.0023822033333333334
11,-0.024999999999999745,1.9429226666666665e-06,-0.024999999999999745,-0.0021745853333333333
12,2.7755575615628914e-16,2.127154e-06,2.7755575615628914e-16,-0.0019784213333333333
13,0.0250000000000003,2.3085273333333337e-06,0.0250000000000003,-0.0017922053333333334
14,0.05000000000000032,2.467152666666667e-06,0.05000000000000032,-0.0016161320000000002
15,0.07500000000000034,2.613176e-06,0.07500000000000034,-0.0014505673333333334
16,0.10000000000000037,2.7474613333333335e-06,0.10000000000000037,-0.0012948593333333334
17,0.1250000000000004,2.8728186666666666e-06,0.1250000000000004,-0.0011497166666666668
18,0.1500000000000004,2.9931866666666667e-06,0.1500000000000004,-0.0010142433333333333
19,0.17500000000000043,3.1071513333333333e-06,0.17500000000000043,-0.0008888213333333334
20,0.20000000000000046,3.21821e-06,0.20000000000000046,-0.0007728913333333333
21,0.22500000000000048,3.299528666666667e-06,0.22500000000000048,-0.0006640429333333334
22,0.2500000000000005,3.422482e-06,0.2500000000000005,-0.0005630670000000001
23,0.2750000000000005,3.5337773333333335e-06,0.2750000000000005,-0.00047607400000000005
24,0.30000000000000054,3.642936e-06,0.30000000000000054,-0.0003967554
25,0.32500000000000057,3.755864e-06,0.32500000000000057,-0.00032460240000000003
26,0.3500000000000006,3.869473333333333e-06,0.3500000000000006,-0.0002589245333333334
27,0.3750000000000006,3.988642666666667e-06,0.3750000000000006,-0.0001994688
28,0.40000000000000063,4.1130113333333335e-06,0.40000000000000063,-0.00014515693333333335
29,0.42500000000000066,4.244670666666667e-06,0.42500000000000066,-9.63274e-05
30,0.4500000000000007,4.390294e-06,0.4500000000000007,-5.253446e-05
31,0.4750000000000007,4.551632000000001e-06,0.4750000000000007,-9.0798e-06
32,0.5000000000000007,4.728312666666667e-06,0.5000000000000007,2.9778293333333337e-05
33,0.5250000000000008,4.953686e-06,0.5250000000000008,6.709546666666666e-05
34,0.5500000000000007,5.216787333333334e-06,0.5500000000000007,0.0001037892
35,0.5750000000000008,5.535368666666667e-06,0.5750000000000008,0.00014024680000000001
36,0.6000000000000008,5.925874e-06,0.6000000000000008,0.00017444053333333332
37,0.6250000000000009,6.420754666666667e-06,0.6250000000000009,0.00020928453333333335
38,0.6500000000000008,6.972173333333334e-06,0.6500000000000008,0.00024509693333333335
39,0.6750000000000009,7.449193333333333e-06,0.6750000000000009,0.0002819306666666667
40,0.7000000000000008,8.838786666666667e-06,0.7000000000000008,0.00032040673333333337
41,0.7250000000000008,1.0094546666666667e-05,0.7250000000000008,0.0003605838
42,0.7500000000000009,1.153726e-05,0.7500000000000009,0.00040300853333333334
43,0.775000000000001,1.3233773333333335e-05,0.775000000000001,0.000447595
44,0.8000000000000009,1.5239393333333334e-05,0.8000000000000009,0.0004947059333333334
45,0.8250000000000008,1.761008e-05,0.8250000000000008,0.0005444189333333333
46,0.850000000000001,2.041020666666667e-05,0.850000000000001,0.0005970636
47,0.8750000000000011,2.3715666666666667e-05,0.8750000000000011,0.0006525839333333333
48,0.900000000000001,2.7605100000000004e-05,0.900000000000001,0.0007238486666666667
49,0.9250000000000009,3.218687333333334e-05,0.9250000000000009,0.000783996
50,0.9500000000000011,3.756029333333334e-05,0.9500000000000011,0.0008468526666666667
51,0.9750000000000012,4.385832666666667e-05,0.9750000000000012,0.0009141606666666668
52,1.000000000000001,5.123163333333333e-05,1.000000000000001,0.0009857993333333335
53,1.025000000000001,5.985022666666667e-05,1.025000000000001,0.001061628
54,1.0500000000000012,8.097740000000001e-05,1.0500000000000012,0.0011416253333333332
55,1.0750000000000013,9.295246666666667e-05,1.0750000000000013,0.001225914
56,1.1000000000000012,0.00010675926666666667,1.1000000000000012,0.0013140013333333333
57,1.125000000000001,0.0001229582,1.125000000000001,0.0014071393333333333
58,1.1500000000000012,0.0001418908,1.1500000000000012,0.001505128
59,1.1750000000000014,0.00016391506666666667,1.1750000000000014,0.00160815
60,1.2000000000000013,0.00018947013333333335,1.2000000000000013,0.0017164726666666669
61,1.2250000000000012,0.0002189434666666667,1.2250000000000012,0.001831194
62,1.2500000000000013,0.0002532498,1.2500000000000013,0.001952648
63,1.2750000000000015,0.000293068,1.2750000000000015,0.0020815433333333335
