,X3_4F_V_D,X3_4F_J_D,X3_4F_V_L,X3_4F_J_L
0,-0.3,-1.7797633333333335e-06,-0.3,-0.0012892826666666666
1,-0.27499999999999997,-9.270140000000002e-07,-0.27499999999999997,-0.0011318673333333333
2,-0.24999999999999994,-5.460485333333334e-07,-0.24999999999999994,-0.0010185806666666666
3,-0.22499999999999992,-2.798732e-07,-0.22499999999999992,-0.000924704
4,-0.1999999999999999,-1.27581e-07,-0.1999999999999999,-0.00084301
5,-0.17499999999999988,8.28582e-08,-0.17499999999999988,-0.0007692346666666667
6,-0.14999999999999986,2.171498666666667e-07,-0.14999999999999986,-0.0007025346666666666
7,-0.12499999999999983,3.3104733333333336e-07,-0.12499999999999983,-0.0006416063333333333
8,-0.09999999999999981,4.2760573333333333e-07,-0.09999999999999981,-0.0005817045333333334
9,-0.07499999999999979,5.107214000000001e-07,-0.07499999999999979,-0.0005292614666666666
10,-0.04999999999999977,5.858195333333334e-07,-0.04999999999999977,-0.00048057026666666666
11,-0.024999999999999745,6.520678e-07,-0.024999999999999745,-0.0004354464
12,2.7755575615628914e-16,6.730526666666667e-07,2.7755575615628914e-16,-0.00039351686666666666
13,0.0250000000000003,7.63288e-07,0.0250000000000003,-0.000354447
14,0.05000000000000032,8.17784e-07,0.05000000000000032,-0.0003181448666666667
15,0.07500000000000034,8.675353333333333e-07,0.07500000000000034,-0.00028432953333333333
16,0.10000000000000037,9.15134e-07,0.10000000000000037,-0.00025324153333333336
17,0.1250000000000004,9.612473333333334e-07,0.1250000000000004,-0.00022443526666666666
18,0.1500000000000004,1.005562e-06,0.1500000000000004,-0.00019792586666666668
19,0.17500000000000043,1.0507033333333334e-06,0.17500000000000043,-0.0001733302
20,0.20000000000000046,1.095066e-06,0.20000000000000046,-0.00015116753333333335
21,0.22500000000000048,1.124354e-06,0.22500000000000048,-0.00013072366666666668
22,0.2500000000000005,1.179724e-06,0.2500000000000005,-0.0001122876
23,0.2750000000000005,1.227108e-06,0.2750000000000005,-9.55e-05
24,0.30000000000000054,1.2724473333333335e-06,0.30000000000000054,-8.041526666666668e-05
25,0.32500000000000057,1.3191406666666667e-06,0.32500000000000057,-6.6847e-05
26,0.3500000000000006,1.3674233333333334e-06,0.3500000000000006,-5.664731333333334e-05
27,0.3750000000000006,1.415696e-06,0.3750000000000006,-4.4860260000000005e-05
28,0.40000000000000063,1.4646106666666669e-06,0.40000000000000063,-3.502337333333334e-05
29,0.42500000000000066,1.5141586666666668e-06,0.42500000000000066,-2.6358513333333334e-05
30,0.4500000000000007,1.5650993333333334e-06,0.4500000000000007,-1.8751746666666667e-05
31,0.4750000000000007,1.616898e-06,0.4750000000000007,-1.2084073333333333e-05
32,0.5000000000000007,1.6698513333333336e-06,0.5000000000000007,-8.89168e-06
33,0.5250000000000008,1.7227753333333333e-06,0.5250000000000008,-3.978992e-06
34,0.5500000000000007,1.7785093333333332e-06,0.5500000000000007,1.3214326666666669e-06
35,0.5750000000000008,1.8344373333333335e-06,0.5750000000000008,5.561879333333333e-06
36,0.6000000000000008,1.89008e-06,0.6000000000000008,7.55324e-06
37,0.6250000000000009,1.9487233333333336e-06,0.6250000000000009,1.127168e-05
38,0.6500000000000008,2.0076786666666668e-06,0.6500000000000008,1.4135866666666666e-05
39,0.6750000000000009,2.067776666666667e-06,0.6750000000000009,1.669522e-05
40,0.7000000000000008,2.1284786666666665e-06,0.7000000000000008,1.9058173333333336e-05
41,0.7250000000000008,2.193084e-06,0.7250000000000008,2.1327993333333334e-05
42,0.7500000000000009,2.2614293333333334e-06,0.7500000000000009,2.355862666666667e-05
43,0.775000000000001,2.3329893333333334e-06,0.775000000000001,2.574276e-05
44,0.8000000000000009,2.409748e-06,0.8000000000000009,2.808574666666667e-05
45,0.8250000000000008,2.493752e-06,0.8250000000000008,3.046262666666667e-05
46,0.850000000000001,2.5824773333333334e-06,0.850000000000001,3.2941993333333335e-05
47,0.8750000000000011,2.6762926666666666e-06,0.8750000000000011,3.5537706666666666e-05
48,0.900000000000001,2.7770026666666666e-06,0.900000000000001,3.8265733333333335e-05
49,0.9250000000000009,2.8827773333333333e-06,0.9250000000000009,4.114385333333334e-05
50,0.9500000000000011,2.9936333333333334e-06,0.9500000000000011,4.418554666666667e-05
51,0.9750000000000012,3.0777806666666665e-06,0.9750000000000012,4.7401906666666674e-05
52,1.000000000000001,3.2336706666666668e-06,1.000000000000001,5.081083333333334e-05
53,1.025000000000001,3.369032666666667e-06,1.025000000000001,5.442624666666666e-05
54,1.0500000000000012,3.512432e-06,1.0500000000000012,5.82796e-05
55,1.0750000000000013,3.6667686666666673e-06,1.0750000000000013,6.239734e-05
56,1.1000000000000012,3.833052e-06,1.1000000000000012,6.689220000000001e-05
57,1.125000000000001,4.015976666666667e-06,1.125000000000001,7.072273333333334e-05
58,1.1500000000000012,4.215806666666667e-06,1.1500000000000012,7.62782e-05
59,1.1750000000000014,4.435266e-06,1.1750000000000014,8.160913333333334e-05
60,1.2000000000000013,4.678574666666667e-06,1.2000000000000013,8.730620000000001e-05
61,1.2250000000000012,4.9509106666666664e-06,1.2250000000000012,9.34006e-05
62,1.2500000000000013,5.254658666666667e-06,1.2500000000000013,9.994540000000001e-05
63,1.2750000000000015,5.600034666666667e-06,1.2750000000000015,0.00010700819999999999
