,X3_4F_V_D,X3_4F_J_D,X3_4F_V_L,X3_4F_J_L
0,-0.3,-2.0606153333333336e-06,-0.3,-0.0011478653333333335
1,-0.27499999999999997,-1.0522573333333333e-06,-0.27499999999999997,-0.0010187993333333335
2,-0.24999999999999994,-6.023758e-07,-0.24999999999999994,-0.0009246006666666667
3,-0.22499999999999992,-2.914776e-07,-0.22499999999999992,-0.0008452586666666666
4,-0.1999999999999999,-1.1505793333333333e-07,-0.1999999999999999,-0.0007750053333333333
5,-0.17499999999999988,1.3337046666666666e-07,-0.17499999999999988,-0.000710948
6,-0.14999999999999986,2.9268160000000003e-07,-0.14999999999999986,-0.0006520748666666667
7,-0.12499999999999983,4.2535653333333337e-07,-0.12499999999999983,-0.0005943128
8,-0.09999999999999981,5.384304000000001e-07,-0.09999999999999981,-0.0005440598
9,-0.07499999999999979,6.368586000000001e-07,-0.07499999999999979,-0.0004971719333333334
10,-0.04999999999999977,7.23456e-07,-0.04999999999999977,-0.00045340286666666665
11,-0.024999999999999745,7.994246666666666e-07,-0.024999999999999745,-0.00041233766666666673
12,2.7755575615628914e-16,8.597726666666667e-07,2.7755575615628914e-16,-0.000374047
13,0.0250000000000003,9.338866666666667e-07,0.0250000000000003,-0.0003380884
14,0.05000000000000032,9.930426666666666e-07,0.05000000000000032,-0.0003045442666666667
15,0.07500000000000034,1.05056e-06,0.07500000000000034,-0.00027341253333333334
16,0.10000000000000037,1.1044813333333332e-06,0.10000000000000037,-0.0002441912
17,0.1250000000000004,1.1561946666666668e-06,0.1250000000000004,-0.00021744933333333333
18,0.1500000000000004,1.203818e-06,0.1500000000000004,-0.00019258086666666666
19,0.17500000000000043,1.2583886666666667e-06,0.17500000000000043,-0.00016972120000000002
20,0.20000000000000046,1.3078806666666668e-06,0.20000000000000046,-0.00014853626666666667
21,0.22500000000000048,1.339706e-06,0.22500000000000048,-0.00012938366666666667
22,0.2500000000000005,1.4048086666666668e-06,0.2500000000000005,-0.00011192799999999999
23,0.2750000000000005,1.457594e-06,0.2750000000000005,-9.60368e-05
24,0.30000000000000054,1.507922e-06,0.30000000000000054,-8.17156e-05
25,0.32500000000000057,1.562606e-06,0.32500000000000057,-6.875626666666667e-05
26,0.3500000000000006,1.6159966666666666e-06,0.3500000000000006,-5.9281853333333334e-05
27,0.3750000000000006,1.6692426666666668e-06,0.3750000000000006,-4.7934353333333334e-05
28,0.40000000000000063,1.7258113333333335e-06,0.40000000000000063,-3.844952e-05
29,0.42500000000000066,1.7818813333333333e-06,0.42500000000000066,-3.007648666666667e-05
30,0.4500000000000007,1.8392853333333335e-06,0.4500000000000007,-2.2675333333333333e-05
31,0.4750000000000007,1.8975513333333333e-06,0.4750000000000007,-1.6161073333333333e-05
32,0.5000000000000007,1.9568593333333333e-06,0.5000000000000007,-1.044204e-05
33,0.5250000000000008,2.018268666666667e-06,0.5250000000000008,-8.475133333333335e-06
34,0.5500000000000007,2.0806293333333333e-06,0.5500000000000007,-4.31686e-06
35,0.5750000000000008,2.144336e-06,0.5750000000000008,4.239682666666667e-07
36,0.6000000000000008,2.209398e-06,0.6000000000000008,4.275469333333333e-06
37,0.6250000000000009,2.275399333333333e-06,0.6250000000000009,6.999373333333334e-06
38,0.6500000000000008,2.3419213333333335e-06,0.6500000000000008,8.201533333333334e-06
39,0.6750000000000009,2.4123200000000003e-06,0.6750000000000009,1.1175686666666667e-05
40,0.7000000000000008,2.4824453333333335e-06,0.7000000000000008,1.3384653333333332e-05
41,0.7250000000000008,2.556228666666667e-06,0.7250000000000008,1.538234e-05
42,0.7500000000000009,2.6363980000000002e-06,0.7500000000000009,1.7251666666666666e-05
43,0.775000000000001,2.719908666666667e-06,0.775000000000001,1.905992e-05
44,0.8000000000000009,2.8094566666666667e-06,0.8000000000000009,2.0861566666666667e-05
45,0.8250000000000008,2.9059493333333334e-06,0.8250000000000008,2.2689333333333333e-05
46,0.850000000000001,2.9898153333333335e-06,0.850000000000001,2.457174666666667e-05
47,0.8750000000000011,3.1171320000000002e-06,0.8750000000000011,2.652694666666667e-05
48,0.900000000000001,3.2359140000000006e-06,0.900000000000001,2.8574973333333333e-05
49,0.9250000000000009,3.3606960000000006e-06,0.9250000000000009,3.0723580000000004e-05
50,0.9500000000000011,3.491081333333333e-06,0.9500000000000011,3.299014666666667e-05
51,0.9750000000000012,3.6334526666666667e-06,0.9750000000000012,3.5386200000000004e-05
52,1.000000000000001,3.7830293333333338e-06,1.000000000000001,3.7923973333333334e-05
53,1.025000000000001,3.942886666666667e-06,1.025000000000001,4.060976e-05
54,1.0500000000000012,4.11526e-06,1.0500000000000012,4.346327333333334e-05
55,1.0750000000000013,4.301996666666667e-06,1.0750000000000013,4.6505020000000004e-05
56,1.1000000000000012,4.503565333333334e-06,1.1000000000000012,4.973028666666667e-05
57,1.125000000000001,4.7271653333333335e-06,1.125000000000001,5.319459333333333e-05
58,1.1500000000000012,4.970559333333334e-06,1.1500000000000012,5.6904133333333336e-05
59,1.1750000000000014,5.2430780000000005e-06,1.1750000000000014,6.088808e-05
60,1.2000000000000013,5.5458e-06,1.2000000000000013,6.520408666666666e-05
61,1.2250000000000012,5.887676e-06,1.2250000000000012,6.976233333333333e-05
62,1.2500000000000013,6.301327333333334e-06,1.2500000000000013,7.428793333333334e-05
63,1.2750000000000015,6.772200000000001e-06,1.2750000000000015,8.00954e-05
