,X3_4F_V_D,X3_4F_J_D,X3_4F_V_L,X3_4F_J_L
0,-0.3,-9.73676e-06,-0.3,-0.0103823
1,-0.27499999999999997,-5.1922579999999995e-06,-0.27499999999999997,-0.00995722
2,-0.24999999999999994,-3.1094973333333333e-06,-0.24999999999999994,-0.00946234
3,-0.22499999999999992,-1.6846506666666667e-06,-0.22499999999999992,-0.008944726666666666
4,-0.1999999999999999,-6.170664000000001e-07,-0.1999999999999999,-0.008417813333333335
5,-0.17499999999999988,3.4361786666666664e-07,-0.17499999999999988,-0.00788932
6,-0.14999999999999986,1.1179673333333334e-06,-0.14999999999999986,-0.007365193333333333
7,-0.12499999999999983,1.777006e-06,-0.12499999999999983,-0.0068481133333333334
8,-0.09999999999999981,2.3486986666666667e-06,-0.09999999999999981,-0.006298060666666667
9,-0.07499999999999979,2.845564666666667e-06,-0.07499999999999979,-0.005811426666666667
10,-0.04999999999999977,3.2801680000000003e-06,-0.04999999999999977,-0.005337703333333333
11,-0.024999999999999745,3.6627233333333337e-06,-0.024999999999999745,-0.004878128666666667
12,2.7755575615628914e-16,3.987453333333333e-06,2.7755575615628914e-16,-0.004432588666666667
13,0.0250000000000003,4.298182666666667e-06,0.0250000000000003,-0.0040059553333333334
14,0.05000000000000032,4.570112666666667e-06,0.05000000000000032,-0.003598947333333334
15,0.07500000000000034,4.816393333333333e-06,0.07500000000000034,-0.00321236
16,0.10000000000000037,5.0494366666666676e-06,0.10000000000000037,-0.002847076666666667
17,0.1250000000000004,5.2706653333333334e-06,0.1250000000000004,-0.0025038973333333333
18,0.1500000000000004,5.464202666666667e-06,0.1500000000000004,-0.002183388
19,0.17500000000000043,5.6966240000000005e-06,0.17500000000000043,-0.0018860013333333334
20,0.20000000000000046,5.92771e-06,0.20000000000000046,-0.0016116253333333334
21,0.22500000000000048,6.123351333333334e-06,0.22500000000000048,-0.0013590073333333333
22,0.2500000000000005,6.425592e-06,0.2500000000000005,-0.0011294660000000002
23,0.2750000000000005,6.742273333333334e-06,0.2750000000000005,-0.0009200086666666667
24,0.30000000000000054,6.9840533333333335e-06,0.30000000000000054,-0.0007304340000000001
25,0.32500000000000057,6.9992666666666675e-06,0.32500000000000057,-0.0005430859333333334
26,0.3500000000000006,6.137867333333333e-06,0.3500000000000006,-0.0003887328666666667
27,0.3750000000000006,7.75448e-06,0.3750000000000006,-0.00024438433333333337
28,0.40000000000000063,9.153113333333334e-06,0.40000000000000063,-0.00010738266666666668
29,0.42500000000000066,1.0738466666666667e-05,0.42500000000000066,3.421984666666667e-05
30,0.4500000000000007,1.2657753333333334e-05,0.4500000000000007,0.00016930753333333336
31,0.4750000000000007,1.5041820000000002e-05,0.4750000000000007,0.00028910426666666666
32,0.5000000000000007,1.8031493333333332e-05,0.5000000000000007,0.0004126124
33,0.5250000000000008,2.1780113333333334e-05,0.5250000000000008,0.0005390320666666667
34,0.5500000000000007,2.6455080000000002e-05,0.5500000000000007,0.00066881
35,0.5750000000000008,3.22493e-05,0.5750000000000008,0.0008222073333333333
36,0.6000000000000008,3.938754666666667e-05,0.6000000000000008,0.0009522353333333334
37,0.6250000000000009,4.8114033333333334e-05,0.6250000000000009,0.001093364
38,0.6500000000000008,5.872768000000001e-05,0.6500000000000008,0.0012426853333333335
39,0.6750000000000009,8.363273333333334e-05,0.6750000000000009,0.001399442
40,0.7000000000000008,9.925113333333334e-05,0.7000000000000008,0.0015629893333333335
41,0.7250000000000008,0.000117687,0.7250000000000008,0.0017342453333333335
42,0.7500000000000009,0.00013964286666666667,0.7500000000000009,0.0019131013333333333
43,0.775000000000001,0.00016555493333333336,0.775000000000001,0.0020997293333333334
44,0.8000000000000009,0.00019598633333333334,0.8000000000000009,0.0022943113333333334
45,0.8250000000000008,0.00023140453333333333,0.8250000000000008,0.002496788666666667
46,0.850000000000001,0.00027246506666666665,0.850000000000001,0.002707426666666667
47,0.8750000000000011,0.00031951893333333333,0.8750000000000011,0.0029260913333333336
48,0.900000000000001,0.00037376473333333336,0.900000000000001,0.0031524173333333334
49,0.9250000000000009,0.0004357779333333334,0.9250000000000009,0.0033868153333333336
50,0.9500000000000011,0.0005062455333333333,0.9500000000000011,0.00362909
51,0.9750000000000012,0.0005854427333333333,0.9750000000000012,0.003879374
52,1.000000000000001,0.000752438,1.000000000000001,0.004137561333333334
53,1.025000000000001,0.0008395540000000001,1.025000000000001,0.00440401
54,1.0500000000000012,0.0009447853333333333,1.0500000000000012,0.004678562666666667
55,1.0750000000000013,0.0010672293333333334,1.0750000000000013,0.0049614713333333334
56,1.1000000000000012,0.0012057226666666667,1.1000000000000012,0.005252494
57,1.125000000000001,0.001362002,1.125000000000001,0.005553736
58,1.1500000000000012,0.0015347826666666667,1.1500000000000012,0.0058648066666666665
59,1.1750000000000014,0.0017288093333333334,1.1750000000000014,0.006186418
60,1.2000000000000013,0.0019443433333333332,1.2000000000000013,0.006519820000000001
61,1.2250000000000012,0.0021829500000000003,1.2250000000000012,0.006865593333333334
62,1.2500000000000013,0.002445976,1.2500000000000013,0.007229706666666666
63,1.2750000000000015,0.002736702,1.2750000000000015,0.007575360000000001
