,X3_4R_V_D,X3_4R_J_D,X3_4R_V_L,X3_4R_J_L
0,1.3,1.7846806666666666e-05,1.3,0.0001478994
1,1.2750000000000001,1.390258e-05,1.2750000000000001,9.94034e-05
2,1.2500000000000002,1.183402e-05,1.2500000000000002,8.865846666666667e-05
3,1.2250000000000003,1.0389373333333333e-05,1.2250000000000003,8.119593333333333e-05
4,1.2000000000000004,9.254693333333334e-06,1.2000000000000004,7.493353333333333e-05
5,1.1750000000000005,8.305366666666667e-06,1.1750000000000005,6.948253333333334e-05
6,1.1500000000000006,7.481973333333333e-06,1.1500000000000006,6.455945333333333e-05
7,1.1250000000000007,6.745426666666666e-06,1.1250000000000007,5.9434633333333335e-05
8,1.1000000000000008,6.3980146666666675e-06,1.1000000000000008,5.515934e-05
9,1.0750000000000008,5.443274666666667e-06,1.0750000000000008,5.116069333333333e-05
10,1.050000000000001,4.877551333333334e-06,1.050000000000001,4.739428666666667e-05
11,1.025000000000001,4.368798666666667e-06,1.025000000000001,4.3838886666666666e-05
12,1.000000000000001,3.900798e-06,1.000000000000001,4.0461593333333336e-05
13,0.9750000000000012,3.460194e-06,0.9750000000000012,3.726416e-05
14,0.9500000000000013,3.1071853333333334e-06,0.9500000000000013,3.4219526666666664e-05
15,0.9250000000000014,2.6639473333333334e-06,0.9250000000000014,3.1316120000000005e-05
16,0.9000000000000015,2.301582e-06,0.9000000000000015,2.853568e-05
17,0.8750000000000016,1.9575526666666667e-06,0.8750000000000016,2.5853320000000003e-05
18,0.8500000000000016,1.6367000000000001e-06,0.8500000000000016,2.3247613333333333e-05
19,0.8250000000000017,1.3381573333333334e-06,0.8250000000000017,2.0666973333333333e-05
20,0.8000000000000018,1.0567186666666667e-06,0.8000000000000018,1.805923333333333e-05
21,0.7750000000000019,7.973606666666667e-07,0.7750000000000019,1.535284666666667e-05
22,0.750000000000002,5.57298e-07,0.750000000000002,1.2448460000000002e-05
23,0.7250000000000021,3.360148e-07,0.7250000000000021,9.234146666666667e-06
24,0.7000000000000022,1.36147e-07,0.7000000000000022,6.58074e-06
25,0.6750000000000023,-5.247621333333334e-08,0.6750000000000023,1.4560926666666666e-06
26,0.6500000000000024,-2.2291013333333336e-07,0.6500000000000024,-4.159492e-06
27,0.6250000000000024,-3.7747013333333336e-07,0.6250000000000024,-8.333746666666667e-06
28,0.6000000000000025,-5.242394666666667e-07,0.6000000000000025,-1.600128e-05
29,0.5750000000000026,-6.582723333333333e-07,0.5750000000000026,-2.3933620000000002e-05
30,0.5500000000000027,-7.832280000000001e-07,0.5500000000000027,-3.318711333333334e-05
31,0.5250000000000028,-9.005686666666667e-07,0.5250000000000028,-4.345172e-05
32,0.5000000000000029,-1.0083066666666668e-06,0.5000000000000029,-5.477562666666667e-05
33,0.475000000000003,-1.1154520000000001e-06,0.475000000000003,-6.805606666666667e-05
34,0.45000000000000306,-1.2140186666666667e-06,0.45000000000000306,-7.9652e-05
35,0.42500000000000315,-1.3081520000000002e-06,0.42500000000000315,-9.61332e-05
36,0.40000000000000324,-1.400226e-06,0.40000000000000324,-0.00011347473333333334
37,0.37500000000000333,-1.4865273333333333e-06,0.37500000000000333,-0.0001321752
38,0.3500000000000034,-1.5672986666666666e-06,0.3500000000000034,-0.00015223613333333334
39,0.3250000000000035,-1.6483866666666667e-06,0.3250000000000035,-0.0001738372
40,0.3000000000000036,-1.7222106666666668e-06,0.3000000000000036,-0.00019676893333333336
41,0.2750000000000037,-1.7948033333333334e-06,0.2750000000000037,-0.00022149326666666666
42,0.2500000000000038,-1.8669679999999998e-06,0.2500000000000038,-0.0002474184
43,0.22500000000000386,-1.8063726666666667e-06,0.22500000000000386,-0.0002746486
44,0.20000000000000395,-1.9883146666666667e-06,0.20000000000000395,-0.0003039660666666667
45,0.17500000000000404,-2.0577773333333336e-06,0.17500000000000404,-0.00033489280000000005
46,0.15000000000000413,-2.1232160000000003e-06,0.15000000000000413,-0.0003670744
47,0.12500000000000422,-2.187668666666667e-06,0.12500000000000422,-0.00040096353333333334
48,0.10000000000000431,-2.2513393333333335e-06,0.10000000000000431,-0.0004366214000000001
49,0.0750000000000044,-2.3141113333333332e-06,0.0750000000000044,-0.0004739291333333333
50,0.050000000000004485,-2.3769206666666665e-06,0.050000000000004485,-0.0005130541333333334
51,0.025000000000004574,-2.4443133333333333e-06,0.025000000000004574,-0.0005539609333333333
52,4.6629367034256575e-15,-2.486593333333333e-06,4.6629367034256575e-15,-0.0005971912666666667
53,-0.024999999999995248,-2.5705773333333336e-06,-0.024999999999995248,-0.0006421780666666666
54,-0.04999999999999516,-2.643470666666667e-06,-0.04999999999999516,-0.000689692
55,-0.07499999999999507,-2.71588e-06,-0.07499999999999507,-0.0007230953333333334
56,-0.09999999999999498,-2.7375080000000003e-06,-0.09999999999999498,-0.000778892
57,-0.12499999999999489,-2.8579066666666666e-06,-0.12499999999999489,-0.000834748
58,-0.1499999999999948,-2.9363873333333334e-06,-0.1499999999999948,-0.00089297
59,-0.17499999999999472,-3.0140333333333337e-06,-0.17499999999999472,-0.0009544286666666668
60,-0.19999999999999463,-3.0558626666666667e-06,-0.19999999999999463,-0.0010185433333333334
61,-0.22499999999999454,-3.1634626666666668e-06,-0.22499999999999454,-0.0010873566666666668
62,-0.24999999999999445,-3.2436993333333337e-06,-0.24999999999999445,-0.0011587846666666667
63,-0.27499999999999436,-3.3253413333333334e-06,-0.27499999999999436,-0.0012349573333333332
