,X3_4R_V_D,X3_4R_J_D,X3_4R_V_L,X3_4R_J_L
0,1.3,1.978272e-05,1.3,0.00017884186666666666
1,1.2750000000000001,1.5661633333333336e-05,1.2750000000000001,0.00011900013333333335
2,1.2500000000000002,1.3438673333333335e-05,1.2500000000000002,0.00010650786666666667
3,1.2250000000000003,1.1855213333333333e-05,1.2250000000000003,9.785586666666667e-05
4,1.2000000000000004,1.0590893333333335e-05,1.2000000000000004,9.06362e-05
5,1.1750000000000005,9.523873333333335e-06,1.1750000000000005,8.420253333333334e-05
6,1.1500000000000006,8.593606666666666e-06,1.1500000000000006,7.828953333333334e-05
7,1.1250000000000007,7.760486666666668e-06,1.1250000000000007,7.280633333333333e-05
8,1.1000000000000008,7.0121e-06,1.1000000000000008,6.769066666666668e-05
9,1.0750000000000008,6.6453140000000005e-06,1.0750000000000008,6.325894666666667e-05
10,1.050000000000001,5.657620666666667e-06,1.050000000000001,5.808774e-05
11,1.025000000000001,5.065839333333333e-06,1.025000000000001,5.37702e-05
12,1.000000000000001,4.529484666666667e-06,1.000000000000001,4.9728040000000005e-05
13,0.9750000000000012,4.055288e-06,0.9750000000000012,4.590444e-05
14,0.9500000000000013,3.573628e-06,0.9500000000000013,4.226952666666666e-05
15,0.9250000000000014,3.139794666666667e-06,0.9250000000000014,3.8807193333333334e-05
16,0.9000000000000015,2.736138e-06,0.9000000000000015,3.5503020000000004e-05
17,0.8750000000000016,2.3541333333333334e-06,0.8750000000000016,3.232708666666667e-05
18,0.8500000000000016,1.998118e-06,0.8500000000000016,2.9252153333333335e-05
19,0.8250000000000017,1.6676806666666667e-06,0.8250000000000017,2.6243400000000004e-05
20,0.8000000000000018,1.3572506666666667e-06,0.8000000000000018,2.3248633333333336e-05
21,0.7750000000000019,1.0711166666666667e-06,0.7750000000000019,2.019684e-05
22,0.750000000000002,8.0649e-07,0.750000000000002,1.699994666666667e-05
23,0.7250000000000021,5.633713333333334e-07,0.7250000000000021,1.3540993333333335e-05
24,0.7000000000000022,3.4252513333333336e-07,0.7000000000000022,9.705153333333334e-06
25,0.6750000000000023,1.36788e-07,0.6750000000000023,6.344536666666667e-06
26,0.6500000000000024,-5.098349333333334e-08,0.6500000000000024,2.4144920000000004e-07
27,0.6250000000000024,-1.8797166666666667e-07,0.6250000000000024,-6.130192666666666e-06
28,0.6000000000000025,-3.794888666666667e-07,0.6000000000000025,-1.14953e-05
29,0.5750000000000026,-5.27615e-07,0.5750000000000026,-2.039578e-05
30,0.5500000000000027,-6.645868e-07,0.5500000000000027,-2.9775293333333337e-05
31,0.5250000000000028,-7.910606666666667e-07,0.5250000000000028,-4.0321193333333333e-05
32,0.5000000000000029,-9.133893333333334e-07,0.5000000000000029,-5.203958000000001e-05
33,0.475000000000003,-1.0260693333333333e-06,0.475000000000003,-6.564151333333334e-05
34,0.45000000000000306,-1.1326713333333334e-06,0.45000000000000306,-7.778146666666667e-05
35,0.42500000000000315,-1.2365853333333333e-06,0.42500000000000315,-9.482973333333333e-05
36,0.40000000000000324,-1.3334153333333333e-06,0.40000000000000324,-0.00011279026666666668
37,0.37500000000000333,-1.4244106666666668e-06,0.37500000000000333,-0.00013238406666666667
38,0.3500000000000034,-1.5141506666666666e-06,0.3500000000000034,-0.0001532396
39,0.3250000000000035,-1.5974060000000001e-06,0.3250000000000035,-0.00017580400000000003
40,0.3000000000000036,-1.6757246666666666e-06,0.3000000000000036,-0.00019989820000000002
41,0.2750000000000037,-1.725038e-06,0.2750000000000037,-0.00022562346666666665
42,0.2500000000000038,-1.8280173333333335e-06,0.2500000000000038,-0.0002531116
43,0.22500000000000386,-1.7905233333333334e-06,0.22500000000000386,-0.00028186160000000005
44,0.20000000000000395,-1.9597560000000003e-06,0.20000000000000395,-0.00031285693333333334
45,0.17500000000000404,-2.032566e-06,0.17500000000000404,-0.00034530473333333335
46,0.15000000000000413,-2.1023053333333332e-06,0.15000000000000413,-0.0003796381333333334
47,0.12500000000000422,-2.1694580000000003e-06,0.12500000000000422,-0.00041567786666666675
48,0.10000000000000431,-2.235682666666667e-06,0.10000000000000431,-0.00045356566666666665
49,0.0750000000000044,-2.304054e-06,0.0750000000000044,-0.0004933519333333334
50,0.050000000000004485,-2.3722153333333337e-06,0.050000000000004485,-0.0005353996666666667
51,0.025000000000004574,-2.4388793333333332e-06,0.025000000000004574,-0.0005790821333333334
52,4.6629367034256575e-15,-2.5052373333333333e-06,4.6629367034256575e-15,-0.0006252026
53,-0.024999999999995248,-2.580404666666667e-06,-0.024999999999995248,-0.000673346
54,-0.04999999999999516,-2.6523093333333336e-06,-0.04999999999999516,-0.0007083473333333334
55,-0.07499999999999507,-2.7218513333333334e-06,-0.07499999999999507,-0.000765146
56,-0.09999999999999498,-2.803616666666667e-06,-0.09999999999999498,-0.000822142
57,-0.12499999999999489,-2.8795073333333337e-06,-0.12499999999999489,-0.0008822760000000001
58,-0.1499999999999948,-2.9590440000000003e-06,-0.1499999999999948,-0.0009448726666666667
59,-0.17499999999999472,-3.0384166666666667e-06,-0.17499999999999472,-0.001010964
60,-0.19999999999999463,-3.0901953333333337e-06,-0.19999999999999463,-0.001080224
61,-0.22499999999999454,-3.1920173333333335e-06,-0.22499999999999454,-0.0011538613333333333
62,-0.24999999999999445,-3.27289e-06,-0.24999999999999445,-0.0012318393333333334
63,-0.27499999999999436,-3.3537593333333335e-06,-0.27499999999999436,-0.0013142746666666668
