,X3_4F_V_D,X3_4F_J_D,X3_4F_V_L,X3_4F_J_L
0,-0.3,-4.627776e-06,-0.3,-0.006494868666666666
1,-0.27499999999999997,-3.0113126666666665e-06,-0.27499999999999997,-0.006191206666666667
2,-0.24999999999999994,-1.9374873333333335e-06,-0.24999999999999994,-0.005858157333333333
3,-0.22499999999999992,-1.1094053333333334e-06,-0.22499999999999992,-0.005512292
4,-0.1999999999999999,-4.87842e-07,-0.1999999999999999,-0.005165340666666667
5,-0.17499999999999988,1.0475353333333334e-07,-0.17499999999999988,-0.004820077333333333
6,-0.14999999999999986,5.750590666666667e-07,-0.14999999999999986,-0.004483440666666667
7,-0.12499999999999983,9.75852e-07,-0.12499999999999983,-0.004156144666666667
8,-0.09999999999999981,1.3232366666666667e-06,-0.09999999999999981,-0.0038401579999999998
9,-0.07499999999999979,1.6268913333333336e-06,-0.07499999999999979,-0.0035357733333333335
10,-0.04999999999999977,1.8949820000000002e-06,-0.04999999999999977,-0.003244092
11,-0.024999999999999745,2.1335026666666667e-06,-0.024999999999999745,-0.0029645446666666667
12,2.7755575615628914e-16,2.3375233333333336e-06,2.7755575615628914e-16,-0.0026988053333333335
13,0.0250000000000003,2.5380193333333335e-06,0.0250000000000003,-0.0024457973333333336
14,0.05000000000000032,2.7156200000000004e-06,0.05000000000000032,-0.0022062546666666667
15,0.07500000000000034,2.8780973333333333e-06,0.07500000000000034,-0.001979715333333333
16,0.10000000000000037,3.02891e-06,0.10000000000000037,-0.0017675826666666667
17,0.1250000000000004,3.1728946666666667e-06,0.1250000000000004,-0.0015683326666666667
18,0.1500000000000004,3.3103026666666666e-06,0.1500000000000004,-0.001382302
19,0.17500000000000043,3.4450173333333334e-06,0.17500000000000043,-0.0012097293333333335
20,0.20000000000000046,3.578410666666667e-06,0.20000000000000046,-0.001049968
21,0.22500000000000048,3.6807753333333335e-06,0.22500000000000048,-0.0009023480000000001
22,0.2500000000000005,3.8338493333333335e-06,0.2500000000000005,-0.0007682219999999999
23,0.2750000000000005,3.980597333333334e-06,0.2750000000000005,-0.0006388571333333334
24,0.30000000000000054,4.129299333333333e-06,0.30000000000000054,-0.0005258852
25,0.32500000000000057,4.290418666666667e-06,0.32500000000000057,-0.0004268793333333334
26,0.3500000000000006,4.460646e-06,0.3500000000000006,-0.00033622260000000005
27,0.3750000000000006,4.648480000000001e-06,0.3750000000000006,-0.0002529632
28,0.40000000000000063,4.855351333333333e-06,0.40000000000000063,-0.00017636233333333332
29,0.42500000000000066,5.088732666666666e-06,0.42500000000000066,-0.0001056742
30,0.4500000000000007,5.359068e-06,0.4500000000000007,-3.6284940000000005e-05
31,0.4750000000000007,5.674316666666667e-06,0.4750000000000007,2.708464666666667e-05
32,0.5000000000000007,6.022114e-06,0.5000000000000007,9.292553333333333e-05
33,0.5250000000000008,6.527578666666667e-06,0.5250000000000008,0.00015063213333333335
34,0.5500000000000007,6.999273333333334e-06,0.5500000000000007,0.0002059982
35,0.5750000000000008,7.297106666666667e-06,0.5750000000000008,0.00026190606666666666
36,0.6000000000000008,8.618786666666668e-06,0.6000000000000008,0.00031813293333333336
37,0.6250000000000009,9.824746666666668e-06,0.6250000000000009,0.00037588393333333334
38,0.6500000000000008,1.121148e-05,0.6500000000000008,0.0004356046666666667
39,0.6750000000000009,1.284254e-05,0.6750000000000009,0.0004976464
40,0.7000000000000008,1.4751213333333334e-05,0.7000000000000008,0.0005617262666666667
41,0.7250000000000008,1.7065753333333333e-05,0.7250000000000008,0.0006292146000000001
42,0.7500000000000009,1.977502e-05,0.7500000000000009,0.0007204466666666667
43,0.775000000000001,2.2976733333333333e-05,0.775000000000001,0.0007927013333333334
44,0.8000000000000009,2.674544666666667e-05,0.8000000000000009,0.0008683973333333333
45,0.8250000000000008,3.119108666666667e-05,0.8250000000000008,0.0009494953333333334
46,0.850000000000001,3.6417533333333335e-05,0.850000000000001,0.001035756
47,0.8750000000000011,4.2553386666666666e-05,0.8750000000000011,0.001126502
48,0.900000000000001,4.974106e-05,0.900000000000001,0.001222512
49,0.9250000000000009,5.814626000000001e-05,0.9250000000000009,0.0013234866666666668
50,0.9500000000000011,7.889693333333333e-05,0.9500000000000011,0.0014292293333333333
51,0.9750000000000012,9.052433333333334e-05,0.9750000000000012,0.001540266
52,1.000000000000001,0.00010390813333333334,1.000000000000001,0.0016562993333333333
53,1.025000000000001,0.00011954580000000001,1.025000000000001,0.0017777813333333336
54,1.0500000000000012,0.00013784206666666668,1.0500000000000012,0.0019047686666666668
55,1.0750000000000013,0.00015905613333333334,1.0750000000000013,0.0020375553333333335
56,1.1000000000000012,0.000183591,1.1000000000000012,0.002176166
57,1.125000000000001,0.00021193353333333334,1.125000000000001,0.002321416
58,1.1500000000000012,0.0002446339333333333,1.1500000000000012,0.002473732666666667
59,1.1750000000000014,0.00028227913333333333,1.1750000000000014,0.0026333286666666666
60,1.2000000000000013,0.00032569053333333334,1.2000000000000013,0.002800585333333333
61,1.2250000000000012,0.0003756948666666667,1.2250000000000012,0.00297711
62,1.2500000000000013,0.0004332526666666667,1.2500000000000013,0.003163143333333334
63,1.2750000000000015,0.0004994662666666667,1.2750000000000015,0.003359664666666667
