,NiOx_D3_112023_7d_5F_V_D,NiOx_D3_112023_7d_5F_J_D,NiOx_D3_112023_7d_5F_V_L,NiOx_D3_112023_7d_5F_J_L
0,-0.25,-6.079004666666667e-05,-0.25,-0.020021493333333334
1,-0.225,-6.0586353333333334e-05,-0.225,-0.019913293333333335
2,-0.2,-6.052101333333333e-05,-0.2,-0.01985026
3,-0.17500000000000002,-6.043782666666668e-05,-0.17500000000000002,-0.01980388666666667
4,-0.15000000000000002,-6.0383213333333334e-05,-0.15000000000000002,-0.01976966
5,-0.12500000000000003,-6.033496666666667e-05,-0.12500000000000003,-0.01974182
6,-0.10000000000000003,-6.028166666666667e-05,-0.10000000000000003,-0.01971662
7,-0.07500000000000004,-6.022488666666667e-05,-0.07500000000000004,-0.01969344666666667
8,-0.050000000000000044,-6.016486e-05,-0.050000000000000044,-0.019671946666666665
9,-0.02500000000000005,-6.0099040000000005e-05,-0.02500000000000005,-0.019649160000000002
10,-5.551115123125783e-17,-6.004311333333334e-05,-5.551115123125783e-17,-0.019630066666666668
11,0.02499999999999991,-5.9948033333333336e-05,0.02499999999999991,-0.01960728
12,0.04999999999999993,-5.985595333333333e-05,0.04999999999999993,-0.01958618
13,0.07499999999999996,-5.974930000000001e-05,0.07499999999999996,-0.01956368
14,0.09999999999999992,-5.9624486666666666e-05,0.09999999999999992,-0.019538713333333336
15,0.12499999999999989,-5.947370666666667e-05,0.12499999999999989,-0.01950994666666667
16,0.1499999999999999,-5.929720666666666e-05,0.1499999999999999,-0.019482386666666667
17,0.17499999999999993,-5.908226e-05,0.17499999999999993,-0.019447873333333334
18,0.1999999999999999,-5.882830000000001e-05,0.1999999999999999,-0.019411286666666666
19,0.22499999999999987,-5.852930000000001e-05,0.22499999999999987,-0.019367346666666667
20,0.2499999999999999,-5.817520666666667e-05,0.2499999999999999,-0.019322846666666667
21,0.2749999999999999,-5.776005333333334e-05,0.2749999999999999,-0.019267913333333334
22,0.2999999999999998,-5.7278980000000004e-05,0.2999999999999998,-0.01920626
23,0.32499999999999984,-5.6721313333333334e-05,0.32499999999999984,-0.019133193333333333
24,0.34999999999999987,-5.6085786666666666e-05,0.34999999999999987,-0.01904826
25,0.3749999999999999,-5.535196666666666e-05,0.3749999999999999,-0.01895802
26,0.3999999999999999,-5.4519586666666674e-05,0.3999999999999999,-0.018851200000000002
27,0.4249999999999998,-5.356086666666667e-05,0.4249999999999998,-0.018730253333333332
28,0.44999999999999984,-5.247666666666667e-05,0.44999999999999984,-0.01859076
29,0.47499999999999987,-5.12436e-05,0.47499999999999987,-0.018447533333333335
30,0.4999999999999998,-4.9842633333333336e-05,0.4999999999999998,-0.0182889
31,0.5249999999999998,-4.8258466666666665e-05,0.5249999999999998,-0.01811486
32,0.5499999999999998,-4.647218666666667e-05,0.5499999999999998,-0.017931826666666668
33,0.5749999999999998,-4.44499e-05,0.5749999999999998,-0.017740886666666667
34,0.5999999999999999,-4.216778666666667e-05,0.5999999999999999,-0.01753668666666667
35,0.6249999999999998,-3.953793333333333e-05,0.6249999999999998,-0.017322226666666666
36,0.6499999999999998,-3.6492913333333336e-05,0.6499999999999998,-0.017101386666666666
37,0.6749999999999998,-3.2857713333333334e-05,0.6749999999999998,-0.01686926
38,0.6999999999999997,-2.8441533333333335e-05,0.6999999999999997,-0.016623233333333334
39,0.7249999999999998,-2.2834766666666667e-05,0.7249999999999998,-0.016360513333333333
40,0.7499999999999998,-1.546924e-05,0.7499999999999998,-0.0160744
41,0.7749999999999997,-1.2820133333333335e-05,0.7749999999999997,-0.015743766666666666
42,0.7999999999999998,-1.9479813333333333e-07,0.7999999999999998,-0.015411153333333335
43,0.8249999999999997,1.6826833333333333e-05,0.8249999999999997,-0.015027893333333332
44,0.8499999999999996,5.1631413333333334e-05,0.8499999999999996,-0.014578186666666668
45,0.8749999999999998,8.617313333333334e-05,0.8749999999999998,-0.014040453333333335
46,0.8999999999999997,0.00016264020000000002,0.8999999999999997,-0.013463706666666667
47,0.9249999999999998,0.0002702568666666667,0.9249999999999998,-0.012742433333333334
48,0.9499999999999997,0.00043351360000000005,0.9499999999999997,-0.011874220000000001
49,0.9749999999999996,0.0006814233333333334,0.9749999999999996,-0.01082546
50,0.9999999999999998,0.0010117493333333333,0.9999999999999998,-0.009523286666666667
51,1.0249999999999997,0.0016063366666666668,1.0249999999999997,-0.007930646666666666
52,1.0499999999999998,0.0024538453333333337,1.0499999999999998,-0.006568504666666667
53,1.0749999999999997,0.0036842273333333336,1.0749999999999997,-0.0036504253333333333
54,1.0999999999999996,0.005429806666666667,1.0999999999999996,-0.0012360046666666667
55,1.1249999999999998,0.007762093333333334,1.1249999999999998,0.0027268813333333336
56,1.1499999999999997,0.010898586666666668,1.1499999999999997,0.00699794
57,1.1749999999999996,0.014744140000000001,1.1749999999999996,0.01170964
58,1.1999999999999997,0.01932996666666667,1.1999999999999997,0.017279573333333333
59,1.2249999999999996,0.024602486666666666,1.2249999999999996,0.02328704666666667
