,NiOx_C3_112023_7d_6F_V_D,NiOx_C3_112023_7d_6F_J_D,NiOx_C3_112023_7d_6F_V_L,NiOx_C3_112023_7d_6F_J_L
0,-0.25,-5.803013333333334e-05,-0.25,-0.020286373333333333
1,-0.225,-5.816543333333333e-05,-0.225,-0.020011646666666667
2,-0.2,-5.847407333333333e-05,-0.2,-0.01988606
3,-0.17500000000000002,-5.8608526666666664e-05,-0.17500000000000002,-0.019796986666666665
4,-0.15000000000000002,-5.873959333333334e-05,-0.15000000000000002,-0.01973103333333333
5,-0.12500000000000003,-5.883026e-05,-0.12500000000000003,-0.019675806666666667
6,-0.10000000000000003,-5.888581333333334e-05,-0.10000000000000003,-0.019621626666666666
7,-0.07500000000000004,-5.8916420000000005e-05,-0.07500000000000004,-0.019582593333333332
8,-0.050000000000000044,-5.891569333333334e-05,-0.050000000000000044,-0.019543046666666668
9,-0.02500000000000005,-5.889332e-05,-0.02500000000000005,-0.01950216
10,-5.551115123125783e-17,-5.8885013333333335e-05,-5.551115123125783e-17,-0.019467473333333332
11,0.02499999999999991,-5.877969333333333e-05,0.02499999999999991,-0.019424793333333332
12,0.04999999999999993,-5.8692060000000004e-05,0.04999999999999993,-0.019385053333333332
13,0.07499999999999996,-5.858257333333333e-05,0.07499999999999996,-0.019349106666666668
14,0.09999999999999992,-5.845388666666667e-05,0.09999999999999992,-0.019308113333333335
15,0.12499999999999989,-5.8300346666666674e-05,0.12499999999999989,-0.019265833333333336
16,0.1499999999999999,-5.811735333333333e-05,0.1499999999999999,-0.019225973333333334
17,0.17499999999999993,-5.788920666666667e-05,0.17499999999999993,-0.019183206666666668
18,0.1999999999999999,-5.760799333333334e-05,0.1999999999999999,-0.019139053333333333
19,0.22499999999999987,-5.7261933333333335e-05,0.22499999999999987,-0.0190873
20,0.2499999999999999,-5.679516666666667e-05,0.2499999999999999,-0.019043013333333334
21,0.2749999999999999,-5.6197100000000004e-05,0.2749999999999999,-0.018989253333333334
22,0.2999999999999998,-5.543538666666667e-05,0.2999999999999998,-0.018926913333333333
23,0.32499999999999984,-5.4464046666666664e-05,0.32499999999999984,-0.01886216666666667
24,0.34999999999999987,-5.3250360000000005e-05,0.34999999999999987,-0.01878936
25,0.3749999999999999,-5.172658666666667e-05,0.3749999999999999,-0.018708313333333334
26,0.3999999999999999,-4.985302e-05,0.3999999999999999,-0.018618066666666665
27,0.4249999999999998,-4.755686e-05,0.4249999999999998,-0.018508633333333333
28,0.44999999999999984,-4.479879333333333e-05,0.44999999999999984,-0.018392053333333335
29,0.47499999999999987,-4.1502206666666667e-05,0.47499999999999987,-0.0182601
30,0.4999999999999998,-3.762343333333333e-05,0.4999999999999998,-0.018116793333333332
31,0.5249999999999998,-3.3100953333333335e-05,0.5249999999999998,-0.01795122
32,0.5499999999999998,-2.7917813333333334e-05,0.5499999999999998,-0.017762060000000003
33,0.5749999999999998,-2.198694e-05,0.5749999999999998,-0.017582840000000002
34,0.5999999999999999,-1.536976e-05,0.5999999999999999,-0.0173856
35,0.6249999999999998,-8.02746e-06,0.6249999999999998,-0.017177593333333335
36,0.6499999999999998,-4.256888666666667e-06,0.6499999999999998,-0.016977186666666668
37,0.6749999999999998,6.845786666666667e-06,0.6749999999999998,-0.016739300000000002
38,0.6999999999999997,1.1121693333333333e-05,0.6999999999999997,-0.01653032
39,0.7249999999999998,2.54686e-05,0.7249999999999998,-0.01632264
40,0.7499999999999998,3.758198666666667e-05,0.7499999999999998,-0.01611218666666667
41,0.7749999999999997,5.257919333333334e-05,0.7749999999999997,-0.01590341333333333
42,0.7999999999999998,6.999093333333335e-05,0.7999999999999998,-0.015695646666666667
43,0.8249999999999997,9.019380000000001e-05,0.8249999999999997,-0.015465780000000002
44,0.8499999999999996,0.00014201453333333335,0.8499999999999996,-0.01516686
45,0.8749999999999998,0.00021073160000000001,0.8749999999999998,-0.0147745
46,0.8999999999999997,0.00032567613333333336,0.8999999999999997,-0.014317853333333335
47,0.9249999999999998,0.0005153618666666667,0.9249999999999998,-0.013674906666666669
48,0.9499999999999997,0.0007573066666666667,0.9499999999999997,-0.012747693333333332
49,0.9749999999999996,0.0013220466666666666,0.9749999999999996,-0.0114751
50,0.9999999999999998,0.0021480040000000002,0.9999999999999998,-0.009781533333333333
51,1.0249999999999997,0.0034452960000000005,1.0249999999999997,-0.007402213333333333
52,1.0499999999999998,0.005441769333333333,1.0499999999999998,-0.005091096666666667
53,1.0749999999999997,0.008026846666666667,1.0749999999999997,-0.0011578373333333333
54,1.0999999999999996,0.012385900000000002,1.0999999999999996,0.005093518000000001
55,1.1249999999999998,0.017948213333333334,1.1249999999999998,0.01151454
56,1.1499999999999997,0.02494840666666667,1.1499999999999997,0.02015646
57,1.1749999999999996,0.033351820000000004,1.1749999999999996,0.0297193
58,1.1999999999999997,0.04310047333333333,1.1999999999999997,0.04038914666666667
59,1.2249999999999996,0.054037466666666666,1.2249999999999996,0.05205962
