,NiOx_65c_2d_2F_V_D,NiOx_65c_2d_2F_J_D,NiOx_65c_2d_2F_V_L,NiOx_65c_2d_2F_J_L
0,-0.25,-5.58415e-05,-0.25,-0.0183069
1,-0.225,-5.549737333333333e-05,-0.225,-0.018142573333333335
2,-0.2,-5.538664666666666e-05,-0.2,-0.0180578
3,-0.17500000000000002,-5.522188e-05,-0.17500000000000002,-0.01799054
4,-0.15000000000000002,-5.5111486666666664e-05,-0.15000000000000002,-0.01793788666666667
5,-0.12500000000000003,-5.500732666666667e-05,-0.12500000000000003,-0.01789146
6,-0.10000000000000003,-5.490580666666666e-05,-0.10000000000000003,-0.0178512
7,-0.07500000000000004,-5.480741333333333e-05,-0.07500000000000004,-0.017811146666666666
8,-0.050000000000000044,-5.470612e-05,-0.050000000000000044,-0.017773046666666667
9,-0.02500000000000005,-5.460076e-05,-0.02500000000000005,-0.017735966666666665
10,-5.551115123125783e-17,-5.450550000000001e-05,-5.551115123125783e-17,-0.017702313333333334
11,0.02499999999999991,-5.4390633333333334e-05,0.02499999999999991,-0.017659546666666668
12,0.04999999999999993,-5.4308766666666664e-05,0.04999999999999993,-0.017629600000000002
13,0.07499999999999996,-5.4169906666666674e-05,0.07499999999999996,-0.017598193333333335
14,0.09999999999999992,-5.405807333333333e-05,0.09999999999999992,-0.017562093333333334
15,0.12499999999999989,-5.394325333333333e-05,0.12499999999999989,-0.01752730666666667
16,0.1499999999999999,-5.3825733333333335e-05,0.1499999999999999,-0.017493833333333333
17,0.17499999999999993,-5.370440000000001e-05,0.17499999999999993,-0.01746334
18,0.1999999999999999,-5.357541333333334e-05,0.1999999999999999,-0.01742524
19,0.22499999999999987,-5.344879333333334e-05,0.22499999999999987,-0.017385460000000002
20,0.2499999999999999,-5.330160666666667e-05,0.2499999999999999,-0.017356299999999998
21,0.2749999999999999,-5.3146233333333336e-05,0.2749999999999999,-0.01731930666666667
22,0.2999999999999998,-5.297743333333334e-05,0.2999999999999998,-0.017284166666666666
23,0.32499999999999984,-5.2792853333333335e-05,0.32499999999999984,-0.017245206666666665
24,0.34999999999999987,-5.259644e-05,0.34999999999999987,-0.017200926666666668
25,0.3749999999999999,-5.236377333333333e-05,0.3749999999999999,-0.017166093333333337
26,0.3999999999999999,-5.210664e-05,0.3999999999999999,-0.017124700000000003
27,0.4249999999999998,-5.182484666666667e-05,0.4249999999999998,-0.017079026666666667
28,0.44999999999999984,-5.149714666666667e-05,0.44999999999999984,-0.017024506666666668
29,0.47499999999999987,-5.112245333333334e-05,0.47499999999999987,-0.016981673333333332
30,0.4999999999999998,-5.0705120000000005e-05,0.4999999999999998,-0.016928033333333335
31,0.5249999999999998,-5.023044e-05,0.5249999999999998,-0.01687168
32,0.5499999999999998,-4.967958666666667e-05,0.5499999999999998,-0.016805886666666665
33,0.5749999999999998,-4.904293333333333e-05,0.5749999999999998,-0.016735013333333337
34,0.5999999999999999,-4.8311460000000004e-05,0.5999999999999999,-0.0166583
35,0.6249999999999998,-4.7435913333333336e-05,0.6249999999999998,-0.016570513333333335
36,0.6499999999999998,-4.6383233333333333e-05,0.6499999999999998,-0.01646788
37,0.6749999999999998,-4.504186666666667e-05,0.6749999999999998,-0.016345420000000003
38,0.6999999999999997,-4.325312e-05,0.6999999999999997,-0.01623178
39,0.7249999999999998,-4.069908666666667e-05,0.7249999999999998,-0.01608560666666667
40,0.7499999999999998,-3.687012e-05,0.7499999999999998,-0.015912446666666667
41,0.7749999999999997,-3.0819960000000004e-05,0.7749999999999997,-0.015699933333333332
42,0.7999999999999998,-2.0865953333333334e-05,0.7999999999999998,-0.015474653333333335
43,0.8249999999999997,-7.6090466666666674e-06,0.8249999999999997,-0.015184613333333334
44,0.8499999999999996,2.5055853333333336e-05,0.8499999999999996,-0.014799993333333332
45,0.8749999999999998,7.014220000000001e-05,0.8749999999999998,-0.014294580000000001
46,0.8999999999999997,0.00017009173333333333,0.8999999999999997,-0.013637900000000001
47,0.9249999999999998,0.0003277704,0.9249999999999998,-0.01275888
48,0.9499999999999997,0.0005922608,0.9499999999999997,-0.011602726666666667
49,0.9749999999999996,0.0009518333333333333,0.9749999999999996,-0.010084253333333333
50,0.9999999999999998,0.001689964,0.9999999999999998,-0.008114973333333334
51,1.0249999999999997,0.0027160126666666666,1.0249999999999997,-0.006245822
52,1.0499999999999998,0.00422805,1.0499999999999998,-0.002605548666666667
53,1.0749999999999997,0.006349532000000001,1.0749999999999997,0.0012303306666666667
54,1.0999999999999996,0.009093673333333333,1.0999999999999996,0.0057232793333333335
55,1.1249999999999998,0.01293386,1.1249999999999998,0.01063118
56,1.1499999999999997,0.017515553333333333,1.1499999999999997,0.016699659999999998
57,1.1749999999999996,0.022872933333333335,1.1749999999999996,0.02317310666666667
58,1.1999999999999997,0.028969326666666666,1.1999999999999997,0.030182033333333334
59,1.2249999999999996,0.03569712666666667,1.2249999999999996,0.037664093333333336
