,F_S_A_102423_1R_V_D,F_S_A_102423_1R_J_D,F_S_A_102423_1R_V_L,F_S_A_102423_1R_J_L
0,1.25,0.015123146666666669,1.25,0.015248106666666667
1,1.225,0.012797686666666667,1.225,0.012535086666666667
2,1.2000000000000002,0.01061024,1.2000000000000002,0.009983353333333334
3,1.1750000000000003,0.008651006666666667,1.1750000000000003,0.007640066666666667
4,1.1500000000000004,0.00691428,1.1500000000000004,0.005484797333333334
5,1.1250000000000004,0.005403911333333333,1.1250000000000004,0.0034695673333333334
6,1.1000000000000005,0.004107062,1.1000000000000005,0.0015425133333333335
7,1.0750000000000006,0.0030137053333333334,1.0750000000000006,-0.0002622186666666667
8,1.0500000000000007,0.0021290806666666665,1.0500000000000007,-0.0020613413333333335
9,1.0250000000000008,0.00144864,1.0250000000000008,-0.003967190000000001
10,1.0000000000000009,0.0009523813333333333,1.0000000000000009,-0.005852151333333334
11,0.975000000000001,0.0006562306666666667,0.975000000000001,-0.007501253333333334
12,0.9500000000000011,0.00040069140000000003,0.9500000000000011,-0.009390373333333334
13,0.9250000000000012,0.00025480313333333337,0.9250000000000012,-0.011078973333333334
14,0.9000000000000012,0.00016198326666666665,0.9000000000000012,-0.012587993333333334
15,0.8750000000000013,9.893806666666667e-05,0.8750000000000013,-0.013887613333333335
16,0.8500000000000014,5.8345766666666666e-05,0.8500000000000014,-0.014979853333333334
17,0.8250000000000015,2.3417786666666666e-05,0.8250000000000015,-0.015864366666666668
18,0.8000000000000016,2.2837366666666667e-06,0.8000000000000016,-0.016575433333333334
19,0.7750000000000017,-1.4567253333333335e-05,0.7750000000000017,-0.0171346
20,0.7500000000000018,-2.5301013333333336e-05,0.7500000000000018,-0.017580506666666666
21,0.7250000000000019,-3.185622e-05,0.7250000000000019,-0.017936633333333337
22,0.700000000000002,-3.643334666666667e-05,0.700000000000002,-0.018221926666666666
23,0.675000000000002,-3.9916306666666665e-05,0.675000000000002,-0.018460913333333336
24,0.6500000000000021,-4.238066e-05,0.6500000000000021,-0.018665840000000003
25,0.6250000000000022,-4.422651333333333e-05,0.6250000000000022,-0.01882178
26,0.6000000000000023,-4.562582666666667e-05,0.6000000000000023,-0.018955153333333332
27,0.5750000000000024,-4.669974e-05,0.5750000000000024,-0.0190699
28,0.5500000000000025,-4.753094666666667e-05,0.5500000000000025,-0.019174260000000002
29,0.5250000000000026,-4.818442666666667e-05,0.5250000000000026,-0.019249113333333335
30,0.5000000000000027,-4.870652e-05,0.5000000000000027,-0.0193159
31,0.47500000000000275,-4.9125633333333336e-05,0.47500000000000275,-0.019380133333333334
32,0.45000000000000284,-4.9458833333333335e-05,0.45000000000000284,-0.019437493333333333
33,0.42500000000000293,-4.973694666666667e-05,0.42500000000000293,-0.019482886666666668
34,0.400000000000003,-4.9963586666666665e-05,0.400000000000003,-0.019524866666666668
35,0.3750000000000031,-5.015404666666667e-05,0.3750000000000031,-0.01956108
36,0.3500000000000032,-5.031658e-05,0.3500000000000032,-0.019598526666666668
37,0.3250000000000033,-5.046466e-05,0.3250000000000033,-0.01963196
38,0.3000000000000034,-5.0593633333333336e-05,0.3000000000000034,-0.019661133333333334
39,0.27500000000000346,-5.0706273333333335e-05,0.27500000000000346,-0.01968592666666667
40,0.25000000000000355,-5.0815233333333334e-05,0.25000000000000355,-0.019710980000000003
41,0.22500000000000364,-5.0864153333333335e-05,0.22500000000000364,-0.01972444
42,0.20000000000000373,-5.099428666666667e-05,0.20000000000000373,-0.019751793333333333
43,0.17500000000000382,-5.107737333333333e-05,0.17500000000000382,-0.019767886666666668
44,0.1500000000000039,-5.1152886666666664e-05,0.1500000000000039,-0.019787326666666667
45,0.125000000000004,-5.1224179999999995e-05,0.125000000000004,-0.019800726666666667
46,0.10000000000000409,-5.129586666666667e-05,0.10000000000000409,-0.01981578
47,0.07500000000000417,-5.1356099999999994e-05,0.07500000000000417,-0.019828619999999998
48,0.05000000000000426,-5.141263333333333e-05,0.05000000000000426,-0.019842013333333335
49,0.025000000000004352,-5.146959333333334e-05,0.025000000000004352,-0.019853073333333332
50,4.440892098500626e-15,-5.152177333333334e-05,4.440892098500626e-15,-0.01986721333333333
51,-0.02499999999999547,-5.1571400000000006e-05,-0.02499999999999547,-0.01987402666666667
52,-0.04999999999999538,-5.1621406666666676e-05,-0.04999999999999538,-0.01988618666666667
53,-0.07499999999999529,-5.1665546666666674e-05,-0.07499999999999529,-0.01989574666666667
54,-0.0999999999999952,-5.170917333333334e-05,-0.0999999999999952,-0.019908993333333336
55,-0.12499999999999512,-5.1750320000000006e-05,-0.12499999999999512,-0.019914706666666667
56,-0.14999999999999503,-5.179029333333334e-05,-0.14999999999999503,-0.01992388
57,-0.17499999999999494,-5.181307333333333e-05,-0.17499999999999494,-0.019930306666666668
58,-0.19999999999999485,-5.184188e-05,-0.19999999999999485,-0.0199351
59,-0.22499999999999476,-5.1897833333333337e-05,-0.22499999999999476,-0.019946886666666667
