,dummy_111123_1R_V_D,dummy_111123_1R_J_D,dummy_111123_1R_V_L,dummy_111123_1R_J_L
0,1.25,1.1691820000000001e-09,1.25,1.1722040000000002e-09
1,1.225,1.1708613333333333e-09,1.225,1.1789186666666668e-09
2,1.2000000000000002,1.151388e-09,1.2000000000000002,1.1534026666666667e-09
3,1.1750000000000003,1.1621320000000002e-09,1.1750000000000003,1.169518e-09
4,1.1500000000000004,1.1675033333333334e-09,1.1500000000000004,1.1651533333333333e-09
5,1.1250000000000004,1.17724e-09,1.1250000000000004,1.1762326666666667e-09
6,1.1000000000000005,1.1782473333333334e-09,1.1000000000000005,1.157096e-09
7,1.0750000000000006,1.154074e-09,1.0750000000000006,1.1554166666666666e-09
8,1.0500000000000007,1.1581026666666667e-09,1.0500000000000007,1.1738826666666666e-09
9,1.0250000000000008,1.154074e-09,1.0250000000000008,1.1476946666666666e-09
10,1.0000000000000009,1.1685106666666667e-09,1.0000000000000009,1.1611246666666668e-09
11,0.975000000000001,1.1769040000000002e-09,0.975000000000001,1.1826120000000001e-09
12,0.9500000000000011,1.156424e-09,0.9500000000000011,1.151388e-09
13,0.9250000000000012,1.151052e-09,0.9250000000000012,1.161796e-09
14,0.9000000000000012,1.1607886666666666e-09,0.9000000000000012,1.1362800000000001e-09
15,0.8750000000000013,1.1490373333333334e-09,0.8750000000000013,1.1668320000000002e-09
16,0.8500000000000014,1.1654893333333333e-09,0.8500000000000014,1.1611246666666668e-09
17,0.8250000000000015,1.1497093333333334e-09,0.8250000000000015,1.149374e-09
18,0.8000000000000016,1.1460160000000001e-09,0.8000000000000016,1.148702e-09
19,0.7750000000000017,1.156088e-09,0.7750000000000017,1.1584386666666667e-09
20,0.7500000000000018,1.1634746666666667e-09,0.7500000000000018,1.151388e-09
21,0.7250000000000019,1.1500453333333334e-09,0.7250000000000019,1.1883199999999999e-09
22,0.700000000000002,1.1473586666666668e-09,0.700000000000002,1.1581026666666667e-09
23,0.675000000000002,1.1523953333333333e-09,0.675000000000002,1.1591100000000001e-09
24,0.6500000000000021,1.167168e-09,0.6500000000000021,1.1607893333333333e-09
25,0.6250000000000022,1.171868e-09,0.6250000000000022,1.1520593333333335e-09
26,0.6000000000000023,1.1490373333333334e-09,0.6000000000000023,1.17019e-09
27,0.5750000000000024,1.1503806666666667e-09,0.5750000000000024,1.146352e-09
28,0.5500000000000025,1.1500446666666667e-09,0.5500000000000025,1.1483666666666667e-09
29,0.5250000000000026,1.1359433333333334e-09,0.5250000000000026,1.1493733333333334e-09
30,0.5000000000000027,1.1534026666666667e-09,0.5000000000000027,1.1503806666666667e-09
31,0.47500000000000275,1.1490380000000002e-09,0.47500000000000275,1.1601173333333334e-09
32,0.45000000000000284,1.1661606666666666e-09,0.45000000000000284,1.1581033333333335e-09
33,0.42500000000000293,1.1628033333333335e-09,0.42500000000000293,1.1530666666666667e-09
34,0.400000000000003,1.1557526666666668e-09,0.400000000000003,1.1654893333333333e-09
35,0.3750000000000031,1.154074e-09,0.3750000000000031,1.1557526666666668e-09
36,0.3500000000000032,1.1490380000000002e-09,0.3500000000000032,1.1782473333333334e-09
37,0.3250000000000033,1.1523953333333333e-09,0.3250000000000033,1.151724e-09
38,0.3000000000000034,1.16146e-09,0.3000000000000034,1.1500453333333334e-09
39,0.27500000000000346,1.1554166666666666e-09,0.27500000000000346,1.169518e-09
40,0.25000000000000355,1.1399726666666667e-09,0.25000000000000355,1.1409800000000001e-09
41,0.22500000000000364,1.151052e-09,0.22500000000000364,1.1644820000000001e-09
42,0.20000000000000373,1.1440013333333333e-09,0.20000000000000373,1.1456806666666667e-09
43,0.17500000000000382,1.151052e-09,0.17500000000000382,1.185634e-09
44,0.1500000000000039,1.1638100000000001e-09,0.1500000000000039,1.159782e-09
45,0.125000000000004,1.1440013333333333e-09,0.125000000000004,1.1621320000000002e-09
46,0.10000000000000409,1.1634746666666667e-09,0.10000000000000409,1.1507166666666666e-09
47,0.07500000000000417,1.146352e-09,0.07500000000000417,1.1547453333333334e-09
48,0.05000000000000426,1.1591100000000001e-09,0.05000000000000426,1.1483666666666667e-09
49,0.025000000000004352,1.1570953333333333e-09,0.025000000000004352,1.1601173333333334e-09
50,4.440892098500626e-15,1.1393013333333333e-09,4.440892098500626e-15,1.151724e-09
51,-0.02499999999999547,1.1805973333333335e-09,-0.02499999999999547,1.1523953333333333e-09
52,-0.04999999999999538,1.154074e-09,-0.04999999999999538,1.1624673333333333e-09
53,-0.07499999999999529,1.1453446666666667e-09,-0.07499999999999529,1.157096e-09
54,-0.0999999999999952,1.1544100000000002e-09,-0.0999999999999952,1.15676e-09
55,-0.12499999999999512,1.1372866666666668e-09,-0.12499999999999512,1.1581033333333335e-09
56,-0.14999999999999503,1.1591100000000001e-09,-0.14999999999999503,1.1413160000000001e-09
57,-0.17499999999999494,1.1523953333333333e-09,-0.17499999999999494,1.1483666666666667e-09
58,-0.19999999999999485,1.1678393333333334e-09,-0.19999999999999485,1.1473593333333335e-09
59,-0.22499999999999476,1.1399726666666667e-09,-0.22499999999999476,1.1621320000000002e-09
