,S1_oil_3R_V_D,S1_oil_3R_J_D,S1_oil_3R_V_L,S1_oil_3R_J_L
0,1.25,0.012249086666666667,1.25,0.017600893333333336
1,1.225,0.012006166666666668,1.225,0.015670026666666666
2,1.2000000000000002,0.011147346666666667,1.2000000000000002,0.013697
3,1.1750000000000003,0.010015366666666668,1.1750000000000003,0.011707306666666667
4,1.1500000000000004,0.008748953333333335,1.1500000000000004,0.009710066666666668
5,1.1250000000000004,0.007438053333333333,1.1250000000000004,0.007724146666666667
6,1.1000000000000005,0.006085881333333334,1.1000000000000005,0.005708761333333334
7,1.0750000000000006,0.004876926666666667,1.0750000000000006,0.00375305
8,1.0500000000000007,0.0037416560000000003,1.0500000000000007,0.0018462006666666666
9,1.0250000000000008,0.0027450513333333332,1.0250000000000008,-0.00017207080000000003
10,1.0000000000000009,0.0019188600000000003,1.0000000000000009,-0.002037558666666667
11,0.975000000000001,0.0012842606666666667,0.975000000000001,-0.003796658
12,0.9500000000000011,0.0008282093333333335,0.9500000000000011,-0.005452810000000001
13,0.9250000000000012,0.0005303422666666667,0.9250000000000012,-0.0069946466666666665
14,0.9000000000000012,0.0003333552666666667,0.9000000000000012,-0.008325606666666667
15,0.8750000000000013,0.00021625813333333335,0.8750000000000013,-0.009710493333333334
16,0.8500000000000014,0.00014492946666666668,0.8500000000000014,-0.010954406666666666
17,0.8250000000000015,0.00010096433333333334,0.8250000000000015,-0.012059086666666666
18,0.8000000000000016,7.2834e-05,0.8000000000000016,-0.013033586666666668
19,0.7750000000000017,5.462104666666667e-05,0.7750000000000017,-0.013876806666666667
20,0.7500000000000018,4.074747333333334e-05,0.7500000000000018,-0.014595666666666668
21,0.7250000000000019,3.1057280000000004e-05,0.7250000000000019,-0.01520528
22,0.700000000000002,2.3547413333333333e-05,0.700000000000002,-0.01570826
23,0.675000000000002,1.7406826666666668e-05,0.675000000000002,-0.01612222
24,0.6500000000000021,1.2214233333333332e-05,0.6500000000000021,-0.016455340000000002
25,0.6250000000000022,7.677086666666666e-06,0.6250000000000022,-0.01672608
26,0.6000000000000023,4.069147333333334e-06,0.6000000000000023,-0.016949500000000003
27,0.5750000000000024,2.0594233333333335e-07,0.5750000000000024,-0.017126080000000002
28,0.5500000000000025,-3.1367046666666668e-06,0.5500000000000025,-0.01727078
29,0.5250000000000026,-6.1664940000000004e-06,0.5250000000000026,-0.017390186666666668
30,0.5000000000000027,-8.225400000000001e-06,0.5000000000000027,-0.017489193333333333
31,0.47500000000000275,-1.096382e-05,0.47500000000000275,-0.01757360666666667
32,0.45000000000000284,-1.3280146666666667e-05,0.45000000000000284,-0.017644133333333336
33,0.42500000000000293,-1.5318646666666668e-05,0.42500000000000293,-0.017705473333333336
34,0.400000000000003,-1.715624e-05,0.400000000000003,-0.017757473333333336
35,0.3750000000000031,-1.8761073333333335e-05,0.3750000000000031,-0.01780312666666667
36,0.3500000000000032,-2.0157373333333334e-05,0.3500000000000032,-0.017841346666666667
37,0.3250000000000033,-2.136952e-05,0.3250000000000033,-0.017875973333333333
38,0.3000000000000034,-2.2401486666666667e-05,0.3000000000000034,-0.017905773333333333
39,0.27500000000000346,-2.327656e-05,0.27500000000000346,-0.017932593333333333
40,0.25000000000000355,-2.4010400000000003e-05,0.25000000000000355,-0.017955093333333335
41,0.22500000000000364,-2.457346e-05,0.22500000000000364,-0.01797436666666667
42,0.20000000000000373,-2.5104146666666668e-05,0.20000000000000373,-0.017992506666666665
43,0.17500000000000382,-2.552368e-05,0.17500000000000382,-0.018008686666666666
44,0.1500000000000039,-2.5860440000000003e-05,0.1500000000000039,-0.018022313333333335
45,0.125000000000004,-2.6133633333333337e-05,0.125000000000004,-0.018034766666666667
46,0.10000000000000409,-2.6359813333333333e-05,0.10000000000000409,-0.018046626666666666
47,0.07500000000000417,-2.654802e-05,0.07500000000000417,-0.0180579
48,0.05000000000000426,-2.671060666666667e-05,0.05000000000000426,-0.018067200000000002
49,0.025000000000004352,-2.685374e-05,0.025000000000004352,-0.018075226666666666
50,4.440892098500626e-15,-2.6980413333333335e-05,4.440892098500626e-15,-0.01808416666666667
51,-0.02499999999999547,-2.7117453333333334e-05,-0.02499999999999547,-0.018091246666666665
52,-0.04999999999999538,-2.7251653333333337e-05,-0.04999999999999538,-0.018101013333333336
53,-0.07499999999999529,-2.7393120000000002e-05,-0.07499999999999529,-0.018107873333333333
54,-0.0999999999999952,-2.754116666666667e-05,-0.0999999999999952,-0.018115833333333334
55,-0.12499999999999512,-2.7699300000000004e-05,-0.12499999999999512,-0.018122473333333333
56,-0.14999999999999503,-2.7866126666666668e-05,-0.14999999999999503,-0.018128826666666667
57,-0.17499999999999494,-2.8039180000000003e-05,-0.17499999999999494,-0.01813412
58,-0.19999999999999485,-2.8201940000000005e-05,-0.19999999999999485,-0.018139126666666668
59,-0.22499999999999476,-2.8400933333333338e-05,-0.22499999999999476,-0.018144353333333335
